0.179890,0.804562
0.199910,0.833783
0.220085,0.332331
0.240056,0.296454
0.259861,0.208120
0.279821,0.242366
0.299816,0.711260
0.319710,0.314771
0.339795,0.139715
0.359807,0.427279
0.379792,-0.112431
0.400750,0.229426
0.419724,0.563246
0.439766,0.370554
0.459667,0.627201
0.479919,0.528936
0.499802,-0.036604
0.519851,-0.062374
0.540622,0.043826
0.560723,0.256043
0.579538,0.762177
0.600555,0.334311
0.620533,0.172243
0.640545,0.441091
0.660492,0.076200
0.680603,0.289975
0.700476,0.734152
0.720484,0.384483
0.740523,0.227957
0.760525,0.188017
0.780452,0.046507
0.800353,0.921333
0.820346,0.468336
0.841181,0.517525
0.860572,0.499469
0.880246,0.215464
0.900293,0.594772
0.920220,0.425942
0.940344,0.779469
0.960197,0.608955
0.980323,0.402735
1.000482,0.229967
1.020187,0.409204
1.040148,0.385455
1.060085,0.657802
1.080211,0.193682
1.100274,-0.021667
1.120131,0.433790
1.140098,0.143661
1.159980,0.554552
1.180164,-0.108495
1.199970,-0.176439
1.219977,0.512183
1.240083,0.046506
1.259941,0.741286
1.279912,0.213024
1.299829,-0.257101
1.319956,0.157775
1.339967,0.011131
1.359898,0.270676
1.379855,0.825399
1.399800,0.153858
1.420051,0.138578
1.439675,0.222366
1.459735,0.004265
1.480717,1.006214
1.499800,0.393542
1.519921,0.361557
1.539745,0.630401
1.559697,0.089488
1.580694,0.619157
1.599592,0.580587
1.619603,0.698786
1.640553,0.586918
1.660637,-0.032535
1.680569,0.572440
1.700507,0.692273
1.720609,0.667098
1.740642,0.369208
1.760513,0.016332
1.780605,0.547405
1.800399,0.537715
1.820584,0.545926
1.840472,0.559064
1.860415,0.253937
1.880392,0.303352
1.900363,0.397047
1.920624,0.498001
1.940371,0.520842
1.960262,0.210341
1.980289,0.225441
2.000509,0.517098
2.020325,0.353015
2.040279,0.560740
2.061089,-0.044738
2.080209,0.234052
2.100986,0.466146
2.120226,0.186306
2.140246,0.550090
2.160259,-0.182722
2.180115,0.032395
2.200026,0.468581
2.219979,0.151105
2.239982,0.579073
2.260036,0.256798
2.280005,-0.046924
2.299924,0.331352
2.320113,0.011871
2.340126,0.189661
2.360126,0.981438
2.380129,0.389986
2.400087,0.144550
2.419826,0.056537
2.439816,-0.052145
2.459840,0.897493
2.479845,0.577077
2.500024,0.597452
2.520017,0.473647
2.539968,0.176405
2.561514,0.397490
2.579910,0.512412
2.599794,0.662512
2.619671,0.738654
2.640764,0.313776
2.660796,0.078579
2.680707,0.215233
2.700612,0.043008
2.720611,0.642322
2.740436,0.004717
2.760473,0.272460
2.780480,1.109510
2.800474,0.405705
2.820451,-0.009819
2.840536,0.480392
2.860499,0.403277
2.880687,0.871186
2.900422,0.567020
2.920417,0.833853
2.940330,-0.032858
2.960316,0.153398
2.980331,0.013477
3.000887,-0.262170
3.020721,-0.202396
3.040460,0.258684
3.060402,0.491930
3.080301,-0.090812
3.100490,1.183374
3.120241,-0.520537
3.140241,1.167424
3.160252,0.778688
3.180270,-0.671839
3.200149,1.770031
3.220144,-0.368742
3.240331,1.069632
3.260083,0.012675
3.280209,0.406145
3.300088,0.197811
3.320760,-1.041665
3.340202,1.539462
3.359994,-0.818142
3.380039,-0.025996
3.400139,1.119171
3.420063,-0.597553
3.440132,0.948809
3.460080,-0.182996
3.480022,0.571937
3.499879,1.259227
3.520319,-0.391094
3.539855,1.486852
3.559913,-0.248924
3.579906,0.811347
3.600229,0.860516
3.619827,-0.085316
3.640008,1.067040
3.659681,-0.995411
3.680709,1.346281
3.699686,-0.343370
3.720783,0.082977
3.740565,0.299418
3.760580,0.200686
3.780630,0.745288
3.800531,0.112241
3.821161,0.754662
3.840647,0.438254
3.860653,0.252229
3.880673,0.049639
3.900489,0.354370
3.920566,1.012816
3.940597,-0.303578
3.960687,1.166928
3.980439,-0.899474
4.000525,1.963169
4.020457,-0.507102
4.040508,0.603493
4.060461,-0.274270
4.080463,-0.029417
4.100507,0.574201
4.120221,0.139301
4.140262,0.187426
4.160277,0.001296
4.180170,-0.874709
4.200426,-0.255133
4.220205,0.931412
4.240223,-0.248414
4.260159,0.169881
4.280183,-0.769760
4.300253,-0.756910
4.320053,0.687402
4.340073,-0.058916
4.360070,-0.686644
4.379990,-0.664920
4.400128,-0.937080
4.420059,0.538463
4.440132,0.848097
4.460007,-0.433857
4.480144,-0.502890
4.500132,-0.004686
4.520193,0.381385
4.539997,1.111786
4.560028,0.828326
4.579946,0.259366
4.599934,0.399467
4.619781,0.312643
4.640760,0.151041
4.660866,1.057125
4.679880,0.660327
4.699883,0.848905
4.719752,0.994636
4.740633,-0.241005
4.760807,0.841820
4.780715,1.117582
4.800656,0.694370
4.820656,0.490087
4.840603,1.454300
4.860659,1.852140
4.880563,-0.823672
4.900546,-0.814201
4.920663,0.485634
4.940652,-0.374708
4.960486,-1.572890
4.980425,-1.634635
5.000521,-1.319440
5.020352,0.518452
5.040477,-1.696180
5.060387,0.830259
5.080432,-0.540616
5.100340,-0.108953
5.120385,1.048816
5.140254,0.193574
5.160273,1.437407
5.180191,1.541269
5.200165,1.647066
5.220219,0.387638
5.240262,0.866621
5.260430,0.691836
5.280231,0.586467
5.300054,0.724238
5.320301,1.184772
5.340125,1.084699
5.360137,0.863874
5.380153,1.456952
5.400096,0.616735
5.420250,1.459630
5.440103,0.313913
5.460770,1.423984
5.480127,0.429797
5.500077,1.198997
5.519902,-0.216431
5.539977,-0.214558
5.560044,-0.190151
5.579932,0.009743
5.599858,0.373610
5.619815,0.491885
5.639837,0.517561
5.659737,1.099486
5.680916,1.225440
5.699701,0.625629
5.720204,1.200442
5.739704,0.500413
5.759706,0.101326
5.780567,0.365279
5.800822,0.470357
5.820930,0.180327
5.840723,-0.711756
5.860528,0.496966
5.880975,-1.712306
5.900741,0.065058
5.920550,-1.332706
5.940598,0.155739
5.960697,-0.694629
5.980471,-0.415421
6.000602,-0.754906
6.020679,0.275895
6.040655,0.086115
6.060634,0.229079
6.080371,0.765799
6.100624,0.889624
6.120435,0.999590
6.140288,0.377869
6.160339,-0.007616
6.180458,1.355884
6.200424,0.193764
6.220348,0.491274
6.240296,0.199776
6.260502,-0.312837
6.280796,-0.524162
6.300250,-1.274552
6.320283,-0.133166
6.340146,-0.635911
6.360168,1.382128
6.380240,-0.302278
6.400338,0.612069
6.420171,0.198082
6.440199,0.216329
6.460063,0.783791
6.480076,0.788332
6.500051,-0.015949
6.520203,-0.287043
6.540049,-1.327075
6.559936,0.206891
6.580080,1.010752
6.599936,0.730613
6.620160,0.493501
6.640023,-0.743711
6.659903,1.636639
6.679846,0.475262
6.699911,-0.302321
6.720033,-0.403596
6.739818,-1.051008
6.759929,0.167077
6.779766,0.144248
6.799839,0.715141
6.819906,0.052228
6.839925,-0.244587
6.860875,-0.129877
6.879726,0.404214
6.899784,0.876664
6.920811,-0.017232
6.940636,0.036102
6.960690,0.300461
6.980687,0.473903
7.000648,0.280487
7.020550,-0.020106
7.040495,-0.111569
7.060594,0.392905
7.080637,0.368585
7.100465,1.065233
7.120462,-0.087259
7.140403,0.598543
7.160451,0.593652
7.180541,1.592718
7.200353,0.749589
7.220315,0.102291
7.240475,-0.622200
7.260356,1.248251
7.280283,-0.070032
7.300360,0.190254
7.320296,0.282739
7.340359,0.274188
7.360187,0.213082
7.380151,0.121131
7.400329,-1.046350
7.420259,0.281131
7.440272,-0.334688
7.460189,-0.141181
7.480215,-1.373797
7.500099,0.840892
7.520148,-0.323127
7.539973,0.464974
7.559924,-0.092720
7.580052,0.208832
7.600274,0.374549
7.619985,0.143060
7.639925,-0.262334
7.659931,-0.130890
7.679917,-0.200952
7.699867,-0.701523
7.720172,-0.802196
7.739877,-0.636288
7.759857,0.959954
7.779894,1.074509
7.799886,0.111263
7.821047,0.712442
7.841057,0.761383
7.860197,0.411353
7.879686,-0.658725
7.899915,0.381785
7.919855,0.190370
7.940819,-0.667040
7.960699,0.043081
7.980652,1.294511
8.000732,0.918381
8.020654,0.750835
8.040599,1.057339
8.060551,1.360722
8.080485,0.687255
8.100597,0.093338
8.121011,0.361133
8.140721,0.239935
8.160550,0.364852
8.180425,-0.052662
8.200594,-0.225169
8.220340,-0.055331
8.240457,-0.955526
8.260371,-0.294825
8.280349,-0.099474
8.300314,-0.240827
8.320268,-0.005049
8.340876,0.660585
8.360242,1.802661
8.380283,0.825543
8.400204,0.244128
8.420374,1.165303
8.440301,0.458638
8.460173,0.846301
8.480098,-0.113934
8.500574,-0.112138
8.520262,0.520093
8.540198,1.149868
8.560037,0.383371
8.580080,0.190382
8.600348,0.276888
8.619973,1.347720
8.639980,0.352372
8.659968,1.005188
8.679952,0.720307
8.699884,0.255098
8.719923,-0.324473
8.740009,-0.508972
8.760000,-0.158298
8.779957,0.459995
8.799960,-0.888063
8.819939,0.087635
8.839827,-0.426646
8.859795,-0.583338
8.879986,0.220981
8.899755,0.107815
8.919793,1.352786
8.940772,0.623058
8.960958,1.404047
8.980686,0.774325
9.000878,0.359441
9.020621,1.296101
9.040572,-0.305830
9.060614,1.449641
9.080987,-0.164159
9.100590,-0.083253
9.120748,0.006174
9.140639,-0.148112
9.160525,-0.628215
9.180496,0.091856
9.200417,-0.451440
9.220666,1.041698
9.240460,0.224309
9.260561,0.337313
9.280415,0.765994
9.300625,0.586109
9.320400,0.607327
9.340513,-0.146386
9.360257,1.343082
9.380397,-0.701501
9.400389,0.040073
9.420296,0.395670
9.440160,0.549836
9.460220,0.052131
9.480154,1.569927
9.500172,0.613410
9.520196,0.655162
9.540083,0.724461
9.560123,0.680208
9.580330,0.834491
9.600050,0.825289
9.620247,1.140468
9.640292,0.358574
9.660162,-0.449496
9.680098,0.400995
9.700319,1.277922
9.720141,0.079532
9.740130,0.510065
9.759991,0.177617
9.779962,0.094801
9.799964,0.399587
9.819885,-0.023420
9.839914,0.823307
9.860108,0.104637
9.879772,-0.207533
9.899918,-0.638152
9.920727,-0.451794
9.939931,-0.736856
9.959796,-0.360403
9.979837,-0.777878
9.999710,-0.785703
10.020837,-1.088252
10.040748,0.428532
10.060785,0.136269
10.080626,0.604141
10.100636,0.606324
10.120560,0.886286
10.140704,1.075627
10.160508,-0.141322
10.180571,0.825330
10.200586,0.107795
10.220833,-0.739665
10.240755,0.480450
10.260589,0.376537
10.280414,0.404822
10.300390,0.484272
10.320505,0.457098
10.340325,1.651782
10.360457,0.299970
10.380349,0.312786
10.400369,0.456924
10.420413,-0.041909
10.440237,0.321299
10.460297,-0.495482
10.480254,0.935711
10.500305,0.508530
10.520260,1.125948
10.540276,0.674722
10.560179,0.086933
10.580228,0.117947
10.600163,0.431203
10.620281,-0.203672
10.640059,1.018805
10.660033,0.901944
10.680394,1.047981
10.700065,0.939004
10.720153,0.519729
10.740065,0.797044
10.760370,0.371479
10.779919,0.100051
10.799873,0.364309
10.820134,-0.471760
10.839878,-0.558333
10.859946,-0.001094
10.879813,0.404894
10.899802,0.316380
10.919740,0.448162
10.939923,1.876739
10.959830,1.058810
10.979765,0.850529
11.000823,0.984393
11.020659,0.781023
11.040617,0.622043
11.060684,-0.445967
11.080658,0.545186
11.100662,-0.794802
11.120783,0.567741
11.140694,-0.304605
11.160599,0.367915
11.180791,-0.416436
11.200645,-0.184973
11.220903,-0.254085
11.240653,0.348546
11.260639,-0.801739
11.281025,0.484915
11.300720,-1.009034
11.320619,-0.299473
11.340632,0.461700
11.360504,-0.327881
11.380430,-0.026482
11.400497,0.082773
11.420539,0.293515
11.440389,0.445466
11.460456,0.618389
11.480260,0.749067
11.500333,0.354756
11.520235,0.188308
11.540237,0.706904
11.560307,0.073211
11.580301,1.102744
11.600211,-0.229904
11.620224,1.136937
11.640304,0.687562
11.660178,0.141617
11.680059,0.574932
11.700197,-0.922171
11.720128,0.680407
11.740374,0.174146
11.759983,0.714830
11.780066,-0.666626
11.800080,-0.080867
11.819956,0.474288
11.840024,-0.020982
11.859878,0.614873
11.880183,0.846452
11.899982,1.371220
11.920049,0.824495
11.939906,0.301746
11.959942,0.252807
11.979753,-0.046368
12.001293,-1.081204
12.021296,-0.962690
12.040848,-1.158470
12.059831,-0.418362
12.080667,-0.875446
12.100687,0.145857
12.120735,-0.116888
12.140675,-0.199038
12.160661,0.157349
12.180619,0.856778
12.200591,-0.157912
12.220907,0.853223
12.240479,0.877386
12.260510,1.043768
12.280557,0.522580
12.300696,0.548741
12.320781,1.202732
12.340451,0.464101
12.360460,0.037033
12.380405,0.062157
12.400379,0.530612
12.420434,-0.074292
12.440308,0.472453
12.460334,-0.238735
12.480272,1.283055
12.500468,1.149179
12.520268,0.786162
12.540343,0.414033
12.560239,-0.053020
12.580252,0.208090
12.600476,-1.452398
12.620221,0.081576
12.640443,0.080632
12.660558,-0.190049
12.680464,-0.669137
12.700336,0.239604
12.720588,-0.235086
12.740194,0.481493
12.760093,0.363498
12.780247,0.552542
12.800071,1.012683
12.820225,-0.059593
12.840017,1.073764
12.859987,0.117421
12.880090,0.106681
12.900377,-0.146744
12.920241,0.429039
12.940239,0.875744
12.960327,-0.005758
12.980498,-0.694171
13.000201,-0.177340
13.020453,0.100483
13.039863,0.253103
13.059868,0.403301
13.079834,-0.052185
13.100863,1.395520
13.119751,0.534883
13.141257,0.826154
13.160861,0.394664
13.180809,0.956425
13.200885,-0.516885
13.220754,0.045765
13.240891,0.391409
13.260722,0.083727
13.280627,-0.414070
13.300737,-0.454295
13.320661,-0.067447
13.340621,1.025036
13.360583,-0.170295
13.380560,0.415727
13.400641,-0.098432
13.420642,0.500305
13.440459,0.928071
13.460577,-0.127548
13.480436,-0.216031
13.500474,0.328470
13.520429,1.022936
13.540403,-0.274855
13.560625,-0.840667
13.580389,0.598397
13.600376,0.883612
13.620424,0.089270
13.640285,1.246049
13.660294,0.722239
13.680287,0.978739
13.700280,0.699996
13.720275,-0.105786
13.740471,0.238460
13.760193,-1.027119
13.780147,-0.228842
13.800198,-0.610136
13.820186,-1.122712
13.840120,0.124471
13.860207,-1.697247
13.880179,0.005823
13.900070,1.414051
13.920292,-0.071718
13.940099,0.644685
13.960027,0.730966
13.980022,0.427561
13.999953,1.150927
14.019927,0.400033
14.040012,0.016579
14.060149,0.373348
14.080432,0.487653
14.099892,0.816714
14.119905,0.076152
14.139792,0.767906
14.159869,1.182698
14.179864,1.290155
14.199892,1.291466
14.219886,1.319039
14.240052,1.220620
14.260870,-0.003755
14.280755,-0.978903
14.300669,0.060423
14.320719,-0.132295
14.340982,-0.038793
14.360858,-0.718859
14.380789,-0.011640
14.400762,-0.430286
14.420581,-0.620755
14.440697,0.387949
14.460690,1.506355
14.480576,0.057037
14.500878,0.416810
14.520577,0.082569
14.540831,0.473888
14.560467,-0.028337
14.580395,-0.473282
14.600576,0.532317
14.620764,0.808486
14.640361,-0.948781
14.660356,0.344754
14.680362,-0.097983
14.700333,-0.115839
14.720369,-0.010643
14.740370,-0.118315
14.760517,0.040034
14.780326,-0.462840
14.800178,-0.211682
14.820395,0.064386
14.840280,0.144852
14.860195,0.480921
14.880231,-0.653791
14.900255,-0.203508
14.920073,-0.511279
14.940108,-0.447317
14.960075,0.116922
14.980214,-0.279862
15.000124,0.551146
15.020243,0.809839
15.039994,0.712043
15.060004,0.562397
15.080106,0.725071
15.099867,0.171519
15.120064,0.952653
15.139857,0.050659
15.159929,0.603953
15.180073,-0.277603
15.199842,0.343404
15.219861,-0.390613
15.239818,0.041892
15.261073,0.113423
15.280875,0.374040
15.300864,-0.127238
15.320766,0.466814
15.340814,0.246133
15.360762,0.152394
15.380694,0.097060
15.400719,0.313978
15.420554,0.272960
15.440632,0.196624
15.460666,0.102859
15.480753,-0.036393
15.500608,-0.271895
15.520935,0.369286
15.540462,0.752280
15.560894,0.198332
15.580512,1.538524
15.600501,1.000956
15.620418,0.929398
15.640410,0.562194
15.660420,-0.042145
15.680503,0.023675
15.700396,-0.550089
15.720413,-1.018156
15.740399,-1.256891
15.760821,-0.744646
15.780307,-0.741115
15.800458,0.115225
15.820413,-0.534572
15.840313,0.042302
15.860459,0.243886
15.880442,0.672701
15.900352,-0.086778
15.920341,0.249542
15.940248,0.235928
15.960252,0.375201
15.980630,0.678948
16.000715,0.233428
16.020165,0.259833
16.040286,0.484183
16.060096,-0.188532
16.080225,0.392860
16.100199,-0.082576
16.120036,-0.342316
16.140396,-0.193121
16.159956,-0.725140
16.179892,-0.370683
16.200120,0.052724
16.219920,-0.288551
16.239963,0.404829
16.259924,-0.526274
16.280008,0.118873
16.299929,0.102394
16.319993,0.217522
16.339850,0.651511
16.359885,0.469356
16.380873,0.235906
16.400041,0.115102
16.420841,0.798385
16.440852,0.271747
16.461542,-0.225804
16.480825,-0.680176
16.500885,-0.098053
16.520814,-0.236102
16.541128,-0.033085
16.560639,0.153989
16.580690,0.877766
16.600834,0.927876
16.620595,1.684903
16.640688,1.889640
16.660675,0.321869
16.680880,-0.288020
16.700712,-0.698958
16.720551,-0.025209
16.740616,0.238517
16.760640,-0.084746
16.780643,-0.027025
16.800524,1.062499
16.820473,0.595549
16.840436,0.330613
16.860564,0.714049
16.880380,-0.095108
16.900402,0.022208
16.920911,-0.666680
16.940347,0.187056
16.960436,-0.394442
16.980343,0.261140
17.000256,-0.783998
17.020291,0.857046
17.040248,0.401067
17.060307,0.448437
17.080303,0.673435
17.100213,0.149677
17.120314,0.121877
17.140332,-0.439000
17.160465,-0.131026
17.180432,-0.373376
17.200042,0.200173
17.220069,0.217549
17.240046,0.729778
17.260340,0.857838
17.280009,-0.016280
17.300030,0.263376
17.319997,-0.205943
17.340001,-0.718981
17.360065,-0.047631
17.380065,-0.060401
17.400632,0.138436
17.420104,0.806076
17.439972,-0.144747
17.459860,0.235005
17.480025,0.513767
17.499752,-0.712293
17.521069,0.042885
17.540798,0.104817
17.560832,0.177790
17.580950,0.446783
17.600769,0.317100
17.620996,0.023678
17.640747,0.386279
17.661275,0.746795
17.680597,0.140252
17.700566,0.466115
17.720629,-0.676540
17.740577,-0.126177
17.760535,0.038600
17.780505,0.162806
17.800551,0.283635
17.820557,-0.073597
17.840644,-0.245540
17.860444,0.210609
17.880466,0.405071
17.900422,-0.235925
17.920372,-0.067097
17.940442,-0.450480
17.960403,-0.455188
17.980504,0.261767
18.000316,0.263350
18.020370,-0.476016
18.040564,1.068930
18.060293,1.341840
18.080242,0.244711
18.100243,0.478031
18.120342,0.150894
18.140296,-0.363577
18.160197,0.720866
18.180176,0.541487
18.200161,-0.219937
18.220123,0.795253
18.240149,0.998950
18.260105,1.097263
18.280069,0.727681
18.300010,-0.558124
18.319977,-0.693614
18.340039,-0.231523
18.360018,0.154834
18.380066,-0.078171
18.399914,0.256149
18.419917,0.116843
18.439872,1.004298
18.459910,0.387914
18.480076,-1.114110
18.500419,-1.024988
18.519822,-0.553667
18.539861,-0.368397
18.559751,-0.327152
18.579844,0.585637
18.599802,0.693853
18.620695,1.202732
18.640728,0.495227
18.660730,0.116803
18.680786,0.344746
18.700660,0.949883
18.720780,0.718647
18.740728,0.409054
18.760559,0.873866
18.780569,0.973522
18.800777,-0.314570
18.820565,-0.812501
18.840738,-0.412108
18.860691,-0.145678
18.880684,-0.223681
18.900472,0.238489
18.920635,1.096016
18.940533,0.215006
18.960468,0.101092
