0.256330,-96.478752
0.276352,-96.478752
0.296269,-96.478752
0.316329,-96.478752
0.336238,-96.478752
0.356576,-96.478752
0.376302,-96.478752
0.396305,-96.478752
0.416353,-96.478752
0.436289,-96.478752
0.456334,-96.478752
0.476209,-96.478752
0.496989,-96.478752
0.516441,-96.478752
0.536295,-96.478752
0.556110,-96.478752
0.576135,-96.478752
0.596201,-96.478752
0.616203,-96.478752
0.636087,-96.478752
0.656138,-96.478752
0.676325,-96.478752
0.696096,-96.478752
0.716093,-96.478752
0.735957,-96.478752
0.755971,-96.478752
0.776018,-96.478752
0.795982,-96.478752
0.815966,-96.478752
0.835940,-96.478752
0.855971,-96.478752
0.875965,-96.478752
0.895980,-96.478752
0.915872,-96.478752
0.936061,-96.478752
0.955919,-96.478752
0.975881,-96.478752
0.996068,-96.478752
1.015917,-96.478752
1.035775,-96.478752
1.055871,-96.478752
1.075886,-96.478752
1.095805,-96.478752
1.115798,-96.478752
1.135879,-96.478752
1.155860,-96.478752
1.175790,-96.478752
1.196023,-96.478752
1.215732,-96.478752
1.235955,-96.478752
1.255889,-96.478752
1.275979,-96.478751
1.295912,-96.478751
1.316040,-96.478751
1.335709,-96.478751
1.356331,-96.478751
1.376314,-96.478751
1.395782,-96.478751
1.415634,-96.478751
1.435636,-96.478751
1.456149,-96.478751
1.476171,-96.478752
1.495944,-96.478752
1.515574,-96.478752
1.535618,-96.478752
1.555566,-96.478752
1.575527,-96.478752
1.595612,-96.478752
1.615556,-96.478752
1.635507,-96.478752
1.655494,-96.478752
1.675606,-96.478751
1.695533,-96.478751
1.715467,-96.478751
1.736456,-96.478751
1.755501,-96.478751
1.775440,-96.478751
1.795601,-96.478751
1.815363,-96.478751
1.836485,-96.478751
1.855383,-96.478751
1.876363,-96.478751
1.896425,-96.478751
1.915345,-96.478751
1.936355,-96.478751
1.955781,-96.478751
1.976542,-96.478751
1.996358,-96.478751
2.016424,-96.478751
2.036361,-96.478751
2.056322,-96.478751
2.076272,-96.478751
2.096261,-96.478751
2.116313,-96.478751
2.136212,-96.478751
2.156239,-96.478751
2.176150,-96.478751
2.196228,-96.478751
2.216149,-96.478751
2.236274,-96.478751
2.256162,-96.478751
2.276263,-96.478752
2.296191,-96.478752
2.316225,-96.478752
2.336173,-96.478752
2.356091,-96.478752
2.376054,-96.478752
2.396113,-96.478752
2.416180,-96.478752
2.436103,-96.478752
2.456068,-96.478751
2.476024,-96.478751
2.496003,-96.478751
2.515953,-96.478751
2.535978,-96.478751
2.556088,-96.478751
2.575931,-96.478751
2.596039,-96.478751
2.615906,-96.478751
2.635929,-96.478751
2.655920,-96.478751
2.676023,-96.478751
2.695899,-96.478751
2.715883,-96.478751
2.735885,-96.478751
2.756103,-96.478751
2.775956,-96.478751
2.795829,-96.478751
2.815940,-96.478751
2.835809,-96.478751
2.855779,-96.478751
2.875890,-96.478751
2.895888,-96.478751
2.916197,-96.478751
2.935821,-96.478751
2.955928,-96.478751
2.975820,-96.478751
2.995744,-96.478751
3.015755,-96.478751
3.035908,-96.478751
3.055758,-96.478751
3.075768,-96.478751
3.095755,-96.478751
3.115786,-96.478751
3.135693,-96.478751
3.155636,-96.478751
3.175736,-96.478751
3.195735,-96.478751
3.215488,-96.478751
3.235603,-96.478751
3.255551,-96.478751
3.275614,-96.478751
3.295623,-96.478751
3.315557,-96.478751
3.336229,-96.478751
3.356169,-96.478751
3.375581,-96.478751
3.395621,-96.478751
3.415568,-96.478751
3.435533,-96.478751
3.455496,-96.478751
3.475544,-96.478751
3.495456,-96.478751
3.515444,-96.478751
3.535509,-96.478751
3.555655,-96.478751
3.575622,-96.478751
3.595635,-96.478751
3.615603,-96.478751
3.636590,-96.478751
3.655548,-96.478751
3.675447,-96.478751
3.695344,-96.478751
3.715423,-96.478751
3.736299,-96.478751
3.756373,-96.478751
3.776433,-96.478751
3.796456,-96.478751
3.816360,-96.478751
3.836296,-96.478751
3.856253,-96.478751
3.876333,-96.478751
3.896426,-96.478751
3.916331,-96.478751
3.936220,-96.478751
3.957045,-96.478751
3.977073,-96.478751
3.996226,-96.478751
4.016197,-96.478751
4.036158,-96.478751
4.056147,-96.478751
4.076220,-96.478751
4.096131,-96.478751
4.116106,-96.478751
4.136060,-96.478751
4.156010,-96.478751
4.176125,-96.478751
4.196273,-96.478751
4.216131,-96.478751
4.236021,-96.478751
4.256198,-96.478751
4.276033,-96.478751
4.295959,-96.478751
4.316026,-96.478751
4.335969,-96.478751
4.355933,-96.478751
4.376005,-96.478751
4.395934,-96.478751
4.415883,-96.478751
4.435981,-96.478751
4.456042,-96.478751
4.476029,-96.478751
4.495953,-96.478751
4.516107,-96.478751
4.535922,-96.478751
4.555905,-96.478751
4.575886,-96.478751
4.595851,-96.478751
4.615821,-96.478751
4.635863,-96.478751
4.655879,-96.478751
4.675894,-96.478751
4.695911,-96.478751
4.715799,-96.478751
4.735928,-96.478751
4.755932,-96.478751
4.775791,-96.478751
4.795790,-96.478751
4.815822,-96.478751
4.835871,-96.478751
4.855869,-96.478751
4.875790,-96.478751
4.895849,-96.478751
4.915765,-96.478751
4.935741,-96.478751
4.955727,-96.478751
4.975721,-96.478751
4.995699,-96.478751
5.015593,-96.478751
5.035637,-96.478751
5.055737,-96.478751
5.075738,-96.478751
5.096196,-96.478751
5.116362,-96.478751
5.135607,-96.478751
5.155638,-96.478751
5.175660,-96.478751
5.195605,-96.478751
5.215515,-96.478751
5.235528,-96.478751
5.255537,-96.478751
5.275564,-96.478751
5.295450,-96.478751
5.315466,-96.478751
5.336483,-96.478751
5.355535,-96.478751
5.375451,-96.478751
5.396179,-96.478751
5.416086,-96.478751
5.436426,-96.478751
5.456468,-96.478750
5.476599,-96.478750
5.496399,-96.478750
5.516384,-96.478750
5.536442,-96.478750
5.556393,-96.478750
5.576396,-96.478750
5.596376,-96.478750
5.616456,-96.478750
5.636294,-96.478750
5.656353,-96.478750
5.676375,-96.478750
5.696339,-96.478750
5.716288,-96.478750
5.736325,-96.478750
5.756301,-96.478750
5.776351,-96.478750
5.796306,-96.478750
5.816238,-96.478750
5.836325,-96.478750
5.856194,-96.478750
5.876227,-96.478750
5.896167,-96.478750
5.916396,-96.478750
5.936205,-96.478750
5.956279,-96.478750
5.976165,-96.478750
5.996196,-96.478750
6.016277,-96.478750
6.036135,-96.478750
6.056224,-96.478750
6.076108,-96.478750
6.096403,-96.478750
6.116221,-96.478750
6.136018,-96.478750
6.156085,-96.478750
6.176025,-96.478750
6.196011,-96.478750
6.216023,-96.478750
6.236416,-96.478750
6.255996,-96.478751
6.276032,-96.478751
6.295933,-96.478751
6.315860,-96.478751
6.335928,-96.478751
6.355858,-96.478751
6.375861,-96.478751
6.395933,-96.478751
6.415929,-96.478751
6.435989,-96.478751
6.455885,-96.478751
6.475785,-96.478751
6.495776,-96.478751
6.515804,-96.478751
6.535805,-96.478751
6.555856,-96.478751
6.575819,-96.478751
6.595808,-96.478751
6.615782,-96.478751
6.635693,-96.478751
6.655775,-96.478751
6.675636,-96.478751
6.695735,-96.478751
6.715679,-96.478751
6.735725,-96.478751
6.755715,-96.478751
6.775643,-96.478751
6.795638,-96.478751
6.815594,-96.478751
6.835607,-96.478751
6.855561,-96.478751
6.875594,-96.478751
6.895506,-96.478751
6.915590,-96.478751
6.935498,-96.478751
6.955494,-96.478751
6.975454,-96.478751
6.995484,-96.478751
7.015432,-96.478751
7.036608,-96.478751
7.055494,-96.478751
7.075590,-96.478751
7.095445,-96.478751
7.115388,-96.478751
7.136571,-96.478751
7.156389,-96.478751
7.176324,-96.478751
7.196410,-96.478751
7.216401,-96.478751
7.236332,-96.478751
7.256299,-96.478751
7.276249,-96.478751
7.296329,-96.478751
7.316227,-96.478751
7.336216,-96.478751
7.356216,-96.478751
7.376706,-96.478751
7.397099,-96.478751
7.416302,-96.478751
7.436154,-96.478751
7.456245,-96.478751
7.476153,-96.478751
7.496115,-96.478751
7.516215,-96.478751
7.536190,-96.478751
7.556126,-96.478751
7.576336,-96.478751
7.596220,-96.478751
7.616148,-96.478751
7.636059,-96.478751
7.656031,-96.478751
7.676130,-96.478751
7.696044,-96.478751
7.716115,-96.478751
7.736132,-96.478751
7.756099,-96.478751
7.776022,-96.478751
7.795981,-96.478751
7.815997,-96.478751
7.835964,-96.478751
7.855895,-96.478751
7.875948,-96.478751
7.895891,-96.478751
7.915889,-96.478751
7.935856,-96.478751
7.956033,-96.478751
7.975894,-96.478751
7.995871,-96.478751
8.015865,-96.478751
8.036098,-96.478751
8.055894,-96.478751
8.075812,-96.478751
8.095860,-96.478751
8.115821,-96.478751
8.135746,-96.478751
8.155818,-96.478751
8.175789,-96.478751
8.195761,-96.478751
8.215761,-96.478751
8.235850,-96.478751
8.255812,-96.478751
8.275877,-96.478751
8.295755,-96.478751
8.315753,-96.478751
8.335829,-96.478751
8.355775,-96.478751
8.375706,-96.478751
8.395688,-96.478751
8.415780,-96.478751
8.435704,-96.478751
8.455747,-96.478751
8.475588,-96.478751
8.495645,-96.478751
8.515610,-96.478751
8.535563,-96.478751
8.555496,-96.478751
8.575545,-96.478751
8.595543,-96.478751
8.615516,-96.478751
8.636563,-96.478751
8.655485,-96.478751
8.675633,-96.478751
8.695497,-96.478751
8.715430,-96.478751
8.736516,-96.478751
8.755516,-96.478751
8.775393,-96.478751
8.795412,-96.478751
8.815455,-96.478751
8.836507,-96.478751
8.855510,-96.478751
8.875536,-96.478751
8.896480,-96.478751
8.916598,-96.478751
8.936486,-96.478751
8.956499,-96.478751
8.976430,-96.478751
8.996628,-96.478751
9.016876,-96.478751
9.036950,-96.478751
9.056323,-96.478751
9.076370,-96.478751
9.096339,-96.478751
9.116327,-96.478751
9.136330,-96.478751
9.156345,-96.478751
9.176269,-96.478751
9.196346,-96.478751
9.216214,-96.478751
9.236923,-96.478751
9.256542,-96.478751
9.276288,-96.478751
9.296196,-96.478751
9.316196,-96.478751
9.336292,-96.478751
9.356232,-96.478751
9.376125,-96.478751
9.396178,-96.478751
9.416095,-96.478751
9.436110,-96.478751
9.456082,-96.478751
9.476074,-96.478751
9.496085,-96.478751
9.516008,-96.478751
9.536075,-96.478751
9.556169,-96.478751
9.576082,-96.478751
9.596126,-96.478751
9.615985,-96.478751
9.636217,-96.478751
9.656000,-96.478751
9.675919,-96.478751
9.695948,-96.478751
9.715961,-96.478751
9.735940,-96.478751
9.755980,-96.478751
9.775904,-96.478751
9.796079,-96.478751
9.815900,-96.478751
9.835872,-96.478751
9.855895,-96.478751
9.875876,-96.478751
9.895840,-96.478751
9.915836,-96.478751
9.936542,-96.478751
9.956610,-96.478751
9.975759,-96.478751
9.995771,-96.478751
10.015799,-96.478751
10.035786,-96.478751
10.055921,-96.478751
10.075771,-96.478751
10.095830,-96.478751
10.115615,-96.478751
10.135669,-96.478751
10.155723,-96.478751
10.175666,-96.478751
10.195754,-96.478751
10.215719,-96.478751
10.235677,-96.478751
10.255710,-96.478751
10.275597,-96.478751
10.295613,-96.478751
10.315636,-96.478751
10.335668,-96.478751
10.355504,-96.478751
10.375494,-96.478751
10.395523,-96.478751
10.416459,-96.478751
10.435415,-96.478752
10.455492,-96.478752
10.475467,-96.478751
10.495564,-96.478751
10.516402,-96.478751
10.536420,-96.478751
10.556442,-96.478751
10.576330,-96.478751
10.596496,-96.478751
10.616462,-96.478752
10.636407,-96.478752
10.656312,-96.478751
10.676346,-96.478751
10.696266,-96.478751
10.716356,-96.478751
10.736339,-96.478751
10.756232,-96.478751
10.776193,-96.478752
10.796313,-96.478752
10.816187,-96.478752
10.836245,-96.478752
10.856289,-96.478752
10.876294,-96.478751
10.896197,-96.478752
10.916210,-96.478752
10.936176,-96.478752
10.956118,-96.478752
10.976177,-96.478752
10.996239,-96.478752
11.016098,-96.478752
11.036144,-96.478752
11.056597,-96.478752
11.077090,-96.478752
11.096222,-96.478752
11.115982,-96.478752
11.136114,-96.478752
11.156289,-96.478752
11.176108,-96.478752
11.196002,-96.478752
11.216071,-96.478752
11.236181,-96.478752
11.256010,-96.478752
11.275988,-96.478752
11.295969,-96.478752
11.315955,-96.478752
11.336040,-96.478752
11.355922,-96.478752
11.375956,-96.478752
11.395942,-96.478752
11.415881,-96.478752
11.436021,-96.478752
11.455809,-96.478752
11.475863,-96.478752
11.496137,-96.478752
11.515848,-96.478752
11.535825,-96.478752
11.555880,-96.478752
11.575894,-96.478752
11.595795,-96.478752
11.615799,-96.478752
11.636568,-96.478752
11.656223,-96.478752
11.675788,-96.478752
11.695754,-96.478752
11.715824,-96.478752
11.736334,-96.478752
11.756162,-96.478752
11.775737,-96.478752
11.795758,-96.478752
11.815644,-96.478752
11.835721,-96.478752
11.855655,-96.478752
11.875831,-96.478752
11.895678,-96.478752
11.915620,-96.478752
11.935631,-96.478752
11.956259,-96.478752
11.976375,-96.478752
11.995726,-96.478752
12.015590,-96.478752
12.035548,-96.478752
12.055542,-96.478752
12.075582,-96.478752
12.095495,-96.478752
12.116684,-96.478752
12.135522,-96.478752
12.155514,-96.478752
12.175586,-96.478752
12.195507,-96.478752
12.216463,-96.478752
12.235551,-96.478752
12.256565,-96.478752
12.276491,-96.478752
12.296419,-96.478752
12.316326,-96.478752
12.336396,-96.478752
12.356314,-96.478752
12.376341,-96.478752
12.396317,-96.478752
12.416350,-96.478752
12.436367,-96.478752
12.456289,-96.478752
12.476289,-96.478752
12.496323,-96.478752
12.516430,-96.478752
12.536279,-96.478752
12.556337,-96.478752
12.576283,-96.478752
12.596302,-96.478752
12.616295,-96.478752
12.636188,-96.478752
12.656175,-96.478752
12.676214,-96.478752
12.696195,-96.478752
12.716294,-96.478752
12.736282,-96.478752
12.756151,-96.478752
12.776152,-96.478752
12.796353,-96.478752
12.816150,-96.478752
12.836350,-96.478752
12.856256,-96.478752
12.876223,-96.478752
12.896111,-96.478752
12.916007,-96.478752
12.936073,-96.478752
12.956133,-96.478752
12.976014,-96.478752
12.996035,-96.478752
13.015995,-96.478752
13.035986,-96.478752
13.056192,-96.478752
13.075977,-96.478751
13.095928,-96.478751
13.115954,-96.478751
13.135983,-96.478751
13.156034,-96.478751
13.175968,-96.478751
13.195864,-96.478751
13.215905,-96.478751
13.235914,-96.478751
13.255836,-96.478751
13.275801,-96.478751
13.295796,-96.478751
13.315745,-96.478751
13.335773,-96.478751
13.355758,-96.478751
13.375724,-96.478751
13.395849,-96.478751
13.415850,-96.478751
13.435877,-96.478751
13.455820,-96.478751
13.475834,-96.478751
13.495682,-96.478751
13.515754,-96.478751
13.535832,-96.478751
13.555858,-96.478751
13.575607,-96.478751
13.595658,-96.478751
13.615576,-96.478751
13.635610,-96.478751
13.655657,-96.478751
13.675608,-96.478751
13.695591,-96.478751
13.716578,-96.478751
13.735563,-96.478751
13.755532,-96.478751
13.775517,-96.478751
13.795631,-96.478751
13.816465,-96.478751
13.835590,-96.478751
13.855490,-96.478751
13.875588,-96.478751
13.896675,-96.478751
13.916787,-96.478751
13.936638,-96.478751
13.956511,-96.478751
13.976442,-96.478751
13.996398,-96.478751
14.016413,-96.478751
14.036359,-96.478751
14.056492,-96.478751
14.076380,-96.478751
14.096406,-96.478751
14.116407,-96.478751
14.136410,-96.478751
14.156260,-96.478751
14.176217,-96.478751
14.196393,-96.478751
14.216208,-96.478751
14.236326,-96.478751
14.256179,-96.478751
14.276143,-96.478751
14.296178,-96.478751
14.316090,-96.478751
14.336224,-96.478751
14.356173,-96.478751
14.376111,-96.478751
14.396106,-96.478751
14.416090,-96.478751
14.436138,-96.478751
14.456072,-96.478751
14.476173,-96.478751
14.496010,-96.478751
14.516008,-96.478751
14.536005,-96.478751
14.555959,-96.478751
14.576066,-96.478751
14.595968,-96.478751
14.616014,-96.478751
14.636014,-96.478751
14.656003,-96.478751
14.675925,-96.478751
14.695997,-96.478751
14.715885,-96.478751
14.735884,-96.478751
14.756656,-96.478751
14.776541,-96.478751
14.796172,-96.478751
14.815790,-96.478751
14.835805,-96.478751
14.855798,-96.478751
14.875782,-96.478751
14.895751,-96.478751
14.915793,-96.478751
14.935857,-96.478751
14.955782,-96.478751
14.975852,-96.478751
14.995733,-96.478751
15.015828,-96.478751
15.035791,-96.478751
15.055809,-96.478751
15.075926,-96.478751
15.095731,-96.478751
15.115703,-96.478751
15.135681,-96.478751
15.155839,-96.478751
15.176143,-96.478750
15.196130,-96.478750
15.215565,-96.478750
15.235557,-96.478750
15.255622,-96.478750
15.275565,-96.478750
15.295544,-96.478750
15.316512,-96.478750
15.335540,-96.478750
15.355463,-96.478750
15.375454,-96.478750
15.396575,-96.478750
15.416514,-96.478750
15.436470,-96.478750
15.456511,-96.478750
15.476476,-96.478750
15.496438,-96.478750
15.516467,-96.478750
15.536520,-96.478750
15.556435,-96.478750
15.576391,-96.478750
15.596475,-96.478750
15.616358,-96.478750
15.636346,-96.478750
15.656364,-96.478750
15.676346,-96.478750
15.696353,-96.478750
15.716361,-96.478750
15.736261,-96.478750
15.756401,-96.478750
15.776403,-96.478750
15.796268,-96.478750
15.816178,-96.478750
15.836218,-96.478750
15.856879,-96.478750
15.876901,-96.478750
15.896144,-96.478750
15.916235,-96.478750
15.936194,-96.478750
15.956171,-96.478750
15.976056,-96.478750
15.996149,-96.478750
16.016030,-96.478750
16.036131,-96.478750
16.056060,-96.478750
16.076107,-96.478750
16.096101,-96.478750
16.116005,-96.478750
16.135973,-96.478750
16.155967,-96.478750
16.176012,-96.478750
16.196047,-96.478750
16.216014,-96.478750
16.235930,-96.478750
16.256050,-96.478750
16.275903,-96.478750
16.296531,-96.478750
16.316761,-96.478750
16.336021,-96.478750
16.355862,-96.478750
16.376399,-96.478750
16.396140,-96.478750
16.415819,-96.478750
16.435810,-96.478749
16.456297,-96.478749
16.476702,-96.478749
16.495937,-96.478749
16.515752,-96.478749
16.535872,-96.478749
16.555940,-96.478749
16.575857,-96.478749
16.595767,-96.478749
16.615754,-96.478749
16.635632,-96.478749
16.655802,-96.478749
16.675805,-96.478749
16.695646,-96.478749
16.715607,-96.478749
16.735615,-96.478749
16.755667,-96.478749
16.775613,-96.478749
16.795656,-96.478749
16.816649,-96.478749
16.836202,-96.478749
16.856143,-96.478749
16.875622,-96.478749
16.895554,-96.478749
16.916503,-96.478749
16.936453,-96.478749
16.955579,-96.478749
16.976457,-96.478749
16.996622,-96.478749
17.016419,-96.478749
17.036473,-96.478749
17.056524,-96.478749
17.077245,-96.478749
17.096780,-96.478749
17.116392,-96.478749
17.136472,-96.478749
17.156438,-96.478749
17.176354,-96.478749
17.196333,-96.478749
17.216331,-96.478749
17.236341,-96.478749
17.256339,-96.478749
17.276416,-96.478749
17.296343,-96.478749
17.316455,-96.478749
17.336292,-96.478749
17.356417,-96.478749
17.376352,-96.478749
17.396304,-96.478749
17.416473,-96.478749
17.436395,-96.478749
17.456205,-96.478749
17.476305,-96.478749
17.496265,-96.478749
17.516192,-96.478749
17.536165,-96.478749
17.556217,-96.478749
17.576203,-96.478749
17.596208,-96.478749
17.616169,-96.478749
17.636225,-96.478749
17.656081,-96.478748
17.676051,-96.478748
17.696086,-96.478748
17.716102,-96.478748
17.736127,-96.478748
17.756031,-96.478748
17.776030,-96.478748
17.795958,-96.478748
17.816039,-96.478748
17.836071,-96.478748
17.855952,-96.478748
17.876005,-96.478748
17.895997,-96.478748
17.916004,-96.478748
17.936027,-96.478748
17.956105,-96.478748
17.975951,-96.478748
17.995992,-96.478748
18.015978,-96.478748
18.035882,-96.478748
18.055842,-96.478748
18.075817,-96.478748
18.096290,-96.478748
18.116512,-96.478748
18.135866,-96.478748
18.156507,-96.478748
18.175784,-96.478748
18.195817,-96.478748
18.216037,-96.478748
18.236107,-96.478748
18.255905,-96.478748
18.275899,-96.478748
18.295882,-96.478748
18.315718,-96.478748
18.335668,-96.478748
18.355708,-96.478748
18.375628,-96.478748
18.395832,-96.478748
18.415618,-96.478748
18.435737,-96.478748
18.455702,-96.478748
18.475704,-96.478748
18.495539,-96.478748
18.517256,-96.478748
18.536256,-96.478748
18.556178,-96.478748
18.575530,-96.478748
18.595760,-96.478748
18.616507,-96.478748
18.635513,-96.478748
18.656600,-96.478748
18.677128,-96.478748
18.696885,-96.478748
18.716452,-96.478748
18.736988,-96.478748
18.757095,-96.478748
18.776443,-96.478748
18.796357,-96.478748
18.816355,-96.478748
18.836473,-96.478748
18.856434,-96.478748
18.876346,-96.478748
18.896312,-96.478748
18.916431,-96.478748
18.936387,-96.478748
18.956988,-96.478748
18.977117,-96.478747
18.996435,-96.478747
19.016312,-96.478747
19.036263,-96.478747
19.056301,-96.478747
19.076250,-96.478747
19.096316,-96.478747
19.116263,-96.478747
19.136198,-96.478747
19.156266,-96.478747
19.176139,-96.478747
19.196250,-96.478747
19.216149,-96.478747
19.236349,-96.478747
19.256176,-96.478747
19.276725,-96.478747
19.297069,-96.478747
19.316278,-96.478747
19.336129,-96.478747
19.356139,-96.478747
19.376043,-96.478747
19.396079,-96.478747
19.416107,-96.478747
19.436094,-96.478747
19.456085,-96.478747
19.476051,-96.478747
19.496090,-96.478747
19.516144,-96.478747
19.535960,-96.478747
19.556019,-96.478747
19.576001,-96.478747
19.596505,-96.478747
19.616644,-96.478747
19.636022,-96.478747
19.655937,-96.478747
19.675934,-96.478747
19.695907,-96.478747
19.715837,-96.478747
19.735835,-96.478747
19.755847,-96.478747
19.775859,-96.478747
19.795856,-96.478747
19.815758,-96.478747
19.835883,-96.478747
19.855838,-96.478747
19.875859,-96.478747
19.895824,-96.478747
19.915756,-96.478747
19.935843,-96.478747
19.956485,-96.478747
19.976326,-96.478747
19.995773,-96.478747
20.015719,-96.478747
20.035750,-96.478747
20.055763,-96.478747
20.075644,-96.478747
20.095663,-96.478747
20.117540,-96.478747
20.135959,-96.478747
20.155638,-96.478747
20.175627,-96.478747
20.195817,-96.478747
20.216537,-96.478747
20.235576,-96.478747
20.255543,-96.478746
20.275579,-96.478746
20.295499,-96.478746
20.316622,-96.478746
20.336560,-96.478746
20.356540,-96.478746
20.376510,-96.478746
20.396517,-96.478746
20.416406,-96.478746
20.436496,-96.478746
20.456449,-96.478746
20.476491,-96.478746
20.496391,-96.478746
20.516433,-96.478746
20.536427,-96.478746
20.556899,-96.478746
20.577410,-96.478746
20.596642,-96.478746
20.616345,-96.478746
20.636436,-96.478746
20.656374,-96.478746
20.676237,-96.478746
20.696279,-96.478746
20.716260,-96.478746
20.736291,-96.478746
20.756267,-96.478746
20.776338,-96.478746
20.796233,-96.478746
20.816289,-96.478746
20.836482,-96.478746
20.856342,-96.478746
20.876377,-96.478746
20.896219,-96.478746
20.916211,-96.478746
20.936194,-96.478746
20.956136,-96.478746
20.976254,-96.478746
20.996157,-96.478746
21.016087,-96.478746
21.036125,-96.478746
21.056049,-96.478746
21.076043,-96.478746
21.096570,-96.478746
21.116682,-96.478746
21.136304,-96.478746
21.156213,-96.478746
21.176035,-96.478746
21.196648,-96.478746
21.216474,-96.478746
21.236013,-96.478746
21.256301,-96.478746
21.276203,-96.478746
21.296040,-96.478746
21.315929,-96.478746
21.335940,-96.478746
21.355876,-96.478746
21.375916,-96.478746
21.396046,-96.478746
21.415875,-96.478746
21.435918,-96.478746
21.455856,-96.478746
21.476020,-96.478746
21.495910,-96.478746
21.516514,-96.478746
21.536495,-96.478746
21.556187,-96.478746
21.575867,-96.478746
21.595794,-96.478746
21.615708,-96.478746
21.635830,-96.478746
21.655928,-96.478746
21.675708,-96.478746
21.695899,-96.478746
21.715793,-96.478746
21.735708,-96.478746
21.755681,-96.478746
21.775700,-96.478746
21.795699,-96.478746
21.815804,-96.478746
21.835660,-96.478746
21.855718,-96.478746
21.876286,-96.478746
21.895865,-96.478746
21.916610,-96.478746
21.935629,-96.478746
21.955564,-96.478746
21.975590,-96.478746
21.996274,-96.478746
22.017293,-96.478746
22.036544,-96.478746
22.056520,-96.478746
22.076504,-96.478746
22.096512,-96.478746
22.116656,-96.478746
22.136450,-96.478746
22.156461,-96.478746
22.176436,-96.478746
22.196414,-96.478746
22.216479,-96.478746
22.236454,-96.478746
22.256457,-96.478746
22.276379,-96.478746
22.296424,-96.478746
22.316358,-96.478746
22.336343,-96.478746
22.356417,-96.478746
22.376489,-96.478746
22.396377,-96.478746
22.416433,-96.478746
22.436361,-96.478746
22.456361,-96.478746
22.476925,-96.478746
22.496810,-96.478746
22.516402,-96.478746
22.536416,-96.478746
22.556310,-96.478746
22.576326,-96.478746
22.596250,-96.478746
22.616318,-96.478746
22.636207,-96.478746
22.656143,-96.478746
22.676276,-96.478746
22.696178,-96.478746
22.716164,-96.478746
22.736164,-96.478746
22.756328,-96.478746
22.776246,-96.478746
22.796196,-96.478746
22.816313,-96.478746
22.836153,-96.478746
22.856177,-96.478746
22.876196,-96.478746
22.896112,-96.478746
22.916097,-96.478746
22.936152,-96.478746
22.956175,-96.478746
22.976063,-96.478746
22.996262,-96.478746
23.016076,-96.478746
23.036135,-96.478746
23.056022,-96.478746
23.076095,-96.478746
23.096067,-96.478746
23.116083,-96.478746
23.135912,-96.478746
23.155908,-96.478746
23.176541,-96.478746
23.196606,-96.478746
23.216038,-96.478746
23.235883,-96.478746
23.255889,-96.478746
23.275888,-96.478746
23.295816,-96.478746
23.315804,-96.478746
23.335755,-96.478746
23.355797,-96.478746
23.376732,-96.478746
23.396243,-96.478746
23.415802,-96.478746
23.435794,-96.478746
23.455673,-96.478746
23.475695,-96.478746
23.495690,-96.478746
23.515769,-96.478746
23.536398,-96.478746
23.556653,-96.478746
23.575709,-96.478746
23.595658,-96.478746
23.616844,-96.478746
23.635763,-96.478746
23.655676,-96.478746
23.675724,-96.478746
23.696222,-96.478746
23.717540,-96.478746
23.736650,-96.478746
23.756609,-96.478746
23.776637,-96.478746
23.796613,-96.478746
23.816691,-96.478746
23.836572,-96.478746
23.856451,-96.478746
23.876584,-96.478746
23.896502,-96.478746
23.916578,-96.478746
23.936642,-96.478746
23.956489,-96.478746
23.976438,-96.478746
23.996405,-96.478746
24.016459,-96.478746
24.036541,-96.478746
24.056513,-96.478746
24.076396,-96.478746
24.096461,-96.478746
24.116510,-96.478746
24.136452,-96.478746
24.156337,-96.478746
24.176343,-96.478746
24.196566,-96.478746
24.216341,-96.478746
24.236453,-96.478746
24.256265,-96.478746
24.276276,-96.478746
24.296253,-96.478746
24.316360,-96.478746
24.336293,-96.478746
24.356292,-96.478746
24.376313,-96.478746
24.396280,-96.478746
24.416366,-96.478746
24.436203,-96.478746
24.456118,-96.478746
24.476270,-96.478746
24.496106,-96.478746
24.516097,-96.478746
24.536084,-96.478746
24.556194,-96.478746
24.576075,-96.478746
24.596168,-96.478746
24.616065,-96.478746
24.636186,-96.478746
24.656004,-96.478746
24.676009,-96.478746
24.696057,-96.478746
24.716002,-96.478746
24.735935,-96.478746
24.755908,-96.478746
24.775946,-96.478746
24.796078,-96.478746
24.815855,-96.478746
24.835853,-96.478746
24.855882,-96.478746
24.875933,-96.478746
24.896020,-96.478746
24.915855,-96.478746
24.935831,-96.478746
24.955834,-96.478746
24.975809,-96.478746
24.995884,-96.478746
25.015812,-96.478746
25.035814,-96.478746
25.055872,-96.478746
25.075872,-96.478746
25.095825,-96.478746
25.115753,-96.478746
25.135710,-96.478746
25.155902,-96.478746
25.175750,-96.478746
25.195744,-96.478746
25.215746,-96.478746
25.235651,-96.478746
25.255708,-96.478746
25.275856,-96.478746
25.296630,-96.478746
25.316654,-96.478746
25.335626,-96.478746
25.355520,-96.478746
25.376674,-96.478746
25.396665,-96.478746
25.416802,-96.478746
25.436572,-96.478746
25.456699,-96.478746
25.476490,-96.478746
25.496555,-96.478746
25.516644,-96.478746
25.536498,-96.478746
25.556517,-96.478746
25.576557,-96.478746
25.596510,-96.478746
25.616512,-96.478746
25.636576,-96.478746
25.656498,-96.478746
25.676461,-96.478746
25.696440,-96.478746
25.716477,-96.478746
25.736363,-96.478746
25.756369,-96.478746
25.776340,-96.478746
25.796326,-96.478746
25.816314,-96.478746
25.836298,-96.478746
25.856430,-96.478746
25.876398,-96.478746
25.896262,-96.478746
25.916332,-96.478746
25.936345,-96.478746
25.956415,-96.478746
25.976180,-96.478746
25.996171,-96.478746
26.016266,-96.478746
26.036211,-96.478746
26.056243,-96.478746
26.076404,-96.478746
26.096178,-96.478746
26.116189,-96.478746
26.136184,-96.478746
26.156681,-96.478746
26.177084,-96.478746
26.196118,-96.478746
26.216148,-96.478746
26.236284,-96.478746
26.256157,-96.478746
26.276165,-96.478746
26.296088,-96.478746
26.316128,-96.478746
26.335974,-96.478746
26.356066,-96.478746
26.376076,-96.478746
26.396021,-96.478746
26.415947,-96.478746
26.435932,-96.478746
26.455902,-96.478746
26.476000,-96.478746
26.495975,-96.478746
26.516039,-96.478746
26.535937,-96.478746
26.555981,-96.478746
26.575879,-96.478746
26.596025,-96.478746
26.615971,-96.478746
26.635843,-96.478746
26.655834,-96.478746
26.675893,-96.478746
26.695785,-96.478746
26.715840,-96.478746
26.735768,-96.478746
26.755863,-96.478746
26.775857,-96.478746
26.795847,-96.478746
26.815896,-96.478746
26.835827,-96.478746
26.855930,-96.478746
26.875690,-96.478746
26.895765,-96.478746
26.915883,-96.478746
26.935687,-96.478746
26.955624,-96.478746
26.975748,-96.478746
26.996711,-96.478746
27.015690,-96.478746
27.035763,-96.478746
27.055601,-96.478746
27.076842,-96.478746
27.096602,-96.478746
27.116579,-96.478746
27.136603,-96.478746
27.156591,-96.478746
27.176590,-96.478746
27.196558,-96.478746
27.216518,-96.478746
27.236676,-96.478746
27.256514,-96.478746
27.276584,-96.478746
27.296568,-96.478746
27.316427,-96.478746
27.336525,-96.478746
27.356404,-96.478746
27.376668,-96.478746
27.396501,-96.478746
27.416363,-96.478746
27.436470,-96.478746
27.456459,-96.478746
27.476400,-96.478746
27.496360,-96.478746
27.516429,-96.478746
27.536352,-96.478746
27.556355,-96.478746
27.576370,-96.478746
27.596339,-96.478746
27.616278,-96.478746
27.636221,-96.478746
27.656157,-96.478746
27.676240,-96.478746
27.696333,-96.478746
27.716273,-96.478746
27.736246,-96.478746
27.756121,-96.478746
27.776226,-96.478746
27.796177,-96.478746
27.816099,-96.478746
27.836199,-96.478746
27.856162,-96.478746
27.876270,-96.478745
27.896202,-96.478745
27.916134,-96.478745
27.936141,-96.478745
27.956159,-96.478745
27.976233,-96.478745
27.996141,-96.478745
28.016096,-96.478745
28.036204,-96.478745
28.056078,-96.478745
28.076567,-96.478745
28.096384,-96.478745
28.116024,-96.478745
28.136018,-96.478745
28.156057,-96.478745
28.175996,-96.478745
28.196098,-96.478745
28.215954,-96.478745
28.235929,-96.478745
28.255914,-96.478745
28.275928,-96.478745
28.296106,-96.478745
28.315930,-96.478745
28.335966,-96.478745
28.355923,-96.478745
28.375884,-96.478745
28.395893,-96.478745
28.415871,-96.478745
28.435806,-96.478745
28.455907,-96.478745
28.475829,-96.478745
28.495754,-96.478745
28.517212,-96.478745
28.536404,-96.478745
28.555950,-96.478745
28.575838,-96.478745
28.595965,-96.478745
28.615805,-96.478745
28.635720,-96.478745
28.656366,-96.478745
28.676344,-96.478745
28.696855,-96.478745
28.715748,-96.478745
28.735852,-96.478745
28.755703,-96.478745
28.775650,-96.478745
28.796756,-96.478745
28.815746,-96.478745
28.835814,-96.478745
28.856814,-96.478745
28.876881,-96.478745
28.896689,-96.478745
28.916709,-96.478745
28.936778,-96.478745
28.956664,-96.478745
28.976615,-96.478745
28.996645,-96.478745
29.016616,-96.478745
29.036608,-96.478745
29.056578,-96.478745
29.077182,-96.478745
29.097086,-96.478745
29.116545,-96.478745
29.136409,-96.478745
29.156471,-96.478745
29.176428,-96.478745
29.196994,-96.478745
29.217143,-96.478745
29.236377,-96.478745
29.256355,-96.478745
29.276317,-96.478745
29.296334,-96.478745
29.316350,-96.478745
29.336346,-96.478745
29.356310,-96.478745
29.376255,-96.478745
29.396449,-96.478745
29.416275,-96.478745
29.436267,-96.478745
29.456232,-96.478745
29.476315,-96.478745
29.496314,-96.478745
29.516311,-96.478745
29.536177,-96.478745
29.556298,-96.478745
29.576201,-96.478745
29.596103,-96.478745
29.616169,-96.478745
29.636100,-96.478745
29.656219,-96.478745
29.676099,-96.478745
29.696184,-96.478745
29.716094,-96.478745
29.736231,-96.478745
29.756099,-96.478745
29.776034,-96.478745
29.796225,-96.478745
29.816041,-96.478745
29.836030,-96.478745
29.856139,-96.478745
29.876036,-96.478745
29.896032,-96.478745
29.915973,-96.478745
29.936048,-96.478745
29.955947,-96.478745
29.975990,-96.478745
29.996073,-96.478745
30.015960,-96.478745
30.036067,-96.478745
30.056441,-96.478745
30.076460,-96.478745
30.095958,-96.478745
30.115944,-96.478745
30.135913,-96.478745
30.155886,-96.478745
30.175972,-96.478745
30.195867,-96.478745
30.215852,-96.478745
30.235882,-96.478745
30.255797,-96.478745
30.275831,-96.478745
30.296028,-96.478745
30.315975,-96.478745
30.335751,-96.478745
30.355783,-96.478745
30.375772,-96.478745
30.395738,-96.478745
30.415801,-96.478745
30.435887,-96.478745
30.455849,-96.478745
30.475755,-96.478745
30.495891,-96.478745
30.515743,-96.478745
30.535762,-96.478745
30.555696,-96.478745
30.575676,-96.478745
30.596709,-96.478745
30.615675,-96.478745
30.635692,-96.478745
30.655682,-96.478745
30.676709,-96.478745
30.696627,-96.478745
30.716671,-96.478745
30.736667,-96.478745
30.756819,-96.478745
30.776715,-96.478745
30.796536,-96.478745
30.816545,-96.478745
30.836518,-96.478745
30.856544,-96.478745
30.876620,-96.478745
30.896555,-96.478745
30.916613,-96.478745
30.936560,-96.478745
30.956537,-96.478745
30.976502,-96.478745
30.996613,-96.478745
31.016391,-96.478745
31.036448,-96.478745
31.056414,-96.478745
31.076503,-96.478745
31.096373,-96.478745
31.116334,-96.478745
31.136469,-96.478745
31.156344,-96.478745
31.176357,-96.478745
31.196416,-96.478745
31.216215,-96.478745
31.236234,-96.478745
31.256208,-96.478745
31.276850,-96.478745
31.296830,-96.478745
31.316305,-96.478745
31.336186,-96.478745
31.356188,-96.478745
31.376160,-96.478745
31.396325,-96.478745
31.416885,-96.478745
31.436415,-96.478745
31.456172,-96.478745
31.476090,-96.478745
31.496132,-96.478745
31.516654,-96.478745
31.536100,-96.478745
31.556235,-96.478745
31.576053,-96.478745
31.596067,-96.478745
31.616063,-96.478745
31.636024,-96.478745
31.656106,-96.478745
31.675969,-96.478745
31.696239,-96.478745
31.716110,-96.478745
31.736034,-96.478745
31.756075,-96.478745
31.776171,-96.478745
31.795939,-96.478745
31.815874,-96.478745
31.835963,-96.478745
31.855898,-96.478745
31.875875,-96.478745
31.896007,-96.478745
31.915913,-96.478745
31.935874,-96.478745
31.955917,-96.478745
31.975918,-96.478745
31.995996,-96.478745
32.015801,-96.478745
32.035985,-96.478745
32.055867,-96.478745
32.075863,-96.478745
32.095809,-96.478745
32.115916,-96.478745
32.135918,-96.478745
32.155755,-96.478745
32.175736,-96.478745
32.195812,-96.478745
32.215786,-96.478745
32.235706,-96.478745
32.255721,-96.478745
32.276686,-96.478745
32.296636,-96.478745
32.315608,-96.478745
32.336657,-96.478745
32.356662,-96.478745
32.376593,-96.478745
32.396565,-96.478745
32.416578,-96.478745
32.436498,-96.478745
32.456749,-96.478745
32.476493,-96.478745
32.496636,-96.478745
32.516547,-96.478745
32.536568,-96.478745
32.556511,-96.478745
32.576447,-96.478745
32.597409,-96.478745
32.617044,-96.478745
32.636453,-96.478745
32.656466,-96.478745
32.677238,-96.478745
32.697268,-96.478745
32.716395,-96.478745
32.736444,-96.478745
32.756387,-96.478745
32.776409,-96.478745
32.796561,-96.478745
32.816335,-96.478745
32.836306,-96.478745
32.856338,-96.478745
32.876902,-96.478745
32.896945,-96.478745
32.916739,-96.478745
32.936298,-96.478745
32.956265,-96.478745
32.976954,-96.478745
32.996831,-96.478745
33.016165,-96.478745
33.036191,-96.478745
33.056258,-96.478745
33.076207,-96.478745
33.096234,-96.478745
33.116208,-96.478745
33.136050,-96.478745
33.156279,-96.478745
33.176142,-96.478745
33.196078,-96.478745
33.216084,-96.478745
33.236127,-96.478745
33.256123,-96.478745
33.276070,-96.478745
33.296066,-96.478745
33.316187,-96.478745
33.336012,-96.478745
33.355962,-96.478745
33.375960,-96.478745
33.396101,-96.478745
33.416018,-96.478745
33.435950,-96.478745
33.455930,-96.478745
33.476037,-96.478745
33.495950,-96.478745
33.516010,-96.478745
33.536035,-96.478745
33.555950,-96.478745
33.575918,-96.478745
33.595887,-96.478745
33.615803,-96.478745
33.635926,-96.478745
33.655973,-96.478745
33.675819,-96.478745
33.695854,-96.478745
33.715847,-96.478745
33.735807,-96.478745
33.755756,-96.478745
33.776980,-96.478745
33.795792,-96.478745
33.815870,-96.478745
33.835875,-96.478745
33.855771,-96.478745
33.876777,-96.478745
33.895725,-96.478745
33.915696,-96.478745
33.935732,-96.478745
33.955693,-96.478745
33.976652,-96.478745
33.995596,-96.478745
34.015670,-96.478745
34.036692,-96.478745
34.056659,-96.478745
34.076709,-96.478745
34.097245,-96.478745
34.117272,-96.478745
34.136687,-96.478745
34.156656,-96.478745
34.176535,-96.478745
34.197514,-96.478745
34.216852,-96.478745
34.236615,-96.478745
34.256756,-96.478745
34.276672,-96.478745
34.296494,-96.478745
34.316476,-96.478745
34.336559,-96.478745
34.356453,-96.478745
34.376537,-96.478745
34.396400,-96.478745
34.417129,-96.478745
34.437228,-96.478745
34.456640,-96.478745
34.476337,-96.478745
34.496484,-96.478745
34.516341,-96.478745
34.536402,-96.478745
34.556363,-96.478745
34.576335,-96.478745
34.596351,-96.478745
34.616334,-96.478745
34.636348,-96.478745
34.656254,-96.478745
34.676367,-96.478745
34.696806,-96.478745
34.717032,-96.478745
34.736394,-96.478745
34.756283,-96.478745
34.776249,-96.478745
34.796259,-96.478745
34.816332,-96.478745
34.836318,-96.478745
34.856251,-96.478745
34.876184,-96.478745
34.896180,-96.478745
34.916441,-96.478745
34.936177,-96.478745
34.956128,-96.478745
34.976194,-96.478745
34.996064,-96.478745
35.016114,-96.478745
35.036120,-96.478745
35.056115,-96.478745
35.076087,-96.478745
35.096054,-96.478745
35.116085,-96.478745
35.136021,-96.478745
35.156055,-96.478745
35.176622,-96.478745
35.196332,-96.478745
35.216014,-96.478745
35.236094,-96.478745
35.255941,-96.478745
35.275921,-96.478745
35.296015,-96.478745
35.315933,-96.478745
35.335879,-96.478745
35.355939,-96.478745
35.375923,-96.478745
35.395917,-96.478745
35.415859,-96.478745
35.436041,-96.478745
35.455913,-96.478745
35.476595,-96.478745
35.496509,-96.478745
35.515932,-96.478745
35.535729,-96.478745
35.555796,-96.478745
35.576866,-96.478745
35.595802,-96.478745
35.615754,-96.478745
35.635895,-96.478745
35.655645,-96.478745
35.675791,-96.478745
35.695689,-96.478745
35.715697,-96.478745
35.736859,-96.478745
35.755627,-96.478745
35.776705,-96.478745
35.795793,-96.478745
35.815658,-96.478745
35.836656,-96.478745
35.856635,-96.478745
35.876684,-96.478745
35.896669,-96.478745
35.916665,-96.478745
35.936626,-96.478745
35.956691,-96.478745
35.976619,-96.478745
35.996520,-96.478745
36.016678,-96.478745
36.036465,-96.478745
36.056511,-96.478745
36.076579,-96.478745
36.096525,-96.478745
36.116451,-96.478745
36.136600,-96.478745
36.156442,-96.478745
36.176488,-96.478745
36.196461,-96.478745
36.216331,-96.478745
36.236361,-96.478745
36.256538,-96.478745
36.276487,-96.478745
36.296287,-96.478745
36.316345,-96.478745
36.336502,-96.478745
36.356309,-96.478745
36.376352,-96.478745
36.396261,-96.478745
36.416322,-96.478745
36.436247,-96.478745
36.456169,-96.478745
36.476138,-96.478745
36.496160,-96.478745
36.516315,-96.478745
36.536428,-96.478745
36.556222,-96.478745
36.576139,-96.478745
36.596169,-96.478745
36.616138,-96.478745
36.636158,-96.478745
36.656139,-96.478745
36.676157,-96.478745
36.696126,-96.478745
36.716090,-96.478745
36.736138,-96.478745
36.756132,-96.478745
36.776083,-96.478745
36.796151,-96.478745
36.816082,-96.478745
36.836103,-96.478745
36.856665,-96.478745
36.876609,-96.478745
36.896021,-96.478745
36.915909,-96.478745
36.935885,-96.478745
36.956080,-96.478745
36.976041,-96.478745
36.995924,-96.478745
37.015970,-96.478745
37.035855,-96.478745
37.055918,-96.478745
37.075805,-96.478745
37.096005,-96.478745
37.115810,-96.478745
37.135780,-96.478745
37.156933,-96.478745
37.175813,-96.478745
37.196484,-96.478745
37.216645,-96.478745
37.235965,-96.478745
37.256825,-96.478745
37.275735,-96.478745
37.295650,-96.478745
37.316720,-96.478745
37.336795,-96.478745
37.356627,-96.478745
37.375784,-96.478745
37.396721,-96.478745
37.416651,-96.478745
37.436682,-96.478745
37.456689,-96.478745
37.476656,-96.478745
37.496560,-96.478745
37.516647,-96.478745
37.536628,-96.478745
37.556619,-96.478745
37.576513,-96.478745
37.596633,-96.478745
37.616511,-96.478745
37.636523,-96.478745
37.656581,-96.478745
37.676500,-96.478745
37.696503,-96.478745
37.716497,-96.478745
37.737106,-96.478745
37.757131,-96.478745
37.776770,-96.478745
37.796566,-96.478745
37.816483,-96.478745
37.836497,-96.478745
37.856431,-96.478745
37.876321,-96.478745
37.896407,-96.478745
37.916374,-96.478745
37.936346,-96.478745
37.956327,-96.478745
37.976309,-96.478745
37.996261,-96.478745
38.016279,-96.478745
38.036319,-96.478745
38.056254,-96.478745
38.076218,-96.478745
38.096219,-96.478745
38.116476,-96.478745
38.136298,-96.478745
38.156220,-96.478745
38.176167,-96.478745
38.196191,-96.478745
38.216094,-96.478745
38.236240,-96.478745
38.256074,-96.478745
38.276134,-96.478745
38.296069,-96.478745
38.316090,-96.478745
38.336030,-96.478745
38.356046,-96.478745
38.376256,-96.478745
38.396006,-96.478745
38.416040,-96.478745
38.436123,-96.478745
38.456054,-96.478745
38.476068,-96.478745
38.495948,-96.478745
38.515955,-96.478745
38.536027,-96.478745
38.556025,-96.478745
38.575912,-96.478745
38.596040,-96.478745
38.615929,-96.478745
38.635845,-96.478745
38.655849,-96.478745
38.675852,-96.478745
38.695883,-96.478745
38.715895,-96.478745
38.735885,-96.478745
38.756097,-96.478745
38.775917,-96.478745
38.795873,-96.478745
38.815861,-96.478745
38.836869,-96.478745
38.855767,-96.478745
38.875830,-96.478745
38.895876,-96.478745
38.915805,-96.478745
38.936748,-96.478745
38.955723,-96.478745
38.975723,-96.478745
38.995695,-96.478745
39.015743,-96.478745
39.037398,-96.478745
39.056762,-96.478745
39.076744,-96.478745
39.097266,-96.478745
39.116716,-96.478745
39.136607,-96.478745
39.156550,-96.478745
39.176727,-96.478745
39.196532,-96.478745
39.216525,-96.478745
39.236574,-96.478745
39.256743,-96.478745
39.276603,-96.478745
39.296541,-96.478745
39.316610,-96.478745
39.336547,-96.478745
39.356713,-96.478745
39.376736,-96.478745
39.396654,-96.478745
39.416521,-96.478745
39.436588,-96.478745
39.456619,-96.478745
39.477105,-96.478745
39.497112,-96.478745
39.516573,-96.478745
39.536441,-96.478745
39.556388,-96.478745
39.576416,-96.478745
39.596319,-96.478745
39.616381,-96.478745
39.636349,-96.478745
39.656410,-96.478745
39.676271,-96.478745
39.697158,-96.478745
39.716634,-96.478745
39.736243,-96.478745
39.756224,-96.478745
39.776212,-96.478745
39.796258,-96.478745
39.816197,-96.478745
39.836223,-96.478745
39.856192,-96.478745
39.876948,-96.478745
39.896942,-96.478745
39.916277,-96.478745
39.936088,-96.478745
39.956174,-96.478745
39.976173,-96.478745
39.996105,-96.478745
40.016059,-96.478745
40.036131,-96.478745
40.056033,-96.478745
40.076115,-96.478745
40.096104,-96.478745
40.116040,-96.478745
40.136020,-96.478745
40.156140,-96.478745
40.176051,-96.478745
40.196045,-96.478745
40.215989,-96.478745
40.235993,-96.478745
40.256024,-96.478745
40.276610,-96.478745
40.296301,-96.478745
40.315894,-96.478745
40.335920,-96.478745
40.356002,-96.478745
40.375919,-96.478745
40.395804,-96.478745
40.415815,-96.478745
40.435788,-96.478745
40.455835,-96.478745
40.475789,-96.478745
40.495789,-96.478745
40.515764,-96.478745
40.536877,-96.478745
40.556609,-96.478745
40.576375,-96.478745
40.595921,-96.478745
40.615761,-96.478745
40.636709,-96.478745
40.655729,-96.478745
40.676715,-96.478745
40.696695,-96.478745
40.716782,-96.478745
40.736678,-96.478745
40.756683,-96.478745
40.776631,-96.478745
40.796619,-96.478745
40.816573,-96.478745
40.836732,-96.478745
40.856601,-96.478745
40.876631,-96.478745
40.896507,-96.478745
40.916537,-96.478745
40.936463,-96.478745
40.956579,-96.478745
40.976538,-96.478745
40.996675,-96.478745
41.016485,-96.478745
41.036562,-96.478745
41.056467,-96.478745
41.076582,-96.478745
41.096456,-96.478745
41.116440,-96.478745
41.136413,-96.478745
41.156497,-96.478745
41.176386,-96.478745
41.196416,-96.478745
41.216407,-96.478745
41.236509,-96.478745
41.256464,-96.478745
41.276338,-96.478745
41.296334,-96.478745
41.316369,-96.478745
41.336312,-96.478745
41.356333,-96.478745
41.376380,-96.478745
41.397012,-96.478745
41.416744,-96.478745
41.436455,-96.478745
41.456390,-96.478745
41.476506,-96.478745
41.497265,-96.478745
