0.169448,30.634375
0.189477,30.634375
0.209517,30.634375
0.229599,30.634375
0.249730,30.634375
0.269349,30.634375
0.289468,30.634375
0.309464,30.634375
0.329596,30.634375
0.349495,30.634375
0.369317,30.634375
0.389721,30.634375
0.409466,30.634375
0.429866,30.634375
0.449251,30.634375
0.469308,30.634375
0.489373,30.634375
0.509377,30.634375
0.529359,30.634375
0.549359,30.634375
0.569198,30.634375
0.589403,30.634375
0.609286,30.634375
0.629277,30.634375
0.649745,30.634375
0.670456,30.634375
0.689534,30.634375
0.709186,30.634375
0.729339,30.634375
0.749457,30.634375
0.770107,30.634375
0.789747,30.634375
0.810574,30.634375
0.830187,30.634375
0.850089,30.634375
0.870117,30.634375
0.890093,30.634375
0.910088,30.634375
0.929999,30.634375
0.949936,30.634375
0.970117,30.634375
0.990073,30.634375
1.009881,30.634375
1.029892,30.634375
1.050144,30.634375
1.069875,30.634375
1.090018,30.634375
1.109899,30.634375
1.130012,30.634375
1.149969,30.634375
1.169763,30.634375
1.189986,30.634375
1.209916,30.634375
1.229904,30.634375
1.249915,30.634375
1.269803,30.634375
1.289802,30.634375
1.309997,30.634375
1.329789,30.634375
1.350247,30.634375
1.370035,30.634375
1.389913,30.634375
1.409819,30.634375
1.429708,30.634375
1.449959,30.634375
1.469716,30.634375
1.490015,30.634375
1.510300,30.634375
1.529652,30.634375
1.549814,30.634375
1.569683,30.634375
1.589700,30.634375
1.609697,30.634375
1.629632,30.634375
1.649649,30.634375
1.669966,30.634375
1.689814,30.634375
1.709678,30.634375
1.729780,30.634375
1.749640,30.634375
1.770082,30.634375
1.789636,30.634375
1.809575,30.634375
1.829715,30.634375
1.849708,30.634375
1.869517,30.634375
1.889731,30.634375
1.909484,30.634375
1.929569,30.634375
1.949567,30.634374
1.969547,30.634374
1.989363,30.634374
2.009402,30.634374
2.029811,30.634374
2.049366,30.634374
2.069344,30.634374
2.089492,30.634374
2.109388,30.634374
2.129378,30.634374
2.149561,30.634374
2.169340,30.634374
2.189227,30.634374
2.209470,30.634374
2.229571,30.634374
2.249258,30.634374
2.269173,30.634374
2.289136,30.634373
2.309260,30.634373
2.330363,30.634373
2.349132,30.634373
2.370312,30.634373
2.389039,30.634373
2.410227,30.634373
2.430379,30.634373
2.450222,30.634373
2.470152,30.634373
2.490189,30.634373
2.510028,30.634372
2.530357,30.634372
2.550359,30.634372
2.569952,30.634372
2.589946,30.634372
2.610039,30.634372
2.630134,30.634372
2.649898,30.634372
2.670142,30.634372
2.689852,30.634371
2.709784,30.634371
2.730321,30.634371
2.749839,30.634371
2.769786,30.634371
2.789884,30.634371
2.809817,30.634371
2.829750,30.634370
2.849710,30.634370
2.869848,30.634370
2.889640,30.634370
2.909693,30.634370
2.929693,30.634370
2.949773,30.634370
2.969857,30.634370
2.989725,30.634369
3.009708,30.634369
3.030331,30.634369
3.050668,30.634369
3.069730,30.634369
3.089625,30.634369
3.109721,30.634368
3.129523,30.634368
3.149489,30.634368
3.169637,30.634368
3.189440,30.634368
3.209576,30.634368
3.229460,30.634368
3.249484,30.634367
3.269626,30.634367
3.289565,30.634367
3.309675,30.634367
3.329590,30.634367
3.349531,30.634367
3.369389,30.634366
3.389590,30.634366
3.409316,30.634366
3.429397,30.634366
3.449423,30.634366
3.469489,30.634366
3.489337,30.634365
3.509378,30.634365
3.529418,30.634365
3.549378,30.634365
3.569393,30.634365
3.589294,30.634364
3.609283,30.634364
3.629451,30.634364
3.649443,30.634364
3.669142,30.634363
3.689206,30.634363
3.709837,30.634363
3.731459,30.634363
3.749493,30.634363
3.769116,30.634362
3.789294,30.634362
3.809271,30.634362
3.829216,30.634362
3.849463,30.634361
3.869439,30.634361
3.889305,30.634361
3.909214,30.634361
3.930131,30.634360
3.949428,30.634360
3.970262,30.634360
3.990188,30.634360
4.009981,30.634360
4.030327,30.634359
4.049953,30.634359
4.070215,30.634359
4.089990,30.634359
4.110042,30.634358
4.129968,30.634358
4.150027,30.634358
4.170169,30.634358
4.190635,30.634357
4.210397,30.634357
4.229822,30.634357
4.250032,30.634356
4.269951,30.634356
4.289919,30.634356
4.309935,30.634356
4.330074,30.634355
4.350829,30.634355
4.370849,30.634355
4.390100,30.634355
4.409770,30.634354
4.429699,30.634354
4.449958,30.634354
4.469745,30.634354
4.489860,30.634353
4.509819,30.634353
4.529895,30.634353
4.549875,30.634352
4.569925,30.634352
4.589772,30.634352
4.609818,30.634352
4.630170,30.634351
4.649578,30.634351
4.669712,30.634351
4.689716,30.634350
4.709733,30.634350
4.729739,30.634350
4.749786,30.634349
4.769846,30.634349
4.789823,30.634349
4.809676,30.634349
4.829717,30.634348
4.849590,30.634348
4.869737,30.634348
4.889711,30.634348
4.909540,30.634347
4.929682,30.634347
4.949900,30.634347
4.969589,30.634346
4.989720,30.634346
5.010119,30.634346
5.030454,30.634345
5.049542,30.634345
5.069532,30.634345
5.089514,30.634344
5.109388,30.634344
5.129359,30.634344
5.149427,30.634343
5.169288,30.634343
5.189271,30.634343
5.209391,30.634343
5.229381,30.634342
5.249224,30.634342
5.269252,30.634341
5.289190,30.634341
5.309213,30.634341
5.329351,30.634340
5.349511,30.634340
5.369180,30.634340
5.389197,30.634339
5.409220,30.634339
5.429259,30.634339
5.449377,30.634339
5.469122,30.634338
5.489148,30.634338
5.509180,30.634338
5.529271,30.634337
5.550503,30.634337
5.569265,30.634336
5.590187,30.634336
5.610381,30.634336
5.630057,30.634335
5.650879,30.634335
5.670951,30.634335
5.690197,30.634334
5.710218,30.634334
5.730233,30.634333
5.750031,30.634333
5.769914,30.634333
5.789905,30.634332
5.809919,30.634332
5.830254,30.634332
5.849948,30.634331
5.870148,30.634331
5.889791,30.634331
5.910063,30.634330
5.930059,30.634330
5.949898,30.634329
5.969690,30.634329
5.989758,30.634328
6.009824,30.634328
6.029729,30.634328
6.049786,30.634327
6.069792,30.634327
6.090016,30.634326
6.110060,30.634326
6.129723,30.634326
6.149743,30.634325
6.169667,30.634325
6.189684,30.634324
6.209734,30.634324
6.229649,30.634324
6.250012,30.634323
6.269727,30.634323
6.289551,30.634322
6.309935,30.634322
6.329719,30.634322
6.349885,30.634321
6.369720,30.634321
6.389529,30.634320
6.409589,30.634320
6.429516,30.634319
6.449478,30.634319
6.469590,30.634319
6.489616,30.634318
6.509538,30.634318
6.529631,30.634317
6.549831,30.634317
6.569407,30.634316
6.589563,30.634316
6.609482,30.634316
6.629611,30.634315
6.649516,30.634315
6.669492,30.634314
6.689553,30.634314
6.709467,30.634313
6.729469,30.634313
6.749326,30.634312
6.769509,30.634312
6.789467,30.634312
6.809482,30.634311
6.829255,30.634311
6.849363,30.634310
6.869293,30.634310
6.889244,30.634309
6.909317,30.634309
6.929245,30.634308
6.949379,30.634308
6.969317,30.634308
6.989225,30.634307
7.009353,30.634307
7.029201,30.634306
7.049167,30.634306
7.069102,30.634305
7.089036,30.634305
7.110032,30.634305
7.129205,30.634304
7.150126,30.634304
7.169145,30.634303
7.189236,30.634303
7.210115,30.634302
7.230186,30.634302
7.250084,30.634301
7.270282,30.634301
7.290067,30.634300
7.309940,30.634300
7.330111,30.634300
7.350321,30.634299
7.370084,30.634299
7.389962,30.634298
7.409865,30.634298
7.429971,30.634298
7.450109,30.634297
7.470113,30.634297
7.490043,30.634296
7.510035,30.634296
7.529921,30.634295
7.549891,30.634295
7.569878,30.634295
7.590120,30.634294
7.609871,30.634294
7.629879,30.634294
7.649936,30.634293
7.669778,30.634293
7.690018,30.634292
7.709947,30.634292
7.729965,30.634292
7.749988,30.634291
7.769968,30.634291
7.789896,30.634290
7.810103,30.634290
7.829781,30.634290
7.849744,30.634289
7.869807,30.634289
7.889721,30.634288
7.909949,30.634288
7.929706,30.634288
7.949762,30.634287
7.969732,30.634287
7.989696,30.634287
8.009731,30.634286
8.030740,30.634286
8.050719,30.634286
8.069609,30.634285
8.089688,30.634285
8.109710,30.634284
8.129904,30.634284
8.149567,30.634284
8.169550,30.634283
8.189637,30.634283
8.209656,30.634283
8.229562,30.634282
8.249551,30.634282
8.269572,30.634282
8.289498,30.634281
8.309501,30.634281
8.329699,30.634280
8.349440,30.634280
8.369403,30.634280
8.389630,30.634279
8.409451,30.634279
8.429574,30.634279
8.449461,30.634278
8.469368,30.634278
8.489518,30.634278
8.509318,30.634277
8.529245,30.634277
8.549525,30.634277
8.569507,30.634276
8.589342,30.634276
8.609316,30.634276
8.629396,30.634275
8.649311,30.634275
8.669346,30.634275
8.689364,30.634274
8.709427,30.634274
8.729669,30.634274
8.749244,30.634273
8.769208,30.634273
8.789344,30.634273
8.809334,30.634273
8.829182,30.634272
8.849663,30.634272
8.869340,30.634272
8.889146,30.634271
8.909163,30.634271
8.930335,30.634271
8.949686,30.634270
8.970356,30.634270
8.990256,30.634270
9.010008,30.634270
9.030155,30.634269
9.050184,30.634269
9.070059,30.634269
9.089987,30.634269
9.110029,30.634268
9.130011,30.634268
9.150043,30.634268
9.170208,30.634267
9.190298,30.634267
9.210057,30.634267
9.229851,30.634267
9.250304,30.634266
9.269912,30.634266
9.290100,30.634266
9.309894,30.634266
9.329875,30.634265
9.349856,30.634265
9.369949,30.634265
9.390025,30.634264
9.409827,30.634264
9.429892,30.634264
9.450259,30.634264
9.469906,30.634263
9.489873,30.634263
9.510089,30.634263
9.529721,30.634263
9.549931,30.634262
9.569888,30.634262
9.590089,30.634262
9.609708,30.634261
9.629697,30.634261
9.651727,30.634261
9.670341,30.634261
9.689592,30.634261
9.709823,30.634260
9.729794,30.634260
9.749583,30.634260
9.769716,30.634260
9.790689,30.634259
9.811042,30.634259
9.829751,30.634259
9.849661,30.634259
9.869534,30.634258
9.889460,30.634258
9.909602,30.634258
9.929466,30.634258
9.949364,30.634257
9.969523,30.634257
9.989818,30.634257
10.009592,30.634257
10.029612,30.634257
10.049436,30.634256
10.069497,30.634256
10.089471,30.634256
10.109325,30.634256
10.129515,30.634256
10.149394,30.634255
10.169328,30.634255
10.189280,30.634255
10.209424,30.634255
10.229450,30.634254
10.249744,30.634254
10.269361,30.634254
10.289512,30.634254
10.309318,30.634254
10.329370,30.634253
10.349240,30.634253
10.369188,30.634253
10.389260,30.634253
10.409246,30.634253
10.429294,30.634253
10.449331,30.634252
10.469188,30.634252
10.490252,30.634252
10.509356,30.634252
10.530135,30.634252
10.549272,30.634252
10.570139,30.634251
10.590196,30.634251
10.610190,30.634251
10.630248,30.634251
10.650168,30.634251
10.670064,30.634250
10.690002,30.634250
10.709983,30.634250
10.730369,30.634250
10.750154,30.634250
10.769984,30.634250
10.790145,30.634250
10.809933,30.634249
10.830113,30.634249
10.850030,30.634249
10.870002,30.634249
10.889882,30.634249
10.909939,30.634249
10.929825,30.634249
10.949771,30.634248
10.969814,30.634248
10.989788,30.634248
11.009821,30.634248
11.029994,30.634248
11.049753,30.634248
11.069929,30.634248
11.089946,30.634248
11.110727,30.634247
11.129755,30.634247
11.149664,30.634247
11.169713,30.634247
11.189603,30.634247
11.209849,30.634247
11.229673,30.634247
11.250350,30.634247
11.270167,30.634247
11.290097,30.634246
11.309662,30.634246
11.329870,30.634246
11.349765,30.634246
11.369501,30.634246
11.389476,30.634246
11.409550,30.634246
11.429761,30.634246
11.449598,30.634246
11.470112,30.634246
11.490239,30.634246
11.510921,30.634246
11.529892,30.634246
11.549455,30.634246
11.569725,30.634245
11.589421,30.634245
11.610317,30.634245
11.630737,30.634245
11.649752,30.634245
11.669413,30.634245
11.689391,30.634245
11.709355,30.634245
11.729579,30.634245
11.749533,30.634245
11.769450,30.634245
11.789345,30.634244
11.809512,30.634244
11.829443,30.634244
11.849392,30.634244
11.869490,30.634244
11.889244,30.634244
11.909243,30.634244
11.930190,30.634244
11.950297,30.634244
11.969333,30.634244
11.990171,30.634244
12.009281,30.634244
12.029440,30.634244
12.049163,30.634244
12.069448,30.634244
12.090248,30.634244
12.109415,30.634243
12.130172,30.634243
12.150046,30.634243
12.170184,30.634243
12.190171,30.634243
12.210092,30.634243
12.230276,30.634243
12.250129,30.634243
12.270294,30.634243
12.290071,30.634243
12.310046,30.634243
12.330232,30.634243
12.350046,30.634243
12.370085,30.634243
12.390543,30.634243
12.409986,30.634243
12.430012,30.634243
12.450150,30.634243
12.469932,30.634242
12.490083,30.634242
12.510239,30.634242
