0.386336,0.500000
0.520059,0.500000
0.552608,0.500000
0.586983,0.500000
0.621397,0.500000
0.753104,0.500000
0.787564,0.500000
0.819885,0.500000
0.852502,0.500000
1.122028,0.500000
1.152348,0.500000
1.422852,0.500000
1.592911,0.500000
1.625236,0.500000
1.657773,0.500000
1.723565,0.500000
1.791389,0.500000
1.823809,0.500000
1.856266,0.500000
2.056997,0.500000
2.093271,0.500000
2.125756,0.500000
2.356907,0.500000
2.391471,0.500000
2.490820,0.500000
2.557512,0.500000
2.592049,0.500000
2.691298,0.500000
2.790407,0.500000
3.055922,0.500000
3.123438,0.500000
3.288904,0.500000
3.355920,0.500000
3.386060,0.500000
3.422638,0.500000
3.455111,0.500000
3.523031,0.500000
3.621221,0.500000
3.689155,0.500000
3.755106,0.500000
3.821902,0.500000
3.923067,0.500000
3.988053,0.500000
4.122319,0.500000
4.156363,0.500000
4.188600,0.500000
4.288145,0.500000
4.488783,0.500000
4.622402,0.500000
4.723624,0.500000
4.887879,0.500000
4.922251,0.500000
5.056228,0.500000
5.088447,0.500000
5.122897,0.500000
5.191893,0.500000
5.225309,0.500000
5.325601,0.500000
5.593048,0.500000
5.625525,0.500000
5.727823,0.500000
5.764272,0.500000
5.891110,0.500000
5.959919,0.500000
5.992389,0.500000
6.059325,0.500000
6.127094,0.500000
6.229403,0.500000
6.326536,0.500000
6.360928,0.500000
6.392561,0.500000
6.459303,0.500000
6.491980,0.500000
6.525126,0.500000
6.659830,0.500000
6.722738,0.500000
6.792731,0.500000
6.892026,0.500000
7.157645,0.500000
7.358187,0.500000
7.524297,0.500000
7.558798,0.500000
7.624702,0.500000
7.659114,0.500000
7.793751,0.500000
7.958063,0.500000
8.059294,0.500000
8.091707,0.500000
8.124081,0.500000
8.459519,0.500000
8.559739,0.500000
8.592331,0.500000
8.659102,0.500000
8.861821,0.500000
8.996556,0.500000
9.026970,0.500000
9.062276,0.500000
9.096869,0.500000
9.129198,0.500000
9.163617,0.500000
9.368324,0.500000
9.396670,0.500000
9.429077,0.500000
9.463561,0.500000
9.564967,0.500000
9.830422,0.500000
9.867150,0.500000
9.899357,0.500000
9.928729,0.500000
10.130371,0.500000
10.197277,0.500000
10.230782,0.500000
10.363382,0.500000
10.462704,0.500000
10.529760,0.500000
10.562012,0.500000
10.629238,0.500000
10.861913,0.500000
10.896410,0.500000
