0.141346,30.634810
0.161345,30.634810
0.181391,30.634810
0.201644,30.634810
0.221323,30.634810
0.241301,30.634810
0.261308,30.634810
0.281272,30.634810
0.301265,30.634810
0.321263,30.634810
0.341295,30.634810
0.361302,30.634810
0.381335,30.634810
0.401235,30.634810
0.422688,30.634810
0.442020,30.634810
0.461385,30.634810
0.481166,30.634810
0.501122,30.634810
0.521292,30.634810
0.541151,30.634810
0.561094,30.634810
0.581105,30.634810
0.601312,30.634810
0.621108,30.634810
0.641095,30.634810
0.661109,30.634810
0.682021,30.634810
0.701017,30.634810
0.720970,30.634810
0.741022,30.634810
0.761003,30.634810
0.782066,30.634810
0.800929,30.634810
0.822251,30.634810
0.842071,30.634810
0.861955,30.634810
0.882097,30.634810
0.901946,30.634810
0.921918,30.634810
0.941880,30.634810
0.961877,30.634810
0.982003,30.634810
1.001822,30.634810
1.021861,30.634810
1.041861,30.634810
1.061834,30.634810
1.081800,30.634810
1.101812,30.634810
1.121989,30.634810
1.141920,30.634810
1.161843,30.634810
1.181718,30.634810
1.201778,30.634810
1.221756,30.634810
1.241694,30.634810
1.261647,30.634810
1.281644,30.634810
1.301685,30.634810
1.322515,30.634810
1.341996,30.634810
1.361750,30.634810
1.381678,30.634810
1.401605,30.634810
1.421874,30.634810
1.441696,30.634810
1.461787,30.634810
1.481760,30.634810
1.501920,30.634810
1.521808,30.634810
1.541508,30.634810
1.561568,30.634810
1.581501,30.634810
1.601578,30.634810
1.621552,30.634810
1.641488,30.634810
1.661433,30.634810
1.681643,30.634810
1.701479,30.634810
1.721400,30.634810
1.741385,30.634810
1.761409,30.634810
1.781403,30.634810
1.801485,30.634810
1.821394,30.634810
1.841346,30.634810
1.861334,30.634810
1.881365,30.634809
1.901500,30.634809
1.921385,30.634809
1.941300,30.634809
1.961298,30.634809
1.981289,30.634809
2.001222,30.634809
2.021292,30.634809
2.041276,30.634809
2.061232,30.634809
2.081259,30.634809
2.101278,30.634809
2.121325,30.634809
2.141283,30.634809
2.161244,30.634809
2.181340,30.634809
2.201270,30.634808
2.221171,30.634808
2.241139,30.634808
2.261202,30.634808
2.281312,30.634808
2.301139,30.634808
2.321119,30.634808
2.341139,30.634808
2.361203,30.634808
2.381112,30.634808
2.401111,30.634807
2.421023,30.634807
2.441101,30.634807
2.461030,30.634807
2.480984,30.634807
2.502050,30.634807
2.520988,30.634807
2.540987,30.634807
2.561100,30.634807
2.582004,30.634806
2.601998,30.634806
2.622082,30.634806
2.641948,30.634806
2.662034,30.634806
2.681958,30.634806
2.701961,30.634806
2.721946,30.634806
2.741880,30.634805
2.761927,30.634805
2.781862,30.634805
2.801847,30.634805
2.821871,30.634805
2.841913,30.634805
2.861810,30.634805
2.881779,30.634805
2.901782,30.634804
2.921898,30.634804
2.941971,30.634804
2.961729,30.634804
2.982432,30.634804
3.002767,30.634804
3.021874,30.634803
3.041709,30.634803
3.061724,30.634803
3.081761,30.634803
3.101666,30.634803
3.122736,30.634803
3.142072,30.634802
3.161648,30.634802
3.181649,30.634802
3.201643,30.634802
3.221622,30.634802
3.241616,30.634802
3.261741,30.634801
3.281560,30.634801
3.301579,30.634801
3.321614,30.634801
3.341611,30.634801
3.361591,30.634800
3.381604,30.634800
3.401780,30.634800
3.421516,30.634800
3.441474,30.634799
3.461509,30.634799
3.481476,30.634799
3.501591,30.634799
3.521444,30.634799
3.541434,30.634798
3.561504,30.634798
3.581447,30.634798
3.601493,30.634798
3.621414,30.634798
3.641374,30.634798
3.661483,30.634797
3.681374,30.634797
3.701373,30.634797
3.721379,30.634797
3.741364,30.634796
3.761279,30.634796
3.781393,30.634796
3.801389,30.634796
3.821289,30.634795
3.841293,30.634795
3.861273,30.634795
3.881193,30.634795
3.901251,30.634794
3.921260,30.634794
3.941174,30.634794
3.961193,30.634794
3.981270,30.634794
4.001178,30.634793
4.021134,30.634793
4.042303,30.634793
4.062219,30.634793
4.081249,30.634792
4.101149,30.634792
4.121104,30.634792
4.141109,30.634792
4.161003,30.634791
4.181029,30.634791
4.201046,30.634791
4.221058,30.634790
4.240982,30.634790
4.261990,30.634790
4.281036,30.634790
4.301939,30.634789
4.321995,30.634789
4.341972,30.634789
4.362260,30.634788
4.382021,30.634788
4.402063,30.634788
4.423291,30.634788
4.442243,30.634787
4.461856,30.634787
4.481891,30.634787
4.501869,30.634786
4.522044,30.634786
4.541890,30.634786
4.561825,30.634786
4.581802,30.634785
4.601838,30.634785
4.621966,30.634784
4.641853,30.634784
4.661787,30.634784
4.681939,30.634783
4.701764,30.634783
4.721825,30.634783
4.742012,30.634783
4.761723,30.634782
4.781742,30.634782
4.801779,30.634782
4.821695,30.634781
4.842539,30.634781
4.861953,30.634781
4.881703,30.634780
4.901652,30.634780
4.921720,30.634780
4.941582,30.634779
4.961602,30.634779
4.981671,30.634779
5.001689,30.634778
5.021830,30.634778
5.041595,30.634778
5.061553,30.634778
5.081677,30.634777
5.101655,30.634777
5.121477,30.634777
5.141554,30.634776
5.161698,30.634776
5.181500,30.634775
5.201541,30.634775
5.221420,30.634775
5.241462,30.634774
5.261421,30.634774
5.281437,30.634774
5.301514,30.634773
5.321536,30.634773
5.341365,30.634772
5.361371,30.634772
5.381326,30.634772
5.401349,30.634771
5.421451,30.634771
5.441387,30.634771
5.461520,30.634770
5.481380,30.634770
5.501379,30.634770
5.521375,30.634769
5.541329,30.634769
5.561223,30.634769
5.581245,30.634768
5.601244,30.634768
5.621227,30.634767
5.641436,30.634767
5.661166,30.634767
5.681345,30.634766
5.701162,30.634766
5.721256,30.634765
5.741230,30.634765
5.761164,30.634765
5.781101,30.634764
5.801115,30.634764
5.821141,30.634763
5.841196,30.634763
5.861077,30.634762
5.882127,30.634762
5.901211,30.634762
5.921093,30.634761
5.941088,30.634761
5.961215,30.634760
5.982039,30.634760
6.001195,30.634760
6.020972,30.634759
6.040995,30.634758
6.061990,30.634758
6.081941,30.634758
6.102095,30.634757
6.122114,30.634757
6.142047,30.634756
6.161999,30.634756
6.181937,30.634756
6.201928,30.634755
6.222464,30.634755
6.241812,30.634754
6.261856,30.634754
6.281907,30.634753
6.301769,30.634753
6.321972,30.634752
6.341823,30.634752
6.361815,30.634752
6.381782,30.634751
6.402037,30.634751
6.421746,30.634751
6.441771,30.634750
6.461734,30.634750
6.481742,30.634749
6.501717,30.634749
6.522094,30.634748
6.541874,30.634748
6.561653,30.634748
6.581667,30.634747
6.601872,30.634747
6.621638,30.634746
6.641824,30.634746
6.661615,30.634745
6.681621,30.634745
6.701662,30.634744
6.721604,30.634744
6.741633,30.634744
6.761823,30.634743
6.781529,30.634743
6.801559,30.634742
6.821573,30.634741
6.841508,30.634741
6.861551,30.634740
6.881505,30.634740
6.901537,30.634740
6.921794,30.634739
6.941483,30.634739
6.961475,30.634738
6.982272,30.634738
7.002268,30.634737
7.021749,30.634737
7.041517,30.634736
7.061420,30.634736
7.082109,30.634736
7.101573,30.634735
7.121373,30.634735
7.141385,30.634734
7.161390,30.634734
7.181385,30.634733
7.201592,30.634733
7.221316,30.634733
7.241631,30.634732
7.261298,30.634732
7.281397,30.634731
7.301273,30.634731
7.321228,30.634730
7.341238,30.634730
7.361227,30.634729
7.381371,30.634729
7.401177,30.634728
7.421268,30.634728
7.441171,30.634728
7.461206,30.634727
7.481138,30.634727
7.501177,30.634726
7.521095,30.634726
7.542431,30.634725
7.561163,30.634725
7.582158,30.634724
7.601133,30.634724
7.621101,30.634723
7.642307,30.634723
7.662167,30.634722
7.681202,30.634722
7.702232,30.634721
7.721537,30.634721
7.741333,30.634720
7.761235,30.634720
7.780988,30.634719
7.802081,30.634719
7.822097,30.634718
7.842131,30.634718
7.861972,30.634717
7.882078,30.634717
7.901976,30.634716
7.922154,30.634716
7.941978,30.634715
7.962129,30.634715
7.981931,30.634714
8.002018,30.634714
8.021904,30.634713
8.042103,30.634713
8.061827,30.634712
8.081807,30.634712
8.101815,30.634711
8.121773,30.634711
8.141801,30.634710
8.161801,30.634710
8.181918,30.634709
8.201865,30.634709
8.221947,30.634708
8.241727,30.634708
8.261719,30.634707
8.281680,30.634707
8.301765,30.634706
8.321673,30.634706
8.341728,30.634705
8.361702,30.634705
8.381678,30.634704
8.401626,30.634703
8.421611,30.634703
8.441615,30.634702
8.461577,30.634702
8.481538,30.634701
8.501613,30.634701
8.521809,30.634700
8.541525,30.634700
8.561562,30.634699
8.581470,30.634699
8.601509,30.634698
8.621711,30.634698
8.641571,30.634697
8.661491,30.634697
8.681500,30.634696
8.701400,30.634696
8.721463,30.634695
8.741370,30.634695
8.761417,30.634694
8.781396,30.634694
8.801512,30.634693
8.821437,30.634693
8.841695,30.634692
8.861417,30.634692
8.881311,30.634691
8.902266,30.634691
8.921393,30.634690
8.941398,30.634690
8.961305,30.634689
8.981225,30.634689
9.001248,30.634688
9.021390,30.634687
9.041275,30.634687
9.061214,30.634686
9.081213,30.634686
9.101157,30.634685
9.121395,30.634685
9.141621,30.634684
9.161234,30.634684
9.181113,30.634683
9.201154,30.634683
9.221324,30.634682
9.241121,30.634682
9.262103,30.634681
9.281156,30.634680
9.302121,30.634680
9.321114,30.634679
9.341117,30.634679
9.362044,30.634678
9.381141,30.634678
9.402108,30.634677
9.422459,30.634677
9.442043,30.634676
9.461983,30.634676
9.482092,30.634675
9.502138,30.634675
9.522037,30.634674
9.541984,30.634674
9.561961,30.634673
9.581965,30.634672
9.601952,30.634672
9.622092,30.634671
9.642046,30.634671
9.661890,30.634670
9.681865,30.634670
9.701924,30.634669
9.722101,30.634669
9.741815,30.634668
9.761804,30.634667
9.781831,30.634667
9.801848,30.634666
9.821788,30.634666
9.841748,30.634665
9.861723,30.634665
9.881708,30.634664
9.901760,30.634664
9.921946,30.634663
9.941692,30.634663
9.961810,30.634662
9.981689,30.634662
10.001694,30.634661
10.021901,30.634660
10.041656,30.634660
10.062594,30.634659
10.081915,30.634659
10.101844,30.634658
10.121725,30.634658
10.141799,30.634657
10.161741,30.634656
10.181540,30.634656
10.201543,30.634656
10.221622,30.634655
10.241512,30.634655
10.261595,30.634654
10.281524,30.634653
10.301574,30.634653
10.321518,30.634652
10.341511,30.634652
10.361546,30.634651
10.381476,30.634651
10.401518,30.634650
10.421552,30.634649
10.441540,30.634649
10.461432,30.634648
10.481517,30.634648
10.501451,30.634647
10.521420,30.634647
10.541435,30.634646
10.561416,30.634645
10.581521,30.634645
10.601424,30.634644
10.621328,30.634644
10.641356,30.634643
10.661574,30.634643
10.681352,30.634642
10.701352,30.634642
10.721386,30.634641
10.741354,30.634640
10.761481,30.634640
10.781259,30.634639
10.801337,30.634639
10.822097,30.634638
10.841517,30.634637
10.861283,30.634637
10.881258,30.634636
10.901311,30.634636
10.921963,30.634635
10.941312,30.634635
10.961228,30.634634
10.981110,30.634634
