0.141336,-0.727950
0.161306,-0.436687
0.181324,0.062105
0.201627,0.999193
0.221301,1.466595
0.241261,0.598511
0.261292,0.151546
0.281235,-0.466310
0.301250,-0.457369
0.321246,1.010219
0.341290,1.105002
0.361248,0.934522
0.381207,0.430921
0.401227,-0.391761
0.422699,-0.628623
0.442006,0.627686
0.461363,0.922686
0.481138,1.397660
0.501113,0.513695
0.521275,-0.317344
0.541076,-0.576131
0.561084,-0.183359
0.581093,0.805979
0.601300,1.246846
0.621091,0.744644
0.641068,0.174959
0.661065,-0.225224
0.681993,-0.479821
0.701009,0.509237
0.720937,0.696159
0.741011,0.789880
0.760999,0.197970
0.782056,-0.444569
0.800908,0.092141
0.822245,0.809930
0.842060,1.365551
0.861945,1.220994
0.881868,0.312084
0.901941,-0.510797
0.921907,-0.645978
0.941876,0.105570
0.961862,0.495567
0.981986,1.526533
1.001813,1.008582
1.021818,0.187133
1.041828,-0.017391
1.061802,-0.125474
1.081781,-0.249142
1.101734,-0.149495
1.121977,-0.044499
1.141908,0.863979
1.161783,1.839297
1.181702,0.539967
1.201766,-0.388714
1.221699,0.804030
1.241681,1.168920
1.261638,-0.344287
1.281623,-0.361368
1.301643,1.013374
1.322520,-0.827955
1.341943,1.014304
1.361737,1.260718
1.381610,-0.532426
1.401595,1.317608
1.421867,-0.320008
1.441664,-0.002767
1.461667,0.922277
1.481725,-0.577240
1.501904,1.074102
1.521809,0.392035
1.541486,1.229945
1.561475,0.240449
1.581472,0.808343
1.601533,1.066773
1.621545,0.350008
1.641483,0.198077
1.661400,0.137814
1.681423,0.120350
1.701465,-0.285734
1.721370,0.198951
1.741377,1.093297
1.761406,0.743708
1.781366,0.344976
1.801466,-0.573655
1.821380,1.137723
1.841314,0.858261
1.861305,1.078600
1.881320,-0.274764
1.901497,-0.779833
1.921291,0.769188
1.941288,0.300879
1.961576,1.043459
1.981226,-0.043371
2.001215,-1.011374
2.021282,0.576607
2.041272,0.837607
2.061227,0.661117
2.081221,0.514010
2.101245,0.261059
2.121315,0.000138
2.141197,0.477602
2.161224,1.220365
2.181328,0.110018
2.201267,0.605649
2.221160,0.355711
2.241117,-1.181948
2.261191,0.092748
2.281228,0.116531
2.301125,0.929752
2.321103,-0.001812
2.341080,0.604860
2.361089,0.389770
2.381107,-1.123530
2.401048,0.182080
2.421011,0.042534
2.441091,-0.232145
2.460959,-0.278346
2.480968,1.180960
2.502011,-0.528016
2.520945,0.666958
2.540979,1.697595
2.561067,-0.569191
2.582005,0.131084
2.601970,-0.165997
2.621987,2.025670
2.641938,-0.154923
2.662020,0.952834
2.681889,0.596238
2.701951,1.156171
2.721940,0.200163
2.741875,-1.226435
2.761921,-0.732680
2.781853,-0.112350
2.801808,0.417065
2.821859,-0.094521
2.841905,0.930717
2.861792,-0.199585
2.881768,2.046037
2.901772,-1.008390
2.921790,0.640726
2.941731,0.104332
2.961722,0.986250
2.982409,1.209592
3.002746,0.726010
3.021868,1.161888
3.041670,0.902485
3.061715,1.152003
3.081751,1.554163
3.101590,1.552549
3.122640,0.569356
3.142080,1.725056
3.161587,0.331540
3.181625,-0.188039
3.201641,0.630245
3.221587,-0.495726
3.241607,0.407325
3.261649,-0.595594
3.281549,0.068237
3.301530,0.094658
3.321600,-0.428853
3.341602,1.296958
3.361584,0.707839
3.381537,0.436831
3.401775,0.285488
3.421507,-0.500940
3.441467,2.888657
3.461441,1.649251
3.481470,-1.906459
3.501430,-0.988889
3.521393,0.447737
3.541433,0.651803
3.561498,1.409055
3.581398,0.901023
3.601447,0.047848
3.621381,-0.258537
3.641366,0.173464
3.661468,1.355417
3.681301,0.073020
3.701367,0.577146
3.721325,0.280400
3.741338,0.949485
3.761274,-0.406179
3.781391,-0.613835
3.801342,0.860757
3.821260,1.437986
3.841215,2.623707
3.861259,1.988680
3.881187,1.869974
3.901192,-1.593468
3.921179,-1.530318
3.941145,2.195421
3.961257,1.567769
3.981270,-1.208005
4.001096,-0.756647
4.021127,-0.341620
4.042274,1.246270
4.062214,1.756998
4.081134,1.702715
4.101071,0.624275
4.121076,-1.194675
4.141069,1.612497
4.161006,2.030946
4.181013,2.245322
4.201034,1.206471
4.221000,2.671789
4.240974,1.488074
4.261934,1.990751
4.281029,0.199117
4.301934,1.325220
4.321914,0.897079
4.341941,0.862344
4.362083,0.035683
4.381888,-0.669130
4.401992,0.123015
4.423254,0.644043
4.442235,-0.071855
4.461850,-0.671405
4.481869,-2.315761
4.501866,0.167757
4.522017,0.147741
4.541831,-0.588589
4.561795,1.437218
4.581795,3.090525
4.601830,2.252266
4.621957,0.894156
4.641793,0.504556
4.661777,-1.151756
4.681933,0.046301
4.701705,0.858529
4.721723,1.723416
4.741687,3.092584
4.761668,0.178582
4.781713,-0.099026
4.801769,-0.326159
4.821690,0.184385
4.842501,2.088457
4.861944,0.513186
4.881663,-0.615042
4.901642,0.682214
4.921708,0.717495
4.941574,1.403263
4.961545,-0.566949
4.981664,0.291471
5.001667,0.607679
5.021832,0.395399
5.041513,1.624302
5.061493,0.597154
5.081667,-1.379319
5.101648,1.029715
5.121469,3.379272
5.141541,0.086633
5.161643,-1.266848
5.181436,1.211282
5.201535,-1.850418
5.221398,0.628469
5.241429,0.001311
5.261418,0.632141
5.281422,1.679464
5.301514,1.243272
5.321521,-2.162544
5.341335,0.760390
5.361366,1.410468
5.381293,1.051788
5.401316,-0.462582
5.421324,0.302083
5.441298,-0.077867
5.461323,2.364276
5.481381,1.775683
5.501382,1.653232
5.521377,0.526168
5.541318,-0.941920
5.561215,1.021226
5.581178,1.524267
5.601234,-0.372341
5.621222,-2.810081
5.641326,1.013370
5.661139,0.475909
5.681340,-0.421316
5.701145,0.288246
5.721250,1.946805
5.741219,1.146398
5.761154,1.197117
5.781096,1.017614
5.801108,-0.765737
5.821131,1.748455
5.841172,-0.828615
5.861072,0.783139
5.882100,0.340001
5.901206,1.389179
5.921086,0.145172
5.941079,0.032085
5.961232,0.526774
5.982033,0.332823
6.001186,-0.901860
6.020962,0.186935
6.040949,-0.062522
6.061979,0.429996
6.081916,-0.251621
6.102071,2.001764
6.122096,1.050841
6.142015,0.125721
6.161901,1.003705
6.181931,-0.510580
6.201905,1.283804
6.221885,1.422049
6.241807,2.254440
6.261817,-1.471268
6.281902,0.952572
6.301763,-0.674165
6.321963,0.707906
6.341807,-0.298186
6.361804,0.059192
6.381772,-1.411720
6.402031,-1.222806
6.421713,1.772566
6.441766,0.272929
6.461726,0.677548
6.481730,0.418381
6.501648,-0.262562
6.521713,1.269648
6.541867,-0.350023
6.561646,0.650083
6.581647,-0.336132
6.601835,-0.729479
6.621636,0.686599
6.641818,0.274491
6.661599,1.671884
6.681592,2.647935
6.701586,0.795833
6.721521,1.879979
6.741594,1.863220
6.761527,0.944404
6.781519,-1.358051
6.801553,1.408318
6.821542,0.142303
6.841502,1.239939
6.861544,-0.189866
6.881470,0.365883
6.901527,-0.859003
6.921785,1.062129
6.941483,0.325619
6.961468,-0.615415
6.982256,-0.651889
7.002251,2.571760
7.021509,-0.190289
7.041516,2.654285
7.061410,0.668819
7.081992,0.478015
7.101526,1.466068
7.121333,0.569597
7.141322,0.475318
7.161352,0.072337
7.181296,0.251196
7.201594,-0.172257
7.221310,2.354730
7.241624,1.853317
7.261290,2.574946
7.281312,-1.198311
7.301259,-0.245245
7.321221,0.182340
7.341229,1.904378
7.361220,0.703074
7.381365,0.912976
7.401165,-1.030296
7.421257,2.660463
7.441154,1.512996
7.461164,0.534940
7.481096,-0.757309
7.501163,-0.661250
7.521066,-0.689387
7.542116,-1.531908
7.561159,-0.997409
7.582101,0.412259
7.601125,0.703817
7.621086,2.080899
7.642301,-3.997318
7.662159,2.372968
7.681113,-0.233396
7.702224,-1.478598
7.721518,4.711061
7.741322,1.733113
7.761229,2.065230
7.780981,1.118415
7.802058,2.503122
7.822077,0.187252
7.841963,-0.509932
7.861965,-0.478281
7.882071,1.038765
7.901965,0.222039
7.922139,-0.382282
7.941921,0.660619
7.962102,-0.619063
7.981873,-1.090002
8.001921,0.494015
8.021894,-2.182004
8.042022,-0.537402
8.061813,-0.176507
8.081786,1.967603
8.101811,-1.919496
8.121767,-1.045759
8.141762,0.046255
8.161727,-1.118264
8.181886,0.339644
8.201819,-1.702435
8.221937,1.809760
8.241705,0.952797
8.261658,2.186240
8.281666,4.045102
8.301695,1.382012
8.321646,2.437575
8.341624,-0.405238
8.361694,0.342006
8.381657,2.306316
8.401621,0.483326
8.421577,-2.625628
8.441557,-1.133783
8.461543,0.274699
8.481512,3.363905
8.501607,-0.088466
8.521794,-2.028028
8.541510,-2.874099
8.561556,-5.647307
8.581463,3.320421
8.601487,-0.634256
8.621705,-1.041125
8.641562,-1.990938
8.661482,0.576539
8.681428,1.301163
8.701392,0.072556
8.721361,1.975611
8.741359,0.928571
8.761411,0.707110
8.781307,0.944266
8.801490,0.330127
8.821429,-0.494015
8.841664,1.051043
8.861411,-2.851973
8.881305,0.108172
8.902170,0.942210
8.921360,-0.623894
8.941376,-1.906145
8.961296,-2.961133
8.981210,1.591529
9.001241,4.521810
9.021384,-0.986163
9.041193,-0.052269
9.061190,1.696332
9.081207,0.126727
9.101149,-0.980809
9.121389,0.316260
9.141597,2.825732
9.161211,-0.539880
9.181105,-3.727572
9.201138,-0.485530
9.221083,0.347759
9.241109,1.478451
9.262076,1.398452
9.281151,0.249397
9.302095,2.834388
9.321107,0.807757
9.341110,-7.181052
9.362019,-1.987827
9.381060,7.319230
9.402030,-2.575591
9.422432,-3.274797
9.442006,3.369895
9.461976,-2.948148
9.482054,-0.108552
9.502115,0.983349
9.522030,-3.744765
9.541928,-0.483264
9.561929,1.449505
9.581928,-6.503743
9.601912,5.340401
9.622079,2.275537
9.642039,0.853364
9.661852,-2.492637
9.681853,-0.777981
9.701903,8.041158
9.721833,1.380649
9.741807,-5.223038
9.761791,-2.919509
9.781819,-1.651312
9.801852,-0.539837
9.821758,-2.583035
9.841740,-0.802694
9.861655,3.125475
9.881701,-0.487052
9.901717,-4.450068
9.921899,0.753875
9.941683,-0.964777
9.961801,-1.826501
9.981678,-3.140415
10.001688,1.991367
10.021893,3.344853
10.041651,2.484557
10.062573,-2.391554
10.081851,-3.617807
10.101837,-0.467368
10.121717,-2.176220
10.141616,2.963351
10.161723,5.125428
10.181509,-1.254943
10.201539,2.862020
10.221582,0.383535
10.241497,1.847480
10.261542,-2.887099
10.281512,0.381231
10.301525,-2.041368
10.321477,-2.504846
10.341459,-1.121503
10.361533,-1.750134
10.381470,0.618911
10.401464,0.558121
10.421546,4.820988
10.441534,-1.537047
10.461418,2.647511
10.481509,-3.333226
10.501438,-1.608872
10.521415,-2.522739
10.541424,3.534140
10.561342,-0.746384
10.581367,2.060638
10.601338,-1.613373
10.621322,-0.318791
10.641326,-7.542657
10.661296,-4.861780
10.681261,2.081525
10.701313,3.798750
10.721299,2.938641
10.741346,0.136687
10.761387,0.071887
10.781238,-1.990442
10.801257,4.178793
10.821881,-1.826989
10.841507,1.266930
10.861276,0.772416
10.881224,0.504766
10.901305,-2.691493
10.921864,-2.847788
10.941305,1.780564
10.961138,-4.561571
10.981100,2.314718
