0.225552,-96.478763
0.245509,-96.478763
0.265457,-96.478763
0.285574,-96.478763
0.305592,-96.478763
0.325584,-96.478763
0.345513,-96.478763
0.365643,-96.478763
0.385428,-96.478763
0.405471,-96.478763
0.425398,-96.478763
0.445409,-96.478763
0.465484,-96.478763
0.485474,-96.478763
0.505363,-96.478763
0.525327,-96.478763
0.545338,-96.478763
0.565306,-96.478763
0.585352,-96.478763
0.605362,-96.478763
0.625247,-96.478763
0.645266,-96.478763
0.665230,-96.478763
0.685323,-96.478763
0.705168,-96.478763
0.725238,-96.478762
0.745303,-96.478762
0.765337,-96.478762
0.785159,-96.478762
0.805282,-96.478762
0.825111,-96.478762
0.845102,-96.478762
0.866105,-96.478762
0.885137,-96.478762
0.906080,-96.478762
0.926098,-96.478762
0.946133,-96.478762
0.966038,-96.478762
0.986122,-96.478762
1.006083,-96.478762
1.026013,-96.478762
1.046094,-96.478762
1.066031,-96.478762
1.086081,-96.478762
1.106057,-96.478762
1.126085,-96.478762
1.145987,-96.478762
1.165921,-96.478762
1.185995,-96.478762
1.205991,-96.478762
1.225971,-96.478762
1.245885,-96.478762
1.265927,-96.478762
1.285930,-96.478762
1.305966,-96.478762
1.325857,-96.478762
1.345936,-96.478762
1.365985,-96.478762
1.385829,-96.478762
1.405825,-96.478762
1.425802,-96.478762
1.445863,-96.478762
1.465693,-96.478762
1.485725,-96.478762
1.505727,-96.478762
1.525798,-96.478762
1.545706,-96.478762
1.566228,-96.478762
1.586259,-96.478762
1.605832,-96.478762
1.625813,-96.478762
1.645658,-96.478762
1.665599,-96.478762
1.685598,-96.478762
1.705649,-96.478762
1.725642,-96.478762
1.745686,-96.478762
1.765849,-96.478762
1.785608,-96.478762
1.805552,-96.478762
1.825536,-96.478762
1.845486,-96.478762
1.866299,-96.478762
1.886029,-96.478762
1.905619,-96.478762
1.925427,-96.478762
1.945550,-96.478762
1.965527,-96.478762
1.985854,-96.478762
2.005462,-96.478762
2.025377,-96.478762
2.045396,-96.478762
2.065387,-96.478762
2.085599,-96.478762
2.105408,-96.478762
2.125452,-96.478762
2.145338,-96.478762
2.165301,-96.478762
2.185263,-96.478762
2.205348,-96.478762
2.225332,-96.478762
2.245218,-96.478762
2.265259,-96.478762
2.285236,-96.478762
2.305167,-96.478762
2.325353,-96.478762
2.345260,-96.478762
2.365238,-96.478762
2.385209,-96.478762
2.405220,-96.478762
2.425355,-96.478762
2.446180,-96.478762
2.466168,-96.478762
2.485088,-96.478762
2.506230,-96.478762
2.526213,-96.478762
2.545991,-96.478762
2.566219,-96.478762
2.586129,-96.478762
2.606018,-96.478762
2.625955,-96.478762
2.646034,-96.478762
2.666028,-96.478762
2.685966,-96.478762
2.706181,-96.478762
2.726121,-96.478762
2.746042,-96.478762
2.766015,-96.478762
2.786595,-96.478762
2.806548,-96.478762
2.826024,-96.478762
2.845934,-96.478762
2.866015,-96.478762
2.885859,-96.478762
2.905896,-96.478762
2.925842,-96.478762
2.945874,-96.478762
2.965797,-96.478762
2.985796,-96.478762
3.005830,-96.478762
3.025769,-96.478762
3.045866,-96.478762
3.065755,-96.478762
3.085897,-96.478762
3.105716,-96.478762
3.125711,-96.478762
3.145683,-96.478762
3.165831,-96.478762
3.185765,-96.478762
3.205644,-96.478762
3.225765,-96.478762
3.245656,-96.478762
3.265752,-96.478762
3.285591,-96.478762
3.305715,-96.478762
3.325652,-96.478762
3.345619,-96.478762
3.365658,-96.478762
3.385653,-96.478762
3.405638,-96.478762
3.425541,-96.478762
3.445580,-96.478762
3.465480,-96.478762
3.485621,-96.478762
3.505599,-96.478762
3.525540,-96.478762
3.545520,-96.478762
3.565474,-96.478762
3.585526,-96.478762
3.605459,-96.478762
3.625452,-96.478762
3.645403,-96.478762
3.665408,-96.478762
3.685440,-96.478762
3.705476,-96.478762
3.726139,-96.478762
3.745732,-96.478762
3.765314,-96.478762
3.785672,-96.478762
3.805308,-96.478762
3.825446,-96.478762
3.845384,-96.478762
3.865259,-96.478762
3.885342,-96.478762
3.905243,-96.478762
3.925255,-96.478762
3.945257,-96.478762
3.965479,-96.478762
3.985688,-96.478762
4.005272,-96.478762
4.025336,-96.478762
4.045211,-96.478762
4.065125,-96.478762
4.085157,-96.478762
4.105132,-96.478762
4.125200,-96.478762
4.145134,-96.478762
4.166091,-96.478762
4.186159,-96.478762
4.206218,-96.478762
4.226068,-96.478762
4.246132,-96.478762
4.266686,-96.478762
4.286169,-96.478762
4.306048,-96.478762
4.326109,-96.478762
4.346212,-96.478762
4.365990,-96.478762
4.386098,-96.478762
4.406034,-96.478762
4.426048,-96.478762
4.445963,-96.478762
4.466276,-96.478762
4.486672,-96.478762
4.506766,-96.478762
4.526163,-96.478762
4.545914,-96.478762
4.565957,-96.478762
4.585922,-96.478762
4.605879,-96.478762
4.625911,-96.478762
4.645945,-96.478762
4.665965,-96.478762
4.685909,-96.478762
4.705839,-96.478762
4.725956,-96.478762
4.745787,-96.478762
4.765765,-96.478762
4.785844,-96.478762
4.805784,-96.478762
4.825973,-96.478762
4.845736,-96.478762
4.865761,-96.478762
4.885610,-96.478762
4.905695,-96.478762
4.925664,-96.478762
4.946316,-96.478762
4.965782,-96.478762
4.985632,-96.478762
5.005593,-96.478762
5.025696,-96.478762
5.045652,-96.478762
5.065612,-96.478762
5.085562,-96.478762
5.105578,-96.478762
5.125545,-96.478762
5.145499,-96.478762
5.165519,-96.478762
5.185547,-96.478762
5.205568,-96.478762
5.225460,-96.478762
5.245439,-96.478762
5.265603,-96.478762
5.285490,-96.478762
5.305453,-96.478762
5.325507,-96.478762
5.345515,-96.478762
5.365366,-96.478762
5.385404,-96.478762
5.405418,-96.478762
5.425328,-96.478762
5.445298,-96.478762
5.465326,-96.478762
5.485321,-96.478762
5.505263,-96.478762
5.525281,-96.478762
5.545286,-96.478762
5.565204,-96.478762
5.585221,-96.478762
5.605411,-96.478762
5.625255,-96.478762
5.645271,-96.478762
5.665928,-96.478762
5.685771,-96.478762
5.705205,-96.478762
5.725270,-96.478762
5.746156,-96.478762
5.766167,-96.478762
5.785215,-96.478762
5.806084,-96.478762
5.826169,-96.478762
5.846155,-96.478762
5.866137,-96.478762
5.886064,-96.478762
5.906087,-96.478762
5.926116,-96.478762
5.946055,-96.478762
5.966175,-96.478762
5.985992,-96.478762
6.006080,-96.478762
6.025999,-96.478761
6.046007,-96.478761
6.066165,-96.478761
6.086179,-96.478761
6.105884,-96.478761
6.125901,-96.478761
6.146045,-96.478761
6.165890,-96.478761
6.185921,-96.478761
6.205852,-96.478761
6.225816,-96.478761
6.245909,-96.478761
6.265841,-96.478761
6.286170,-96.478761
6.305852,-96.478761
6.325866,-96.478761
6.345825,-96.478761
6.365966,-96.478761
6.385885,-96.478761
6.405827,-96.478761
6.425925,-96.478761
6.445789,-96.478761
6.465811,-96.478761
6.485753,-96.478761
6.505896,-96.478761
6.525779,-96.478761
6.545736,-96.478761
6.565850,-96.478761
6.585728,-96.478761
6.605687,-96.478761
6.625629,-96.478761
6.645775,-96.478761
6.665686,-96.478761
6.685634,-96.478761
6.705628,-96.478761
6.725646,-96.478761
6.745640,-96.478761
6.765712,-96.478761
6.785712,-96.478761
6.805532,-96.478761
6.825588,-96.478761
6.845530,-96.478761
6.865510,-96.478761
6.885650,-96.478761
6.905425,-96.478761
6.925448,-96.478761
6.945543,-96.478761
6.965436,-96.478761
6.986266,-96.478761
7.005959,-96.478761
7.025471,-96.478761
7.045346,-96.478761
7.065403,-96.478761
7.085707,-96.478761
7.105398,-96.478761
7.125367,-96.478761
7.145338,-96.478761
7.165393,-96.478761
7.185279,-96.478761
7.205392,-96.478761
7.225308,-96.478761
7.245302,-96.478761
7.265276,-96.478761
7.285266,-96.478761
7.305265,-96.478761
7.325254,-96.478760
7.345279,-96.478760
7.365335,-96.478760
7.385248,-96.478760
7.405154,-96.478760
7.425263,-96.478760
7.446187,-96.478760
7.466151,-96.478760
7.486145,-96.478760
7.506220,-96.478760
7.526298,-96.478760
7.546220,-96.478760
7.566235,-96.478760
7.586134,-96.478760
7.606236,-96.478760
7.626065,-96.478760
7.646091,-96.478760
7.666230,-96.478760
7.685990,-96.478760
7.706071,-96.478760
7.726046,-96.478760
7.746607,-96.478760
7.766670,-96.478760
7.786042,-96.478760
7.806014,-96.478760
7.825958,-96.478760
7.845931,-96.478760
7.865845,-96.478760
7.885907,-96.478760
7.905834,-96.478760
7.925925,-96.478760
7.945871,-96.478760
7.965846,-96.478760
7.985917,-96.478760
8.005847,-96.478760
8.025911,-96.478760
8.046342,-96.478760
8.066063,-96.478760
8.085813,-96.478760
8.105717,-96.478760
8.125926,-96.478760
8.145821,-96.478760
8.165920,-96.478760
8.185763,-96.478760
8.205800,-96.478760
8.225782,-96.478760
8.245694,-96.478760
8.265716,-96.478760
8.285655,-96.478760
8.305624,-96.478760
8.325678,-96.478760
8.345711,-96.478760
8.365667,-96.478760
8.385608,-96.478760
8.405589,-96.478760
8.425665,-96.478760
8.445595,-96.478760
8.465675,-96.478760
8.485683,-96.478760
8.505595,-96.478760
8.525636,-96.478760
8.545610,-96.478760
8.565478,-96.478760
8.585483,-96.478760
8.605490,-96.478760
8.625522,-96.478760
8.645448,-96.478760
8.665404,-96.478760
8.685586,-96.478760
8.705412,-96.478760
8.725374,-96.478760
8.745483,-96.478760
8.765438,-96.478760
8.785351,-96.478760
8.805343,-96.478760
8.825346,-96.478760
8.845511,-96.478760
8.865328,-96.478760
8.885278,-96.478760
8.905252,-96.478760
8.925285,-96.478760
8.946083,-96.478760
8.965610,-96.478760
8.985248,-96.478760
9.005232,-96.478760
9.025210,-96.478760
9.045171,-96.478760
9.066165,-96.478760
9.085284,-96.478759
9.105154,-96.478759
9.125346,-96.478759
9.146211,-96.478759
9.166172,-96.478759
9.185162,-96.478759
9.206177,-96.478759
9.226121,-96.478759
9.246657,-96.478759
9.266299,-96.478759
9.286088,-96.478759
9.306078,-96.478759
9.325990,-96.478759
9.346522,-96.478759
9.367110,-96.478759
9.386237,-96.478759
9.406030,-96.478759
9.426287,-96.478759
9.446037,-96.478759
9.465897,-96.478759
9.485971,-96.478759
9.505885,-96.478759
9.525846,-96.478759
9.545960,-96.478759
9.565949,-96.478759
9.585923,-96.478759
9.605875,-96.478759
9.625999,-96.478759
9.645902,-96.478759
9.665928,-96.478759
9.685870,-96.478759
9.705878,-96.478759
9.725831,-96.478759
9.745810,-96.478759
9.765900,-96.478759
9.785825,-96.478759
9.806444,-96.478759
9.826055,-96.478759
9.845728,-96.478759
9.865695,-96.478759
9.885832,-96.478759
9.905684,-96.478759
9.925669,-96.478759
9.945835,-96.478759
9.965817,-96.478759
9.985688,-96.478759
10.005645,-96.478759
10.026419,-96.478759
10.046235,-96.478759
10.065747,-96.478759
10.085792,-96.478759
10.105671,-96.478759
10.125578,-96.478759
10.145597,-96.478759
10.165651,-96.478759
10.185596,-96.478759
10.205762,-96.478759
10.225581,-96.478759
10.245581,-96.478759
10.265610,-96.478759
10.285559,-96.478759
10.305583,-96.478759
10.325512,-96.478759
10.345565,-96.478759
10.365544,-96.478759
10.385550,-96.478759
10.405524,-96.478759
10.425390,-96.478759
10.445524,-96.478759
10.465416,-96.478759
10.485415,-96.478759
10.505478,-96.478759
10.525330,-96.478759
10.545421,-96.478759
10.565411,-96.478759
10.585290,-96.478759
10.605308,-96.478759
10.625293,-96.478759
10.645276,-96.478759
10.665252,-96.478759
10.685212,-96.478759
10.705284,-96.478759
10.725407,-96.478759
10.745210,-96.478759
10.766233,-96.478759
10.785209,-96.478759
10.805195,-96.478759
10.825181,-96.478759
10.846278,-96.478759
10.866136,-96.478759
10.886270,-96.478759
10.906272,-96.478759
10.926218,-96.478759
10.946115,-96.478759
10.966120,-96.478759
10.986111,-96.478759
11.006153,-96.478759
11.026182,-96.478759
11.046201,-96.478759
11.066008,-96.478759
11.086047,-96.478759
11.106134,-96.478759
11.126107,-96.478759
11.146105,-96.478759
11.166131,-96.478759
11.186959,-96.478759
11.206091,-96.478759
11.226067,-96.478759
11.245988,-96.478759
11.265961,-96.478759
11.285936,-96.478759
11.305840,-96.478759
11.325976,-96.478759
11.345917,-96.478759
11.365914,-96.478759
11.385855,-96.478759
11.405858,-96.478759
11.425839,-96.478759
11.445836,-96.478759
11.465860,-96.478759
11.485810,-96.478759
11.505821,-96.478759
11.525822,-96.478759
11.545733,-96.478759
11.565787,-96.478759
11.585855,-96.478759
11.605772,-96.478759
11.625748,-96.478759
11.645659,-96.478759
11.665720,-96.478759
11.685872,-96.478759
11.705692,-96.478759
11.725655,-96.478759
11.745653,-96.478759
11.765658,-96.478759
11.785566,-96.478759
11.805503,-96.478759
11.825649,-96.478759
11.845521,-96.478760
11.865528,-96.478760
11.885494,-96.478760
11.905428,-96.478760
11.925440,-96.478760
11.945483,-96.478760
11.965448,-96.478760
11.985852,-96.478760
12.005630,-96.478760
12.025397,-96.478760
12.045507,-96.478760
12.065472,-96.478760
12.085445,-96.478760
12.106264,-96.478760
12.125516,-96.478760
12.145453,-96.478760
12.165404,-96.478760
12.185351,-96.478760
12.205445,-96.478760
12.225401,-96.478760
12.245402,-96.478760
12.265370,-96.478760
12.285420,-96.478760
12.305331,-96.478760
12.325397,-96.478760
12.345433,-96.478760
12.365285,-96.478760
12.385352,-96.478760
12.405245,-96.478760
12.425746,-96.478760
12.445397,-96.478760
12.465273,-96.478760
12.485407,-96.478760
12.505345,-96.478760
12.525181,-96.478760
12.546186,-96.478760
12.566253,-96.478760
12.586620,-96.478760
12.606146,-96.478760
12.626185,-96.478760
12.646188,-96.478760
12.666123,-96.478760
12.686135,-96.478760
12.706244,-96.478760
12.726099,-96.478760
12.746132,-96.478760
12.766080,-96.478760
12.786260,-96.478760
12.806021,-96.478760
12.826001,-96.478760
12.846017,-96.478760
12.866945,-96.478760
12.886373,-96.478760
12.906044,-96.478760
12.926144,-96.478760
12.946034,-96.478760
12.966091,-96.478760
12.986005,-96.478760
13.005986,-96.478760
13.025961,-96.478760
13.045985,-96.478760
13.065861,-96.478760
13.085876,-96.478760
13.105899,-96.478760
13.125878,-96.478760
13.145835,-96.478760
13.165873,-96.478760
13.185844,-96.478760
13.205748,-96.478760
13.225772,-96.478760
13.245739,-96.478761
13.265945,-96.478761
13.285797,-96.478761
13.305851,-96.478761
13.326571,-96.478761
13.345819,-96.478761
13.365708,-96.478761
13.385716,-96.478761
13.405649,-96.478761
13.425700,-96.478761
13.445686,-96.478761
13.465623,-96.478761
13.485616,-96.478761
13.505565,-96.478761
13.525598,-96.478761
13.545554,-96.478761
13.565553,-96.478761
13.585634,-96.478761
13.605653,-96.478761
13.625534,-96.478761
13.646286,-96.478761
13.665570,-96.478761
13.685621,-96.478761
13.705521,-96.478761
13.725562,-96.478761
13.745490,-96.478761
13.765436,-96.478761
13.785457,-96.478761
13.805405,-96.478761
13.825397,-96.478761
13.845507,-96.478761
13.865447,-96.478761
13.885746,-96.478761
13.905450,-96.478761
13.925520,-96.478761
13.945342,-96.478761
13.965420,-96.478761
13.985287,-96.478761
14.005301,-96.478761
14.025375,-96.478761
14.045215,-96.478761
14.065341,-96.478761
14.085747,-96.478761
14.105752,-96.478761
14.125203,-96.478761
14.145849,-96.478761
14.166772,-96.478761
14.185227,-96.478761
14.205207,-96.478761
14.225215,-96.478761
14.246281,-96.478761
14.266154,-96.478761
14.286256,-96.478762
14.306146,-96.478762
14.326162,-96.478762
14.346137,-96.478762
14.366171,-96.478762
14.386173,-96.478762
14.406165,-96.478762
14.426127,-96.478762
14.446056,-96.478762
14.466232,-96.478762
14.486062,-96.478762
14.506000,-96.478762
14.526094,-96.478762
14.545955,-96.478762
14.566087,-96.478762
14.586021,-96.478762
14.606019,-96.478762
14.626045,-96.478762
14.646024,-96.478762
14.666017,-96.478762
14.686009,-96.478762
14.705950,-96.478762
14.725962,-96.478762
14.745884,-96.478762
14.766053,-96.478762
14.785965,-96.478762
14.805992,-96.478762
14.825940,-96.478762
14.845935,-96.478762
14.865881,-96.478762
14.885946,-96.478762
14.905799,-96.478762
14.925729,-96.478762
14.945779,-96.478762
14.965951,-96.478762
14.985821,-96.478762
15.005805,-96.478762
15.025737,-96.478762
15.045893,-96.478762
15.065684,-96.478762
15.085919,-96.478762
15.105714,-96.478762
15.125764,-96.478762
15.145723,-96.478762
15.165735,-96.478762
15.185735,-96.478762
15.205618,-96.478762
15.225635,-96.478762
15.245537,-96.478762
15.265663,-96.478762
15.285636,-96.478762
15.305516,-96.478762
15.325563,-96.478762
15.345599,-96.478762
15.365521,-96.478762
15.385512,-96.478762
15.405523,-96.478762
15.425621,-96.478762
15.445553,-96.478762
15.465550,-96.478762
15.485619,-96.478762
15.505492,-96.478762
15.525519,-96.478762
15.545451,-96.478762
15.565639,-96.478762
15.586694,-96.478762
15.605821,-96.478762
15.625571,-96.478762
15.645496,-96.478762
15.665375,-96.478762
15.685329,-96.478762
15.705405,-96.478762
15.725455,-96.478762
15.745332,-96.478762
15.765333,-96.478762
15.785286,-96.478762
15.805244,-96.478762
15.825238,-96.478762
15.845475,-96.478762
15.866369,-96.478762
15.886355,-96.478762
15.905771,-96.478762
15.926785,-96.478762
15.946355,-96.478761
15.966192,-96.478761
15.986177,-96.478761
16.006176,-96.478761
16.026125,-96.478761
16.046109,-96.478761
16.066132,-96.478761
16.086173,-96.478761
16.106046,-96.478761
16.126167,-96.478761
16.146150,-96.478761
16.166327,-96.478761
16.186022,-96.478761
16.206192,-96.478761
16.225998,-96.478761
16.246032,-96.478761
16.266047,-96.478761
16.286088,-96.478761
16.306041,-96.478761
16.326070,-96.478761
16.346109,-96.478761
16.366084,-96.478761
16.386039,-96.478761
16.406008,-96.478761
16.426002,-96.478761
16.446028,-96.478761
16.465974,-96.478761
16.486008,-96.478761
16.505870,-96.478761
16.525889,-96.478761
16.545922,-96.478761
16.565904,-96.478761
16.585802,-96.478761
16.605879,-96.478761
16.625872,-96.478761
16.645764,-96.478761
16.665852,-96.478761
16.685843,-96.478761
16.705780,-96.478761
16.725843,-96.478761
16.745867,-96.478761
16.765981,-96.478761
16.785961,-96.478761
16.805869,-96.478761
16.825785,-96.478761
16.845754,-96.478761
16.865782,-96.478761
16.885686,-96.478761
16.905870,-96.478761
16.925709,-96.478761
16.945689,-96.478761
16.965627,-96.478761
16.985858,-96.478761
17.005706,-96.478761
17.025774,-96.478761
17.045606,-96.478761
17.065640,-96.478761
17.085630,-96.478761
17.105636,-96.478761
17.125832,-96.478761
17.145601,-96.478761
17.165608,-96.478760
17.185594,-96.478760
17.205502,-96.478760
17.225518,-96.478760
17.245521,-96.478760
17.265528,-96.478760
17.285545,-96.478760
17.305535,-96.478760
17.325577,-96.478760
17.345461,-96.478760
17.365473,-96.478760
17.385519,-96.478760
17.405464,-96.478760
17.425510,-96.478760
17.445463,-96.478760
17.465392,-96.478760
17.485380,-96.478760
17.505371,-96.478760
17.525375,-96.478760
17.545362,-96.478760
17.565490,-96.478760
17.585469,-96.478760
17.605345,-96.478760
17.625669,-96.478760
17.645258,-96.478760
17.665311,-96.478760
17.685303,-96.478760
17.705322,-96.478760
17.725270,-96.478760
17.745363,-96.478760
17.766321,-96.478760
17.786506,-96.478760
17.806209,-96.478760
17.826220,-96.478760
17.846223,-96.478760
17.866809,-96.478760
17.887667,-96.478760
17.906290,-96.478760
17.926262,-96.478760
17.946209,-96.478760
17.966235,-96.478760
17.986148,-96.478760
18.006162,-96.478760
18.026180,-96.478760
18.046057,-96.478760
18.066128,-96.478760
18.086392,-96.478760
18.106084,-96.478760
18.126109,-96.478760
18.146199,-96.478760
18.166067,-96.478760
18.186070,-96.478760
18.206034,-96.478760
18.226008,-96.478760
18.245978,-96.478760
18.266111,-96.478760
18.286218,-96.478760
18.306045,-96.478760
18.326081,-96.478760
18.346032,-96.478759
18.366076,-96.478759
18.385958,-96.478759
18.405987,-96.478759
18.425948,-96.478759
18.445877,-96.478759
18.465827,-96.478759
18.485950,-96.478759
18.505827,-96.478759
18.525871,-96.478759
18.546589,-96.478759
18.566017,-96.478759
18.585881,-96.478759
18.605772,-96.478759
18.625869,-96.478759
18.645753,-96.478759
18.665787,-96.478759
18.686172,-96.478759
18.705821,-96.478759
18.725815,-96.478759
18.745644,-96.478759
18.765637,-96.478759
18.785816,-96.478759
18.805699,-96.478759
18.825665,-96.478759
18.845662,-96.478759
18.865917,-96.478759
18.885594,-96.478759
18.905727,-96.478759
18.925593,-96.478759
18.945555,-96.478759
18.965743,-96.478759
18.985556,-96.478759
19.005589,-96.478759
19.025596,-96.478759
19.045623,-96.478759
19.065542,-96.478759
19.085630,-96.478759
19.105750,-96.478759
19.125636,-96.478759
19.145484,-96.478759
19.165500,-96.478759
19.185461,-96.478759
19.205474,-96.478759
19.225530,-96.478759
19.245414,-96.478759
19.265410,-96.478759
19.285426,-96.478759
19.305531,-96.478759
19.325448,-96.478759
19.345354,-96.478759
19.365394,-96.478759
19.385393,-96.478759
19.405313,-96.478759
19.425291,-96.478759
19.445344,-96.478759
19.465285,-96.478758
19.485285,-96.478758
19.506157,-96.478758
19.525731,-96.478758
19.545325,-96.478758
19.566319,-96.478758
19.585340,-96.478758
19.605290,-96.478758
19.625322,-96.478758
19.646311,-96.478758
19.666221,-96.478758
19.686275,-96.478758
19.706200,-96.478758
19.726229,-96.478758
19.746224,-96.478758
19.766207,-96.478758
19.786233,-96.478758
19.806224,-96.478758
19.826110,-96.478758
19.846100,-96.478758
19.866136,-96.478758
19.886839,-96.478758
19.906847,-96.478758
19.926081,-96.478758
19.946076,-96.478758
19.966101,-96.478758
19.986073,-96.478758
20.006111,-96.478758
20.026005,-96.478758
20.046020,-96.478758
20.065980,-96.478758
20.086144,-96.478758
20.105989,-96.478758
20.126026,-96.478758
20.146144,-96.478758
20.165938,-96.478758
20.185894,-96.478758
20.206019,-96.478758
20.225949,-96.478758
20.245925,-96.478758
20.265913,-96.478758
20.285874,-96.478758
20.305842,-96.478758
20.325881,-96.478758
20.345832,-96.478758
20.366006,-96.478758
20.385889,-96.478758
20.405972,-96.478758
20.425767,-96.478758
20.445820,-96.478758
20.465930,-96.478758
20.485736,-96.478758
20.505690,-96.478758
20.525749,-96.478758
20.545694,-96.478758
20.565671,-96.478758
20.585688,-96.478758
20.605730,-96.478758
20.625670,-96.478758
20.645686,-96.478758
20.665653,-96.478758
20.685694,-96.478758
20.705650,-96.478758
20.725677,-96.478758
20.745620,-96.478758
20.765622,-96.478758
20.785661,-96.478758
20.805677,-96.478758
20.825521,-96.478758
20.845527,-96.478758
20.865592,-96.478758
20.885679,-96.478758
20.905653,-96.478758
20.925551,-96.478758
20.945478,-96.478758
20.965606,-96.478758
20.985494,-96.478758
21.005411,-96.478758
21.025480,-96.478758
21.045414,-96.478758
21.065408,-96.478758
21.085424,-96.478758
21.105373,-96.478758
21.125420,-96.478758
21.145431,-96.478758
21.165402,-96.478758
21.185477,-96.478758
21.205333,-96.478758
21.225354,-96.478758
21.245408,-96.478758
21.266320,-96.478758
21.285393,-96.478758
21.305255,-96.478758
21.325273,-96.478758
21.346330,-96.478758
21.366232,-96.478758
21.386237,-96.478758
21.406309,-96.478758
21.426247,-96.478758
21.446197,-96.478758
21.466187,-96.478758
21.486305,-96.478758
21.506207,-96.478758
21.526211,-96.478758
21.546184,-96.478758
21.566115,-96.478758
21.586184,-96.478758
21.606174,-96.478758
21.626060,-96.478758
21.646103,-96.478758
21.666047,-96.478758
21.686050,-96.478758
21.706090,-96.478758
21.726138,-96.478758
21.746022,-96.478758
21.766008,-96.478758
21.786155,-96.478758
21.806038,-96.478758
21.825984,-96.478758
21.845987,-96.478758
21.865958,-96.478758
21.886067,-96.478758
21.905952,-96.478758
21.925977,-96.478758
21.945893,-96.478758
21.965948,-96.478758
21.985955,-96.478758
22.005980,-96.478758
22.025835,-96.478758
22.045886,-96.478758
22.065962,-96.478758
22.085777,-96.478758
22.105803,-96.478758
22.125812,-96.478758
22.145747,-96.478758
22.165802,-96.478758
22.185755,-96.478758
22.205706,-96.478758
22.225951,-96.478758
22.245878,-96.478758
22.265906,-96.478758
22.285716,-96.478758
22.305666,-96.478758
22.325648,-96.478758
22.345800,-96.478758
22.365614,-96.478758
22.385614,-96.478758
22.405783,-96.478758
22.425608,-96.478758
22.445572,-96.478758
22.465565,-96.478758
22.485583,-96.478758
22.505585,-96.478758
22.525611,-96.478758
22.545635,-96.478758
22.565640,-96.478758
22.585520,-96.478758
22.605505,-96.478758
22.625451,-96.478758
22.645432,-96.478758
22.665466,-96.478758
22.685893,-96.478758
22.705639,-96.478758
22.725438,-96.478758
22.745409,-96.478758
22.765406,-96.478758
22.785758,-96.478758
22.805340,-96.478758
22.825961,-96.478758
22.845338,-96.478758
22.865338,-96.478758
22.885407,-96.478758
22.905285,-96.478758
22.925428,-96.478758
22.945298,-96.478758
22.966294,-96.478758
22.986218,-96.478758
23.005842,-96.478758
23.026343,-96.478758
23.046186,-96.478758
23.066332,-96.478758
23.086564,-96.478758
23.106168,-96.478758
23.126203,-96.478758
23.146201,-96.478758
23.166133,-96.478758
23.186247,-96.478758
23.206125,-96.478758
23.226017,-96.478758
23.246258,-96.478758
23.266737,-96.478758
23.286794,-96.478758
23.306427,-96.478758
23.326027,-96.478758
23.346093,-96.478758
23.366059,-96.478758
23.385952,-96.478758
23.406039,-96.478758
23.426020,-96.478758
23.445980,-96.478758
23.465941,-96.478758
23.485933,-96.478758
23.505893,-96.478758
23.525977,-96.478758
23.545928,-96.478758
23.565876,-96.478758
23.585962,-96.478758
23.605908,-96.478758
23.625883,-96.478758
23.645806,-96.478758
23.665996,-96.478758
23.685864,-96.478758
23.705827,-96.478758
23.725887,-96.478758
23.745738,-96.478758
23.765696,-96.478758
23.785872,-96.478758
23.805782,-96.478758
23.825739,-96.478758
23.845719,-96.478758
23.865757,-96.478758
23.885785,-96.478758
23.905637,-96.478758
23.925673,-96.478758
23.945775,-96.478758
23.965648,-96.478758
23.985688,-96.478758
24.005612,-96.478758
24.025688,-96.478758
24.045618,-96.478758
24.065579,-96.478758
24.085593,-96.478758
24.105564,-96.478758
24.125536,-96.478758
24.145571,-96.478758
24.165659,-96.478758
24.185532,-96.478758
24.205523,-96.478758
24.225527,-96.478758
24.245620,-96.478758
24.265469,-96.478758
24.285532,-96.478758
24.305453,-96.478758
24.325984,-96.478758
24.345699,-96.478758
24.365449,-96.478758
24.385451,-96.478758
24.405451,-96.478758
24.425343,-96.478758
24.445390,-96.478758
24.465362,-96.478758
24.485364,-96.478758
24.505430,-96.478758
24.525470,-96.478758
24.545478,-96.478758
24.566365,-96.478758
24.585404,-96.478758
24.605239,-96.478758
24.626251,-96.478758
24.646449,-96.478758
24.666530,-96.478758
24.686360,-96.478758
24.706293,-96.478758
24.726243,-96.478758
24.746148,-96.478758
24.766169,-96.478758
24.786155,-96.478758
24.806289,-96.478758
24.826178,-96.478758
24.846243,-96.478758
24.866176,-96.478758
24.886126,-96.478758
24.906099,-96.478758
24.926130,-96.478758
24.946121,-96.478758
24.966081,-96.478758
24.986092,-96.478758
25.006906,-96.478758
25.027110,-96.478758
25.046038,-96.478758
25.066065,-96.478758
25.086000,-96.478758
25.106383,-96.478758
25.126168,-96.478758
25.146001,-96.478758
25.166039,-96.478758
25.186103,-96.478758
25.206067,-96.478758
25.225955,-96.478758
25.245891,-96.478758
25.266024,-96.478758
25.285899,-96.478758
25.305903,-96.478758
25.325976,-96.478758
25.345974,-96.478758
25.366012,-96.478758
25.385854,-96.478758
25.405808,-96.478758
25.425866,-96.478758
25.445947,-96.478758
25.465793,-96.478758
25.485836,-96.478758
25.505728,-96.478758
25.525745,-96.478758
25.545805,-96.478758
25.565776,-96.478758
25.585768,-96.478758
25.605762,-96.478758
25.625818,-96.478758
25.645733,-96.478758
25.665715,-96.478758
25.685704,-96.478758
25.705737,-96.478758
25.725625,-96.478758
25.745727,-96.478758
25.765949,-96.478758
25.785621,-96.478758
25.805690,-96.478758
25.825573,-96.478758
25.845651,-96.478758
25.866441,-96.478758
25.886433,-96.478758
25.905857,-96.478758
25.925704,-96.478758
25.945581,-96.478758
25.965552,-96.478758
25.985624,-96.478758
26.005567,-96.478758
26.025506,-96.478758
26.045512,-96.478758
26.065606,-96.478758
26.086514,-96.478758
26.106164,-96.478758
26.125625,-96.478758
26.145531,-96.478758
26.165466,-96.478758
26.185546,-96.478758
26.205578,-96.478758
26.225442,-96.478758
26.245440,-96.478758
26.265465,-96.478758
26.285430,-96.478758
26.305367,-96.478758
26.325297,-96.478758
26.345422,-96.478758
26.366310,-96.478758
26.385290,-96.478758
26.405418,-96.478758
26.426497,-96.478758
26.446242,-96.478758
26.467010,-96.478758
26.486677,-96.478758
26.506256,-96.478758
26.526202,-96.478758
26.546359,-96.478758
26.566224,-96.478758
26.586251,-96.478758
26.606165,-96.478758
26.626221,-96.478758
26.646245,-96.478758
26.666114,-96.478758
26.686124,-96.478758
26.706264,-96.478758
26.726364,-96.478758
26.746212,-96.478758
26.766189,-96.478758
26.786160,-96.478758
26.806095,-96.478758
26.826061,-96.478758
26.846078,-96.478758
26.866149,-96.478758
26.886116,-96.478758
26.906070,-96.478758
26.926065,-96.478758
26.946020,-96.478758
26.966074,-96.478758
26.986044,-96.478758
27.006170,-96.478758
27.026052,-96.478758
27.046169,-96.478758
27.066000,-96.478758
27.086044,-96.478758
27.105939,-96.478758
27.125893,-96.478758
27.145921,-96.478758
27.165880,-96.478758
27.185909,-96.478758
27.205807,-96.478758
27.225895,-96.478758
27.245806,-96.478758
27.265863,-96.478758
27.285907,-96.478758
27.305895,-96.478758
27.325863,-96.478758
27.345820,-96.478758
27.365877,-96.478758
27.385828,-96.478758
27.405753,-96.478758
27.425808,-96.478757
27.445768,-96.478757
27.465766,-96.478757
27.485919,-96.478757
27.505791,-96.478757
27.525645,-96.478757
27.545693,-96.478757
27.565657,-96.478757
27.585743,-96.478757
27.605831,-96.478757
27.625731,-96.478757
27.645733,-96.478757
27.665594,-96.478757
27.685725,-96.478757
27.705653,-96.478757
27.725561,-96.478757
27.745518,-96.478757
27.765558,-96.478757
27.785887,-96.478757
27.805585,-96.478757
27.825536,-96.478757
27.845546,-96.478757
27.865448,-96.478757
27.885705,-96.478757
27.905565,-96.478757
27.925599,-96.478757
27.945509,-96.478757
27.965605,-96.478757
27.985526,-96.478757
28.005576,-96.478757
28.025582,-96.478757
28.045372,-96.478757
28.065475,-96.478757
28.085482,-96.478757
28.105383,-96.478757
28.125389,-96.478757
28.145418,-96.478757
28.165428,-96.478757
28.185421,-96.478757
28.205520,-96.478757
28.225391,-96.478757
28.245374,-96.478757
28.265414,-96.478757
28.285379,-96.478757
28.306353,-96.478757
28.326457,-96.478757
28.346297,-96.478757
28.366343,-96.478757
28.386328,-96.478757
28.406368,-96.478757
28.426359,-96.478757
28.446344,-96.478757
28.466364,-96.478757
28.486232,-96.478757
28.506215,-96.478757
28.526152,-96.478757
28.546311,-96.478757
28.566171,-96.478757
28.586239,-96.478757
28.606128,-96.478757
28.626156,-96.478757
28.646261,-96.478757
28.666109,-96.478757
28.686175,-96.478757
28.706180,-96.478757
28.726155,-96.478757
28.746159,-96.478757
28.766238,-96.478757
28.786025,-96.478757
28.806034,-96.478757
28.825969,-96.478757
28.846102,-96.478757
28.866041,-96.478757
28.886029,-96.478757
28.906104,-96.478757
28.926140,-96.478757
28.945917,-96.478757
28.966117,-96.478757
28.986056,-96.478757
29.005908,-96.478757
29.025958,-96.478757
29.045931,-96.478757
29.065984,-96.478757
29.085927,-96.478757
29.105861,-96.478757
29.125859,-96.478757
29.146003,-96.478757
29.166139,-96.478757
29.185910,-96.478757
29.205890,-96.478757
29.225789,-96.478757
29.245911,-96.478757
29.265896,-96.478757
29.285884,-96.478757
29.305864,-96.478757
29.325870,-96.478757
29.345766,-96.478757
29.365825,-96.478757
29.385730,-96.478757
29.405757,-96.478757
29.425809,-96.478757
29.446582,-96.478757
29.466358,-96.478757
29.486101,-96.478757
29.505728,-96.478757
29.525698,-96.478757
29.545649,-96.478757
29.565668,-96.478757
29.585824,-96.478757
29.605715,-96.478757
29.625657,-96.478757
29.645587,-96.478757
29.665590,-96.478757
29.685906,-96.478757
29.705550,-96.478757
29.725511,-96.478757
29.745562,-96.478757
29.765577,-96.478757
29.785598,-96.478757
29.805513,-96.478757
29.825464,-96.478757
29.845577,-96.478757
29.865512,-96.478757
29.885809,-96.478757
29.905395,-96.478757
29.926221,-96.478757
29.946277,-96.478757
29.965594,-96.478757
29.985438,-96.478757
30.005456,-96.478757
30.025398,-96.478757
30.046455,-96.478757
30.065390,-96.478757
30.085413,-96.478757
30.105380,-96.478757
30.125341,-96.478757
30.146318,-96.478757
30.166446,-96.478757
30.186323,-96.478757
30.206244,-96.478757
30.226296,-96.478757
30.246453,-96.478757
30.266271,-96.478757
30.286212,-96.478757
30.306183,-96.478757
30.326236,-96.478757
30.346245,-96.478757
30.366314,-96.478757
30.386257,-96.478757
30.406131,-96.478757
30.426250,-96.478756
30.446123,-96.478756
30.466256,-96.478756
30.486162,-96.478756
30.506711,-96.478756
30.526690,-96.478756
30.546187,-96.478756
30.566267,-96.478756
30.586090,-96.478756
30.606008,-96.478756
30.626126,-96.478756
30.646165,-96.478756
30.666083,-96.478756
30.686095,-96.478756
30.706041,-96.478756
30.725987,-96.478756
30.745985,-96.478756
30.766048,-96.478756
30.785949,-96.478756
30.805934,-96.478756
30.825965,-96.478756
30.846107,-96.478756
30.865938,-96.478756
30.886071,-96.478756
30.905818,-96.478756
30.925863,-96.478756
30.945819,-96.478756
30.965972,-96.478756
30.986698,-96.478756
31.005925,-96.478756
31.025797,-96.478756
31.045914,-96.478756
31.065894,-96.478756
31.085833,-96.478756
31.105771,-96.478756
31.125883,-96.478756
31.145663,-96.478756
31.165780,-96.478756
31.185700,-96.478756
31.205897,-96.478756
31.225738,-96.478756
31.245711,-96.478756
31.266385,-96.478756
31.285931,-96.478756
31.305632,-96.478756
31.325669,-96.478756
31.345621,-96.478756
31.365585,-96.478756
31.385590,-96.478756
31.405551,-96.478756
31.425562,-96.478756
31.445474,-96.478756
31.465504,-96.478756
31.485542,-96.478756
31.505768,-96.478756
31.525617,-96.478756
31.545554,-96.478756
31.565493,-96.478756
31.585657,-96.478755
31.605554,-96.478755
31.626127,-96.478755
31.646069,-96.478755
31.665359,-96.478755
31.685521,-96.478755
31.705450,-96.478755
31.726517,-96.478755
31.746422,-96.478755
31.766349,-96.478755
31.786399,-96.478755
31.806466,-96.478755
31.826328,-96.478755
31.846506,-96.478755
31.866458,-96.478755
31.886247,-96.478755
31.906230,-96.478755
31.926335,-96.478755
31.946217,-96.478755
31.966267,-96.478755
31.986230,-96.478755
32.006227,-96.478755
32.026277,-96.478755
32.046182,-96.478755
32.066286,-96.478755
32.086200,-96.478755
32.106173,-96.478755
32.126171,-96.478755
32.146232,-96.478755
32.166232,-96.478755
32.186180,-96.478755
32.206155,-96.478755
32.226137,-96.478755
32.246163,-96.478755
32.266153,-96.478755
32.286074,-96.478755
32.306049,-96.478755
32.326012,-96.478755
32.346140,-96.478755
32.366127,-96.478755
32.386195,-96.478755
32.406060,-96.478755
32.426058,-96.478755
32.446000,-96.478755
32.466087,-96.478755
32.486131,-96.478755
32.505977,-96.478755
32.525928,-96.478755
32.545968,-96.478755
32.565914,-96.478755
32.585990,-96.478755
32.605966,-96.478755
32.625865,-96.478755
32.645833,-96.478755
32.666043,-96.478755
32.686013,-96.478755
32.705825,-96.478755
32.725924,-96.478755
32.745782,-96.478755
32.765848,-96.478755
32.786000,-96.478755
32.805855,-96.478755
32.825813,-96.478755
32.845831,-96.478755
32.865819,-96.478755
32.885856,-96.478755
32.905791,-96.478755
32.925682,-96.478755
32.945756,-96.478755
32.965696,-96.478755
32.985684,-96.478755
33.005727,-96.478755
33.026202,-96.478755
33.045738,-96.478755
33.065604,-96.478755
33.085641,-96.478755
33.105635,-96.478755
33.125646,-96.478754
33.145619,-96.478754
33.165771,-96.478754
33.185632,-96.478754
33.205599,-96.478754
33.225739,-96.478754
33.245504,-96.478754
33.265528,-96.478754
33.285562,-96.478754
33.305537,-96.478754
33.326243,-96.478754
33.345780,-96.478754
33.365706,-96.478754
33.385483,-96.478754
33.405466,-96.478754
33.425453,-96.478754
33.445460,-96.478754
33.466407,-96.478754
33.485536,-96.478754
33.505722,-96.478754
33.526564,-96.478754
33.546496,-96.478754
33.566389,-96.478754
33.585407,-96.478754
33.605288,-96.478754
33.626311,-96.478754
33.646275,-96.478754
33.666305,-96.478754
33.686345,-96.478754
33.707095,-96.478754
33.726504,-96.478754
33.746267,-96.478754
33.766270,-96.478754
33.786298,-96.478754
33.807032,-96.478754
33.826355,-96.478754
33.846164,-96.478754
33.866168,-96.478754
33.886255,-96.478754
33.906854,-96.478754
33.926275,-96.478754
33.946135,-96.478754
33.966151,-96.478754
33.986162,-96.478754
34.006111,-96.478754
34.026804,-96.478754
34.046203,-96.478754
34.065976,-96.478754
34.086173,-96.478754
34.106040,-96.478754
34.126051,-96.478754
34.146010,-96.478754
34.165993,-96.478754
34.186103,-96.478754
34.205907,-96.478754
34.226009,-96.478754
34.245981,-96.478754
34.266187,-96.478754
34.285879,-96.478754
34.305830,-96.478754
34.325867,-96.478754
34.345856,-96.478754
34.365858,-96.478754
34.385865,-96.478754
34.405860,-96.478754
34.425819,-96.478754
34.445828,-96.478754
34.465839,-96.478754
34.485824,-96.478754
34.505802,-96.478754
34.525761,-96.478754
34.545790,-96.478754
34.565775,-96.478754
34.585741,-96.478754
34.605726,-96.478754
34.625850,-96.478754
34.645715,-96.478754
34.665704,-96.478754
34.685838,-96.478754
34.705692,-96.478754
34.726507,-96.478754
34.746318,-96.478754
34.765737,-96.478754
34.785858,-96.478754
34.805671,-96.478754
34.825642,-96.478754
34.845702,-96.478754
34.865562,-96.478754
34.885573,-96.478754
34.905571,-96.478754
34.925526,-96.478754
34.945604,-96.478754
34.965506,-96.478754
34.985646,-96.478754
35.005549,-96.478753
35.025559,-96.478753
35.045586,-96.478753
35.065527,-96.478753
35.085427,-96.478753
35.105454,-96.478753
35.125427,-96.478753
35.145429,-96.478753
35.165431,-96.478753
35.185413,-96.478753
35.205441,-96.478753
35.226421,-96.478753
35.246499,-96.478753
35.265418,-96.478753
35.286450,-96.478753
35.306420,-96.478753
35.326324,-96.478753
35.346374,-96.478753
35.366361,-96.478753
35.386349,-96.478753
35.406330,-96.478753
35.426442,-96.478753
35.446260,-96.478753
35.466271,-96.478753
35.486225,-96.478753
35.506222,-96.478753
35.526176,-96.478753
35.546177,-96.478753
35.566303,-96.478753
35.586317,-96.478753
35.606193,-96.478753
35.626162,-96.478753
35.646268,-96.478753
35.666171,-96.478753
35.686233,-96.478753
35.706106,-96.478753
35.726693,-96.478753
35.746566,-96.478752
35.766140,-96.478752
35.786177,-96.478752
35.806056,-96.478752
35.826064,-96.478752
35.846021,-96.478752
35.866132,-96.478752
35.886488,-96.478752
35.906433,-96.478752
35.926065,-96.478752
35.945995,-96.478752
35.966187,-96.478752
35.985935,-96.478752
36.006096,-96.478752
36.025935,-96.478753
36.046029,-96.478753
36.065950,-96.478752
36.085910,-96.478752
36.105857,-96.478752
36.125837,-96.478752
36.145850,-96.478752
36.166411,-96.478752
36.185968,-96.478752
36.205837,-96.478752
36.225716,-96.478752
36.245778,-96.478752
36.265774,-96.478752
36.285733,-96.478752
36.305718,-96.478752
36.325705,-96.478752
36.345757,-96.478752
36.365680,-96.478752
36.385761,-96.478752
36.405675,-96.478752
36.425676,-96.478752
36.445700,-96.478752
36.465754,-96.478752
36.485565,-96.478752
36.505562,-96.478752
36.525625,-96.478752
36.545687,-96.478752
36.565544,-96.478752
36.585602,-96.478752
36.605653,-96.478752
36.625567,-96.478752
36.645571,-96.478752
36.665618,-96.478752
36.685565,-96.478752
36.705512,-96.478752
36.725601,-96.478752
36.746523,-96.478752
36.765508,-96.478752
36.785519,-96.478752
36.805494,-96.478752
36.825369,-96.478752
36.846328,-96.478752
36.866328,-96.478752
36.886396,-96.478752
36.906332,-96.478752
36.926409,-96.478752
36.946383,-96.478752
36.966539,-96.478752
36.986356,-96.478752
37.006344,-96.478752
37.026279,-96.478752
37.046335,-96.478752
37.066319,-96.478752
37.086265,-96.478752
37.106328,-96.478752
37.126347,-96.478752
37.146148,-96.478752
37.166271,-96.478752
37.186127,-96.478752
37.206161,-96.478752
37.226163,-96.478752
37.246267,-96.478752
37.266181,-96.478752
37.286300,-96.478752
37.306123,-96.478752
37.326223,-96.478752
37.346235,-96.478752
37.366116,-96.478752
37.386110,-96.478752
37.406201,-96.478752
37.426095,-96.478752
37.445992,-96.478752
37.466057,-96.478752
37.486182,-96.478752
37.506032,-96.478752
37.526073,-96.478752
37.546038,-96.478752
37.566025,-96.478752
37.586024,-96.478752
37.606226,-96.478752
37.625921,-96.478751
37.645879,-96.478751
37.665905,-96.478751
37.686014,-96.478751
37.706540,-96.478751
37.726103,-96.478751
37.745944,-96.478751
37.766032,-96.478751
37.785801,-96.478751
37.805816,-96.478751
37.825760,-96.478751
37.845835,-96.478751
37.865710,-96.478751
37.885721,-96.478751
37.905982,-96.478751
37.925847,-96.478751
37.945669,-96.478751
37.965821,-96.478751
37.985767,-96.478751
38.005903,-96.478751
38.025720,-96.478751
38.045739,-96.478751
38.065669,-96.478751
38.085697,-96.478751
38.105671,-96.478751
38.125674,-96.478751
38.145667,-96.478751
38.165616,-96.478751
38.185614,-96.478751
38.205688,-96.478751
38.225562,-96.478751
38.245898,-96.478751
38.265538,-96.478751
38.285838,-96.478751
38.305694,-96.478751
38.325547,-96.478751
38.345484,-96.478751
38.365530,-96.478751
38.385514,-96.478751
38.405442,-96.478751
38.426481,-96.478751
38.445508,-96.478751
38.465523,-96.478751
38.486460,-96.478751
38.506426,-96.478751
38.526370,-96.478751
38.546383,-96.478751
38.566438,-96.478751
38.586519,-96.478750
38.606332,-96.478750
38.626328,-96.478751
38.646259,-96.478750
38.666278,-96.478750
38.686329,-96.478750
38.706284,-96.478750
38.726304,-96.478750
38.746387,-96.478750
38.766261,-96.478750
38.786268,-96.478750
38.806255,-96.478750
38.826233,-96.478750
38.846803,-96.478750
38.866804,-96.478750
38.886477,-96.478750
38.906319,-96.478750
38.926229,-96.478750
38.946127,-96.478750
38.966244,-96.478750
38.986133,-96.478750
39.006116,-96.478750
39.026270,-96.478750
39.046116,-96.478750
39.066131,-96.478750
39.086064,-96.478750
39.106018,-96.478750
39.125993,-96.478750
39.145960,-96.478750
39.166006,-96.478750
39.186051,-96.478750
39.206073,-96.478750
39.226019,-96.478750
39.245994,-96.478750
39.265947,-96.478750
39.285938,-96.478750
39.305862,-96.478750
39.326050,-96.478750
39.345946,-96.478750
39.365879,-96.478750
39.385892,-96.478750
39.405827,-96.478750
39.425936,-96.478750
39.445938,-96.478750
39.465828,-96.478750
39.485801,-96.478750
39.505804,-96.478750
39.525924,-96.478750
39.545870,-96.478750
39.565742,-96.478750
39.585788,-96.478750
39.605772,-96.478750
39.626524,-96.478750
39.646381,-96.478750
39.665881,-96.478750
39.685840,-96.478750
39.705788,-96.478750
39.725667,-96.478750
39.745752,-96.478750
39.765724,-96.478750
39.785619,-96.478750
39.805622,-96.478750
39.825679,-96.478750
39.845831,-96.478750
39.865564,-96.478750
39.885659,-96.478750
39.905561,-96.478749
39.925584,-96.478749
39.945529,-96.478749
39.965638,-96.478749
39.985552,-96.478749
40.005433,-96.478749
40.026489,-96.478749
40.045450,-96.478749
40.065512,-96.478749
40.085664,-96.478749
40.106429,-96.478749
40.126499,-96.478749
40.145364,-96.478749
40.165438,-96.478749
40.186419,-96.478749
40.206417,-96.478749
40.226361,-96.478749
40.246445,-96.478749
40.266400,-96.478749
40.286398,-96.478749
40.306297,-96.478749
40.327064,-96.478749
40.347394,-96.478749
40.366367,-96.478749
40.386345,-96.478749
40.406323,-96.478749
40.426294,-96.478749
40.446270,-96.478749
40.466182,-96.478749
40.486260,-96.478749
40.506263,-96.478749
40.526174,-96.478749
40.546135,-96.478749
40.566176,-96.478749
40.586202,-96.478749
40.606120,-96.478749
40.626308,-96.478749
40.646164,-96.478749
40.666226,-96.478749
40.686227,-96.478749
40.706053,-96.478749
40.726060,-96.478749
40.746049,-96.478749
40.766013,-96.478749
40.786073,-96.478749
40.806109,-96.478749
40.826055,-96.478749
40.846667,-96.478749
40.866246,-96.478749
40.885971,-96.478749
40.905974,-96.478749
40.925940,-96.478749
40.945966,-96.478749
40.965970,-96.478749
40.985893,-96.478749
41.005927,-96.478749
41.025845,-96.478748
41.045874,-96.478748
41.066597,-96.478748
41.086467,-96.478748
41.105893,-96.478748
41.125832,-96.478748
41.145786,-96.478748
41.165826,-96.478748
41.185820,-96.478748
41.205851,-96.478748
41.225781,-96.478748
41.245795,-96.478748
41.265725,-96.478748
41.285706,-96.478748
41.305843,-96.478748
41.325697,-96.478748
41.345715,-96.478748
41.365925,-96.478748
41.385703,-96.478748
41.405665,-96.478748
41.425622,-96.478748
41.446445,-96.478748
41.465907,-96.478748
41.485549,-96.478748
41.505611,-96.478748
41.525540,-96.478748
41.545498,-96.478748
41.565552,-96.478748
41.585590,-96.478748
41.605589,-96.478748
41.626473,-96.478748
41.645550,-96.478748
41.665486,-96.478748
41.685504,-96.478748
41.707046,-96.478748
41.726709,-96.478748
41.745426,-96.478748
41.765581,-96.478748
41.786397,-96.478748
41.806457,-96.478748
41.826557,-96.478747
41.846394,-96.478747
41.866385,-96.478747
41.886417,-96.478747
41.906528,-96.478747
41.926357,-96.478747
41.946436,-96.478747
41.966328,-96.478747
41.986329,-96.478747
42.006272,-96.478747
42.026273,-96.478747
42.046369,-96.478747
42.066327,-96.478747
42.086505,-96.478747
42.106270,-96.478747
42.126417,-96.478747
42.146206,-96.478747
42.166249,-96.478747
42.186241,-96.478747
42.206178,-96.478747
42.226138,-96.478747
42.246264,-96.478747
42.266101,-96.478747
42.286148,-96.478747
42.306113,-96.478747
42.326037,-96.478747
42.346091,-96.478747
42.366083,-96.478747
42.386195,-96.478747
42.406189,-96.478747
42.426063,-96.478747
42.446177,-96.478747
42.466042,-96.478747
42.486091,-96.478747
42.506007,-96.478747
42.526057,-96.478747
42.546105,-96.478747
42.566023,-96.478747
42.586162,-96.478747
42.606011,-96.478747
42.626077,-96.478747
42.646106,-96.478747
42.666159,-96.478747
42.686003,-96.478747
42.705884,-96.478747
42.725939,-96.478747
42.745926,-96.478747
42.765951,-96.478747
42.785840,-96.478747
42.805797,-96.478747
42.825834,-96.478747
42.845767,-96.478747
42.865790,-96.478747
42.885786,-96.478747
42.905802,-96.478747
42.925878,-96.478747
42.945702,-96.478747
42.965796,-96.478746
42.985742,-96.478746
43.005691,-96.478746
43.025742,-96.478746
43.045824,-96.478746
43.065638,-96.478746
43.085770,-96.478746
43.105745,-96.478746
43.125679,-96.478746
43.145759,-96.478746
43.165602,-96.478746
43.185939,-96.478746
43.205622,-96.478746
43.225528,-96.478746
43.245651,-96.478746
43.265538,-96.478746
43.285588,-96.478746
43.305525,-96.478746
43.325510,-96.478746
43.345568,-96.478746
43.365634,-96.478746
43.386497,-96.478746
43.406423,-96.478746
43.426482,-96.478746
43.446430,-96.478746
43.466464,-96.478746
43.486459,-96.478746
43.506536,-96.478746
43.527358,-96.478746
43.546620,-96.478746
43.566400,-96.478746
43.586350,-96.478746
43.606336,-96.478746
43.626412,-96.478746
43.646377,-96.478746
43.666335,-96.478746
43.686448,-96.478746
43.706240,-96.478746
43.726331,-96.478746
43.746175,-96.478746
43.766196,-96.478746
43.786343,-96.478746
43.806285,-96.478746
43.827034,-96.478746
43.846439,-96.478746
43.866183,-96.478746
43.886204,-96.478746
43.906267,-96.478746
43.926175,-96.478746
43.946236,-96.478746
43.966164,-96.478746
43.986168,-96.478746
44.006195,-96.478746
44.026245,-96.478746
44.046124,-96.478746
44.066178,-96.478746
44.086125,-96.478746
44.106255,-96.478746
44.126109,-96.478746
44.146094,-96.478746
44.166242,-96.478746
44.186101,-96.478746
44.206098,-96.478746
44.226005,-96.478746
44.246028,-96.478746
44.266009,-96.478746
44.285988,-96.478746
44.306069,-96.478746
44.326126,-96.478746
44.345943,-96.478746
44.365999,-96.478746
44.385890,-96.478746
44.405837,-96.478746
44.426020,-96.478746
44.445846,-96.478746
44.465816,-96.478746
44.486000,-96.478746
44.505944,-96.478746
44.525843,-96.478746
44.545905,-96.478746
44.565867,-96.478746
44.585873,-96.478746
44.605820,-96.478746
44.625801,-96.478746
44.645858,-96.478746
44.665684,-96.478746
44.685766,-96.478746
44.705662,-96.478746
44.725797,-96.478746
44.745771,-96.478746
44.765622,-96.478746
44.785699,-96.478746
44.805671,-96.478746
44.825650,-96.478746
44.845615,-96.478746
44.865759,-96.478746
44.885661,-96.478746
44.905728,-96.478746
44.925602,-96.478746
44.945621,-96.478746
44.965671,-96.478746
44.985589,-96.478746
45.005627,-96.478746
45.025506,-96.478746
45.045560,-96.478746
45.065531,-96.478746
45.085612,-96.478746
45.105574,-96.478746
45.125600,-96.478746
45.145647,-96.478746
45.166173,-96.478746
45.187177,-96.478746
45.206490,-96.478746
45.225491,-96.478746
45.245521,-96.478746
45.266432,-96.478746
45.286525,-96.478746
45.306642,-96.478746
45.326424,-96.478746
45.346511,-96.478746
45.366447,-96.478746
45.386404,-96.478746
45.406450,-96.478746
45.426403,-96.478746
45.446489,-96.478746
45.466313,-96.478746
45.486386,-96.478746
45.506397,-96.478746
45.526348,-96.478746
45.546261,-96.478746
45.566300,-96.478746
45.586337,-96.478746
45.606387,-96.478746
45.626319,-96.478746
45.646201,-96.478746
45.666267,-96.478746
45.686249,-96.478746
45.706316,-96.478746
45.726225,-96.478746
45.746205,-96.478746
45.766162,-96.478746
45.786295,-96.478746
45.806101,-96.478746
45.826168,-96.478746
45.846079,-96.478746
45.866198,-96.478746
45.886075,-96.478746
45.906011,-96.478746
45.926099,-96.478746
45.946222,-96.478746
45.966064,-96.478746
45.985984,-96.478746
46.005967,-96.478746
46.026081,-96.478746
46.046135,-96.478746
46.066170,-96.478746
46.086053,-96.478746
46.106075,-96.478746
46.126567,-96.478746
46.146231,-96.478746
46.166072,-96.478746
46.185985,-96.478746
46.205942,-96.478746
46.225921,-96.478746
46.245983,-96.478746
46.265844,-96.478746
46.285992,-96.478746
46.305834,-96.478746
46.325826,-96.478746
46.345915,-96.478746
46.366005,-96.478746
46.385992,-96.478746
46.405759,-96.478746
46.425914,-96.478746
46.445782,-96.478746
46.465823,-96.478746
46.485733,-96.478746
46.505890,-96.478746
46.525733,-96.478746
46.546480,-96.478746
46.565979,-96.478746
46.585783,-96.478746
46.605735,-96.478746
46.625793,-96.478746
46.645673,-96.478746
46.665687,-96.478746
46.685757,-96.478746
46.705647,-96.478746
46.725616,-96.478746
46.745632,-96.478746
46.765656,-96.478746
46.785598,-96.478746
46.805547,-96.478746
46.825613,-96.478746
46.845669,-96.478746
46.865641,-96.478746
46.885633,-96.478746
46.905564,-96.478746
46.925612,-96.478746
46.945544,-96.478746
46.965509,-96.478746
46.986648,-96.478746
47.006613,-96.478746
47.025465,-96.478746
47.046488,-96.478746
47.066502,-96.478746
47.086487,-96.478746
47.106408,-96.478746
47.126494,-96.478746
47.146490,-96.478746
47.166466,-96.478746
47.186431,-96.478746
47.206435,-96.478746
47.226464,-96.478746
47.246410,-96.478746
47.266361,-96.478746
47.286376,-96.478746
47.306366,-96.478746
47.326396,-96.478746
47.346352,-96.478746
47.366370,-96.478746
47.386262,-96.478746
47.406259,-96.478746
47.426308,-96.478746
47.446275,-96.478746
47.466321,-96.478746
47.486341,-96.478746
47.506262,-96.478746
47.526260,-96.478746
47.546156,-96.478746
47.566251,-96.478746
47.586208,-96.478746
47.606268,-96.478746
47.627023,-96.478745
47.646711,-96.478745
47.666168,-96.478745
47.686303,-96.478745
47.706203,-96.478745
47.726830,-96.478745
47.746758,-96.478745
47.766189,-96.478745
47.786112,-96.478745
47.806096,-96.478745
47.826165,-96.478745
47.846136,-96.478745
47.866130,-96.478745
47.886180,-96.478745
47.906055,-96.478745
47.926164,-96.478745
47.946122,-96.478745
47.966087,-96.478745
47.986091,-96.478745
48.006032,-96.478745
48.026009,-96.478745
48.046020,-96.478745
48.066072,-96.478745
48.086020,-96.478745
48.106058,-96.478745
48.126069,-96.478745
48.146188,-96.478745
48.165981,-96.478745
48.185838,-96.478745
48.205855,-96.478745
48.225867,-96.478745
48.245976,-96.478745
48.266001,-96.478745
48.285858,-96.478745
48.305823,-96.478745
48.325868,-96.478745
48.345813,-96.478745
48.365818,-96.478745
48.385939,-96.478745
48.405823,-96.478745
48.425833,-96.478745
48.445780,-96.478745
48.465798,-96.478745
48.485922,-96.478745
48.505849,-96.478745
48.525797,-96.478745
48.545780,-96.478745
48.565732,-96.478745
48.585844,-96.478745
48.605697,-96.478745
48.625893,-96.478745
48.645679,-96.478745
48.665704,-96.478745
48.685751,-96.478745
48.705660,-96.478745
48.725622,-96.478745
48.745625,-96.478745
48.765597,-96.478745
48.785623,-96.478745
48.805680,-96.478745
48.825604,-96.478745
48.846192,-96.478745
48.865924,-96.478745
48.885546,-96.478745
48.906709,-96.478745
48.927004,-96.478745
48.945758,-96.478745
48.965617,-96.478745
48.986581,-96.478745
49.006857,-96.478745
49.026443,-96.478745
49.045490,-96.478745
49.066545,-96.478745
49.086397,-96.478745
49.106453,-96.478745
49.126557,-96.478745
49.146421,-96.478745
49.166373,-96.478745
49.186469,-96.478745
49.206391,-96.478744
49.226366,-96.478745
49.246307,-96.478745
49.266445,-96.478745
49.286298,-96.478745
49.306304,-96.478745
49.326237,-96.478745
49.346356,-96.478745
49.366201,-96.478745
49.386229,-96.478745
49.406181,-96.478745
49.426150,-96.478745
49.446250,-96.478745
49.466207,-96.478744
49.486175,-96.478744
49.506190,-96.478744
49.526161,-96.478744
49.546092,-96.478744
49.566167,-96.478744
49.586113,-96.478744
49.606901,-96.478744
49.627085,-96.478744
49.646120,-96.478744
49.666152,-96.478744
49.686225,-96.478744
49.706088,-96.478744
49.726017,-96.478744
49.746065,-96.478744
49.766098,-96.478744
49.786173,-96.478744
49.806027,-96.478744
49.826015,-96.478744
49.845919,-96.478744
49.866027,-96.478744
49.886035,-96.478744
49.905926,-96.478744
49.926585,-96.478744
49.946214,-96.478744
49.965956,-96.478744
49.985884,-96.478744
50.005875,-96.478744
50.025836,-96.478744
50.045815,-96.478744
50.065954,-96.478744
50.086816,-96.478744
50.105872,-96.478744
50.125745,-96.478744
50.145867,-96.478744
50.165854,-96.478744
50.185833,-96.478744
50.205809,-96.478744
50.225928,-96.478744
50.245711,-96.478744
50.265617,-96.478744
50.285642,-96.478744
50.305675,-96.478744
50.325617,-96.478744
50.345620,-96.478744
50.365754,-96.478744
50.385607,-96.478744
50.406645,-96.478744
50.425535,-96.478744
50.445521,-96.478744
50.465547,-96.478744
50.486551,-96.478744
50.506619,-96.478744
50.525476,-96.478744
50.546642,-96.478744
50.566449,-96.478744
50.586516,-96.478744
50.606472,-96.478744
50.626461,-96.478744
50.646459,-96.478744
50.666413,-96.478744
50.686486,-96.478744
50.706484,-96.478744
50.726513,-96.478744
50.746547,-96.478744
50.766355,-96.478744
50.786489,-96.478744
50.806365,-96.478744
50.826456,-96.478744
50.846376,-96.478744
50.866330,-96.478744
50.886408,-96.478744
50.906268,-96.478744
50.926300,-96.478744
50.946256,-96.478744
50.966269,-96.478744
50.986252,-96.478744
51.006267,-96.478744
51.026282,-96.478744
51.046331,-96.478744
51.066269,-96.478744
51.086956,-96.478744
51.106518,-96.478744
51.126286,-96.478744
51.146138,-96.478744
51.166204,-96.478744
51.186222,-96.478744
51.206207,-96.478744
51.226201,-96.478744
51.246202,-96.478744
51.266096,-96.478744
51.286122,-96.478744
51.306157,-96.478744
51.326071,-96.478744
51.346095,-96.478744
51.366157,-96.478744
51.386087,-96.478744
51.406072,-96.478744
51.426026,-96.478744
51.445965,-96.478743
51.466049,-96.478743
51.486023,-96.478743
51.506014,-96.478743
51.525975,-96.478743
51.546029,-96.478743
51.566044,-96.478743
51.585913,-96.478743
51.605979,-96.478743
51.625913,-96.478743
51.645938,-96.478743
51.665993,-96.478743
51.685988,-96.478743
51.705865,-96.478743
51.725863,-96.478743
51.746006,-96.478743
51.765887,-96.478743
51.785832,-96.478743
51.805933,-96.478743
51.826092,-96.478743
51.845735,-96.478743
51.865710,-96.478743
51.885835,-96.478743
51.905803,-96.478743
51.925759,-96.478743
51.945786,-96.478743
51.965844,-96.478743
51.985731,-96.478743
52.005957,-96.478743
52.025693,-96.478743
52.045722,-96.478743
52.065663,-96.478743
52.085724,-96.478743
52.105637,-96.478743
52.125570,-96.478743
52.145674,-96.478743
52.165694,-96.478743
52.185605,-96.478743
52.206605,-96.478743
52.225580,-96.478743
52.245591,-96.478743
52.265496,-96.478743
52.286677,-96.478743
52.306454,-96.478743
52.326644,-96.478743
52.346502,-96.478743
52.366505,-96.478743
52.386534,-96.478743
52.406525,-96.478743
52.426541,-96.478743
52.446563,-96.478743
52.466437,-96.478743
52.486449,-96.478743
52.506365,-96.478743
52.526368,-96.478743
52.546410,-96.478743
52.566423,-96.478743
52.586380,-96.478743
52.606294,-96.478743
52.626307,-96.478743
52.646338,-96.478743
52.666397,-96.478743
52.686290,-96.478743
52.706285,-96.478743
52.726281,-96.478743
52.746269,-96.478743
52.766212,-96.478743
52.786310,-96.478743
52.806268,-96.478743
52.826189,-96.478743
52.846261,-96.478743
52.866185,-96.478743
52.886169,-96.478743
52.906160,-96.478743
52.926229,-96.478743
52.946159,-96.478743
52.966166,-96.478743
52.986104,-96.478743
53.006278,-96.478743
53.026163,-96.478743
53.046318,-96.478743
53.066159,-96.478743
53.086075,-96.478743
53.106261,-96.478743
53.126110,-96.478743
53.146074,-96.478743
53.166068,-96.478743
53.185971,-96.478743
53.206019,-96.478743
53.226035,-96.478743
53.246016,-96.478743
53.266187,-96.478743
53.286140,-96.478743
53.306007,-96.478743
53.326151,-96.478743
53.346100,-96.478743
53.366021,-96.478743
53.385914,-96.478743
53.405976,-96.478743
53.425859,-96.478743
53.445847,-96.478743
53.465831,-96.478743
53.485857,-96.478743
53.505789,-96.478743
53.525815,-96.478743
53.545870,-96.478743
53.565822,-96.478743
53.585848,-96.478743
53.605946,-96.478743
53.625802,-96.478743
53.645767,-96.478743
53.665786,-96.478743
53.685848,-96.478743
53.705722,-96.478743
53.725736,-96.478743
53.745754,-96.478743
53.766901,-96.478743
53.786413,-96.478743
53.805784,-96.478743
53.825771,-96.478743
53.845640,-96.478743
53.866452,-96.478743
53.886689,-96.478743
53.905729,-96.478743
53.925708,-96.478743
53.945582,-96.478743
53.965564,-96.478743
53.986560,-96.478743
54.006584,-96.478743
54.026737,-96.478743
54.046627,-96.478743
54.066560,-96.478743
54.086532,-96.478743
54.106609,-96.478743
54.126660,-96.478743
54.146573,-96.478743
54.166466,-96.478743
54.186606,-96.478743
54.206507,-96.478743
54.226602,-96.478743
54.246526,-96.478743
54.266497,-96.478743
54.286508,-96.478743
54.306347,-96.478743
54.326553,-96.478743
54.346333,-96.478743
54.366317,-96.478743
54.386347,-96.478743
54.406268,-96.478743
54.426281,-96.478743
54.446368,-96.478743
54.466345,-96.478743
54.486353,-96.478743
54.506307,-96.478743
54.526347,-96.478743
54.546283,-96.478743
54.566301,-96.478743
54.586326,-96.478743
54.606151,-96.478743
54.626127,-96.478743
54.646151,-96.478743
54.666212,-96.478743
54.686282,-96.478743
54.706280,-96.478743
54.726316,-96.478743
54.746163,-96.478743
54.766112,-96.478743
54.786226,-96.478743
54.806131,-96.478743
54.826075,-96.478743
54.846036,-96.478743
54.866124,-96.478743
54.886240,-96.478743
54.906094,-96.478743
54.926142,-96.478743
54.945974,-96.478744
54.966039,-96.478744
54.986059,-96.478744
55.006175,-96.478744
55.026045,-96.478743
55.046165,-96.478743
55.066156,-96.478743
55.086154,-96.478743
55.106045,-96.478743
55.126046,-96.478743
55.146036,-96.478744
55.165986,-96.478744
55.186027,-96.478744
55.206007,-96.478744
55.226022,-96.478744
55.245852,-96.478744
55.265859,-96.478744
55.285913,-96.478744
55.305849,-96.478744
55.325830,-96.478744
55.345866,-96.478744
55.365863,-96.478744
55.385744,-96.478744
55.405747,-96.478744
55.425794,-96.478744
55.445738,-96.478744
55.465729,-96.478744
55.485855,-96.478744
55.505785,-96.478744
55.525716,-96.478744
55.545727,-96.478744
55.565663,-96.478744
55.585757,-96.478744
55.605689,-96.478744
55.625644,-96.478744
55.645699,-96.478744
55.665665,-96.478744
55.685630,-96.478744
55.706563,-96.478744
55.725701,-96.478744
55.745679,-96.478744
55.766692,-96.478744
55.786606,-96.478744
55.806614,-96.478744
55.825613,-96.478744
55.846739,-96.478744
55.866673,-96.478744
55.886594,-96.478744
55.906508,-96.478744
55.926555,-96.478744
55.946499,-96.478744
55.966548,-96.478744
55.986436,-96.478744
56.006368,-96.478744
56.026438,-96.478744
56.046432,-96.478744
56.066522,-96.478744
56.086461,-96.478744
56.106444,-96.478744
56.126390,-96.478744
56.146403,-96.478744
56.166565,-96.478744
56.186764,-96.478744
56.206441,-96.478744
56.226535,-96.478744
56.246366,-96.478744
56.266305,-96.478744
56.286383,-96.478744
56.306327,-96.478744
56.326317,-96.478744
56.346353,-96.478744
56.366349,-96.478744
56.386300,-96.478744
56.406266,-96.478744
56.426234,-96.478744
56.446217,-96.478744
56.466269,-96.478744
56.486252,-96.478744
56.506185,-96.478744
56.526197,-96.478744
56.546149,-96.478744
56.566170,-96.478744
56.586247,-96.478744
56.606049,-96.478744
56.626085,-96.478744
56.646157,-96.478744
56.666140,-96.478744
56.686139,-96.478744
56.706021,-96.478744
56.726272,-96.478744
56.746051,-96.478744
56.766158,-96.478744
56.786095,-96.478744
56.806800,-96.478744
56.826058,-96.478744
56.846052,-96.478744
56.866019,-96.478744
56.885939,-96.478744
56.905948,-96.478744
56.925963,-96.478744
56.946120,-96.478744
56.965969,-96.478744
56.986053,-96.478744
57.005933,-96.478744
57.025940,-96.478744
57.045900,-96.478744
57.065912,-96.478744
57.085916,-96.478744
57.105869,-96.478744
57.125838,-96.478744
57.145875,-96.478744
57.165921,-96.478744
57.185863,-96.478744
57.205825,-96.478744
57.225788,-96.478744
57.245721,-96.478744
57.265747,-96.478744
57.285771,-96.478744
57.305783,-96.478744
57.325693,-96.478744
57.345774,-96.478744
57.365709,-96.478744
57.385870,-96.478744
57.405633,-96.478744
57.425699,-96.478744
57.445880,-96.478744
57.465675,-96.478744
57.486653,-96.478744
57.506603,-96.478744
57.525662,-96.478744
57.545614,-96.478744
57.565557,-96.478744
57.586759,-96.478744
57.606634,-96.478744
57.626612,-96.478744
57.646604,-96.478744
57.666611,-96.478744
57.686541,-96.478744
57.706540,-96.478744
57.726627,-96.478744
57.746469,-96.478744
57.766599,-96.478744
57.786484,-96.478744
57.806494,-96.478744
57.826460,-96.478744
57.846419,-96.478744
57.866387,-96.478744
57.886473,-96.478744
57.906378,-96.478744
57.926581,-96.478744
57.946421,-96.478744
57.966394,-96.478744
57.986416,-96.478744
58.006373,-96.478744
58.026322,-96.478744
58.046399,-96.478744
58.066390,-96.478744
58.086373,-96.478744
58.106239,-96.478744
58.126300,-96.478744
58.146276,-96.478744
58.166219,-96.478744
58.186227,-96.478744
58.206225,-96.478744
58.226273,-96.478744
58.246205,-96.478744
58.266188,-96.478744
58.286186,-96.478744
58.306236,-96.478744
58.326204,-96.478744
58.346168,-96.478744
58.366144,-96.478744
58.386336,-96.478744
58.406136,-96.478744
58.426099,-96.478744
58.446101,-96.478744
58.466054,-96.478744
58.486117,-96.478744
58.506063,-96.478744
58.526183,-96.478744
58.546014,-96.478744
58.566092,-96.478744
58.586024,-96.478744
58.605990,-96.478744
58.626037,-96.478744
58.646036,-96.478744
58.666053,-96.478744
58.686015,-96.478744
58.706062,-96.478744
58.725994,-96.478744
58.745871,-96.478744
58.766026,-96.478744
58.785884,-96.478744
58.805896,-96.478744
58.825912,-96.478744
58.845927,-96.478744
58.865985,-96.478744
58.886112,-96.478744
58.905905,-96.478744
58.925880,-96.478744
58.945792,-96.478744
58.965784,-96.478744
58.985845,-96.478744
59.005858,-96.478744
59.025721,-96.478744
59.045886,-96.478744
59.065723,-96.478744
59.086413,-96.478744
59.105936,-96.478744
59.125749,-96.478744
59.145715,-96.478744
59.165618,-96.478744
59.185621,-96.478744
59.206676,-96.478744
59.225669,-96.478744
59.245640,-96.478744
59.265702,-96.478744
59.286759,-96.478744
59.306659,-96.478744
59.325631,-96.478744
59.345628,-96.478744
59.366747,-96.478744
59.386541,-96.478744
59.406559,-96.478744
59.426653,-96.478744
59.446476,-96.478744
59.466436,-96.478744
59.486459,-96.478744
59.506616,-96.478744
59.526576,-96.478744
59.546427,-96.478744
59.566521,-96.478744
59.587136,-96.478744
59.606902,-96.478744
59.626525,-96.478744
59.646361,-96.478744
59.666355,-96.478744
59.687375,-96.478744
59.707835,-96.478744
59.726529,-96.478744
59.746348,-96.478744
59.766305,-96.478744
59.786370,-96.478744
59.806326,-96.478744
59.826268,-96.478744
59.846332,-96.478744
59.866249,-96.478744
59.886267,-96.478744
59.906405,-96.478744
59.926319,-96.478744
59.946824,-96.478744
59.966223,-96.478744
59.986207,-96.478744
60.006318,-96.478744
60.026149,-96.478744
60.046145,-96.478744
60.066078,-96.478744
60.086112,-96.478744
60.106225,-96.478744
60.126129,-96.478744
60.146747,-96.478744
60.166289,-96.478744
60.186081,-96.478744
60.206265,-96.478744
60.226048,-96.478744
60.246151,-96.478744
60.266091,-96.478744
60.286108,-96.478744
60.306063,-96.478744
60.326126,-96.478744
60.346114,-96.478744
60.366033,-96.478744
60.386715,-96.478744
60.406152,-96.478744
60.425971,-96.478744
60.445919,-96.478744
60.466135,-96.478744
60.485914,-96.478744
60.505847,-96.478744
60.525830,-96.478744
60.545907,-96.478744
60.565923,-96.478744
60.585796,-96.478744
60.605764,-96.478744
60.625835,-96.478744
60.645822,-96.478744
60.665713,-96.478744
60.685900,-96.478744
60.705699,-96.478744
60.725704,-96.478744
60.745790,-96.478744
60.765808,-96.478744
60.785899,-96.478744
60.805659,-96.478744
60.825714,-96.478744
60.845693,-96.478744
60.865652,-96.478744
60.886600,-96.478744
60.906616,-96.478744
60.926684,-96.478744
60.946614,-96.478744
60.966755,-96.478744
60.986694,-96.478744
61.006660,-96.478744
61.026640,-96.478744
61.046543,-96.478744
61.066552,-96.478744
61.086576,-96.478744
61.106594,-96.478744
61.126525,-96.478744
61.146519,-96.478744
61.166588,-96.478744
61.186462,-96.478744
61.206675,-96.478744
61.226540,-96.478744
61.246501,-96.478744
61.266453,-96.478744
61.286538,-96.478744
61.306456,-96.478744
61.326462,-96.478744
61.346456,-96.478744
61.366394,-96.478744
61.386484,-96.478744
61.406355,-96.478744
61.426461,-96.478744
61.446429,-96.478744
61.466332,-96.478744
61.486327,-96.478744
61.506341,-96.478744
61.526307,-96.478744
61.546251,-96.478744
61.566343,-96.478744
61.586325,-96.478744
61.606446,-96.478744
61.626208,-96.478744
61.646254,-96.478744
61.666288,-96.478744
61.686269,-96.478744
61.706256,-96.478744
61.726191,-96.478744
61.746236,-96.478744
61.766190,-96.478744
61.786176,-96.478744
61.806102,-96.478744
61.826103,-96.478744
61.846200,-96.478744
61.866242,-96.478744
61.886139,-96.478744
61.906206,-96.478744
61.926180,-96.478744
61.946114,-96.478744
61.966212,-96.478744
61.986248,-96.478744
62.006147,-96.478744
62.026065,-96.478744
62.046085,-96.478744
62.066107,-96.478744
62.086060,-96.478744
62.106089,-96.478744
62.126022,-96.478744
62.146029,-96.478744
62.166047,-96.478744
62.185925,-96.478744
62.206089,-96.478744
62.226008,-96.478744
62.245965,-96.478744
62.265918,-96.478744
62.286054,-96.478744
62.305863,-96.478744
62.325961,-96.478744
62.345876,-96.478744
62.365893,-96.478744
62.385795,-96.478744
62.405818,-96.478744
62.425826,-96.478744
62.445791,-96.478744
62.465832,-96.478744
62.485797,-96.478744
62.505794,-96.478744
62.525854,-96.478744
62.545684,-96.478744
62.565807,-96.478744
62.585762,-96.478744
62.606680,-96.478744
62.626662,-96.478744
62.645638,-96.478744
62.665651,-96.478744
62.686699,-96.478744
62.706651,-96.478744
62.726612,-96.478744
62.746630,-96.478744
62.767365,-96.478744
62.787397,-96.478744
62.806906,-96.478744
62.826676,-96.478744
62.846648,-96.478744
62.866649,-96.478744
62.886488,-96.478744
62.906490,-96.478744
62.926461,-96.478744
62.946454,-96.478744
62.966512,-96.478744
62.987540,-96.478744
63.006852,-96.478744
63.026383,-96.478744
63.046618,-96.478744
63.066470,-96.478744
63.086377,-96.478744
63.106353,-96.478744
63.126296,-96.478744
63.146945,-96.478744
63.166541,-96.478744
63.186273,-96.478744
63.206310,-96.478744
63.226249,-96.478744
63.246233,-96.478744
63.266336,-96.478744
63.286287,-96.478744
63.307199,-96.478744
63.326337,-96.478744
63.346137,-96.478744
63.366101,-96.478744
63.386224,-96.478744
63.406198,-96.478744
63.426146,-96.478744
63.446224,-96.478744
63.466133,-96.478744
63.486113,-96.478744
63.506243,-96.478744
63.526182,-96.478744
63.546215,-96.478744
63.566344,-96.478744
63.586067,-96.478744
63.606013,-96.478744
63.626052,-96.478744
63.646064,-96.478744
63.666159,-96.478744
63.685997,-96.478744
63.705997,-96.478744
63.725999,-96.478744
63.745958,-96.478744
63.765951,-96.478744
63.786265,-96.478744
63.805900,-96.478744
63.826038,-96.478744
63.846019,-96.478744
63.865960,-96.478744
63.885940,-96.478744
63.905969,-96.478744
63.925847,-96.478744
63.945816,-96.478744
63.965958,-96.478744
63.985804,-96.478744
64.005844,-96.478744
64.025752,-96.478744
64.045819,-96.478744
64.065807,-96.478744
64.085766,-96.478744
64.105869,-96.478744
64.125901,-96.478744
64.145709,-96.478744
64.165977,-96.478744
64.185768,-96.478744
64.206784,-96.478744
64.225629,-96.478744
64.245603,-96.478744
64.265783,-96.478744
64.286770,-96.478744
64.306598,-96.478744
64.326763,-96.478744
64.346782,-96.478744
64.366655,-96.478744
64.386632,-96.478744
64.406609,-96.478744
64.426601,-96.478744
64.446515,-96.478744
64.466635,-96.478744
64.486750,-96.478744
64.506539,-96.478744
64.526489,-96.478744
64.546502,-96.478744
64.566585,-96.478744
64.586508,-96.478744
64.606507,-96.478744
64.626569,-96.478744
64.646467,-96.478744
64.666493,-96.478745
64.686384,-96.478745
64.706579,-96.478745
64.726450,-96.478745
64.746323,-96.478745
64.766380,-96.478745
64.786372,-96.478745
64.806319,-96.478745
64.826243,-96.478745
64.846270,-96.478745
64.866223,-96.478745
64.886283,-96.478745
64.906229,-96.478745
64.926226,-96.478745
64.946281,-96.478745
64.966221,-96.478745
64.986145,-96.478745
65.006216,-96.478745
65.026153,-96.478745
65.046100,-96.478745
65.066260,-96.478745
65.086130,-96.478745
65.106110,-96.478745
65.126148,-96.478745
65.146086,-96.478745
65.166096,-96.478745
65.186078,-96.478745
65.206079,-96.478745
65.226219,-96.478745
65.246027,-96.478745
65.265986,-96.478745
65.286289,-96.478745
65.306194,-96.478745
65.326026,-96.478745
65.346059,-96.478745
65.366246,-96.478745
65.386012,-96.478745
65.405977,-96.478745
65.425939,-96.478745
65.446064,-96.478745
65.465896,-96.478745
65.485900,-96.478745
65.505929,-96.478745
65.526126,-96.478745
65.546456,-96.478745
65.566125,-96.478745
65.585864,-96.478745
65.605847,-96.478745
65.625792,-96.478745
65.645784,-96.478745
65.665831,-96.478745
65.685938,-96.478745
65.705858,-96.478745
65.725719,-96.478745
65.745739,-96.478745
65.765811,-96.478745
65.785731,-96.478745
65.806791,-96.478745
65.825701,-96.478745
65.845654,-96.478745
65.865717,-96.478745
65.886621,-96.478745
65.906712,-96.478745
65.926714,-96.478745
65.946688,-96.478745
65.966590,-96.478745
65.986556,-96.478745
66.006527,-96.478745
66.026608,-96.478745
66.046574,-96.478745
66.066566,-96.478745
66.086560,-96.478745
66.106619,-96.478745
66.126650,-96.478745
66.146518,-96.478745
66.166452,-96.478745
66.186535,-96.478745
66.206513,-96.478745
66.226430,-96.478745
66.246377,-96.478745
66.266393,-96.478745
66.286346,-96.478745
66.306387,-96.478745
66.326518,-96.478745
66.346392,-96.478745
66.366353,-96.478745
66.386351,-96.478745
66.406347,-96.478745
66.426278,-96.478745
66.446254,-96.478745
66.466436,-96.478745
66.486259,-96.478745
66.506237,-96.478745
66.526205,-96.478745
66.546380,-96.478745
66.566150,-96.478745
66.586269,-96.478745
66.606507,-96.478745
66.626266,-96.478745
66.646207,-96.478745
66.666125,-96.478745
66.686208,-96.478745
66.706702,-96.478745
66.726200,-96.478745
66.746071,-96.478745
66.766071,-96.478745
66.786066,-96.478745
66.806087,-96.478745
66.826053,-96.478745
66.846104,-96.478745
66.866068,-96.478745
66.886029,-96.478745
66.906070,-96.478745
66.926088,-96.478745
66.946114,-96.478745
66.966064,-96.478745
66.986066,-96.478745
67.005939,-96.478745
67.026006,-96.478745
67.046054,-96.478745
67.066115,-96.478745
67.085959,-96.478745
67.105854,-96.478745
67.125891,-96.478745
67.145846,-96.478745
67.165839,-96.478745
67.185916,-96.478745
67.205838,-96.478745
67.225806,-96.478745
67.245787,-96.478745
67.265855,-96.478745
67.285849,-96.478745
67.305834,-96.478745
67.325865,-96.478745
67.345925,-96.478745
67.365995,-96.478745
67.385768,-96.478745
67.405846,-96.478745
67.425750,-96.478745
67.445779,-96.478745
67.465768,-96.478745
67.485744,-96.478745
67.506691,-96.478745
67.525836,-96.478745
67.545651,-96.478745
67.566659,-96.478745
67.586673,-96.478745
67.606617,-96.478745
67.626585,-96.478745
67.646755,-96.478745
67.666560,-96.478745
67.686868,-96.478745
67.706782,-96.478745
67.726631,-96.478745
67.747147,-96.478745
67.767141,-96.478745
67.786637,-96.478745
67.806540,-96.478745
67.826571,-96.478745
67.846432,-96.478745
67.866483,-96.478745
67.886454,-96.478745
67.906509,-96.478745
67.926409,-96.478745
67.946335,-96.478745
67.966363,-96.478745
67.986374,-96.478745
68.006430,-96.478745
68.026323,-96.478745
68.046440,-96.478745
68.066498,-96.478745
68.086418,-96.478745
68.107823,-96.478745
68.126626,-96.478745
68.146395,-96.478745
68.166338,-96.478745
68.186272,-96.478745
68.206345,-96.478745
68.226291,-96.478745
68.246344,-96.478745
68.266194,-96.478745
68.286339,-96.478745
68.306228,-96.478745
68.326319,-96.478745
68.346232,-96.478745
68.366247,-96.478745
68.386152,-96.478745
68.406172,-96.478745
68.426271,-96.478745
68.446252,-96.478745
68.466165,-96.478745
68.486091,-96.478745
68.506320,-96.478745
68.526066,-96.478745
68.546052,-96.478745
68.566118,-96.478745
68.586166,-96.478745
68.606137,-96.478745
68.626054,-96.478745
68.646986,-96.478745
68.666400,-96.478745
68.686063,-96.478745
68.705992,-96.478745
68.726003,-96.478745
68.746000,-96.478745
68.765960,-96.478745
68.785980,-96.478745
68.806012,-96.478745
68.825947,-96.478745
68.845860,-96.478745
68.865890,-96.478745
68.885943,-96.478745
68.905902,-96.478745
68.925853,-96.478745
68.945859,-96.478745
68.965930,-96.478745
68.985852,-96.478745
69.005874,-96.478745
69.025886,-96.478745
69.045803,-96.478745
69.065812,-96.478745
69.085813,-96.478745
69.106744,-96.478745
69.125719,-96.478745
69.145715,-96.478745
69.165732,-96.478745
69.186912,-96.478745
69.206711,-96.478745
69.225713,-96.478745
69.245710,-96.478745
69.266684,-96.478745
69.286864,-96.478745
69.306753,-96.478745
69.326675,-96.478745
69.346595,-96.478745
69.366678,-96.478745
69.386639,-96.478745
69.406584,-96.478745
69.427507,-96.478745
69.446648,-96.478745
69.466601,-96.478745
69.486614,-96.478745
69.506606,-96.478745
69.526657,-96.478745
69.546554,-96.478745
69.566539,-96.478745
69.586586,-96.478745
69.606531,-96.478745
69.626571,-96.478745
69.646493,-96.478745
69.666481,-96.478745
69.686584,-96.478745
69.706408,-96.478745
69.726490,-96.478745
69.746464,-96.478745
69.766374,-96.478745
69.786461,-96.478745
69.807028,-96.478745
69.826682,-96.478745
69.846442,-96.478745
69.866311,-96.478745
69.886309,-96.478745
69.906352,-96.478745
69.926660,-96.478745
69.946399,-96.478745
69.966337,-96.478745
69.986415,-96.478745
70.006423,-96.478745
70.026301,-96.478745
70.046431,-96.478745
70.066292,-96.478745
70.086275,-96.478745
70.106282,-96.478745
70.126224,-96.478745
70.146290,-96.478745
70.166229,-96.478745
70.186224,-96.478745
70.206223,-96.478745
70.226189,-96.478745
70.246285,-96.478745
70.266259,-96.478745
70.286251,-96.478745
70.306183,-96.478745
70.326146,-96.478745
70.346056,-96.478745
70.366130,-96.478745
70.386083,-96.478745
70.406940,-96.478745
70.426793,-96.478745
70.446079,-96.478745
70.466075,-96.478745
70.486192,-96.478745
70.506057,-96.478745
70.526125,-96.478745
70.546098,-96.478745
70.566192,-96.478745
70.585999,-96.478745
70.606039,-96.478745
70.625999,-96.478745
70.645894,-96.478745
70.665952,-96.478745
70.685938,-96.478745
70.705934,-96.478745
70.725967,-96.478745
70.745865,-96.478745
70.765822,-96.478745
70.785851,-96.478745
70.805841,-96.478745
70.825782,-96.478745
70.845805,-96.478745
70.865915,-96.478745
70.885892,-96.478745
70.905808,-96.478745
70.925816,-96.478745
70.945800,-96.478745
70.965711,-96.478745
70.986751,-96.478745
71.006661,-96.478745
71.025726,-96.478745
71.045702,-96.478745
71.066671,-96.478745
71.086737,-96.478745
71.106586,-96.478745
71.126634,-96.478745
71.146680,-96.478745
71.166557,-96.478745
71.186615,-96.478745
71.206650,-96.478745
71.226614,-96.478745
71.246607,-96.478745
71.266773,-96.478745
71.286554,-96.478745
71.306709,-96.478745
71.326578,-96.478745
71.346561,-96.478745
71.366518,-96.478745
71.386508,-96.478745
71.406610,-96.478745
71.426471,-96.478745
71.446573,-96.478745
71.466589,-96.478745
71.486474,-96.478745
71.507126,-96.478745
71.526799,-96.478745
71.546429,-96.478745
71.566349,-96.478745
71.586465,-96.478745
71.606311,-96.478745
71.626326,-96.478745
71.646304,-96.478745
71.666399,-96.478745
71.686337,-96.478745
71.706299,-96.478745
71.726282,-96.478745
71.746383,-96.478745
71.766333,-96.478745
71.786235,-96.478745
71.806270,-96.478745
71.826305,-96.478745
71.846300,-96.478745
71.866160,-96.478745
71.886267,-96.478745
71.906438,-96.478745
71.926188,-96.478745
71.946102,-96.478745
71.966230,-96.478745
