0.271402,-9.233986
0.291357,-9.926016
0.311462,-9.820206
0.332399,-9.797796
0.351451,-10.900517
0.371464,-9.045835
0.391646,-9.193145
0.411350,-9.118365
0.432353,-8.777396
0.451354,-10.076525
0.471337,-10.196605
0.492313,-9.560702
0.511245,-10.521749
0.532292,-9.775643
0.551239,-9.584416
0.572316,-9.785964
0.592223,-10.175008
0.612347,-9.775585
0.632433,-10.530942
0.652410,-8.763100
0.672210,-9.367966
0.692425,-9.059256
0.712258,-8.997204
0.732153,-10.430305
0.752180,-9.203436
0.772194,-9.333613
0.792196,-9.580302
0.812150,-8.907215
0.832167,-10.177814
0.852198,-9.595798
0.872085,-9.706638
0.892065,-9.874603
0.912104,-9.388995
0.932089,-9.889542
0.952240,-10.125978
0.972098,-9.604799
0.991980,-10.044669
1.012580,-9.306642
1.033097,-9.996970
1.052113,-10.309834
1.071964,-9.454724
1.091961,-10.183743
1.112110,-9.371740
1.131988,-10.173579
1.151972,-10.424813
1.171915,-9.479886
1.191925,-10.239594
1.211864,-9.325723
1.232002,-10.114596
1.251820,-10.595999
1.271862,-9.545835
1.291896,-10.328943
1.311796,-9.388257
1.331833,-9.871691
1.351879,-10.898858
1.371801,-9.960314
1.391955,-10.635435
1.411911,-9.938844
1.432149,-9.243389
1.451834,-9.421838
1.471694,-9.374735
1.491743,-9.178767
1.511705,-10.415250
1.532056,-10.044238
1.551830,-10.298535
1.571693,-10.812474
1.591743,-10.639358
1.611933,-9.955895
1.631690,-10.200195
1.651668,-10.117379
1.671723,-10.814088
1.691731,-11.108405
1.711895,-10.325978
1.731806,-9.943841
1.751576,-9.358031
1.771804,-8.691287
1.791651,-9.821396
1.811751,-10.294297
1.831692,-8.317584
1.851672,-9.760652
1.871561,-8.938369
1.891503,-7.926815
1.911609,-8.986230
1.931769,-10.886016
1.951486,-8.788803
1.971594,-10.668013
1.991544,-12.333474
2.011637,-9.893767
2.031535,-11.397275
2.051431,-12.911157
2.071480,-9.803575
2.091565,-9.926097
2.111375,-11.816978
2.131357,-10.599950
2.151554,-9.389628
2.171401,-11.370257
2.191584,-10.631618
2.211414,-8.762896
2.232536,-10.669353
2.251341,-10.813615
2.271409,-8.803098
2.291577,-10.673173
2.311449,-11.483951
2.332396,-9.363042
2.351272,-9.897754
2.371326,-10.350419
2.392278,-9.567626
2.412396,-8.860745
2.432320,-10.363503
2.452194,-10.216754
2.472357,-8.882268
2.492172,-10.076078
2.512192,-9.732137
2.532418,-8.755637
2.552176,-9.655047
2.572362,-8.674788
2.592206,-8.992533
2.612166,-9.443448
2.632270,-8.900154
2.652127,-9.591161
2.672092,-9.709072
2.692133,-9.028882
2.712117,-9.570540
2.732177,-9.853982
2.752269,-10.432807
2.772043,-9.451212
2.792170,-10.840501
2.812163,-11.246415
2.832081,-9.751201
2.851991,-10.572017
2.872092,-10.480650
2.892103,-9.887010
2.911970,-9.689168
2.932192,-9.576273
2.952079,-10.145099
2.972018,-9.279616
2.992011,-9.936517
3.011970,-10.648382
3.031966,-8.455060
3.052006,-9.734962
3.072101,-10.807426
3.092306,-7.676192
3.111879,-9.349607
3.131929,-10.413737
3.151917,-7.773490
3.171815,-8.958482
3.191897,-10.698296
3.211879,-8.047881
3.232141,-8.683692
3.251961,-10.601949
3.271847,-8.527991
3.291711,-8.851886
3.311787,-10.174489
3.332018,-8.392624
3.351807,-8.479881
3.371886,-10.503644
3.391742,-8.545208
3.412147,-6.501671
3.431679,-12.147269
3.451641,-8.041010
3.471787,-10.643413
3.491732,-9.376111
3.511601,-8.568795
3.531980,-8.684065
3.551740,-9.099195
3.571589,-8.259562
3.591686,-10.956733
3.611764,-6.690774
3.631795,-8.817792
3.651512,-9.876524
3.671613,-10.018734
3.691719,-11.516225
3.711855,-8.630746
3.731506,-10.133185
3.751487,-9.364740
3.771559,-11.102359
3.791622,-8.506444
3.811412,-12.202908
3.831457,-8.801744
3.851569,-11.871943
3.871405,-8.869634
3.891448,-12.156367
3.911712,-8.487222
3.932500,-13.299880
3.951582,-7.707107
3.971349,-8.773130
3.991362,-9.181285
4.012598,-11.015857
4.032388,-11.008679
4.051324,-6.912111
4.071322,-10.489310
4.092309,-9.821192
4.112451,-10.502873
4.132331,-12.563134
4.152311,-9.333619
4.171431,-10.752038
4.192245,-12.939322
4.212322,-8.220006
4.232380,-8.694447
4.252228,-11.677545
4.272423,-9.859876
4.292133,-8.437070
4.312352,-8.669484
4.332125,-11.830403
4.352314,-7.274244
4.372257,-10.499726
4.392119,-10.630595
4.412101,-9.001731
4.432494,-9.520221
4.452071,-10.207859
4.472028,-9.187811
4.492041,-7.114077
4.512208,-10.402745
4.532051,-11.105022
4.552209,-8.966222
4.572126,-9.297127
4.592308,-10.356326
4.612119,-11.404313
4.632038,-9.104606
4.652175,-9.529265
4.671977,-10.547379
4.691897,-12.240806
4.712040,-8.987479
4.732279,-8.921752
4.752373,-11.115993
4.772356,-10.080128
4.791898,-9.481936
4.811911,-6.324292
4.831913,-8.308921
4.851846,-6.614320
4.871878,-8.289950
4.891951,-7.453371
4.911792,-8.075284
4.932149,-8.386626
4.952158,-6.925895
4.971976,-7.278075
4.991732,-7.390718
5.011896,-6.739927
5.031846,-7.729366
5.051765,-6.670455
5.071795,-9.003140
5.091774,-9.106706
5.111778,-9.550508
5.131902,-9.176039
5.151678,-11.874742
5.171750,-11.281270
5.191809,-12.550680
5.211767,-8.829818
5.231742,-9.852086
5.252107,-8.077613
5.271961,-7.284264
5.291726,-7.744440
5.311895,-10.383031
5.331734,-8.461633
5.351765,-9.220563
5.371569,-8.120105
5.391560,-9.134969
5.411543,-8.782599
5.431656,-9.149755
5.451685,-9.473386
5.471535,-10.593772
5.491681,-11.330961
5.511811,-10.218104
5.532342,-9.357918
5.551859,-12.543498
5.571439,-11.119518
5.591898,-10.585179
5.611496,-8.477899
5.632642,-11.590438
5.651503,-11.184222
5.671406,-8.711260
5.691608,-9.105015
5.711559,-10.402236
5.732464,-10.888644
5.751851,-9.055586
5.771518,-9.614901
5.791458,-9.616273
5.811315,-10.575459
5.832433,-9.406373
5.851476,-8.673650
5.871284,-9.447088
5.891387,-9.268792
5.911483,-8.887477
5.932416,-11.213175
5.952336,-9.080783
5.972477,-9.595431
5.992230,-11.186673
6.012363,-12.508944
6.032380,-6.697855
6.052272,-10.328044
6.072418,-11.447392
6.092298,-7.545570
6.112287,-8.189981
6.132404,-9.948608
6.152328,-10.471584
6.172137,-10.334628
6.192211,-9.624251
6.212189,-9.436636
6.232188,-10.079288
6.252209,-7.706282
6.272144,-9.437860
6.292142,-8.502748
6.312321,-9.305690
6.332111,-8.981812
6.352241,-9.115355
6.372254,-8.130243
6.392055,-9.631249
6.412234,-9.016932
6.432058,-8.351153
6.452039,-7.603063
6.472184,-8.457187
6.492003,-9.781664
6.512028,-8.585319
6.532129,-8.340322
6.552155,-8.678763
6.572123,-10.997809
6.591967,-10.057903
6.611967,-10.030899
6.631957,-11.012717
6.651886,-12.471246
6.672131,-10.416286
6.691850,-9.636627
6.712068,-10.653492
6.731925,-11.341290
6.751904,-11.351544
6.771961,-9.019350
6.791917,-13.752261
6.811874,-10.810768
6.831863,-10.434105
6.851818,-7.345138
6.871943,-10.275333
6.891781,-10.345791
6.911945,-8.745012
6.931949,-9.001787
6.951790,-9.676077
6.971745,-11.843950
6.991740,-10.444237
7.011782,-7.901549
7.032142,-10.360373
7.051711,-9.603364
7.071744,-9.652315
7.091848,-10.188068
7.111857,-9.560192
7.132044,-10.552660
7.151794,-9.012596
7.171956,-9.363808
7.191653,-9.796726
7.211868,-11.762320
7.231773,-6.643062
7.251748,-8.711802
7.271766,-9.357240
7.291651,-9.697448
7.311719,-9.567585
7.331699,-9.709646
7.351754,-8.634872
7.371635,-9.570553
7.391587,-8.774520
7.411493,-8.322773
7.431692,-7.964493
7.451543,-10.436026
7.471484,-10.181881
7.491673,-8.476789
7.511743,-7.596117
7.531584,-9.443605
7.551708,-9.599236
7.571534,-8.657489
7.591443,-9.501755
7.611600,-10.391699
7.632416,-9.781025
7.652532,-9.096269
7.671426,-7.154460
7.691399,-9.704027
7.711404,-10.220858
7.732471,-11.262808
7.751374,-8.590576
7.771376,-11.789091
7.792268,-10.707300
7.812660,-11.114544
7.832427,-7.928492
7.852498,-11.722755
7.872404,-11.090607
7.892355,-11.614340
7.912482,-9.859114
7.932272,-11.187155
7.952430,-10.501593
7.972384,-9.338011
7.992347,-8.184821
8.012347,-10.078445
8.032554,-9.982650
8.052343,-9.064465
8.072347,-7.771314
8.092205,-10.147127
8.112159,-11.222491
8.132215,-10.497874
8.152192,-9.605578
8.172167,-9.394388
8.192117,-10.202580
8.212159,-8.701225
8.232170,-9.728506
8.252162,-8.800537
8.272113,-9.580944
8.292074,-9.272870
8.312331,-9.650208
8.332100,-10.713056
8.352092,-9.504478
8.372054,-8.317619
8.392208,-8.967726
8.412148,-7.376129
8.432432,-9.212341
8.452003,-9.269436
8.472024,-9.437610
8.491909,-8.675211
8.512496,-10.491295
8.531974,-10.316357
8.551952,-10.370008
8.572034,-8.658735
8.592010,-10.315898
8.612032,-10.852551
8.631899,-10.386074
8.651904,-9.651632
8.672019,-10.952940
8.691934,-9.795713
8.711985,-9.892077
8.731817,-6.361730
8.751813,-9.697662
8.771811,-9.489645
8.791793,-9.691041
8.811777,-7.888063
8.832772,-11.072319
8.851885,-10.840337
8.871709,-10.965094
8.891742,-7.477797
8.911742,-11.162949
8.931729,-11.178108
8.951858,-9.180120
8.971884,-8.084827
8.991840,-10.059524
9.011818,-11.198215
9.031921,-9.497766
9.051656,-9.047506
9.071869,-9.639236
9.091706,-11.915436
9.111983,-9.946410
9.131594,-9.746075
9.151670,-9.117429
9.171867,-10.317844
9.191727,-8.035112
9.211487,-7.885252
9.231641,-8.587420
9.251554,-9.459129
9.271521,-9.426762
9.291580,-8.560329
9.311528,-8.542561
9.331686,-11.488790
9.351608,-11.384762
9.371483,-11.967873
9.391524,-11.069259
9.411614,-11.198133
9.432902,-10.684237
9.451440,-11.301413
9.471596,-9.218596
9.492557,-12.072420
9.511350,-10.425831
9.532375,-10.946524
9.551789,-7.601404
9.571551,-10.073599
9.592441,-10.229574
9.611447,-9.404564
9.632355,-9.394600
9.652446,-11.067689
9.672635,-10.974969
9.692792,-10.037693
9.712261,-10.405334
9.732647,-10.542351
9.752491,-9.782823
9.772254,-7.269685
9.792218,-7.477608
9.812303,-8.197481
9.832358,-7.747892
9.852238,-8.021000
9.872243,-7.387076
9.892306,-6.553508
9.912386,-8.234070
9.932263,-10.711178
9.952188,-11.346210
9.972282,-10.183973
9.992182,-9.791376
10.012163,-9.529943
10.032124,-10.549828
10.052204,-8.709385
10.072098,-11.173796
10.092202,-9.495752
10.112280,-9.359449
10.132187,-9.005796
10.152029,-11.680065
10.172073,-11.759007
10.192100,-10.330334
10.212031,-6.174978
10.232056,-10.586073
10.252017,-11.538082
10.271965,-10.178056
10.291953,-7.492652
10.312053,-10.376629
10.331991,-9.946066
10.352001,-10.602043
10.372031,-9.172134
10.391859,-10.934916
10.411890,-11.053652
10.431839,-10.882373
10.451908,-9.626856
10.471831,-11.501529
10.491886,-11.584726
10.511860,-12.107605
10.531832,-10.523257
10.552068,-10.139566
10.571914,-9.702448
10.591793,-11.527900
10.611855,-10.064701
10.631879,-11.262520
10.651842,-10.813931
10.671719,-10.161234
10.691715,-9.127823
10.711995,-8.892474
10.732298,-13.228415
10.751891,-11.347944
10.771741,-6.967793
10.791719,-10.774901
10.811734,-11.840890
10.831655,-11.055965
10.851682,-6.250388
10.871682,-10.046502
10.891684,-9.730649
10.911804,-9.148890
10.931739,-8.700767
10.951862,-11.263968
10.971743,-10.671090
10.991678,-9.459060
11.011660,-11.286172
11.031606,-10.706532
11.051663,-11.211734
11.071746,-10.732881
11.091722,-9.868515
11.111597,-10.183816
11.131820,-9.155544
11.151609,-10.014674
11.171538,-9.683991
11.191763,-10.451056
11.211552,-10.869081
11.232561,-9.333613
11.251617,-10.480836
11.271669,-10.280627
11.291584,-9.780440
11.311447,-9.446362
11.332531,-9.020965
11.351616,-9.326463
11.371392,-10.245246
11.391482,-10.157001
11.412730,-9.684812
11.432452,-11.358220
11.452343,-11.118344
11.472366,-9.041109
11.492316,-8.887808
11.512325,-9.712194
11.532323,-9.948176
11.552305,-10.625401
11.572354,-9.101800
11.592298,-10.390412
11.612231,-10.882132
11.632256,-9.396944
11.652353,-8.038631
11.672655,-9.869412
11.692200,-9.904731
11.712196,-6.623179
11.732136,-9.123744
11.752265,-10.220293
11.772198,-9.187103
11.792129,-8.816061
11.812128,-8.869170
11.832334,-9.557848
11.852121,-11.872976
11.872290,-7.971747
11.892220,-8.862053
11.912203,-9.293785
11.932176,-10.930590
11.952303,-8.587463
11.972103,-8.028671
11.992056,-9.770519
12.012012,-8.396850
12.032110,-8.985815
12.052080,-9.447859
12.072052,-7.465055
12.092169,-9.221170
12.112032,-7.765659
12.131991,-8.392698
12.152220,-8.279575
12.171953,-9.308239
12.191996,-9.390545
12.212156,-10.513992
12.232048,-8.641926
12.251941,-9.895511
12.271879,-10.887671
12.291940,-8.809415
12.312210,-7.993367
12.331867,-9.985477
12.351820,-7.878214
12.372030,-10.389585
12.391864,-8.435779
12.411746,-11.213038
12.431761,-10.608282
12.451762,-12.374452
12.471811,-9.919442
12.491782,-11.660089
12.512015,-10.737477
12.531861,-9.725291
12.552144,-10.613785
12.571888,-10.595052
12.591771,-9.219978
12.611745,-8.207569
12.631837,-8.794935
12.651780,-10.570841
12.671798,-10.915340
12.691667,-9.599101
12.711738,-10.249837
