0.239614,3.163883
0.259353,3.164893
0.279387,3.166199
0.299413,3.167230
0.319263,3.168379
0.339288,3.169707
0.359262,3.170508
0.379346,3.171449
0.399456,3.172159
0.419334,3.172555
0.440315,3.173325
0.459688,3.174132
0.479412,3.174548
0.499293,3.175073
0.519415,3.175468
0.539300,3.175864
0.559323,3.176062
0.579312,3.175841
0.599384,3.176316
0.619561,3.176351
0.639418,3.176082
0.659404,3.175670
0.679326,3.175366
0.699308,3.174783
0.719316,3.173873
0.739228,3.173183
0.759450,3.172717
0.779369,3.171966
0.799337,3.171253
0.819233,3.170801
0.839232,3.170235
0.859427,3.169821
0.879334,3.169350
0.899359,3.168912
0.919497,3.168604
0.939446,3.168387
0.959317,3.167820
0.980428,3.167508
0.999760,3.166573
1.019433,3.165248
1.039331,3.164045
1.059258,3.162750
1.079383,3.161257
1.099395,3.159399
1.119280,3.157462
1.139331,3.155800
1.159317,3.153311
1.179310,3.151226
1.199363,3.149346
1.219314,3.146532
1.239486,3.144471
1.259401,3.141839
1.279427,3.138639
1.299285,3.135320
1.319359,3.132246
1.339233,3.130302
1.360104,3.128103
1.379669,3.125404
1.399410,3.123449
1.419286,3.120905
1.439346,3.119249
1.459371,3.118237
1.479339,3.116928
1.499307,3.115343
1.519454,3.114081
1.539255,3.113392
1.559334,3.112651
1.579412,3.111877
1.599261,3.111577
1.619454,3.111482
1.639367,3.111279
1.659288,3.110979
1.679300,3.110073
1.699389,3.109250
1.719508,3.107973
1.739405,3.106478
1.759290,3.105058
1.779331,3.103062
1.799342,3.101651
1.819282,3.100605
1.841185,3.098694
1.859689,3.096810
1.879310,3.095419
1.899336,3.094454
1.919401,3.093617
1.941830,3.093205
1.959336,3.093257
1.979403,3.092577
1.999401,3.093264
2.019303,3.093828
2.039454,3.093727
2.059345,3.093523
2.079197,3.093973
2.099383,3.094266
2.119377,3.094613
2.139342,3.095239
2.159294,3.096305
2.179322,3.097082
2.199304,3.098265
2.219337,3.099330
2.239367,3.100478
2.259406,3.101779
2.279454,3.102703
2.299529,3.103309
2.319589,3.104288
2.339501,3.105363
2.359413,3.106311
2.379386,3.107332
2.399527,3.108318
2.419488,3.109567
2.439442,3.110943
2.459576,3.112484
2.479460,3.113683
2.499404,3.115371
2.519456,3.117021
2.539403,3.118866
2.559351,3.120663
2.579295,3.121506
2.600510,3.122164
2.620543,3.123827
2.639498,3.124643
2.659392,3.125138
2.679348,3.126008
2.699396,3.126001
2.719396,3.126018
2.739292,3.125958
2.759281,3.125592
2.779384,3.125434
2.799406,3.125182
2.819429,3.124775
2.839392,3.123622
2.859365,3.122949
2.879269,3.123064
2.899386,3.122807
2.919366,3.122680
2.939290,3.122471
2.959470,3.122153
2.979380,3.121909
2.999389,3.121950
3.019429,3.121088
3.039277,3.120567
3.059379,3.120997
3.079348,3.120790
3.099252,3.120554
3.119310,3.120557
3.139321,3.119852
3.159449,3.119599
3.179354,3.118698
3.199406,3.118134
3.219443,3.116661
3.239374,3.114918
3.259311,3.112295
3.279279,3.109955
3.299350,3.107886
3.319293,3.106041
3.339286,3.104038
3.359354,3.102369
3.379422,3.100104
3.399271,3.098342
3.419356,3.096479
3.439350,3.093883
3.459754,3.091249
3.479481,3.089301
3.499310,3.088460
3.519277,3.086701
3.539365,3.085307
3.559256,3.084147
3.579253,3.081583
3.599356,3.079865
3.619460,3.079506
3.639405,3.077525
3.659411,3.074878
3.679569,3.073417
3.699357,3.071322
3.719306,3.069971
3.739764,3.069946
3.759454,3.067647
3.779349,3.065140
3.799444,3.063967
3.820518,3.062494
3.839799,3.060583
3.859433,3.059565
3.879354,3.058610
3.899204,3.058280
3.919323,3.058760
3.939361,3.058741
3.959362,3.058210
3.979427,3.058515
3.999323,3.058380
4.019272,3.058437
4.039342,3.058560
4.059351,3.058645
4.079307,3.059698
4.099304,3.060929
4.119506,3.060667
4.139392,3.061896
4.159236,3.063462
4.179388,3.064364
4.200138,3.065663
4.219501,3.066503
4.239244,3.067477
4.259375,3.068441
4.279449,3.069302
4.299397,3.070140
4.319531,3.071595
4.339311,3.072697
4.359303,3.074284
4.379367,3.075615
4.399302,3.077534
4.419273,3.078733
4.439372,3.079555
4.459467,3.080492
4.479372,3.081830
4.499386,3.083002
4.519385,3.084043
4.539333,3.085562
4.559344,3.087411
4.579329,3.088991
4.599323,3.089503
4.619326,3.089542
4.639348,3.090372
4.659337,3.091134
4.679334,3.092104
4.699388,3.093750
4.719400,3.094789
4.739320,3.096638
4.759457,3.097719
4.779289,3.098472
4.799326,3.100460
4.819311,3.102730
4.839374,3.105000
4.859471,3.107351
4.879304,3.109788
4.899412,3.111654
4.919367,3.112410
4.939370,3.114659
4.959347,3.117045
4.979358,3.118836
5.000319,3.121425
5.020017,3.123593
5.039407,3.125506
5.059451,3.126858
5.079387,3.127784
5.099253,3.128770
5.119280,3.130753
5.139284,3.131596
5.159395,3.132660
5.179437,3.133366
5.199260,3.133942
5.219451,3.134845
5.239357,3.135698
5.260602,3.136234
5.279539,3.136788
5.299419,3.137786
5.319510,3.137849
5.339338,3.138287
5.359360,3.138650
5.379441,3.138240
5.399398,3.138287
5.419463,3.137726
5.439503,3.138679
5.459247,3.138244
5.479342,3.137890
5.499316,3.136838
5.519457,3.135249
5.539374,3.134646
5.559763,3.134594
5.579314,3.133928
5.599416,3.132237
5.619316,3.131455
5.639251,3.131079
5.659346,3.130528
5.679362,3.129723
5.699344,3.130061
5.719329,3.129086
5.739342,3.128937
5.759316,3.129450
5.779420,3.129467
5.799398,3.129237
5.819432,3.129386
5.839422,3.130410
5.859292,3.130308
5.879359,3.130008
5.899310,3.130103
5.919401,3.130465
5.939248,3.130343
5.959322,3.129435
5.979455,3.130093
5.999487,3.130834
6.019283,3.131144
6.039343,3.132229
6.059330,3.132928
6.079375,3.132747
6.099307,3.134025
6.119301,3.135570
6.139400,3.136849
6.159362,3.137650
6.179355,3.138530
6.199340,3.140117
6.219302,3.141182
6.239466,3.142648
6.259577,3.143839
6.279363,3.145532
6.299260,3.146552
6.319481,3.146946
6.339248,3.147161
6.359375,3.147790
6.379333,3.148596
6.399368,3.148676
6.419426,3.148471
6.440345,3.148771
6.460298,3.148365
6.479412,3.148781
6.499304,3.148799
6.519595,3.149372
6.539289,3.150294
6.559294,3.150017
6.579305,3.149621
6.599421,3.150393
6.619313,3.150821
6.640533,3.150615
6.659925,3.151292
6.679412,3.151353
6.699349,3.151509
6.719313,3.151813
6.739361,3.151065
6.759386,3.150888
6.779333,3.150969
6.800347,3.151016
6.819808,3.150349
6.839487,3.149516
6.859346,3.150045
6.879313,3.151006
6.899981,3.151794
6.919594,3.152493
6.939403,3.152947
6.959611,3.153255
6.979730,3.153988
6.999252,3.153955
7.019270,3.155363
7.039232,3.156390
7.059335,3.157212
7.079385,3.157562
7.099260,3.158808
7.119392,3.158979
7.139337,3.159396
7.159378,3.159852
7.179446,3.160517
7.199410,3.160692
7.219416,3.161349
7.239427,3.161187
7.259367,3.161451
7.279354,3.160988
7.299330,3.159669
7.319335,3.158261
7.339405,3.157903
7.359294,3.157820
7.379432,3.156549
7.399477,3.154986
7.419373,3.153037
7.440720,3.151494
7.460012,3.148954
7.479383,3.146550
7.499366,3.145010
7.519301,3.142367
7.539489,3.139485
7.559427,3.137604
7.579260,3.135848
7.599392,3.133391
7.619481,3.130993
7.639410,3.129813
7.659402,3.128032
7.679481,3.125933
7.699351,3.123682
7.719467,3.122702
7.739334,3.120352
7.759465,3.118306
7.779500,3.117029
7.799355,3.115298
7.819439,3.113347
7.839309,3.111257
7.859317,3.109067
7.879485,3.107477
7.899393,3.104465
7.919440,3.101002
7.939373,3.097617
7.959380,3.094117
7.979465,3.089427
7.999341,3.085174
8.019256,3.081388
8.039326,3.075994
8.059255,3.070527
8.079282,3.065623
8.099319,3.060600
8.119379,3.054799
8.139409,3.049562
8.159390,3.044154
8.179372,3.039352
8.199363,3.034052
8.219302,3.028867
8.239371,3.023074
8.259388,3.016495
8.279337,3.011242
8.299368,3.005888
8.319295,2.999807
8.340319,2.993066
8.359454,2.985562
8.379388,2.978627
8.399386,2.972910
8.419248,2.967203
8.439417,2.959773
8.459323,2.951903
8.479330,2.943399
8.499327,2.934315
8.519435,2.925529
8.539329,2.916998
8.560516,2.907736
8.580199,2.897343
8.599479,2.887796
8.619481,2.879024
8.639328,2.869398
8.659351,2.858517
8.679406,2.848595
8.699363,2.838783
8.719310,2.829444
8.739297,2.819850
8.759327,2.809363
8.779339,2.798141
8.799283,2.787595
8.819347,2.777879
8.839326,2.767720
8.859210,2.757573
8.879402,2.748006
8.899412,2.738578
8.919461,2.729436
8.939389,2.721053
8.959413,2.712382
8.979322,2.702718
8.999252,2.693299
9.019360,2.684854
9.039334,2.676671
9.059438,2.668214
9.079315,2.659733
9.099315,2.651611
9.119375,2.643965
9.139346,2.636614
9.159310,2.629243
9.179323,2.621829
9.200123,2.614347
9.219578,2.607480
9.239274,2.600402
9.259250,2.593774
9.279347,2.587103
9.299313,2.579887
9.319328,2.572504
9.339451,2.565332
9.360252,2.558584
9.379796,2.551768
9.399539,2.544939
9.419459,2.537929
9.439335,2.531218
9.459490,2.524461
9.479322,2.517709
9.499322,2.511033
9.519356,2.503800
9.539464,2.496180
9.559413,2.488394
9.579341,2.481035
9.599483,2.473919
9.619342,2.466873
9.639376,2.459705
9.659334,2.451341
9.679381,2.442639
9.699364,2.434948
9.719544,2.427441
9.739408,2.419673
9.759269,2.411278
9.780152,2.403033
9.800135,2.394977
9.819583,2.386783
9.839344,2.378612
9.859373,2.370695
9.879397,2.363103
9.899343,2.356254
9.919324,2.349237
9.939368,2.341792
9.959343,2.334835
9.979286,2.328857
9.999261,2.323695
10.019448,2.317172
10.039332,2.311116
10.059334,2.305879
10.079296,2.300515
10.099349,2.295023
10.119262,2.289940
10.139296,2.285218
10.159376,2.280130
10.179415,2.275293
10.199315,2.271038
10.219315,2.266963
10.239344,2.262976
10.259352,2.259008
10.279349,2.255105
10.299447,2.251699
10.319382,2.248246
10.339345,2.244703
10.359378,2.241152
10.379390,2.237900
10.399314,2.234559
10.419333,2.231124
10.439227,2.227636
10.459347,2.223915
10.479405,2.219851
10.499326,2.215821
10.519595,2.211793
10.539302,2.207674
10.559371,2.203341
10.580058,2.199017
10.599908,2.195085
10.619564,2.190785
10.639306,2.186735
10.659352,2.182826
10.679390,2.178080
10.699351,2.174190
10.719387,2.170229
10.739383,2.164993
10.759360,2.160469
10.779392,2.155867
10.799367,2.150815
10.820174,2.146527
10.840400,2.141970
10.859915,2.137396
10.879400,2.133235
10.899308,2.128711
10.919288,2.123307
10.939583,2.118987
10.959285,2.114943
10.979537,2.109867
10.999566,2.105004
11.019336,2.100425
11.039474,2.095772
11.059338,2.091030
11.079405,2.086351
11.099348,2.081480
11.119287,2.076742
11.139297,2.072586
11.159443,2.067916
11.179388,2.062820
11.199289,2.057648
11.219364,2.053923
11.239738,2.050009
11.259383,2.045011
11.279299,2.040155
11.299341,2.035143
11.319564,2.030477
11.339357,2.026433
11.359349,2.021672
11.379363,2.016584
11.399294,2.011377
11.419246,2.005903
11.439534,2.000561
11.460360,1.994976
11.480411,1.989146
11.499586,1.983429
11.519392,1.977019
11.539401,1.970464
11.559311,1.964047
11.579302,1.957477
11.599302,1.950642
11.620180,1.944128
11.640301,1.937161
11.659687,1.930020
11.679366,1.923624
11.699276,1.916493
11.719305,1.909486
11.739391,1.902882
11.759348,1.896486
11.779327,1.890009
11.799382,1.883601
11.819358,1.876211
11.839373,1.869008
11.859325,1.862215
11.879383,1.855287
11.899309,1.847357
11.919478,1.839729
11.939328,1.832684
11.959344,1.825762
11.979290,1.818245
11.999315,1.810518
12.019318,1.803000
12.039344,1.795364
12.059382,1.788185
12.079472,1.779536
12.099406,1.769958
12.119292,1.761679
12.140638,1.754249
12.160377,1.745495
12.179520,1.736931
12.199370,1.728758
12.219486,1.720578
12.239445,1.712459
12.259289,1.704413
12.279437,1.696756
12.299465,1.689629
12.319375,1.683235
12.339263,1.676314
12.360394,1.669746
12.380385,1.663891
12.399426,1.657808
12.419490,1.651162
12.439378,1.645952
12.459470,1.640569
12.479319,1.633770
12.499317,1.628139
12.519418,1.622671
12.539443,1.616937
12.559327,1.611614
12.579384,1.606007
12.599321,1.599219
12.619336,1.591959
12.639271,1.584974
12.659268,1.578294
12.679323,1.570926
12.699410,1.563196
12.719557,1.555376
12.739371,1.547687
12.759420,1.540442
12.779327,1.533271
12.799321,1.526301
12.819396,1.519682
12.839338,1.512420
12.859453,1.505585
12.879362,1.499767
12.899284,1.494281
12.919415,1.488592
12.939390,1.483015
12.959402,1.478417
12.979409,1.475235
12.999372,1.471743
13.019460,1.468834
13.040646,1.466366
13.059932,1.463926
13.079452,1.462104
13.099409,1.460670
13.119330,1.459648
13.139340,1.458715
13.159280,1.458008
13.179304,1.458248
13.200184,1.458922
13.220181,1.459839
13.239490,1.461671
13.259330,1.463657
13.279284,1.465363
13.299348,1.467227
13.319288,1.469416
13.339406,1.471670
13.360558,1.473639
13.379795,1.476463
13.399386,1.478798
13.419305,1.481355
13.439307,1.483998
13.459312,1.485694
13.479311,1.487141
13.499293,1.488980
13.519334,1.491108
13.539358,1.493654
13.559421,1.495310
13.579296,1.495918
13.599392,1.497271
13.619271,1.499087
13.639391,1.500240
13.659348,1.501093
13.679310,1.501661
13.699452,1.502359
13.719377,1.503414
13.739420,1.504751
13.759338,1.505987
13.779233,1.506639
13.799293,1.507916
13.819302,1.509425
13.839355,1.510528
13.859253,1.511910
13.880131,1.513666
13.899920,1.515280
13.919513,1.516471
13.939291,1.517788
13.959447,1.518595
13.979489,1.519517
13.999271,1.520894
14.019443,1.522064
14.039289,1.523278
14.059352,1.524654
14.079347,1.525982
14.099343,1.527293
14.119385,1.527995
14.139366,1.529200
14.159365,1.530709
14.179356,1.531884
14.199519,1.534181
14.219371,1.535917
14.239504,1.537515
14.259375,1.539516
14.279274,1.541467
14.299326,1.543400
14.319345,1.545872
14.339374,1.548516
14.359313,1.550879
14.379322,1.553270
14.399205,1.555424
14.419305,1.557648
14.439327,1.560288
14.459430,1.562570
14.479311,1.564474
14.499375,1.566487
14.519420,1.568226
14.539340,1.569420
14.559447,1.571367
14.579387,1.573723
14.599278,1.575175
14.619329,1.576850
14.639514,1.579401
14.659364,1.581737
14.679356,1.583380
14.699359,1.585208
14.719471,1.587981
14.739440,1.590535
14.759368,1.593410
14.779267,1.596315
14.799432,1.599485
14.819271,1.602544
14.839308,1.604590
14.859326,1.607070
14.879254,1.611148
14.899473,1.613788
14.919238,1.617353
14.939319,1.620947
14.960050,1.623617
14.980130,1.626220
14.999426,1.628575
15.019289,1.632259
15.039312,1.635535
15.059361,1.638653
15.079437,1.641282
15.099398,1.643422
15.119440,1.646024
15.139377,1.648889
15.159302,1.650469
15.180247,1.652679
15.199459,1.654418
15.219237,1.655596
15.239407,1.656673
15.259371,1.657630
15.279419,1.657783
15.299271,1.657727
15.319356,1.657272
15.340191,1.657886
15.360380,1.657216
15.379465,1.655154
15.399325,1.653907
15.419321,1.652540
15.439345,1.651399
15.459340,1.649987
15.479372,1.648006
15.499340,1.645451
15.519527,1.641967
15.539356,1.638812
15.559459,1.635865
15.579414,1.632419
15.599370,1.628803
15.619336,1.625341
15.639438,1.621738
15.659360,1.618369
15.679183,1.614097
15.699301,1.610477
15.719326,1.606329
15.739409,1.601943
15.760561,1.598118
15.779635,1.593267
15.799368,1.588566
15.819345,1.584572
15.839707,1.580323
15.859380,1.574983
15.879327,1.569872
15.899443,1.564884
15.919384,1.560138
15.939333,1.555727
15.959575,1.550815
15.979458,1.546234
15.999358,1.539747
16.019407,1.533234
16.039402,1.527070
16.059429,1.521718
16.079465,1.516507
16.099325,1.511666
16.119304,1.507303
16.139333,1.501577
16.159285,1.496972
16.180297,1.492674
16.199822,1.487699
16.219556,1.482469
16.239301,1.476915
16.259337,1.470866
16.279358,1.464891
16.299394,1.459100
16.319293,1.453279
16.339434,1.447140
16.359407,1.441072
16.379324,1.434720
16.399297,1.429269
16.419252,1.424769
16.439346,1.420309
16.459362,1.417337
16.479381,1.414698
16.499352,1.412460
16.519269,1.410743
16.539413,1.408427
16.560201,1.405772
16.579655,1.404095
16.599388,1.403098
16.619712,1.400935
16.639432,1.398126
16.659428,1.395665
16.679297,1.392969
16.699349,1.389343
16.719343,1.386221
16.739346,1.383640
16.759469,1.380725
16.779329,1.379196
16.799355,1.377693
16.819211,1.376522
16.839304,1.376073
16.859315,1.376193
16.879236,1.375884
16.899364,1.376023
16.919393,1.375719
16.939533,1.375022
16.959335,1.375764
16.979287,1.377560
16.999438,1.378523
17.019538,1.380421
17.039413,1.381772
17.059474,1.382444
17.079435,1.383609
17.099463,1.385126
17.119368,1.386828
17.139263,1.389866
17.160144,1.392420
17.179675,1.394364
17.199420,1.395399
17.219275,1.397010
17.239388,1.399588
17.259845,1.401028
17.279391,1.402730
17.299403,1.404980
17.319306,1.407008
17.339456,1.409422
17.359309,1.411097
17.379424,1.413892
17.399412,1.417078
17.419378,1.419609
17.439395,1.422744
17.459387,1.426333
17.480305,1.430164
17.499627,1.433700
17.519405,1.436704
17.539336,1.440629
17.559328,1.444142
17.579484,1.447647
17.599322,1.451486
17.619390,1.455072
17.639376,1.458581
17.659318,1.462175
17.679331,1.466432
17.699318,1.470103
17.719246,1.474718
17.739430,1.479557
17.759322,1.484154
17.779252,1.488855
17.799341,1.494043
17.819311,1.499686
17.839371,1.504869
17.859490,1.511345
17.880104,1.517117
17.899641,1.523982
17.919471,1.530533
17.939596,1.536954
17.959565,1.543956
17.979395,1.550714
17.999425,1.556978
18.019291,1.562967
18.039389,1.568888
18.059453,1.574323
18.079243,1.580656
18.099339,1.586727
18.119286,1.593556
18.139275,1.600689
18.160156,1.608261
18.180247,1.615700
18.199482,1.622576
18.219565,1.629930
18.239347,1.637105
18.259269,1.645772
18.279315,1.653428
18.299349,1.661527
18.319386,1.669674
18.340481,1.677246
18.360280,1.685196
18.380504,1.693079
18.399375,1.700428
18.419300,1.708356
18.439340,1.714392
18.459237,1.720410
18.479352,1.728005
18.499331,1.734358
18.519389,1.740275
18.539525,1.746882
18.559298,1.753198
18.579376,1.759807
18.599342,1.765825
18.619338,1.770890
18.639481,1.776443
18.659326,1.781790
18.679345,1.786906
18.699338,1.792001
18.719332,1.796578
18.739391,1.801318
18.759351,1.806618
18.779419,1.811657
18.799366,1.815637
18.819614,1.820554
18.839381,1.825278
18.859314,1.829898
18.879316,1.834255
18.900326,1.838239
18.919830,1.842756
18.939391,1.846776
18.959321,1.851244
18.979270,1.855497
18.999576,1.859646
19.019458,1.864267
19.039635,1.868367
19.059405,1.872654
19.079285,1.877459
19.099283,1.882012
19.119203,1.887207
19.139348,1.891797
19.159439,1.896126
19.179366,1.900962
19.199315,1.906543
19.219388,1.912525
19.239350,1.917924
19.259330,1.922969
19.279317,1.928997
19.299316,1.934790
19.319404,1.940728
19.339324,1.946897
19.359411,1.952657
19.379337,1.958907
19.399343,1.964560
19.419381,1.970360
19.439363,1.976742
19.459273,1.982729
19.479342,1.989520
19.499347,1.996193
19.519479,2.002392
19.539493,2.008963
19.559511,2.015508
19.579458,2.021943
19.599540,2.028790
19.619343,2.035385
19.640550,2.041967
19.659856,2.048669
19.679348,2.054524
19.699262,2.060925
19.719276,2.067793
19.739399,2.074991
19.759364,2.082145
19.779292,2.089660
19.799340,2.097385
19.819530,2.103973
19.839267,2.111602
19.859372,2.120044
19.879399,2.126670
19.899482,2.134171
19.919563,2.142015
19.939299,2.149247
19.959396,2.155808
19.979484,2.162587
19.999317,2.169780
20.019490,2.176889
20.039523,2.183183
20.059402,2.189877
20.079306,2.196235
20.099368,2.202347
20.119322,2.209197
20.139321,2.215710
20.159305,2.222199
20.180070,2.228402
20.200276,2.234292
20.219457,2.239672
20.239339,2.244049
20.259370,2.248805
20.279350,2.252848
20.300294,2.256285
20.320375,2.259723
20.339737,2.262529
20.359494,2.265545
20.379455,2.267738
20.399279,2.269853
20.419266,2.272055
20.439378,2.274197
20.459480,2.275919
20.479280,2.277674
20.499372,2.279343
20.519307,2.280589
20.539332,2.282052
20.560086,2.283525
20.580255,2.284678
20.599481,2.286194
20.619324,2.286549
20.639373,2.287467
20.659472,2.288202
20.679281,2.288343
20.699390,2.288846
20.719314,2.289205
20.739354,2.289946
20.759346,2.289490
20.779340,2.288642
20.799501,2.288989
20.819421,2.289938
20.839417,2.289904
20.859289,2.289614
20.879337,2.288911
20.899333,2.288157
20.919391,2.287464
20.939681,2.286136
20.959324,2.285042
20.980145,2.283524
21.000003,2.281424
21.019383,2.279632
21.039469,2.279358
21.059283,2.278262
21.079405,2.276453
21.099410,2.275659
21.119341,2.274257
21.139338,2.272996
21.159264,2.272924
21.179380,2.271726
21.199331,2.270999
21.219437,2.270681
21.239416,2.269249
21.259372,2.269707
21.279352,2.270247
21.299367,2.269573
21.319230,2.269831
21.339354,2.269888
21.359300,2.269924
21.379289,2.269674
21.399417,2.269960
21.419376,2.270049
21.439338,2.269846
21.459260,2.269911
21.479366,2.270492
21.499441,2.270886
21.519388,2.270805
21.539340,2.270946
21.559299,2.271349
21.579410,2.271178
21.599308,2.270160
21.619558,2.269950
21.639450,2.270501
21.659349,2.270666
21.679213,2.270438
21.699314,2.269850
21.719386,2.268736
21.739940,2.267391
21.760257,2.266975
21.779505,2.265310
21.799285,2.263806
21.819330,2.261821
21.839298,2.258997
21.859253,2.257638
21.879331,2.254421
21.899355,2.249796
21.919337,2.246503
21.939282,2.242477
21.959312,2.237315
21.979323,2.232544
21.999293,2.228322
22.019286,2.223589
22.039391,2.218552
22.059397,2.214037
22.079419,2.209955
22.099317,2.205455
22.119350,2.201123
22.139519,2.196599
22.159390,2.193241
22.179349,2.189095
22.199433,2.184961
22.219306,2.181327
22.239359,2.177617
22.259318,2.173779
22.279433,2.170761
22.299448,2.167635
22.319310,2.165209
22.339429,2.163529
22.359292,2.161242
22.379363,2.158353
22.399399,2.156193
22.419294,2.154412
22.440210,2.152667
22.459636,2.151563
22.479292,2.151542
22.499469,2.151442
22.519386,2.151650
22.540758,2.153004
22.559350,2.154975
22.579283,2.157119
22.599352,2.159197
22.619521,2.162839
22.639349,2.166845
22.659336,2.170688
22.679360,2.174895
22.699252,2.179574
22.719426,2.184068
22.739423,2.188625
22.759345,2.193646
22.779363,2.197843
22.799249,2.202796
22.819254,2.207424
22.839367,2.211656
22.859428,2.216140
22.879451,2.220006
22.899266,2.224134
22.919367,2.228187
22.939344,2.231959
22.959302,2.236100
22.979292,2.240304
22.999368,2.244428
23.019382,2.248684
23.039364,2.253372
23.059381,2.258120
23.079304,2.262698
23.099346,2.267841
23.119510,2.272735
23.139540,2.276960
23.159293,2.281850
23.179380,2.286654
23.199415,2.291575
23.219442,2.297071
23.239384,2.302828
23.259377,2.307922
23.279264,2.313249
23.299341,2.320576
23.319374,2.327830
23.339426,2.334001
23.359419,2.341102
23.379317,2.347440
23.399348,2.354029
23.419347,2.360924
23.439416,2.367689
23.459234,2.374028
23.480328,2.380070
23.499477,2.385513
23.519320,2.391604
23.539425,2.397353
23.559326,2.402019
23.579403,2.407114
23.599304,2.412178
23.619368,2.417354
23.639326,2.423554
23.659434,2.429082
23.679409,2.434415
23.699265,2.440562
23.719577,2.446595
23.739410,2.453011
23.759430,2.459530
23.779312,2.465592
23.799367,2.472483
23.819276,2.479123
23.839322,2.485399
23.859336,2.491536
23.879292,2.497774
23.899451,2.503963
23.919297,2.510260
23.939461,2.515372
23.959388,2.520479
23.979355,2.524878
23.999355,2.528776
24.020095,2.532541
24.039833,2.535229
24.059308,2.537601
24.079372,2.540142
24.099456,2.542165
24.119402,2.543229
24.139844,2.544723
24.159277,2.546108
24.179368,2.547126
24.199383,2.548023
24.219274,2.549413
24.239383,2.549862
24.259326,2.549908
24.279503,2.551356
24.299334,2.551655
24.319502,2.552663
24.339353,2.553735
24.359431,2.553613
24.379347,2.553408
24.399504,2.553885
24.419351,2.553158
24.439392,2.551998
24.459331,2.551086
24.479396,2.551675
24.499420,2.550849
24.519320,2.549082
24.539339,2.547564
24.559358,2.545697
24.579341,2.543626
24.599422,2.540678
24.619363,2.536759
24.639385,2.532937
24.660195,2.530091
24.679777,2.526969
24.699404,2.521730
24.719283,2.516793
24.739324,2.513173
24.759426,2.508071
24.779392,2.502287
24.799469,2.497032
24.819285,2.492350
24.839264,2.487433
24.859278,2.482922
24.879355,2.478095
24.899376,2.472456
24.919376,2.466460
24.939393,2.460978
24.959388,2.455927
24.980162,2.451655
24.999694,2.447166
25.019414,2.441708
25.039452,2.436998
25.059268,2.432275
25.079395,2.427412
25.099318,2.422552
25.119558,2.417721
25.139231,2.411664
25.159328,2.406435
25.179281,2.402100
25.199331,2.397539
25.219231,2.392572
25.239490,2.388353
25.259340,2.382302
25.279363,2.376581
25.299316,2.371384
25.319327,2.366462
25.339303,2.360390
25.359334,2.355523
25.379323,2.349654
25.399306,2.343974
25.419359,2.338112
25.439332,2.330790
25.459342,2.323571
25.479273,2.317442
25.499283,2.310092
25.520709,2.303551
25.539977,2.297548
25.559308,2.291639
25.579268,2.285766
25.599560,2.278493
25.619382,2.271950
25.639426,2.266753
25.659285,2.260780
25.679342,2.255309
25.699389,2.249951
25.719315,2.243404
25.739416,2.237054
25.759328,2.231131
25.779195,2.225345
25.800489,2.219878
25.820503,2.214272
25.839639,2.208229
25.859493,2.201473
25.879412,2.194841
25.899364,2.189433
25.919265,2.184568
25.939391,2.179342
25.959443,2.173907
25.979320,2.169759
25.999275,2.165808
26.019366,2.161325
26.039502,2.156823
26.059387,2.152119
26.079381,2.149216
26.099335,2.146366
26.119348,2.143087
26.139282,2.139957
26.159322,2.137568
26.179338,2.135267
26.199335,2.133499
26.219383,2.132904
26.239240,2.131235
26.259350,2.129933
26.279263,2.129743
26.299359,2.130566
26.319383,2.132547
26.339403,2.134944
26.359421,2.137306
26.379353,2.139555
26.399342,2.142462
26.419253,2.145672
26.439385,2.151237
26.459411,2.157665
26.479396,2.162957
26.499312,2.169654
26.519321,2.177120
26.540199,2.184254
26.560312,2.191340
26.579497,2.199557
26.599580,2.207641
26.619313,2.215884
26.639354,2.223880
26.659328,2.230800
26.679339,2.237564
26.700313,2.244098
26.719993,2.250432
26.739574,2.256055
26.759380,2.261012
26.779460,2.266195
26.799364,2.270546
26.819236,2.274488
26.839423,2.277804
26.859306,2.280678
26.879313,2.283537
26.899320,2.286296
26.920301,2.288472
26.940556,2.291106
26.959765,2.293455
26.979422,2.294783
26.999239,2.296478
27.019366,2.298165
27.039353,2.298393
27.059381,2.299947
27.079320,2.303514
27.099494,2.305407
27.119267,2.307130
27.139272,2.308089
27.159286,2.309533
27.179413,2.310230
27.199306,2.311649
27.219318,2.314989
27.239258,2.314875
27.259235,2.315336
27.279238,2.315760
27.299404,2.315447
27.319302,2.314959
27.339387,2.315122
27.359369,2.315159
27.379263,2.313820
27.399346,2.312271
27.419434,2.311288
27.439339,2.310503
27.459297,2.308436
27.479404,2.306279
27.499469,2.304557
27.519311,2.304005
27.539337,2.301879
27.559311,2.298677
27.579311,2.297070
27.599418,2.294640
27.619266,2.292255
27.639318,2.291113
27.659376,2.288154
27.679329,2.286609
27.699325,2.286450
27.719286,2.284088
27.739427,2.282907
27.759346,2.282723
27.779396,2.282678
27.799396,2.281197
27.819290,2.279092
27.839247,2.278307
27.859323,2.278825
27.879405,2.277054
27.899393,2.275297
27.919276,2.274019
27.939399,2.273067
27.959376,2.271273
27.979322,2.269113
27.999330,2.266726
28.019221,2.265811
28.039313,2.265509
28.059349,2.264706
28.079331,2.262821
28.099330,2.261526
28.119355,2.258782
28.139323,2.257927
28.159378,2.256850
28.179376,2.257130
28.199290,2.256544
28.219332,2.253495
28.240366,2.251470
28.260492,2.250661
28.279623,2.250220
28.299265,2.248837
28.319355,2.247597
28.339262,2.247136
28.359416,2.247008
28.379283,2.248061
28.399423,2.248987
28.419378,2.248819
28.439223,2.249739
28.459311,2.249801
28.479434,2.250415
28.499328,2.251954
28.519340,2.252509
28.539425,2.253947
28.559239,2.255064
28.579339,2.255273
28.599322,2.254940
28.619237,2.254048
28.639330,2.255066
28.659307,2.257518
28.680054,2.259352
28.700059,2.259033
28.719485,2.258316
28.739328,2.257988
28.759326,2.257143
28.779330,2.258836
28.799264,2.260733
28.819242,2.258744
28.839355,2.257748
28.859364,2.256223
28.879264,2.254408
28.899421,2.254066
28.919267,2.255018
28.939356,2.254967
28.959428,2.254361
28.979334,2.252826
28.999289,2.250941
29.019264,2.248871
29.039327,2.248391
29.059208,2.247290
29.079333,2.245516
29.099414,2.243466
29.119261,2.241659
29.139325,2.239112
29.160361,2.235287
29.180210,2.232883
29.199642,2.229676
29.219345,2.228526
29.239735,2.225604
29.259526,2.222275
29.279405,2.218913
29.299285,2.216265
29.319349,2.214323
29.339377,2.212597
29.359302,2.211174
29.379238,2.210157
29.399328,2.208076
29.419291,2.205731
29.439282,2.204612
29.459307,2.202726
29.479397,2.199733
29.499387,2.196455
29.519345,2.195365
29.539826,2.193947
29.559705,2.191846
29.579409,2.191441
29.599359,2.189664
29.619392,2.187600
29.639364,2.186574
29.659348,2.185132
29.679298,2.183367
29.699370,2.181889
29.719320,2.180271
29.739261,2.178483
29.759362,2.176744
29.779360,2.174564
29.799289,2.171907
29.819354,2.169515
29.839268,2.167291
29.859312,2.165443
29.879364,2.163908
29.899397,2.162199
29.919353,2.160423
29.939410,2.159282
29.959344,2.158369
29.979453,2.157239
29.999496,2.156552
30.019333,2.156806
30.039469,2.157742
30.059394,2.158372
30.079469,2.158653
30.099422,2.159377
30.119272,2.160792
30.139353,2.161328
30.159459,2.161851
30.179460,2.163271
30.199433,2.164398
30.220279,2.165757
30.239594,2.166222
30.259307,2.167139
30.279258,2.169081
30.299332,2.170927
30.319352,2.172369
30.339499,2.174382
30.359385,2.176093
30.379319,2.178639
30.399317,2.181907
30.419297,2.185050
30.439319,2.189273
30.459326,2.193693
30.479443,2.198697
30.499300,2.204445
30.519313,2.209395
30.540295,2.215988
30.559438,2.222675
30.579300,2.229416
30.599446,2.236886
30.619361,2.244461
30.639296,2.252147
30.659293,2.260599
30.679318,2.268444
30.699384,2.275994
30.719276,2.284179
30.739299,2.292174
30.759327,2.300179
30.779391,2.308529
30.799482,2.316708
30.819327,2.325104
30.839319,2.333331
30.859335,2.341572
30.879364,2.348973
30.899405,2.356611
30.919323,2.364473
30.939250,2.371746
30.959334,2.380153
30.979390,2.387921
30.999362,2.395165
31.019356,2.402273
31.039311,2.409055
31.059333,2.416361
31.079315,2.423064
31.099329,2.431127
31.119374,2.439563
31.139334,2.447089
31.159408,2.455335
31.179389,2.464939
31.199319,2.475641
31.219312,2.485524
31.239398,2.496350
31.259384,2.508203
31.280316,2.519077
31.299520,2.530775
31.319407,2.542616
31.339336,2.553259
31.359378,2.565014
31.380147,2.575619
31.399702,2.586259
31.419413,2.597593
31.439280,2.607836
31.459331,2.617113
31.479233,2.627041
31.499383,2.635614
31.519288,2.644640
31.539292,2.653357
31.559345,2.661965
31.579396,2.670986
31.599335,2.679621
31.619219,2.689480
31.639340,2.699200
31.659438,2.709202
31.679348,2.720004
31.699270,2.731002
31.719267,2.741748
31.739358,2.753035
31.759348,2.764381
31.779309,2.776223
31.799414,2.788456
31.819306,2.800088
31.839299,2.811933
31.859410,2.824188
31.879356,2.836019
31.899505,2.847663
31.919364,2.858876
31.939606,2.868697
31.959317,2.877742
31.979354,2.886990
31.999297,2.894939
32.019192,2.902522
32.039319,2.909972
32.059332,2.917120
32.080356,2.923102
32.100364,2.929132
32.119542,2.934502
32.139331,2.938531
32.159322,2.943108
32.179274,2.946694
32.199309,2.949007
32.219399,2.950812
32.240465,2.952239
32.259829,2.952352
32.279355,2.951442
32.299315,2.950257
32.319361,2.947997
32.339248,2.944879
32.359397,2.941699
32.379724,2.938204
32.399224,2.934357
32.419390,2.930100
32.439348,2.925079
32.459366,2.919719
32.479394,2.913666
32.499260,2.907655
32.519313,2.901458
32.539323,2.894548
32.559379,2.888094
32.579377,2.881527
32.599344,2.874440
32.620321,2.866888
32.640118,2.859740
32.659618,2.853009
32.679456,2.845989
32.699484,2.838932
32.719321,2.831877
32.739376,2.824736
32.759298,2.817826
32.779347,2.811052
32.799302,2.804315
32.819304,2.797823
32.839274,2.791523
32.859269,2.785400
32.880321,2.778964
32.900474,2.772601
32.919437,2.766119
32.939410,2.759659
32.959354,2.753258
32.979235,2.746737
32.999282,2.739231
33.019317,2.731777
33.040133,2.724978
33.059495,2.718195
33.079454,2.710862
33.099260,2.703086
33.119344,2.695448
33.139303,2.687895
33.159326,2.679986
33.179336,2.671799
33.199354,2.663855
33.219335,2.655630
33.239372,2.646636
33.259401,2.638240
33.279257,2.630226
33.299240,2.621451
33.319407,2.612523
33.339343,2.604166
33.359428,2.596708
33.380328,2.588550
33.399892,2.579431
33.419318,2.570897
33.439254,2.562812
33.459290,2.554012
33.479409,2.545179
33.499325,2.536985
33.520617,2.528435
33.539859,2.519463
33.559381,2.510756
33.579499,2.501435
33.599361,2.491952
33.619280,2.482916
33.639260,2.473191
33.659388,2.463875
33.679245,2.454969
33.699346,2.445398
33.719251,2.436347
33.740624,2.426896
33.760245,2.416929
33.779560,2.407760
33.799434,2.398377
33.819401,2.388422
33.839418,2.377583
33.859346,2.367594
33.879325,2.358565
33.899463,2.348647
33.919372,2.337495
33.939301,2.327035
33.959443,2.315919
33.979448,2.304884
33.999372,2.293595
34.019292,2.282476
34.039321,2.271979
34.060270,2.261618
34.079908,2.251053
34.099354,2.241551
34.119406,2.232648
34.139323,2.222911
34.159359,2.212967
34.179384,2.203758
34.199377,2.194589
34.219333,2.185494
34.239344,2.177015
34.259353,2.168352
34.279312,2.159112
34.299333,2.150777
34.320231,2.143236
34.339732,2.135374
34.359398,2.127857
34.379358,2.122196
34.399444,2.116935
34.419307,2.111738
34.439374,2.108045
34.459464,2.105702
34.479451,2.103765
34.499353,2.102460
34.519405,2.102721
34.539389,2.104063
34.559345,2.105839
34.579318,2.108591
34.599355,2.112094
34.619366,2.116196
34.639354,2.120757
34.659422,2.125470
34.679395,2.130647
34.699342,2.135771
34.719389,2.141127
34.739271,2.146706
34.759382,2.152038
34.779407,2.157180
34.799437,2.162859
34.819338,2.168036
34.839329,2.172347
34.859353,2.176901
34.879347,2.181771
34.899300,2.186634
34.919343,2.191130
34.939468,2.195613
34.959308,2.200135
34.979361,2.204623
34.999356,2.209169
35.019319,2.213382
35.039345,2.217923
35.059891,2.222532
35.079484,2.226864
35.099289,2.231215
35.119587,2.235547
35.139313,2.239597
35.159385,2.243674
35.179411,2.246877
35.199299,2.250318
35.219284,2.253332
35.239442,2.255747
35.259339,2.258182
35.280198,2.259405
35.299625,2.260447
35.319340,2.261928
35.339268,2.262993
35.359344,2.264653
35.379371,2.265532
35.399441,2.266681
35.419334,2.268028
35.439351,2.269313
35.459330,2.270401
35.479436,2.271550
35.499434,2.272843
35.519429,2.274638
35.539290,2.276066
35.559387,2.276553
35.579311,2.277281
35.599306,2.278313
35.619356,2.280628
35.639348,2.282636
35.659256,2.282858
35.679288,2.282822
35.699451,2.283028
35.719334,2.285260
35.739439,2.288424
35.759273,2.289798
35.779367,2.288790
35.799400,2.287952
35.819297,2.287595
35.839347,2.286987
35.859362,2.285906
35.879223,2.284985
35.899327,2.283902
35.920424,2.281240
35.940282,2.278434
35.959483,2.275621
35.979358,2.272595
35.999412,2.268480
36.019372,2.264230
36.039382,2.259489
36.059368,2.254048
36.079353,2.248109
36.099392,2.242912
36.119398,2.237173
36.140384,2.231494
36.159511,2.225096
36.179401,2.217295
36.199279,2.209435
36.219255,2.201500
36.240202,2.193692
36.259567,2.185966
36.279326,2.177852
36.299399,2.169565
36.319308,2.161485
36.339322,2.153394
36.359414,2.144896
36.379425,2.136284
36.399376,2.127615
36.419374,2.118698
36.439416,2.109636
36.459347,2.099901
36.479362,2.090132
36.499292,2.080673
36.520192,2.071050
36.540339,2.060845
36.559596,2.050720
36.579823,2.040495
36.599441,2.029905
36.619295,2.018851
36.639285,2.007562
36.659290,1.996273
36.679292,1.984643
36.699277,1.973284
36.719361,1.961858
36.739312,1.950027
36.759284,1.938416
36.779362,1.926820
36.799453,1.915258
36.820070,1.903049
36.839880,1.890498
36.859492,1.878086
36.879314,1.865885
36.899299,1.853405
36.919359,1.840958
36.939281,1.828359
36.959434,1.815970
36.979370,1.803655
36.999354,1.791639
37.019340,1.779960
37.039872,1.768118
37.059599,1.756071
37.079441,1.743797
37.099324,1.731862
37.119200,1.719579
37.139276,1.706973
37.159324,1.694651
37.179300,1.682622
37.199481,1.670341
37.219424,1.658414
37.239398,1.646459
37.259259,1.634414
37.279199,1.622633
37.299296,1.610392
37.319293,1.598269
37.339360,1.585933
37.360071,1.573999
37.380394,1.561916
37.399404,1.549297
37.419344,1.536250
37.439381,1.523208
37.459238,1.509985
37.479331,1.496581
37.499395,1.483191
37.520165,1.469270
37.540323,1.454950
37.559505,1.441071
37.579438,1.427609
37.599305,1.414030
37.619346,1.399932
37.639265,1.385663
37.659368,1.370787
37.679320,1.355923
37.699358,1.341097
37.719316,1.325829
37.739383,1.310448
37.759246,1.295305
37.779327,1.280592
37.799353,1.265595
37.819333,1.250901
37.839456,1.236468
37.859336,1.222135
37.879339,1.207293
37.899456,1.192610
37.919384,1.178202
37.939254,1.164087
37.959392,1.150829
37.979575,1.138049
37.999350,1.125063
38.019355,1.112848
38.039340,1.102148
38.059304,1.092349
38.079325,1.083160
38.099358,1.074878
38.119236,1.067701
38.139475,1.061456
38.159395,1.055388
38.179311,1.049650
38.199368,1.044893
38.219382,1.040349
38.239296,1.036605
38.259286,1.033178
38.279316,1.029332
38.299326,1.026759
38.319371,1.024696
38.339293,1.021352
38.359203,1.018794
38.379321,1.016711
38.399255,1.014067
38.419313,1.012142
38.439370,1.010309
38.459286,1.008455
38.479340,1.007402
38.499406,1.006298
38.519336,1.005635
38.539340,1.004874
38.559380,1.003926
38.579275,1.003492
38.600193,1.004494
38.620793,1.004456
38.639498,1.003680
38.659326,1.003766
38.679369,1.003903
38.699394,1.003532
38.719388,1.003483
38.739393,1.004073
38.759299,1.004186
38.779364,1.004207
38.799347,1.004829
38.819382,1.005691
38.839460,1.006076
38.859283,1.006731
38.879322,1.007572
38.899343,1.008077
38.919325,1.009074
38.939396,1.010570
38.959324,1.012203
38.979316,1.014577
38.999388,1.017167
39.019482,1.019853
39.039305,1.023261
39.059371,1.026712
39.079300,1.030075
39.099383,1.034022
39.119301,1.038067
39.139409,1.041695
39.159441,1.045591
39.179371,1.049699
39.199421,1.053338
39.219356,1.056776
39.239391,1.060253
39.259372,1.063637
39.280216,1.066704
39.299851,1.070004
39.319413,1.073253
39.339340,1.076319
39.359281,1.079253
39.379345,1.082713
39.399366,1.086994
39.419302,1.090689
39.439394,1.094200
39.459739,1.097964
39.479395,1.102613
39.499337,1.107327
39.519341,1.112202
39.539408,1.116590
39.559356,1.121708
39.579264,1.126949
39.599303,1.132114
39.619407,1.138172
39.639298,1.143829
39.659427,1.147766
39.679404,1.151247
39.699360,1.156565
39.719338,1.162393
39.739327,1.167279
39.759385,1.172850
39.779349,1.177834
39.799326,1.183056
39.819295,1.188100
39.839259,1.192893
39.859386,1.198213
39.879294,1.204022
39.899416,1.209260
39.919372,1.214955
39.939299,1.220379
39.959428,1.225531
39.980375,1.231732
40.001641,1.238438
40.019589,1.244371
40.039315,1.250344
40.059396,1.257472
40.079384,1.265317
40.099291,1.273450
40.119336,1.281309
40.139431,1.289273
40.159314,1.298811
40.179441,1.307081
40.199297,1.314301
40.219362,1.322199
40.239300,1.330464
40.259890,1.339557
40.279444,1.347818
40.299345,1.356320
40.319352,1.365040
40.339239,1.373225
40.359323,1.381502
40.380017,1.389702
40.399354,1.397837
40.419291,1.405079
40.439408,1.414213
40.459448,1.423247
40.479302,1.433683
40.499334,1.443465
40.519244,1.453048
40.539333,1.463828
40.560209,1.474419
40.579645,1.485282
40.599313,1.496798
40.620133,1.507118
40.639689,1.518316
40.659253,1.527101
40.679322,1.536638
40.699377,1.546125
40.719331,1.553937
40.739372,1.561457
40.759385,1.568366
40.779406,1.574198
40.799327,1.580361
40.819429,1.585188
40.839377,1.588951
40.859292,1.592045
40.880118,1.594355
40.899976,1.596027
40.919235,1.598189
40.939394,1.599932
40.959213,1.599805
40.979344,1.600442
40.999298,1.600526
41.019243,1.600803
41.039425,1.602319
41.059757,1.602321
41.079317,1.602783
41.099502,1.605156
41.119284,1.606482
41.139327,1.607444
41.159381,1.609710
41.179374,1.611442
41.199314,1.612616
41.219312,1.615499
41.239351,1.617849
41.260474,1.619899
41.280318,1.623142
41.299643,1.625322
41.319384,1.628276
41.339361,1.630228
41.359270,1.632346
41.379334,1.636290
41.399369,1.640774
41.419281,1.644569
41.439252,1.648404
41.459306,1.653266
41.479344,1.657250
41.499344,1.661203
41.519353,1.664974
41.539260,1.670531
41.559330,1.676154
41.579402,1.679883
41.599268,1.684185
41.619268,1.688372
41.639327,1.692454
41.659361,1.696693
41.679422,1.700806
41.699402,1.704539
41.719372,1.708128
41.739337,1.711494
41.759317,1.714756
41.779351,1.717457
41.799335,1.720123
41.819449,1.723248
41.839467,1.726328
41.859269,1.729300
41.879277,1.732727
41.899361,1.735401
41.919363,1.737905
41.939325,1.740913
41.959371,1.745207
41.979363,1.749095
41.999328,1.751110
42.019491,1.755412
42.039365,1.758452
42.059348,1.761629
42.079293,1.765092
42.099359,1.769407
42.119248,1.773677
42.139481,1.776509
42.159409,1.778768
42.179389,1.781451
42.199313,1.784195
42.220412,1.786373
42.240188,1.788526
42.259555,1.791001
42.279325,1.793788
42.299366,1.795656
42.319396,1.797965
42.339293,1.801061
42.359370,1.803387
42.379312,1.805222
42.399390,1.806572
42.419327,1.808502
42.439363,1.809443
42.459387,1.809494
42.479340,1.810761
42.499274,1.811645
42.519353,1.810980
42.539309,1.811040
42.559303,1.811207
42.579307,1.810293
42.599411,1.809606
42.619342,1.809378
42.639278,1.808921
42.659287,1.807483
42.679330,1.806176
42.699425,1.805237
42.719349,1.804005
42.739380,1.803253
42.759276,1.802446
42.779344,1.801431
42.799348,1.800367
42.819373,1.799158
42.839410,1.797457
42.859339,1.796836
42.879242,1.795852
42.899333,1.794651
42.920285,1.793823
42.939517,1.792813
42.959317,1.791323
42.979267,1.790337
42.999392,1.788996
43.019349,1.788267
43.039368,1.787595
43.059344,1.786605
43.079477,1.786102
43.099305,1.785045
43.119302,1.784104
43.139206,1.782940
43.159342,1.781907
43.179334,1.781206
43.199295,1.779984
43.219256,1.779029
43.239241,1.778138
43.259387,1.777237
43.280460,1.776262
43.299948,1.775397
43.319442,1.774400
43.339416,1.773252
43.359385,1.772461
43.379292,1.771489
43.399322,1.770916
43.419311,1.770731
43.439358,1.770173
43.459293,1.769552
43.479359,1.769342
43.499370,1.768906
43.519282,1.768487
43.539342,1.767954
43.559378,1.767327
43.579396,1.767218
43.599331,1.768037
43.619353,1.768317
43.639415,1.767614
43.659501,1.767285
43.679286,1.766968
43.699394,1.766407
43.719439,1.766293
43.739334,1.766043
43.759355,1.765341
43.779266,1.764470
43.799394,1.764657
43.819338,1.765745
43.839441,1.765607
43.859308,1.763203
43.879306,1.761511
43.899300,1.762790
43.919311,1.762531
43.939550,1.762362
43.960183,1.761895
43.979896,1.760616
43.999419,1.759774
44.019276,1.760931
44.039357,1.761351
44.059438,1.761021
44.080145,1.762694
44.099641,1.763146
44.119311,1.763748
44.139393,1.764226
44.159477,1.764127
44.179285,1.764989
44.199334,1.765580
44.219334,1.765945
44.240457,1.766900
44.260619,1.766747
44.279636,1.765760
44.299406,1.765013
44.319315,1.764724
44.339961,1.763276
44.359347,1.762948
44.379479,1.761379
44.399375,1.759158
44.419289,1.756736
44.439372,1.753965
44.459372,1.751018
44.479365,1.748406
44.499281,1.745603
44.519318,1.742606
44.539267,1.739364
44.559274,1.735698
44.579465,1.731695
44.599380,1.729198
44.619412,1.726240
44.639350,1.722152
44.659439,1.716434
44.679376,1.711800
44.699358,1.708978
44.719298,1.707133
44.739325,1.704303
44.759409,1.699624
44.779322,1.695282
44.799334,1.692238
44.819364,1.689719
44.839433,1.687094
44.859345,1.683297
44.879318,1.680433
44.899368,1.678986
44.919405,1.676959
44.939452,1.675395
44.959353,1.674497
44.979794,1.673532
44.999599,1.672779
45.019380,1.672568
45.039316,1.672879
45.059394,1.674555
45.079353,1.676078
45.099261,1.677270
45.119242,1.679971
45.139453,1.683007
45.159446,1.685321
45.179340,1.689196
45.199463,1.693605
45.219434,1.698394
45.239312,1.703176
45.260298,1.707556
45.279814,1.711327
45.299327,1.715282
45.319279,1.719383
45.339358,1.724749
45.359505,1.729305
45.379404,1.733861
45.399330,1.737073
45.419239,1.740923
45.439429,1.745875
45.459318,1.749252
45.479282,1.752865
45.499361,1.759814
45.519407,1.766674
45.539300,1.770328
45.560221,1.771467
45.579473,1.774020
45.599294,1.785494
45.619874,1.792960
45.639582,1.793467
45.659493,1.797814
45.679355,1.805067
45.699312,1.810167
45.719380,1.815009
45.739480,1.820562
45.759288,1.823351
45.779308,1.828123
45.799246,1.832429
45.819395,1.836114
45.839342,1.839505
45.859383,1.842643
45.879358,1.846621
45.899364,1.850439
45.919431,1.855039
45.939763,1.859608
45.959274,1.861647
45.979344,1.863472
45.999372,1.867375
46.019481,1.870238
46.039323,1.871736
46.059366,1.874173
46.079488,1.876092
46.099350,1.877897
46.119191,1.878724
46.139304,1.880935
46.160303,1.884465
46.180355,1.887285
46.199394,1.888032
46.219388,1.890189
46.239356,1.893629
46.259395,1.894347
46.279259,1.895817
46.299328,1.897806
46.319346,1.900028
46.339318,1.902223
46.359334,1.904159
46.379368,1.905589
46.399254,1.907037
46.419410,1.908521
46.440176,1.910613
46.460384,1.912005
46.479515,1.913525
46.499387,1.915174
46.519248,1.915704
46.539523,1.916390
46.559350,1.917784
46.579410,1.919859
46.599342,1.921024
46.619492,1.920331
46.639429,1.920452
46.659322,1.921701
46.679251,1.922380
46.699399,1.922728
46.719417,1.922635
46.739470,1.922181
46.760071,1.923077
46.779704,1.922466
46.799456,1.921809
46.819341,1.921218
46.839380,1.921289
46.859268,1.921359
46.879307,1.920980
46.899191,1.920848
46.919267,1.921052
46.939245,1.920352
46.959320,1.921209
46.979332,1.921015
46.999396,1.920741
47.019425,1.921870
47.039289,1.921966
47.060111,1.921392
47.079881,1.921701
47.099262,1.921949
47.119315,1.922731
47.139315,1.924288
47.159316,1.925475
47.180167,1.925393
47.199602,1.925128
47.219326,1.924418
47.239373,1.925486
47.259402,1.926459
47.279342,1.927169
47.299279,1.926226
47.319348,1.923950
47.339282,1.921445
47.359360,1.921073
47.379231,1.920521
47.399295,1.918494
47.419225,1.916202
47.439508,1.913371
47.459360,1.909668
47.479343,1.906825
47.499279,1.905579
47.519341,1.902583
47.539434,1.897335
47.559306,1.893119
47.579378,1.889489
47.599297,1.884537
47.619341,1.880360
47.639384,1.876900
47.659400,1.872306
47.679368,1.866960
47.699359,1.862049
47.719291,1.857669
47.739387,1.854557
47.759363,1.849819
47.779426,1.844586
47.799355,1.840947
47.819373,1.834544
47.839391,1.830094
47.859247,1.826677
47.879392,1.821364
47.899359,1.815941
47.919292,1.809976
47.939353,1.804786
47.959384,1.799899
47.979270,1.793295
47.999308,1.787362
48.019325,1.780470
48.039478,1.774269
48.059310,1.766922
48.079359,1.759942
48.099306,1.752548
48.119326,1.744671
48.139241,1.737519
48.159398,1.731576
48.179285,1.724309
48.199387,1.715455
48.219400,1.705937
48.240055,1.699196
48.259645,1.694846
48.279414,1.690416
48.299315,1.682671
48.319374,1.675651
48.339309,1.669755
48.360133,1.663087
48.379713,1.655297
48.399286,1.648715
48.419287,1.641041
48.439314,1.632445
48.459376,1.625600
48.479307,1.617378
48.499419,1.608779
48.519369,1.599758
48.539385,1.591452
48.559333,1.584216
48.579311,1.576097
48.599390,1.567509
48.619386,1.560290
48.639399,1.553961
48.659254,1.548109
48.679268,1.542642
48.699424,1.536991
48.719563,1.531344
48.739347,1.525314
48.759402,1.520400
48.779431,1.515031
48.799275,1.508978
48.819371,1.503694
48.839472,1.497570
48.859275,1.490577
48.879293,1.483866
48.900435,1.477008
48.920631,1.469691
48.939588,1.462332
48.959319,1.454344
48.979312,1.445858
48.999292,1.437908
49.019361,1.430588
49.039463,1.423435
49.060232,1.415321
49.080293,1.406192
49.099599,1.397626
49.119300,1.390202
49.139403,1.383309
49.159858,1.376150
49.179606,1.368326
49.199320,1.360256
49.219284,1.352113
49.239364,1.343803
49.259422,1.335413
49.279343,1.327423
49.299324,1.318949
49.319353,1.310075
49.339398,1.301588
49.360371,1.293555
49.379924,1.285466
49.399563,1.278307
49.419348,1.270938
49.439373,1.263323
49.459360,1.256624
49.479308,1.250174
49.499390,1.244295
49.519343,1.238604
49.539309,1.233247
49.559442,1.228529
49.579386,1.224508
49.599304,1.221059
49.619256,1.218268
49.639342,1.216003
49.659316,1.214358
49.679370,1.213065
49.699500,1.211673
49.719438,1.210819
49.739231,1.210983
49.759391,1.211312
49.779289,1.212089
49.799350,1.213659
49.819247,1.215191
49.839363,1.216567
49.859265,1.218001
49.879356,1.220196
49.900153,1.222446
49.919957,1.224830
49.939454,1.227194
49.959321,1.230282
49.979443,1.233196
49.999369,1.235115
50.019320,1.236703
50.039229,1.238857
50.059293,1.240834
50.079311,1.242808
50.099383,1.244869
50.119436,1.246665
50.139484,1.248150
50.159375,1.249279
50.179267,1.250828
50.199227,1.252658
50.220316,1.254643
50.240309,1.256134
50.259622,1.257590
50.279334,1.259508
50.299305,1.261629
50.319315,1.263390
50.339326,1.264958
50.359484,1.266484
50.379333,1.268340
50.399359,1.270508
50.419420,1.272622
50.440254,1.274848
50.460367,1.276747
50.479643,1.279090
50.499440,1.281834
50.519311,1.284921
50.539357,1.287771
50.559261,1.290865
50.579281,1.294358
50.599356,1.297470
50.619329,1.300312
50.639370,1.302666
50.659292,1.304773
50.679307,1.307000
50.699430,1.309406
50.719220,1.310790
50.739995,1.312407
50.759606,1.314425
50.779353,1.315774
50.799378,1.317558
50.819390,1.319966
50.839469,1.322513
50.859337,1.325270
50.879449,1.328532
50.899282,1.331983
50.919298,1.335378
50.939352,1.339075
50.959327,1.343194
50.979303,1.347617
50.999340,1.352266
51.019274,1.356213
51.039340,1.359545
51.059307,1.363088
51.079271,1.366718
51.099379,1.371437
51.120324,1.377800
51.140149,1.383142
51.159453,1.386703
51.179324,1.389970
51.199292,1.395125
51.219384,1.400788
51.239498,1.404622
51.259401,1.409158
51.279323,1.413142
51.299323,1.417573
51.319393,1.421965
51.339405,1.426093
51.359321,1.429335
51.379258,1.434467
51.399294,1.439941
51.419383,1.443841
51.440211,1.448363
51.459677,1.454284
51.479370,1.460340
51.499498,1.463909
51.519244,1.466992
51.539293,1.470779
51.559277,1.476091
51.579348,1.481157
51.600329,1.484914
51.620217,1.488795
51.639486,1.493521
51.659657,1.497458
51.679356,1.501679
51.699250,1.506861
51.719331,1.510642
51.739345,1.515185
51.759300,1.519041
51.779438,1.523414
51.799291,1.528607
51.819275,1.532535
51.839448,1.535876
51.859346,1.540047
51.879466,1.543386
51.899332,1.547105
51.919351,1.551001
51.939399,1.554137
51.959391,1.557493
51.979369,1.562109
51.999372,1.566763
52.019307,1.570286
52.039294,1.573353
52.059397,1.577374
52.080460,1.580856
52.100241,1.583483
52.119407,1.586529
52.139446,1.589987
52.159349,1.594170
52.179457,1.599443
52.199342,1.603317
52.219333,1.605854
52.239534,1.609056
52.259353,1.612409
52.279310,1.616286
52.299316,1.619721
52.319459,1.623136
52.339365,1.626617
52.359424,1.631354
52.379356,1.637185
52.399386,1.641047
52.419395,1.644308
52.439342,1.648624
52.459360,1.652349
52.479288,1.656689
52.499874,1.661187
52.519737,1.664570
52.539430,1.668481
52.559479,1.673316
52.579267,1.677897
52.599339,1.681501
52.619400,1.686224
52.639376,1.690133
52.659342,1.693765
52.679354,1.697632
52.699359,1.701107
52.719334,1.704913
52.739308,1.708861
52.759390,1.712622
52.779294,1.716502
52.799333,1.719880
52.820597,1.723860
52.840097,1.727963
52.859366,1.732135
52.879395,1.736569
52.899247,1.741224
52.919431,1.745349
52.939320,1.749587
52.959675,1.754466
52.979369,1.758924
52.999284,1.763009
53.019307,1.766849
53.039343,1.771301
53.059277,1.776540
53.079420,1.781342
53.099414,1.785728
53.119346,1.789900
53.139370,1.794429
53.159271,1.799337
53.179265,1.803846
53.199371,1.808685
53.219326,1.813491
53.239363,1.817922
53.259303,1.823104
53.279229,1.829450
53.299308,1.833805
53.319277,1.838673
53.339310,1.844408
53.359275,1.849745
53.379514,1.854160
53.399502,1.859266
53.419325,1.864280
53.439352,1.868720
53.459438,1.872558
53.479271,1.876615
53.499253,1.880882
53.519366,1.883908
53.539377,1.887978
53.559590,1.892526
53.579257,1.896931
53.599345,1.902007
53.619438,1.906641
53.639286,1.910658
53.659354,1.914774
53.679410,1.919141
53.699286,1.924584
53.719391,1.929448
53.739391,1.933632
53.759370,1.938395
53.779267,1.942530
53.799336,1.945162
53.819269,1.948642
53.839393,1.951673
53.859330,1.954600
53.879364,1.957871
53.899363,1.960436
53.919249,1.962789
53.939300,1.966015
53.959350,1.969257
53.979344,1.973406
53.999396,1.977979
54.019324,1.983166
54.039349,1.988771
54.059350,1.994201
54.079334,2.000256
54.099331,2.006097
54.119326,2.012268
54.139313,2.019411
54.159420,2.025887
54.179326,2.031209
54.199233,2.035747
54.220553,2.039576
54.239951,2.044307
54.259730,2.048321
54.279313,2.051692
54.299268,2.055152
54.319350,2.058969
54.339820,2.062088
54.359720,2.065946
54.379472,2.069833
54.399417,2.074483
54.420387,2.079833
54.439714,2.084957
54.459483,2.090292
54.479317,2.097102
54.499287,2.102583
54.519328,2.107290
54.539441,2.112516
54.559487,2.117053
54.579299,2.121559
54.599384,2.126742
54.619319,2.131290
54.639347,2.135459
54.659379,2.140537
54.679386,2.146509
54.699499,2.152015
54.719291,2.157913
54.739677,2.164761
54.760580,2.171376
54.779667,2.178701
54.799445,2.186706
54.819269,2.195494
54.839454,2.205138
54.859392,2.214381
54.879299,2.222609
54.900279,2.230517
54.919505,2.238813
54.939383,2.246978
54.959273,2.255251
54.979416,2.262964
54.999331,2.269618
55.019395,2.275540
55.039345,2.280826
55.059309,2.285075
55.079389,2.288944
55.099293,2.293802
55.120668,2.297262
55.139933,2.299799
55.159590,2.303004
55.179276,2.303942
55.199442,2.305551
55.219320,2.306611
55.240840,2.306594
55.259659,2.307397
55.279329,2.308097
55.299397,2.307534
55.319318,2.307025
55.339343,2.305799
55.359261,2.305130
55.379430,2.303732
55.399298,2.302225
55.419385,2.300874
55.439401,2.299182
55.460425,2.297583
55.480284,2.295749
55.499462,2.293662
55.519353,2.291250
55.539339,2.288828
55.559469,2.286133
55.579416,2.282531
55.599455,2.278349
55.619348,2.274435
55.639355,2.270847
55.659330,2.266505
55.679351,2.261965
55.699339,2.257380
55.719465,2.253051
55.739405,2.248173
55.760143,2.242703
55.779943,2.237567
55.799369,2.232911
55.819199,2.228004
55.839327,2.223038
55.860395,2.218249
55.879574,2.213661
55.899386,2.209141
55.919408,2.204980
55.939383,2.201080
55.959363,2.197709
55.979450,2.194527
55.999321,2.191054
56.019328,2.188149
56.039339,2.185995
56.059416,2.184231
56.079305,2.181927
56.099310,2.180245
56.119415,2.179167
56.139326,2.178355
56.159392,2.178428
56.179265,2.178263
56.199239,2.178060
56.219287,2.178729
56.239345,2.179365
56.259626,2.179849
56.279299,2.181476
56.299323,2.182675
56.319247,2.184638
56.339390,2.187007
56.360565,2.188851
56.379724,2.190493
56.399377,2.192299
56.419303,2.194418
56.439295,2.196173
56.459418,2.198601
56.479329,2.200228
56.499291,2.201710
56.519319,2.203286
56.539400,2.205257
56.559469,2.206733
56.579349,2.207657
56.599368,2.208608
56.619486,2.209346
56.639404,2.210045
56.659331,2.210363
56.679284,2.211190
56.699315,2.211807
56.719373,2.212111
56.739291,2.212344
56.759319,2.212070
56.779490,2.211363
56.799357,2.210571
56.819361,2.211100
56.839288,2.211382
56.859304,2.211163
56.879415,2.210314
56.899311,2.208465
56.919423,2.206602
56.939378,2.205466
56.959328,2.205709
56.979332,2.204953
56.999262,2.204826
57.019364,2.203716
57.039333,2.201879
57.059316,2.200369
57.079518,2.199332
57.099347,2.199651
57.119379,2.200616
57.139369,2.201033
57.159450,2.201371
57.179312,2.201380
57.199430,2.201454
57.219410,2.202482
57.239350,2.203343
57.259341,2.203210
57.279344,2.203689
57.299279,2.204538
57.319311,2.205302
57.339322,2.205746
57.359298,2.206375
57.379328,2.207073
57.399367,2.207276
57.419371,2.207844
57.439334,2.208311
57.459270,2.209222
57.479389,2.209334
57.499358,2.209021
57.519356,2.209433
57.539387,2.209319
57.559323,2.208931
57.579342,2.209107
57.599380,2.209946
57.619261,2.209970
57.639307,2.209511
57.659392,2.210090
57.679286,2.210825
57.699369,2.211136
57.719323,2.211400
57.739349,2.212547
57.759347,2.213952
57.779485,2.213506
57.799340,2.214338
57.819253,2.215907
57.839316,2.216470
57.859482,2.217185
57.879250,2.219026
57.899328,2.220317
57.919275,2.221574
57.939318,2.223177
57.959327,2.224880
57.979270,2.226575
57.999423,2.228058
58.019276,2.229467
58.039205,2.230733
58.060248,2.231647
58.079632,2.233091
58.099355,2.234127
58.119296,2.234563
58.139335,2.235267
58.159331,2.235910
58.179367,2.236511
58.199396,2.236785
58.219368,2.236604
58.239450,2.236783
58.259341,2.236689
58.279214,2.237174
58.299323,2.237668
58.319325,2.237574
58.339366,2.238221
58.359393,2.238938
58.379348,2.238271
58.399276,2.237808
58.419322,2.238652
58.439365,2.238998
58.459359,2.239194
58.479310,2.239813
58.499483,2.240177
58.519373,2.240247
58.539362,2.240393
58.559263,2.240918
58.579384,2.241698
58.599319,2.242239
58.619423,2.243213
58.639366,2.243864
58.659312,2.244575
58.679367,2.245287
58.699340,2.246129
58.719420,2.247259
58.739362,2.247828
58.759433,2.248248
58.779407,2.249565
58.799308,2.250209
58.819327,2.250857
58.839399,2.251589
58.859310,2.251976
58.879386,2.252781
58.899226,2.253617
58.919280,2.254015
58.939422,2.254271
58.959339,2.254634
58.979362,2.255044
58.999321,2.255542
59.019462,2.255865
59.039304,2.256085
59.059283,2.256640
59.079322,2.257631
59.099388,2.257813
59.119360,2.258019
59.139319,2.258621
59.159377,2.258786
59.179362,2.258838
59.199386,2.258806
59.219305,2.258775
59.239353,2.259237
59.259321,2.258863
59.279380,2.258045
59.299387,2.257032
59.319263,2.255698
59.339436,2.255240
59.359333,2.253958
59.379380,2.252527
59.399354,2.251487
59.419296,2.250173
59.439351,2.248636
59.459324,2.246954
59.479976,2.245333
59.499636,2.243017
59.519290,2.240515
59.539293,2.238699
59.559345,2.236775
59.579308,2.234522
59.599309,2.231524
59.619332,2.229262
59.639348,2.227072
59.659290,2.224563
59.679358,2.221642
59.700145,2.218540
59.719983,2.214947
59.739326,2.211033
59.759327,2.207905
59.779397,2.205159
59.799272,2.201740
59.819508,2.197658
59.839334,2.193556
59.859287,2.191323
59.879299,2.189415
59.899254,2.186628
59.919246,2.183697
59.939335,2.179625
59.960112,2.175242
59.979590,2.171050
59.999333,2.166975
60.019329,2.162507
60.039555,2.157541
60.059309,2.152617
60.079345,2.148380
60.099236,2.142745
60.119395,2.136369
60.139321,2.130746
60.159276,2.124275
60.180405,2.118053
60.199905,2.111891
60.219369,2.104415
60.239572,2.096264
60.259397,2.089355
60.279346,2.082726
60.299379,2.074804
60.319349,2.066519
60.339332,2.058723
60.359419,2.051019
60.379305,2.042740
60.399361,2.034326
60.419323,2.025169
60.439407,2.016534
60.459341,2.007952
60.479267,1.998476
60.499243,1.989029
60.519270,1.980551
60.539371,1.972467
60.560508,1.962155
60.579540,1.951769
60.599335,1.943270
60.619358,1.934691
60.639309,1.925433
60.659317,1.916224
60.679419,1.906670
60.699407,1.897419
60.719362,1.888422
60.739354,1.879359
60.759305,1.869902
60.779374,1.860718
60.799309,1.851920
60.819311,1.842795
60.839340,1.833049
60.859289,1.823576
60.879330,1.814191
60.899339,1.804647
60.919329,1.795804
60.940619,1.787618
60.960394,1.778977
60.979627,1.770644
60.999410,1.762899
61.019465,1.755276
61.039423,1.747463
61.059375,1.739506
61.079473,1.731868
61.099387,1.723794
61.119354,1.715623
61.139325,1.707878
61.159321,1.700697
61.179304,1.694290
61.199270,1.688614
61.219302,1.683469
61.239242,1.678735
61.260184,1.674505
61.280331,1.670482
61.299472,1.665639
61.319375,1.660469
61.339372,1.655465
61.359315,1.649980
61.380274,1.643613
61.399717,1.637100
61.419352,1.629998
61.439290,1.622410
61.459266,1.614317
61.479272,1.606373
61.499291,1.598127
61.519384,1.589802
61.539295,1.581132
61.559390,1.572625
61.579395,1.563996
61.599386,1.555675
61.619334,1.548185
61.639471,1.540755
61.659305,1.532994
61.679404,1.525088
61.699286,1.517012
61.719367,1.508981
61.739340,1.500448
61.759365,1.490803
61.779405,1.480456
61.799341,1.469593
61.819365,1.458272
61.840398,1.446754
61.860652,1.434674
61.879547,1.421918
61.899328,1.408848
61.919336,1.395041
61.939347,1.380911
61.959354,1.366335
61.979423,1.350927
61.999387,1.334999
62.019247,1.318739
62.039350,1.302597
62.059254,1.286741
62.080036,1.270942
62.100352,1.255863
62.119569,1.240928
62.139312,1.226326
62.159321,1.212509
62.179331,1.199026
62.199366,1.185707
62.219341,1.173140
62.239298,1.161425
62.260369,1.150282
62.279588,1.139281
62.299432,1.128450
62.319364,1.118209
62.339362,1.108218
62.359352,1.098562
62.379336,1.089185
62.399298,1.079937
62.419341,1.070663
62.439323,1.061102
62.459343,1.051721
62.479397,1.042298
62.499237,1.033050
62.519499,1.024385
62.539411,1.015995
62.559384,1.008072
62.579302,1.000833
62.599332,0.993832
62.619353,0.986412
62.639431,0.979252
62.659472,0.972263
62.679279,0.965055
62.699393,0.957919
62.719247,0.950498
62.739800,0.942995
62.759227,0.935347
62.779459,0.927819
62.799306,0.920137
62.819354,0.912455
62.839287,0.904619
62.859342,0.896392
62.879368,0.887457
62.899347,0.878190
62.919426,0.868567
62.939343,0.858190
62.959264,0.847351
62.979321,0.836343
63.000522,0.824794
63.019561,0.812977
63.039387,0.800994
63.059257,0.788898
63.079316,0.776893
63.099440,0.764941
63.119470,0.753160
63.139296,0.741250
63.159380,0.729371
63.179432,0.718235
63.199268,0.707456
63.219344,0.697904
63.239741,0.689404
63.259396,0.681320
63.279315,0.673993
63.299249,0.667598
63.319341,0.662018
63.340328,0.657156
63.359637,0.653277
63.379358,0.650379
63.399392,0.647590
63.419338,0.645293
63.439260,0.643644
63.459299,0.642338
63.479373,0.641264
63.499399,0.640408
63.519227,0.639428
63.539300,0.639169
63.559312,0.638740
63.579391,0.638670
63.599298,0.639341
63.619395,0.640442
63.639322,0.641840
63.659408,0.643665
63.679463,0.645834
63.699475,0.648812
63.719434,0.652817
63.739312,0.657694
63.759439,0.663422
63.779328,0.669198
63.799317,0.675382
63.819341,0.682744
63.839293,0.690588
63.859530,0.698977
63.879367,0.707475
63.899502,0.715802
63.919326,0.724299
63.940042,0.732835
63.960676,0.740715
63.979674,0.748147
63.999392,0.755948
64.019289,0.763401
64.039315,0.770946
64.059402,0.779228
64.079293,0.786800
64.099324,0.793945
64.119286,0.799883
64.139346,0.805167
64.159303,0.809948
64.179314,0.813674
64.199361,0.816471
64.219454,0.818479
64.239388,0.818963
64.259382,0.818294
64.279339,0.816997
64.299301,0.814709
64.319382,0.811681
64.339402,0.808093
64.359342,0.804376
64.379332,0.800323
64.399354,0.796247
64.419363,0.790630
64.439356,0.784902
64.459317,0.779239
64.479418,0.773673
64.499343,0.769118
64.519430,0.764135
64.539348,0.759645
64.559394,0.755894
64.579389,0.752610
64.599301,0.749977
64.620121,0.746759
64.639850,0.744785
64.659359,0.743176
64.679300,0.741547
64.699353,0.740736
64.719331,0.740522
64.739283,0.740329
64.759225,0.740527
64.779408,0.740424
64.799385,0.740810
64.819498,0.742374
64.839345,0.743576
64.859309,0.743381
64.879404,0.743628
64.899280,0.743678
64.919329,0.743474
64.939372,0.743114
64.959351,0.742581
64.979254,0.741827
64.999247,0.740890
65.019254,0.739093
65.039445,0.737017
65.059310,0.735704
65.079390,0.734052
65.099293,0.731341
65.119409,0.728883
65.139323,0.726341
65.159281,0.724009
65.179400,0.722352
65.199448,0.720791
65.219326,0.718701
65.239370,0.716369
65.259415,0.714440
65.279372,0.711725
65.299293,0.709042
65.319320,0.705860
65.339344,0.702235
65.359325,0.698302
65.379309,0.695436
65.399293,0.692672
65.419419,0.690484
65.439290,0.688345
65.459311,0.686792
65.479463,0.686561
65.499340,0.686507
65.519287,0.686819
65.539325,0.687552
65.561257,0.689043
65.579410,0.690505
65.599242,0.693800
65.619336,0.699072
65.639219,0.703775
65.659498,0.706969
65.680202,0.708905
65.699831,0.712867
65.719461,0.717991
65.739421,0.722450
65.759341,0.725973
65.779647,0.729466
65.799512,0.733362
65.819317,0.738534
65.839301,0.742769
65.859426,0.746940
65.879273,0.750338
65.899327,0.754489
65.919309,0.758497
65.939244,0.761288
65.959442,0.764437
65.979374,0.768275
65.999326,0.772453
66.019270,0.776367
66.039291,0.780003
66.060664,0.783178
66.080192,0.786771
66.099466,0.789603
66.119442,0.792461
66.139300,0.796117
66.159409,0.798681
66.179361,0.801559
66.199277,0.803927
66.219295,0.805935
66.239319,0.808378
66.259511,0.810294
66.279267,0.811264
66.299400,0.812421
66.319376,0.813955
66.339495,0.814775
66.359378,0.815859
66.379389,0.815947
66.399378,0.816199
66.419372,0.815852
66.439295,0.815326
66.459268,0.814274
66.479436,0.813941
66.499349,0.813594
66.519270,0.813701
66.540560,0.814304
66.559891,0.814523
66.579409,0.814733
66.599298,0.815104
66.619414,0.816167
66.639382,0.818316
66.659382,0.819914
66.679239,0.821698
66.700285,0.824941
66.719780,0.828761
66.739720,0.831124
66.759377,0.834197
66.779433,0.837554
66.799401,0.841109
66.819350,0.843241
66.839303,0.845500
66.859366,0.847801
66.879273,0.850513
66.899410,0.853197
66.919346,0.853846
66.939344,0.853453
66.959379,0.852996
66.979336,0.852255
66.999254,0.851346
67.019466,0.849817
67.039222,0.847186
67.059355,0.844255
67.079313,0.840418
67.099391,0.835575
67.119325,0.830320
67.139327,0.826282
67.159327,0.820553
67.179339,0.814825
67.199305,0.809436
67.219315,0.803957
67.239439,0.798430
67.259354,0.791899
67.279332,0.785262
67.300366,0.780463
67.319967,0.775202
67.339528,0.768922
67.359318,0.763555
67.379358,0.759046
67.399330,0.753985
67.419429,0.749571
67.440264,0.745933
67.459568,0.742304
67.479532,0.739259
67.499332,0.736615
67.519294,0.733864
67.539392,0.732351
67.559497,0.730410
67.579467,0.729697
67.599390,0.729629
67.619439,0.730016
67.639387,0.731656
67.659387,0.733022
67.679396,0.734892
67.699363,0.737266
67.719313,0.740025
67.739371,0.741261
67.760299,0.742461
67.779825,0.745372
67.799350,0.749624
67.819245,0.753116
67.839450,0.755796
67.859404,0.758246
67.879304,0.760324
67.899341,0.762908
67.919321,0.765402
67.939344,0.767697
67.959391,0.769668
67.979239,0.771411
67.999349,0.772835
68.019257,0.773196
68.039450,0.774030
68.059364,0.775314
68.079347,0.775380
68.099262,0.775136
68.119218,0.775904
68.139345,0.776732
68.159244,0.776788
68.179343,0.777227
68.199316,0.777585
68.219449,0.777687
68.239427,0.777920
68.259315,0.779423
68.279296,0.780536
68.299338,0.781814
68.319333,0.783024
68.339262,0.784567
68.359375,0.786324
68.379355,0.788618
68.399325,0.791072
68.419302,0.793634
68.439484,0.796239
68.460340,0.799497
68.479952,0.803361
68.499455,0.806842
68.519363,0.810664
68.539273,0.814845
68.559314,0.819269
68.579369,0.824175
68.599329,0.829169
68.619428,0.834001
68.639277,0.838624
68.659326,0.843644
68.679360,0.849021
68.699337,0.853814
68.720639,0.858784
68.740470,0.863592
68.759614,0.868342
68.779390,0.873412
68.799382,0.879150
68.819466,0.884720
68.840299,0.889567
68.859682,0.895648
68.879354,0.901544
68.899341,0.907296
68.919367,0.913031
68.939394,0.919795
68.959420,0.926284
68.979379,0.931990
68.999310,0.938043
69.019368,0.945843
69.039325,0.952042
69.059367,0.958364
69.079368,0.966188
69.099373,0.973405
69.119413,0.980082
69.139366,0.987398
69.159287,0.995195
69.179362,1.001980
69.199409,1.008734
69.219442,1.015685
69.239424,1.022891
69.259457,1.029359
69.279357,1.036210
69.299436,1.042833
69.319310,1.049309
69.339341,1.055754
69.359412,1.061759
69.379283,1.067787
69.399280,1.073944
69.419391,1.079365
69.439419,1.084984
69.459406,1.090431
69.479385,1.095708
69.499465,1.101341
69.519277,1.106842
69.539546,1.111959
69.559499,1.117351
69.579360,1.123591
69.599324,1.130353
69.619151,1.137158
69.639342,1.144096
69.659371,1.151303
69.679385,1.159574
69.699336,1.168021
69.719339,1.175836
69.739456,1.184118
69.759354,1.192148
69.780225,1.199965
69.799792,1.208356
69.819296,1.216132
69.839567,1.223814
69.859410,1.231256
69.879379,1.239133
69.899405,1.247030
69.919300,1.254305
69.939438,1.262362
69.959374,1.270723
69.979418,1.278587
69.999407,1.286797
70.019336,1.295007
70.039357,1.303225
70.059501,1.312589
70.079341,1.322555
70.100355,1.332696
70.119581,1.342808
70.139312,1.354127
70.159789,1.365791
70.179506,1.377510
70.199324,1.389485
70.219283,1.402398
70.239475,1.415348
70.259379,1.427799
70.279347,1.441106
70.299431,1.455284
70.319345,1.468476
70.339273,1.481607
70.359317,1.495033
70.379343,1.508343
70.399422,1.521071
70.419298,1.533328
70.439403,1.545369
70.459386,1.556127
70.479280,1.566836
70.499334,1.576682
70.519309,1.586400
70.539336,1.596319
70.559473,1.605089
70.579381,1.613734
70.599311,1.622748
70.619360,1.630807
70.639412,1.638661
70.659405,1.646718
70.679337,1.654484
70.699309,1.662839
70.719280,1.669885
70.739324,1.677400
70.759417,1.685173
70.779329,1.692608
70.799397,1.699741
70.819290,1.706950
70.839361,1.714102
70.859319,1.721285
70.879205,1.728431
70.899329,1.735263
70.919267,1.742634
70.939387,1.750024
70.959358,1.757175
70.979236,1.764471
70.999442,1.771838
71.019346,1.779278
71.039294,1.786584
71.059332,1.794024
71.079313,1.801260
71.099351,1.808707
71.119305,1.815942
71.139282,1.822891
71.159320,1.829697
71.179303,1.836334
71.199246,1.843073
71.219280,1.849403
71.239300,1.855381
71.259318,1.861798
71.279338,1.867651
71.299339,1.873484
71.319296,1.879569
71.339399,1.885115
71.359425,1.890510
71.379186,1.895515
71.399324,1.899915
71.419387,1.904419
71.439399,1.908679
71.459447,1.911923
71.479360,1.914395
71.499335,1.917245
71.519293,1.919794
71.539286,1.922111
71.559334,1.923338
71.579371,1.923156
71.599302,1.922981
71.619322,1.922763
71.639408,1.921972
71.659359,1.921281
71.679289,1.920449
71.699275,1.919414
71.719307,1.918443
71.739335,1.917456
71.759393,1.916001
71.779364,1.914486
71.799358,1.913597
71.819297,1.912554
71.839384,1.911802
71.859446,1.911036
71.879402,1.909875
71.899301,1.909489
71.920391,1.909076
71.939527,1.908322
71.959450,1.907859
71.979282,1.907425
71.999388,1.906538
72.019402,1.905897
72.039271,1.905170
72.059309,1.904712
72.080162,1.904604
72.100250,1.904374
72.119461,1.904345
72.139296,1.904555
72.159373,1.904639
72.179279,1.904987
72.199329,1.905437
72.219334,1.905767
72.239259,1.905934
72.259413,1.905771
72.279386,1.905655
72.299289,1.905356
72.319279,1.904802
72.339333,1.904205
72.359410,1.903583
72.379327,1.903045
72.400103,1.902583
72.420174,1.902074
72.439542,1.901976
72.459354,1.901570
72.479330,1.901173
72.499388,1.900756
72.519320,1.900422
72.539424,1.900013
