0.299888,0.100000
0.368218,0.100000
0.502565,0.100000
0.635734,0.100000
0.703164,0.100000
0.735618,0.100000
0.770110,0.100000
0.906908,0.100000
0.936349,0.100000
0.968752,0.100000
1.003104,0.100000
1.035650,0.100000
1.069122,0.100000
1.203782,0.100000
1.337476,0.100000
1.406578,0.100000
1.469108,0.100000
1.503530,0.100000
1.538235,0.100000
1.604928,0.100000
1.667655,0.100000
1.704122,0.100000
1.736557,0.100000
1.803405,0.100000
2.134515,0.100000
2.235373,0.100000
2.436120,0.100000
2.566674,0.100000
2.601099,0.100000
2.701206,0.100000
2.835642,0.100000
2.936397,0.100000
2.968815,0.100000
3.001280,0.100000
3.034832,0.100000
3.167558,0.100000
3.201839,0.100000
3.437145,0.349000
3.668191,0.349000
3.702641,0.349000
3.734929,0.349000
3.902094,0.349000
4.038013,0.349000
4.170774,0.349000
4.205130,0.349000
4.237550,0.349000
4.271921,0.349000
4.338955,0.349000
4.472585,0.349000
4.539477,0.349000
4.605394,0.349000
4.772533,0.349000
4.839588,0.349000
4.975331,0.349000
5.042140,0.349000
5.072732,0.349000
5.139440,0.349000
5.238693,0.349000
5.405797,0.349000
5.473929,0.349000
5.672368,0.349000
5.803115,0.349000
5.867791,0.349000
5.937795,0.349000
6.070668,0.349000
6.236889,0.349000
6.269327,0.349000
6.402932,0.349000
6.571393,0.349000
6.670482,0.349000
6.702765,0.349000
6.737324,0.349000
6.770870,0.349000
6.802080,0.349000
6.834751,0.349000
6.903441,0.349000
6.970485,0.349000
7.071720,0.349000
7.171102,0.349000
7.203339,0.349000
7.303777,0.349000
7.437454,0.349000
7.470840,0.349000
7.671588,0.349000
7.834598,0.349000
7.904583,0.349000
8.039513,0.349000
8.074868,0.349000
8.208607,0.349000
8.241089,0.349000
8.307795,0.349000
8.508431,0.349000
8.577461,0.349000
8.610775,0.349000
8.709233,0.349000
8.741665,0.349000
8.808425,0.349000
8.841177,0.349000
8.976635,0.349000
9.008964,0.349000
9.041388,0.349000
9.276529,0.349000
9.475291,0.349000
9.641451,0.349000
9.906757,0.349000
9.939160,0.349000
9.973610,0.349000
10.007539,0.349000
10.140814,0.349000
10.174292,0.349000
10.206853,0.349000
10.239205,0.349000
10.407230,0.349000
10.439875,0.349000
10.474431,0.349000
10.539062,0.349000
10.640382,0.349000
10.674985,0.349000
10.774309,0.349000
10.973965,0.349000
11.073752,0.349000
11.174733,0.349000
11.274362,0.349000
11.307427,0.349000
11.371401,0.349000
11.407843,0.349000
11.440628,0.349000
11.541352,0.349000
11.640791,0.349000
11.677027,0.349000
11.810780,0.349000
11.944385,0.349000
11.977016,0.349000
12.011684,0.349000
12.212074,0.349000
12.246455,0.349000
12.311352,0.349000
12.378407,0.349000
12.445064,0.349000
12.512038,0.349000
12.545508,0.349000
12.644808,0.349000
12.712725,0.349000
12.747025,0.349000
12.777631,0.349000
12.812250,0.349000
12.912292,0.349000
13.043420,0.349000
13.278039,0.349000
13.576079,0.349000
13.606363,0.349000
13.642771,0.349000
13.744175,0.349000
13.873996,0.349000
13.942846,0.349000
13.975372,0.349000
14.009709,0.349000
14.176112,0.349000
14.210512,0.349000
14.443233,0.349000
14.508116,0.349000
14.543582,0.349000
14.577297,0.349000
14.676350,0.349000
14.743186,0.349000
14.777696,0.349000
14.909388,0.349000
15.177059,0.349000
15.243752,0.349000
15.278227,0.349000
15.310763,0.349000
15.409928,0.349000
15.478991,0.349000
15.511389,0.349000
15.848589,0.349000
15.981274,0.349000
16.182108,0.349000
16.212389,0.349000
16.281173,0.349000
16.348083,0.349000
16.447363,0.349000
16.781879,0.349000
16.814337,0.349000
17.047402,0.349000
17.077872,0.349000
17.245903,0.349000
17.446782,0.349000
17.545929,0.349000
17.746592,0.349000
17.979496,0.349000
18.079987,0.349000
18.113441,0.349000
18.145699,0.349000
18.180366,0.349000
18.246142,0.349000
18.415455,0.349000
18.480257,0.349000
18.580567,0.349000
18.745841,0.349000
18.846248,0.349000
18.881725,0.349000
19.013445,0.349000
19.046761,0.349000
19.147181,0.349000
19.183521,0.349000
19.349635,0.349000
19.418641,0.349000
19.450956,0.349000
19.483484,0.349000
19.517992,0.349000
19.550400,0.349000
19.618270,0.349000
19.718661,0.349000
19.784443,0.349000
19.817942,0.349000
19.883872,0.349000
19.919520,0.349000
19.951703,0.349000
19.988397,0.349000
20.018572,0.349000
20.083399,0.349000
20.118100,0.349000
20.150418,0.349000
20.184849,0.349000
20.217272,0.349000
20.250759,0.349000
20.417725,0.349000
20.650788,0.349000
21.181987,0.349000
21.279243,0.349000
21.483059,0.349000
21.517530,0.349000
21.549044,0.349000
21.615673,0.349000
21.881134,0.349000
21.915659,0.349000
21.983686,0.349000
22.051458,0.349000
22.116221,0.349000
22.215542,0.349000
22.281471,0.349000
22.550838,0.349000
22.583380,0.349000
22.616668,0.349000
22.750439,0.349000
22.882133,0.349000
22.916616,0.349000
23.017923,0.349000
23.153837,0.349000
23.183913,0.349000
23.286324,0.349000
23.320761,0.349000
23.419422,0.349000
23.453598,0.349000
23.486001,0.349000
23.522320,0.349000
23.554941,0.349000
23.654132,0.349000
23.686414,0.349000
23.721045,0.349000
23.886881,0.349000
23.921463,0.349000
23.954262,0.349000
23.986416,0.349000
24.058228,0.349000
24.185802,0.349000
24.221287,0.349000
24.287282,0.349000
24.353087,0.349000
24.422476,0.349000
25.086712,0.349000
25.119267,0.349000
25.218705,0.349000
25.317795,0.349000
25.418144,0.349000
25.551960,0.349000
25.619821,0.349000
25.654284,0.349000
25.686778,0.349000
25.753714,0.349000
25.818467,0.349000
25.853853,0.349000
25.919742,0.349000
25.954311,0.349000
25.985561,0.349000
26.154658,0.349000
26.253919,0.349000
26.453337,0.349000
26.486917,0.349000
26.553900,0.349000
26.587128,0.349000
26.620512,0.349000
26.655444,0.349000
26.719888,0.349000
26.820289,0.349000
26.890390,0.349000
26.957279,0.349000
27.056583,0.349000
27.091362,0.349000
27.157719,0.349000
27.192051,0.349000
27.222388,0.349000
27.257047,0.349000
27.391835,0.349000
27.423239,0.349000
27.522428,0.349000
27.658319,0.349000
27.692769,0.349000
27.725275,0.200000
27.958209,0.200000
27.990570,0.200000
28.092270,0.200000
28.159004,0.200000
28.191433,0.200000
28.456818,0.200000
28.589608,0.200000
28.689729,0.200000
28.788885,0.200000
28.922789,0.200000
29.022158,0.200000
29.088976,0.200000
29.155982,0.200000
29.190393,0.200000
29.388959,0.200000
29.423342,0.200000
29.455721,0.200000
29.621949,0.200000
29.723215,0.200000
29.823615,0.200000
29.855072,0.200000
29.889699,0.200000
29.923857,0.200000
29.956436,0.200000
30.225388,0.200000
30.390104,0.200000
30.490512,0.200000
30.523778,0.200000
30.626376,0.200000
30.760811,0.200000
30.795447,0.200000
30.827927,0.200000
30.927048,0.200000
30.959509,0.200000
30.994075,0.200000
31.059209,0.200000
31.194688,0.200000
31.297103,0.200000
31.328402,0.200000
31.427596,0.200000
31.460124,0.200000
31.493683,0.200000
31.760865,0.200000
31.993936,0.200000
32.060893,0.200000
32.089173,0.200000
32.160213,0.200000
32.626388,0.200000
32.658716,0.200000
32.725410,0.200000
32.758869,0.200000
32.792363,0.200000
32.891678,0.200000
32.991982,0.200000
33.159334,0.200000
33.191700,0.200000
33.226162,0.200000
33.260649,0.200000
33.425685,0.200000
33.459280,0.200000
33.627249,0.200000
33.659660,0.200000
33.726735,0.200000
33.827791,0.200000
34.026448,0.200000
34.227658,0.200000
34.361065,0.200000
34.395597,0.200000
34.429985,0.200000
34.495851,0.200000
34.596090,0.200000
34.729868,0.200000
34.864809,0.200000
34.898121,0.200000
34.932661,0.200000
35.030897,0.200000
35.163594,0.200000
35.230402,0.200000
35.431068,0.200000
35.863748,0.200000
35.996594,0.200000
36.162648,0.200000
36.395786,0.200000
36.428189,0.200000
36.728136,0.200000
36.862849,0.200000
36.896291,0.200000
37.129509,0.200000
37.163904,0.200000
37.196494,0.200000
37.328216,0.200000
37.429851,0.200000
37.463779,0.200000
37.663426,0.200000
37.928092,0.200000
37.964338,0.200000
38.128855,0.200000
38.165016,0.200000
38.264264,0.200000
38.400167,0.200000
38.467149,0.200000
38.501420,0.200000
38.665694,0.200000
38.732563,0.200000
38.800403,0.200000
38.864149,0.200000
38.933244,0.200000
38.965622,0.200000
39.002278,0.200000
39.100358,0.200000
39.133801,0.200000
39.166283,0.200000
39.200756,0.200000
39.265476,0.200000
39.300177,0.200000
39.364728,0.200000
39.433807,0.200000
39.865447,0.200000
39.932381,0.200000
40.098524,0.200000
40.197726,0.200000
40.430746,0.200000
40.533264,0.200000
40.599061,0.200000
40.698514,0.200000
40.831029,0.200000
40.931317,0.200000
40.963895,0.200000
40.998982,0.200000
41.132215,0.200000
