0.235657,0.446808
0.255676,-0.292989
0.275578,0.444740
0.295716,0.224134
0.315640,0.292401
0.335779,0.736001
0.355699,-0.617082
0.375611,0.479464
0.395667,0.360803
0.415638,0.364221
0.435649,0.905940
0.455713,0.255681
0.475533,0.235013
0.496263,0.334258
0.517385,0.018611
0.535553,-0.467563
0.555638,0.294312
0.575512,0.720758
0.596544,0.737080
0.616647,1.082443
0.635568,1.315524
0.655458,1.163864
0.675407,0.751063
0.696415,0.979843
0.716526,1.495631
0.736440,0.739361
0.756462,0.865261
0.776332,0.367792
0.796317,0.639129
0.816393,0.029609
0.836468,-0.055491
0.856260,-0.504481
0.876335,0.105906
0.896422,-0.200536
0.916353,0.532316
0.936260,1.802029
0.956223,0.755136
0.976216,-0.026924
0.996279,-1.027011
1.016253,0.807806
1.036994,1.056483
1.056305,0.653208
1.076309,0.447555
1.096308,1.079185
1.116527,1.378953
1.136144,1.109462
1.156179,2.679177
1.176239,-0.059727
1.196162,0.049196
1.217191,0.707422
1.236341,-0.683397
1.256129,-0.149356
1.276263,0.969786
1.296230,0.682084
1.316173,1.004652
1.336107,0.559211
1.356300,-0.284048
1.375943,-0.106437
1.396019,0.576197
1.415922,0.729998
1.435926,1.439280
1.456039,1.779558
1.475951,1.499952
1.495992,1.474590
1.516042,1.318759
1.536037,1.584028
1.555869,2.355069
1.576180,2.222273
1.595900,2.076186
1.615866,2.615566
1.635980,2.307893
1.655833,1.590548
1.676870,1.678153
1.695965,2.333378
1.715753,1.335053
1.736003,1.781366
1.755893,2.640184
1.775863,1.921304
1.795917,1.330376
1.815816,2.214546
1.836222,1.702901
1.855951,0.986431
1.875859,2.290140
1.895969,1.829534
1.915725,-0.094868
1.935721,1.973962
1.955891,1.729252
1.975631,0.245819
1.995829,2.021288
2.015800,1.871499
2.035606,0.143526
2.055806,0.870764
2.075757,1.427145
2.095618,-0.558652
2.116629,1.718695
2.135880,1.713461
2.155573,0.314664
2.175512,0.972090
2.195526,1.713989
2.216301,-0.300080
2.235638,0.667987
2.255512,2.060087
2.275485,-0.328603
2.295466,0.446112
2.316580,2.047623
2.335488,-0.175899
2.355474,0.989606
2.375458,1.847488
2.396393,0.000663
2.416390,0.342628
2.435437,1.834197
2.456376,-0.598195
2.476561,0.534059
2.496469,1.044401
2.516406,-0.361477
2.536446,0.457735
2.556435,1.911708
2.576408,-0.255737
2.596336,0.685849
2.616318,2.704388
2.636516,-0.204663
2.656308,2.145248
2.676407,1.829557
2.696350,-0.177686
2.716305,2.899213
2.736257,1.560886
2.756285,2.097718
2.776253,3.616523
2.796266,1.269513
2.816383,2.366688
2.836410,1.213293
2.856329,1.215566
2.876163,2.380033
2.896239,0.435037
2.916209,1.652368
2.936122,0.768207
2.956194,0.781308
2.976244,0.959153
2.996084,0.123027
3.016146,2.013731
3.036090,-0.211844
3.056191,2.216762
3.076132,-0.030625
3.096052,1.798104
3.116086,-0.160663
3.136071,1.270621
3.156071,-1.036952
3.176143,2.288584
3.196141,-0.017967
3.216083,2.194237
3.236130,0.156141
3.255990,1.742825
3.276178,-0.542089
3.296000,1.075732
3.315940,0.386602
3.336010,1.353199
3.355969,1.661439
3.376070,-0.019036
3.395943,0.851294
3.415918,0.814413
3.436020,0.354077
3.455920,1.299546
3.475994,0.148397
3.496566,0.532704
3.515894,0.441853
3.535898,1.247563
3.555900,1.341153
3.575839,1.281674
3.595916,2.030050
3.615953,0.809987
3.635872,0.599143
3.655820,0.179383
3.677103,1.063553
3.695957,1.520263
3.715903,0.885137
3.735876,1.746113
3.755873,0.891842
3.775688,0.886558
3.795840,0.246203
3.815963,0.699986
3.835812,1.211136
3.855717,-0.430685
3.875926,0.722333
3.895638,0.326892
3.915809,1.567240
3.935621,1.187729
3.955636,2.175129
3.975635,0.882061
3.996056,1.267818
4.015625,0.543485
4.035732,0.813792
4.055710,0.385259
4.075555,1.256679
4.095578,0.862392
4.116394,2.074902
4.136909,2.301552
4.155920,1.417017
4.175597,2.029187
4.195509,0.319536
4.216629,1.137284
4.235585,-0.195947
4.255692,0.420527
4.275565,-0.478449
4.296500,0.345587
4.316496,-1.118790
4.335426,-0.454827
4.355541,-1.785475
4.376434,-0.346463
4.396529,-1.429930
4.416425,-0.002730
4.436500,-1.843987
4.456382,0.544076
4.476329,-1.319500
4.496405,1.439110
4.516387,-0.411802
4.536375,2.379645
4.556485,0.339614
4.576857,3.256860
4.596470,0.950507
4.616396,2.734981
4.636653,1.263840
4.656342,3.145424
4.676328,0.365461
4.696753,0.827655
4.716312,0.093108
4.736283,-0.248129
4.756228,0.221791
4.776462,-0.399402
4.796268,1.168744
4.816662,-0.007820
4.836716,2.311582
4.856232,0.980296
4.876362,2.249381
4.896164,-0.082467
4.916222,1.901471
4.936151,-1.031474
4.956152,0.889168
4.976265,-0.135327
4.996133,2.627007
5.016161,1.005372
5.036164,2.368995
5.056165,0.582477
5.076152,0.610067
5.096096,0.407744
5.116099,0.642869
5.136109,1.528211
5.156148,1.500042
5.176084,1.430697
5.196134,-0.213702
5.216025,1.397080
5.235945,-0.408469
5.256003,2.056380
5.275908,0.477141
5.295884,1.156076
5.316088,1.652391
5.336152,1.982278
5.355969,1.273368
5.375937,-0.082643
5.396018,1.863943
5.415959,0.369698
5.435861,1.880123
5.455815,0.435270
5.476034,2.298627
5.495781,2.032708
5.515912,0.457422
5.535955,1.296651
5.555758,0.427924
5.575781,2.080706
5.595743,-0.519427
5.615931,1.172316
5.635724,2.645202
5.655861,1.288892
5.676140,0.801436
5.695705,0.989394
5.715779,1.991618
5.735722,-0.593270
5.755621,2.420642
5.775801,1.855500
5.796714,0.470832
5.816479,2.621486
5.835724,0.859006
5.855759,1.252098
5.875696,0.640819
5.895760,2.327658
5.915622,0.649799
5.935812,-0.014967
5.955620,2.429102
5.975681,-0.967827
5.995616,1.632201
6.016545,2.015517
6.035688,0.041276
6.055574,2.254969
6.075543,0.460726
6.095531,0.107291
6.116681,1.060877
6.135527,1.583754
6.155680,0.693980
6.176637,1.562543
6.195638,1.499618
6.216450,0.279805
6.236441,2.039884
6.256558,1.381674
6.276696,0.131403
6.296490,3.536734
6.316459,-0.612622
6.336430,1.982342
6.356431,1.246166
6.376628,-0.754685
6.396348,2.300322
6.416358,-0.317144
6.436337,1.091693
6.456378,2.877207
6.476400,-0.004069
6.496266,2.230894
6.516360,0.742997
6.536362,0.063519
6.556389,2.173555
6.576257,0.689006
6.596274,1.705624
6.616380,0.910302
6.636300,-1.028683
6.656255,0.708363
6.676247,1.295742
6.696337,0.644088
6.716221,0.596605
6.736257,-0.556830
6.756312,0.731655
6.776691,2.563504
6.796279,0.942912
6.816368,0.273023
6.836329,0.855149
6.856133,-0.845805
6.876126,2.526966
6.896128,1.375002
6.916226,0.554761
6.936296,1.500630
6.956359,-1.072541
6.976102,2.034635
6.996168,1.280867
7.016075,0.152196
7.036251,2.457307
7.056181,-0.620619
7.076058,1.913221
7.096110,1.085951
7.116127,-0.093284
7.136111,2.685354
7.156075,-1.048836
7.176090,0.940441
7.196328,0.570776
7.215976,-0.943088
7.235964,1.980109
7.255982,-1.338611
7.276015,1.227762
7.296018,2.057924
7.315909,-0.660350
7.336314,2.756180
7.355875,-1.352345
7.375885,0.990973
7.395898,2.286306
7.415817,-0.618156
7.435881,1.995353
7.455947,-0.699450
7.475829,0.805141
7.495865,2.577378
7.515912,-0.077977
7.536023,2.737828
7.555844,-0.177135
7.575745,-0.398051
7.595723,2.177671
7.615779,-0.951194
7.635733,2.372639
7.655750,-0.037195
7.675746,0.711482
7.695802,1.455058
7.715730,-1.126060
7.735922,1.493522
7.755705,-0.464991
7.775607,0.761957
7.795829,1.974832
7.815723,-0.076342
7.835694,3.288005
7.855639,0.491551
7.875714,1.051590
7.895617,0.973294
7.915688,-1.611873
7.935727,1.915407
7.955635,0.055721
7.975624,0.754382
7.995703,2.769422
8.016663,0.189470
8.035578,3.210762
8.055472,0.635869
8.076702,0.987432
8.095537,1.571876
8.116476,-0.861223
8.135558,1.888867
8.155452,0.454028
8.176466,1.064825
8.196691,2.186934
8.216491,-0.755878
8.236568,1.418359
8.256451,-0.743139
8.276722,0.827967
8.296440,2.065895
8.316511,-0.455887
8.336399,3.143393
8.356394,-0.339321
8.376527,2.117111
8.396435,2.052904
8.416325,-0.617629
8.436367,1.945018
8.456451,-0.752530
8.476530,2.048084
8.496348,1.745134
8.516308,1.628995
8.536248,1.772012
8.556271,2.214573
8.576355,0.713896
8.596412,2.642535
8.616407,0.690136
8.636375,2.238334
8.656345,2.513755
8.676232,1.282084
8.696232,2.230802
8.716369,2.107438
8.736229,1.141693
8.756191,1.695537
8.776179,0.040261
8.796300,1.909111
8.816084,2.438890
8.836302,1.052035
8.856108,1.699588
8.876445,1.443583
8.896191,-0.180189
8.916137,2.862218
8.936019,1.039918
8.956093,1.667873
8.976027,3.494364
8.995995,1.954784
9.016001,2.304743
9.036600,1.715334
9.056037,0.915282
9.076107,0.664188
9.096118,1.454163
9.116065,-0.319206
9.135942,1.348679
9.155905,1.453313
9.176075,0.205107
9.195957,1.314422
9.215910,-0.363304
9.235942,-0.306145
9.255933,2.239789
9.275964,1.389121
9.295896,2.245312
9.315894,2.295038
9.335894,0.820676
9.355888,1.324364
9.376025,1.263845
9.395851,0.715411
9.416024,0.132209
9.436635,-0.008839
9.456909,0.639205
9.476174,2.188559
9.495780,2.375782
9.515882,0.762764
9.535928,2.540923
9.555720,0.302534
9.575684,-0.916273
9.595768,0.966019
9.615690,-2.276552
9.635710,-0.208285
9.655997,3.736565
9.676013,3.207484
9.695935,2.274202
9.715692,2.869586
9.735725,-0.293555
9.755623,-0.753521
9.775763,0.438575
9.795708,2.208354
9.815557,3.952119
9.835623,2.762214
9.855616,0.702345
9.875575,-0.312939
9.895622,-1.173309
9.916677,0.239229
9.935658,4.352099
9.955661,3.172429
9.975515,1.177178
9.995705,1.132880
10.016543,-1.698027
10.035428,-0.541273
10.056444,3.821921
10.076444,1.268537
10.096436,-0.217552
10.116467,-0.132237
10.136411,-0.505815
10.156531,0.904339
10.176532,3.577671
10.196521,-0.173981
10.216625,-2.845042
10.236368,1.753250
10.256440,2.202224
10.276719,1.830762
10.296345,1.131411
10.316482,-2.012712
10.336489,0.789668
10.356287,5.595959
10.376402,1.707507
10.396259,-1.403335
10.416393,0.038144
10.436315,3.197752
10.456250,2.532244
10.476315,0.934809
10.496361,-1.009109
10.516272,1.653931
10.536281,2.810663
10.556276,1.269080
10.576254,-0.187772
10.596345,1.637714
10.616241,2.421184
10.636241,0.568151
10.656399,-1.900622
10.676166,0.245928
10.696167,1.071666
10.716072,-0.726875
10.736852,-1.068147
10.757259,2.463733
10.776192,0.509295
10.796242,-1.514564
10.816009,1.538141
10.836246,2.233684
10.856064,-0.508584
10.876789,1.122661
10.896450,0.246797
10.916165,0.361833
10.936164,2.363799
10.956164,-0.812750
10.976055,-0.440385
10.996080,2.993818
11.015990,-1.693006
11.035932,-0.175628
11.055958,3.860568
11.076055,-0.350877
11.095924,-0.900736
11.116093,2.545608
11.135942,0.072690
11.155953,-0.726425
11.176660,0.830990
11.196171,0.920808
11.215953,1.544924
11.235924,2.398688
11.255847,2.382406
11.275969,1.714744
11.295815,1.661290
11.315817,0.614049
11.335905,1.680884
11.355870,1.531682
11.375897,0.586366
11.395817,1.164575
11.415924,0.794382
11.436711,0.209132
11.456081,1.135313
11.476022,0.840198
11.495718,1.941203
11.515743,1.809894
11.535722,1.450504
11.555747,0.787646
11.575854,0.338144
11.595780,1.822346
11.615652,0.884621
11.635624,0.568605
11.655851,1.115071
11.675785,0.045151
11.695859,0.507691
11.715729,0.977507
11.735694,-0.216455
11.755827,-0.001227
11.775610,1.408040
11.795652,-0.763274
11.816577,1.654355
11.835528,0.875328
11.855643,-2.107190
11.875655,2.510344
11.895653,1.336471
11.916812,-0.975600
11.935480,3.552132
11.956640,-0.071843
11.976500,-0.692792
11.996426,1.962065
12.016541,-1.156564
12.036475,1.666085
12.056418,2.269548
12.079619,0.465597
12.098047,1.735560
12.117334,0.901643
12.136460,1.367808
12.156549,0.240254
12.176445,0.344176
12.196631,1.771298
12.216525,0.612974
12.236571,1.958014
12.256386,0.644849
12.276336,1.273212
12.296443,1.730589
12.316617,0.879151
12.336410,3.105237
12.356377,1.281106
12.376366,0.844567
12.396379,1.487672
12.416334,1.043271
12.436288,0.874435
12.456279,0.563386
12.476274,1.704927
12.496229,-0.389023
12.516328,1.275913
12.536398,1.159129
12.556522,-0.938822
12.576304,2.044824
12.596490,-0.321448
12.616264,-0.183986
12.636285,2.008641
12.656203,0.115516
12.676437,0.664629
12.696191,1.681976
12.716203,0.760346
12.736356,-0.417434
12.756153,1.600785
12.776205,0.583431
12.796137,0.218882
12.816060,1.419861
12.836183,0.174022
12.856057,-0.314881
12.876059,1.497606
12.896011,1.155543
12.916177,-0.074992
12.936044,2.922159
12.955939,0.931978
12.976079,-1.143770
12.996025,2.034682
13.015973,0.012270
13.035943,-0.337369
13.055972,2.567705
13.075960,1.997149
13.095934,0.224112
13.115908,1.175307
13.135859,-0.089064
13.156040,0.125439
13.175824,2.005450
13.196086,0.545559
13.215984,1.032843
13.235783,1.880385
13.255845,1.534086
13.275812,1.037745
13.295859,3.262554
13.316087,1.647964
13.335745,1.711533
13.355782,-0.185464
13.375892,0.899770
13.395902,0.501081
13.415871,1.735184
13.435777,-0.152043
13.455677,2.814838
13.475907,0.375868
13.495702,1.831601
13.515761,0.685374
13.535809,2.033753
13.555709,-0.391135
13.575769,2.916324
13.595655,-0.167874
13.615669,2.144321
13.635819,1.377052
13.655659,2.019944
13.675621,0.265534
13.695646,2.730656
13.716623,0.412648
13.735705,0.615542
13.755586,0.151576
13.776600,-0.035122
13.795627,-0.515536
13.816807,0.508774
13.835735,-0.591542
13.855505,0.384058
13.876604,1.777416
13.896615,0.546245
13.916582,0.062101
13.936464,1.329363
13.956489,1.202987
13.976786,-0.970227
13.996448,1.927007
14.016387,0.484214
14.036424,0.860661
14.056367,1.233112
14.076516,-0.529426
14.096451,-1.769838
14.116510,1.557290
14.136292,0.749212
14.156434,-0.369306
14.176567,2.103209
14.196539,0.807016
14.216363,-0.529120
14.236446,0.979666
14.256298,-0.104896
14.276360,-0.001617
14.296395,1.311668
14.316257,-0.475804
14.336485,-0.461105
14.356246,2.198216
14.376465,0.120515
14.396404,-0.924740
14.416351,1.089800
14.436435,0.434382
14.456260,0.044770
14.476287,0.911046
14.496210,2.108206
14.516198,1.005435
14.536213,2.282439
14.556230,-0.335760
14.576312,-0.249083
14.596301,1.563199
14.616182,0.767366
14.636213,1.707039
14.656092,2.267181
14.676114,0.920144
14.696186,-0.171727
14.716145,1.163349
14.736119,0.224327
14.756201,-0.317472
14.776087,2.920974
14.796150,1.646476
14.815992,1.413756
14.835989,1.399589
14.856017,0.117212
14.875996,0.792154
14.895977,1.748187
14.916058,2.040372
14.936002,1.354220
14.955969,1.858321
14.976103,1.055474
14.995970,0.794273
15.015978,1.134002
15.035969,0.494685
15.055995,0.050799
15.076166,0.964076
15.095915,1.218508
15.116041,3.025048
15.135930,1.740442
15.156004,-0.493115
15.176075,-0.170374
15.195988,0.001499
15.215839,0.774170
15.236191,-0.206664
15.255816,-0.373375
15.275885,-0.228548
15.295769,2.199723
15.315731,0.578738
15.335747,0.863246
15.355756,-0.118857
15.375918,0.228187
15.395774,-0.474970
15.415708,0.878944
15.435930,-1.221014
15.455821,0.668693
15.475920,-0.487565
15.495691,0.626085
15.515737,-0.105960
15.535786,-2.370646
15.555735,-0.252335
15.575753,0.450751
15.595638,-0.802988
15.616777,0.245644
15.635631,-1.124343
15.655681,-1.066922
15.675802,-1.991379
15.695734,-0.728949
15.717357,-0.068514
15.736627,-0.578867
15.755701,-0.517814
15.775572,-2.067222
15.796420,-1.365885
15.816564,-1.217587
15.836865,-0.530543
15.856683,-1.026384
15.876530,-1.885138
15.896508,-0.912326
15.916741,-1.966171
15.936443,-1.349187
15.956683,-1.349652
15.976642,0.555654
15.996470,-0.154784
16.016373,0.035398
16.036352,-1.820175
16.056449,-1.097987
16.076543,-2.213216
16.096378,-3.192461
16.116497,-1.208251
16.136507,-0.672197
16.156354,-0.703265
16.176611,-0.546552
16.196446,-1.065803
16.216329,-1.202253
16.236452,-0.037930
16.256407,0.988055
16.276693,-0.425690
16.296331,-0.369014
16.316273,-1.253674
16.336449,-1.341589
16.356402,-1.308306
16.376284,-1.491822
16.396704,-2.282655
16.416251,-2.175740
16.436254,-1.711477
16.456267,-2.156907
16.476128,-2.782891
16.496155,-1.624105
16.516130,-2.681842
16.536133,-3.111770
16.556308,-2.234088
16.576239,-4.886012
16.596189,-2.486421
16.616105,-1.642421
16.636199,-1.610628
16.656106,-2.733170
16.676265,-3.870602
16.696221,-2.703650
16.716140,0.172783
16.736147,-0.861095
16.756057,-2.969630
16.776181,-3.326504
16.796093,-1.076973
16.815979,-0.081023
16.836190,-1.744010
16.856008,-2.752716
16.875946,-1.616788
16.895972,-1.096535
16.916084,1.004524
16.935984,-1.005863
16.955874,-2.675226
16.975991,-3.087558
16.995947,-1.160851
17.015879,0.593508
17.035990,0.717786
17.055932,0.941690
17.075945,-1.051559
17.096296,-0.106068
17.115938,-3.346710
17.135883,-2.967266
17.155924,-2.218996
17.175942,-1.011945
17.195923,1.584530
17.215810,1.475708
17.235951,1.318189
17.255967,0.251027
17.275872,0.304070
17.295746,-0.804467
17.315751,-0.570765
17.335840,0.622247
17.355872,-1.072976
17.375880,-0.721642
17.395850,-1.841536
17.416413,-2.468009
17.435965,-2.629262
17.455709,-2.509020
17.475782,-2.724827
17.495754,-2.256156
17.515697,-2.331875
17.535895,-2.432431
17.555630,-2.699568
17.575807,-1.962534
17.595894,-1.767707
17.616798,-1.864392
17.635832,-0.754100
17.655811,-1.046345
17.676705,-0.925722
17.695614,-0.696223
17.716510,-0.024139
17.737224,0.024760
17.756696,-0.585078
17.776562,-0.517435
17.796623,-0.273110
17.816438,0.415816
17.836453,-0.168661
17.856472,-1.174378
17.876854,-1.324339
17.896425,-1.756430
17.916543,-0.969715
17.936544,-0.406758
17.956491,0.013668
17.976529,-1.135288
17.996473,-0.655764
18.016424,-1.006585
18.036426,-1.431417
18.056345,-1.385305
18.076420,-1.303557
18.096412,-1.145061
18.116253,-1.891404
18.136443,-2.521512
18.156322,-0.842182
18.176579,-1.149166
18.196423,-1.701678
18.216291,-0.857015
18.236294,-0.214236
18.256264,-2.535776
18.276258,-1.354485
18.296375,-0.151384
18.316741,-0.450969
18.336160,0.885486
18.356247,-1.848858
18.376337,-0.885377
18.396245,-0.837667
18.416185,-0.648388
18.436196,-0.083781
18.456146,-2.358142
18.476125,-0.853689
18.496228,-2.512363
18.516089,-1.137667
18.536149,-0.473911
18.556108,-1.458208
18.576060,-1.060165
18.596127,-2.789772
18.616145,-1.180898
18.636165,-1.901800
18.656113,1.158234
18.676048,-1.167641
18.696072,0.070728
18.715988,-3.199065
18.735975,-1.022765
18.755969,-2.862921
18.775975,-0.130141
18.796138,-2.109232
18.816043,0.908194
18.836087,-0.958699
18.855967,0.340195
18.877068,-0.104175
18.896370,-1.140287
18.916099,0.036571
18.935955,-2.469980
18.956130,-0.707611
18.975925,-1.791625
18.996059,-0.743528
19.015867,-0.500706
19.035958,-2.070466
19.055883,0.114304
19.075869,-1.177356
19.095954,-2.587069
19.115858,-0.924590
19.135834,-1.588280
19.155928,-1.098704
19.175955,0.517159
19.195896,-1.977393
19.215772,-1.363420
19.235760,0.183728
19.255910,-0.974166
19.275906,-1.562245
19.295779,-0.665638
19.315719,-1.781472
19.335772,-0.518842
19.355695,-0.641593
19.375893,-1.242096
19.395729,0.069445
19.416634,0.815785
19.435729,-0.414143
19.455717,-0.256409
19.475623,-0.278911
19.495699,-0.420944
19.516630,-0.107570
19.535640,-0.664008
19.555587,-2.026032
19.575621,-1.951756
19.595702,-0.595900
19.616596,0.135698
19.635673,0.335099
19.655572,-0.044857
19.675609,-0.771145
19.696617,-1.651626
19.716623,-1.102114
19.736512,-0.491247
19.756586,-0.172095
19.776676,-0.352471
19.796585,0.315215
19.816641,0.843627
19.836469,0.352140
19.856580,-0.023004
19.876557,-0.117842
19.896457,0.464567
19.916659,-0.619425
19.936696,-0.736581
19.956447,-0.184166
19.976594,0.574545
19.996493,0.267942
20.016433,-0.717810
20.036389,-0.186745
20.056357,-0.264947
20.076341,-0.687744
20.096391,0.254511
20.116367,-0.049287
20.136486,0.328753
20.156379,0.766977
20.176380,0.342079
20.196320,-0.497536
20.216301,-0.180436
20.236460,-0.280429
20.256360,-0.579786
20.276435,0.354079
20.296322,0.133606
20.316314,-0.108435
20.336265,0.901262
20.356433,0.262380
20.376253,0.019716
20.396423,0.125174
20.416291,-0.287320
20.436144,-0.396314
20.456209,0.098854
20.476134,-0.009773
20.496159,0.319682
20.516175,0.846584
20.536116,-0.116308
20.556175,-0.068541
20.576108,-0.213084
20.596075,-0.371119
20.616204,-0.289969
20.636055,0.261520
20.656102,0.341983
20.676184,0.356476
20.696193,0.399157
20.716120,-0.498720
20.736055,-0.234814
20.756001,0.143721
20.776019,-0.239596
20.796215,0.701046
20.816063,0.148382
20.836187,0.481292
20.856055,0.658887
20.876059,0.024940
20.895988,0.241736
20.915955,0.018066
20.935899,0.051865
20.956023,0.154990
20.975930,0.619723
20.996152,0.267769
21.015968,0.618915
21.035975,0.353168
21.056251,-0.014636
21.075917,1.018494
21.096045,-0.355694
21.115947,0.218304
21.135877,0.343047
21.155844,-0.523568
21.176001,1.134527
21.196021,0.048196
21.215866,0.318459
21.235802,0.142015
21.255830,-0.582739
21.275730,0.467579
21.295730,-0.091954
21.315857,-0.077552
21.335742,0.213260
21.355659,-0.626633
21.375675,0.704621
21.395655,0.065055
21.416708,0.313415
21.435592,0.061266
21.455823,-0.794368
21.475685,0.665289
21.495693,-0.448843
21.516700,0.089342
21.535604,0.251345
21.556600,-0.742584
21.576722,0.994990
21.596738,-0.177319
21.616616,0.212879
21.636913,0.011424
21.656651,-0.829940
21.677011,0.472562
21.696522,-0.042356
21.716545,0.055168
21.736562,0.250092
21.756468,-0.669222
21.776479,-0.444048
21.796581,-0.073502
21.816537,-0.409672
21.836576,0.165831
21.856467,-0.300416
21.876469,-0.132348
21.896407,0.328659
21.916446,-0.276510
21.936341,0.401654
21.956454,-0.106021
21.976317,-0.085826
21.996435,0.128830
22.016258,-0.664520
22.036358,0.252342
22.056264,0.070335
22.076338,0.175690
22.096276,0.464245
22.116374,-0.326362
22.136240,0.366767
22.156412,0.219184
22.176343,0.118033
22.196326,0.500810
22.216240,-0.103412
22.236313,0.401503
22.256778,0.524475
22.276244,-0.040292
22.296294,0.426382
22.316365,-0.156950
22.336341,0.400452
22.356194,0.932028
22.376333,0.029494
22.396260,0.543626
22.416116,0.013667
22.436230,0.081223
22.456281,0.977606
22.476293,-0.352810
22.496149,0.504098
22.516093,0.512477
22.536103,-0.096278
22.556259,1.210025
22.576115,-0.288161
22.596115,0.450974
22.615962,0.185079
22.636040,-0.064110
22.656068,1.138433
22.675973,-0.237869
22.696011,0.984204
22.716015,0.163383
22.736036,0.285234
22.755961,1.146891
22.776007,-0.333670
22.795992,0.991562
22.815959,0.088065
22.835866,0.550456
22.855860,1.050286
22.876003,-0.104105
22.895893,0.963961
22.915830,0.247597
22.935784,0.354449
22.955829,1.118936
22.975937,-0.183637
22.995935,0.974950
23.015858,0.162200
23.035984,0.325555
23.055780,1.189141
23.075880,-0.229387
23.095911,0.788621
23.115860,0.227812
23.135987,-0.007881
23.155974,0.879695
23.175938,-0.016435
23.195815,0.481364
23.215928,0.478007
23.235815,-0.305956
23.255932,1.050777
23.275882,-0.024196
23.295825,0.391662
23.316801,0.461804
23.335781,-0.551473
23.355864,0.925057
23.376966,-0.138151
23.396755,0.631917
23.416612,0.551564
23.435892,-0.077579
23.456706,0.165194
23.476794,0.242060
23.497139,0.332218
23.516601,0.913424
