0.202497,30.636601
0.222713,30.636601
0.242661,30.636601
0.262567,30.636601
0.282587,30.636601
0.302454,30.636601
0.322461,30.636601
0.342511,30.636601
0.363079,30.636601
0.383142,30.636601
0.402491,30.636601
0.422462,30.636601
0.442394,30.636601
0.462374,30.636601
0.482466,30.636601
0.502294,30.636601
0.522342,30.636601
0.542357,30.636601
0.562316,30.636601
0.582273,30.636601
0.602287,30.636601
0.622373,30.636601
0.642658,30.636601
0.662396,30.636601
0.682418,30.636601
0.702358,30.636601
0.722442,30.636601
0.742477,30.636601
0.762692,30.636601
0.782410,30.636601
0.802453,30.636601
0.822299,30.636601
0.842429,30.636601
0.862345,30.636601
0.882326,30.636601
0.902276,30.636601
0.922276,30.636601
0.942298,30.636601
0.962179,30.636601
0.982146,30.636601
1.002231,30.636601
1.022168,30.636601
1.042176,30.636601
1.062076,30.636601
1.082100,30.636601
1.102138,30.636601
1.122200,30.636601
1.142164,30.636601
1.162117,30.636601
1.182146,30.636601
1.202057,30.636601
1.222139,30.636601
1.242082,30.636601
1.262038,30.636601
1.282225,30.636601
1.302095,30.636601
1.322127,30.636601
1.342028,30.636601
1.362136,30.636601
1.381985,30.636601
1.401948,30.636601
1.421941,30.636601
1.443081,30.636601
1.463066,30.636601
1.482969,30.636601
1.502992,30.636601
1.522890,30.636601
1.543015,30.636601
1.562953,30.636601
1.582891,30.636601
1.602975,30.636601
1.622804,30.636601
1.642833,30.636601
1.662845,30.636601
1.682759,30.636601
1.702773,30.636601
1.722850,30.636601
1.742797,30.636601
1.763080,30.636601
1.782696,30.636601
1.803295,30.636601
1.823055,30.636601
1.842785,30.636601
1.862599,30.636601
1.882619,30.636601
1.902613,30.636601
1.922572,30.636601
1.942618,30.636601
1.962671,30.636601
1.982554,30.636601
2.002580,30.636601
2.022564,30.636601
2.042578,30.636601
2.062553,30.636601
2.082515,30.636601
2.102460,30.636601
2.122452,30.636601
2.142508,30.636601
2.162555,30.636601
2.182503,30.636601
2.202479,30.636601
2.222470,30.636601
2.242509,30.636601
2.262471,30.636601
2.282529,30.636601
2.302457,30.636601
2.322476,30.636601
2.342973,30.636601
2.363109,30.636601
2.382464,30.636601
2.402626,30.636601
2.422395,30.636601
2.442368,30.636601
2.462401,30.636601
2.482379,30.636601
2.502345,30.636601
2.522339,30.636601
2.542422,30.636601
2.562568,30.636601
2.582259,30.636601
2.602231,30.636601
2.622242,30.636601
2.642193,30.636601
2.662244,30.636601
2.682252,30.636601
2.702257,30.636601
2.722415,30.636601
2.742235,30.636601
2.762274,30.636601
2.782140,30.636601
2.802151,30.636601
2.822182,30.636601
2.842199,30.636601
2.862050,30.636601
2.882047,30.636600
2.902038,30.636600
2.921990,30.636600
2.942070,30.636600
2.961969,30.636600
2.981966,30.636600
3.002019,30.636600
3.022037,30.636600
3.042168,30.636600
3.062032,30.636600
3.081998,30.636600
3.101986,30.636600
3.122004,30.636600
3.143053,30.636599
3.163048,30.636599
3.182018,30.636599
3.203677,30.636599
3.223401,30.636599
3.243224,30.636598
3.262864,30.636598
3.282822,30.636598
3.302788,30.636598
3.322788,30.636597
3.342860,30.636597
3.362904,30.636597
3.382775,30.636596
3.402750,30.636596
3.422699,30.636596
3.442765,30.636596
3.462714,30.636595
3.482718,30.636595
3.502747,30.636594
3.522663,30.636594
3.542692,30.636594
3.562762,30.636593
3.582738,30.636593
3.602639,30.636593
3.622741,30.636592
3.642694,30.636592
3.662768,30.636591
3.682785,30.636591
3.702835,30.636591
3.722719,30.636590
3.742670,30.636590
3.762713,30.636589
3.782714,30.636589
3.802864,30.636589
3.822689,30.636588
3.842720,30.636588
3.862695,30.636587
3.882796,30.636587
3.902663,30.636586
3.922721,30.636586
3.942572,30.636585
3.962652,30.636585
3.982604,30.636584
4.002722,30.636584
4.022633,30.636583
4.042696,30.636583
4.062526,30.636582
4.082563,30.636582
4.102529,30.636581
4.122584,30.636581
4.142562,30.636580
4.162663,30.636580
4.182526,30.636579
4.203068,30.636578
4.222505,30.636578
4.242497,30.636577
4.262399,30.636577
4.282466,30.636576
4.302393,30.636575
4.322296,30.636575
4.342254,30.636574
4.362236,30.636573
4.382209,30.636573
4.402316,30.636572
4.422238,30.636571
4.442395,30.636571
4.462324,30.636570
4.482165,30.636569
4.502153,30.636569
4.522204,30.636568
4.542326,30.636567
4.562276,30.636567
4.582178,30.636566
4.602210,30.636565
4.622261,30.636564
4.642236,30.636564
4.662171,30.636563
4.682265,30.636562
4.702099,30.636561
4.722118,30.636560
4.742014,30.636560
4.762172,30.636559
4.782097,30.636558
4.802026,30.636557
4.822207,30.636556
4.842119,30.636556
4.862104,30.636555
4.882508,30.636554
4.902509,30.636553
4.922124,30.636552
4.942532,30.636551
4.962327,30.636550
4.981975,30.636550
5.002038,30.636549
5.021941,30.636548
5.043063,30.636547
5.063031,30.636546
5.082978,30.636545
5.103038,30.636544
5.122982,30.636544
5.142884,30.636543
5.163710,30.636542
5.183410,30.636541
5.203395,30.636540
5.222850,30.636539
5.242743,30.636538
5.262729,30.636537
5.282758,30.636536
5.303260,30.636535
5.323447,30.636534
5.343467,30.636533
5.362918,30.636532
5.382679,30.636531
5.402682,30.636530
5.422660,30.636530
5.442752,30.636529
5.462657,30.636528
5.482690,30.636527
5.502665,30.636526
5.522780,30.636525
5.542704,30.636524
5.562644,30.636523
5.582546,30.636522
5.602750,30.636521
5.622733,30.636520
5.642649,30.636518
5.662690,30.636517
5.682557,30.636516
5.702527,30.636515
5.722653,30.636514
5.742480,30.636513
5.762563,30.636512
5.782549,30.636511
5.802445,30.636510
5.822424,30.636509
5.842474,30.636508
5.862525,30.636507
5.882597,30.636506
5.902462,30.636505
5.922565,30.636504
5.942518,30.636502
5.962480,30.636501
5.982372,30.636500
6.002292,30.636499
6.022330,30.636498
6.042291,30.636497
6.062397,30.636496
6.082901,30.636495
6.103124,30.636493
6.123008,30.636492
6.142298,30.636491
6.162208,30.636490
6.182278,30.636489
6.202266,30.636488
6.222371,30.636487
6.242320,30.636485
6.262239,30.636484
6.282403,30.636483
6.302276,30.636482
6.322146,30.636481
6.342756,30.636480
6.362804,30.636478
6.382438,30.636477
6.402368,30.636476
6.422322,30.636475
6.442110,30.636474
6.462192,30.636472
6.482192,30.636471
6.502245,30.636470
6.522268,30.636469
6.542191,30.636467
6.562235,30.636466
6.582145,30.636465
6.602113,30.636464
6.622057,30.636463
6.642077,30.636461
6.661997,30.636460
6.682056,30.636459
6.702081,30.636458
6.722105,30.636456
6.743033,30.636455
6.763147,30.636454
6.782923,30.636453
6.803036,30.636451
6.822942,30.636450
6.842946,30.636449
6.863523,30.636447
6.883725,30.636446
6.903260,30.636445
6.922964,30.636444
6.942783,30.636442
6.962792,30.636441
6.982820,30.636440
7.002760,30.636438
7.022878,30.636437
7.042946,30.636436
7.062975,30.636434
7.083051,30.636433
7.102988,30.636432
7.122880,30.636431
7.142950,30.636429
7.162932,30.636428
7.183007,30.636427
7.203059,30.636425
7.222826,30.636424
7.242904,30.636423
7.262888,30.636421
7.282883,30.636420
7.302844,30.636418
7.322823,30.636417
7.342843,30.636416
7.362845,30.636414
7.382795,30.636413
7.402840,30.636412
7.423645,30.636410
7.443196,30.636409
7.462589,30.636407
7.482619,30.636406
7.502583,30.636405
7.522674,30.636403
7.542713,30.636402
7.562680,30.636401
7.582604,30.636399
7.602675,30.636398
7.622703,30.636396
7.642455,30.636395
7.662732,30.636394
7.682430,30.636392
7.702428,30.636391
7.722476,30.636390
7.742444,30.636388
7.762356,30.636387
7.782414,30.636385
7.802338,30.636384
7.822409,30.636382
7.842448,30.636381
7.862506,30.636379
7.882347,30.636378
7.902333,30.636377
7.922291,30.636375
7.942360,30.636374
7.962528,30.636372
7.982329,30.636371
8.002255,30.636369
8.022334,30.636368
8.042286,30.636366
8.062337,30.636365
8.082224,30.636363
8.102264,30.636362
8.122257,30.636360
8.142350,30.636359
8.162451,30.636357
8.182386,30.636356
8.202339,30.636354
8.222517,30.636353
8.242311,30.636351
8.262235,30.636350
8.282267,30.636349
8.302425,30.636347
8.322220,30.636346
8.342140,30.636344
8.362260,30.636343
8.382179,30.636341
8.402143,30.636339
8.423191,30.636338
8.443170,30.636336
8.463143,30.636335
8.483277,30.636333
8.503104,30.636332
8.523111,30.636330
8.543061,30.636329
8.563194,30.636327
8.583045,30.636326
8.603018,30.636324
8.623011,30.636323
8.643010,30.636321
8.662988,30.636320
8.682850,30.636318
8.702998,30.636316
8.722861,30.636315
8.742780,30.636313
8.762884,30.636312
8.782842,30.636310
8.803067,30.636309
8.822845,30.636307
8.842921,30.636305
8.862785,30.636304
8.882843,30.636302
8.902848,30.636301
8.922854,30.636299
8.942811,30.636297
8.962715,30.636296
8.982601,30.636294
9.002632,30.636293
9.022620,30.636291
9.042585,30.636289
9.062794,30.636288
9.082721,30.636286
9.102681,30.636285
9.122833,30.636283
9.142685,30.636281
9.162671,30.636280
9.182645,30.636278
9.202731,30.636276
9.222710,30.636275
9.242795,30.636273
9.262877,30.636272
9.282634,30.636270
9.302603,30.636268
9.322658,30.636267
9.342513,30.636265
9.362596,30.636263
9.382535,30.636262
9.402441,30.636260
9.422590,30.636258
9.442607,30.636257
9.462456,30.636255
9.482462,30.636253
9.502623,30.636252
9.522568,30.636250
9.542457,30.636248
9.562462,30.636247
9.582443,30.636245
9.602371,30.636243
9.622454,30.636242
9.642481,30.636240
9.662349,30.636238
9.682385,30.636237
9.702399,30.636235
9.722357,30.636233
9.742329,30.636232
9.763063,30.636230
9.782479,30.636228
9.802253,30.636227
9.822220,30.636225
9.842194,30.636223
9.862155,30.636221
9.882191,30.636220
9.902147,30.636218
9.922292,30.636216
9.942559,30.636215
9.962468,30.636213
9.982329,30.636211
10.002508,30.636209
10.022422,30.636208
10.042348,30.636206
10.062472,30.636204
10.082445,30.636203
10.102279,30.636201
10.122137,30.636199
10.142094,30.636197
10.162240,30.636196
10.182118,30.636194
10.202175,30.636192
10.222286,30.636190
10.243232,30.636189
10.262158,30.636187
10.282104,30.636185
10.302104,30.636183
10.323005,30.636182
10.343027,30.636180
10.363417,30.636178
10.383201,30.636176
10.403177,30.636174
10.423064,30.636173
10.443276,30.636171
10.463075,30.636169
10.483025,30.636167
10.502972,30.636166
10.522933,30.636164
10.542987,30.636162
10.562961,30.636160
10.582975,30.636159
10.603024,30.636157
10.623015,30.636155
10.643112,30.636153
10.662876,30.636151
10.683010,30.636150
10.702844,30.636148
10.722999,30.636146
10.742876,30.636144
10.762865,30.636142
10.782934,30.636140
10.803004,30.636139
10.822707,30.636137
10.842849,30.636135
10.862863,30.636133
10.882876,30.636131
10.902868,30.636130
10.922940,30.636128
10.942808,30.636126
10.962647,30.636124
10.982572,30.636122
11.002670,30.636120
11.022729,30.636119
11.042777,30.636117
11.062540,30.636115
11.082678,30.636113
11.102864,30.636111
11.122693,30.636109
11.142648,30.636108
11.162513,30.636106
11.182499,30.636104
11.203051,30.636102
11.223213,30.636100
11.242687,30.636098
11.262445,30.636096
11.282421,30.636095
11.302421,30.636093
11.322499,30.636091
11.343163,30.636089
11.362644,30.636087
11.382339,30.636085
11.402498,30.636083
11.422356,30.636082
11.442418,30.636080
11.462234,30.636078
11.482262,30.636076
11.502357,30.636074
11.522226,30.636072
11.542229,30.636070
11.562340,30.636068
11.582315,30.636066
11.602289,30.636065
11.622349,30.636063
11.642267,30.636061
11.662918,30.636059
11.682545,30.636057
11.702343,30.636055
11.722582,30.636053
11.742203,30.636051
11.762238,30.636049
11.782264,30.636048
11.802136,30.636046
11.822193,30.636044
11.842011,30.636042
11.862108,30.636040
11.882009,30.636038
11.902044,30.636036
11.923084,30.636034
11.942998,30.636032
11.963068,30.636030
11.982960,30.636028
12.003077,30.636026
12.023017,30.636024
12.042938,30.636023
12.062952,30.636021
12.082905,30.636019
12.102948,30.636017
12.122894,30.636015
12.142938,30.636013
12.162923,30.636011
12.182875,30.636009
12.202856,30.636007
12.222988,30.636005
12.242981,30.636003
12.262897,30.636001
12.282908,30.635999
12.302984,30.635997
12.322914,30.635995
12.343021,30.635993
12.362726,30.635991
12.382823,30.635989
12.402742,30.635987
12.422716,30.635985
12.442671,30.635983
12.462712,30.635981
12.482789,30.635979
12.503220,30.635977
12.523331,30.635975
12.543029,30.635973
12.562737,30.635971
12.582539,30.635969
12.602569,30.635967
12.622636,30.635965
12.642682,30.635963
12.662597,30.635961
12.682597,30.635959
12.703182,30.635957
12.723154,30.635955
12.743372,30.635953
12.762603,30.635951
12.782682,30.635949
12.802515,30.635947
12.822478,30.635945
12.843118,30.635943
12.862867,30.635941
12.882658,30.635939
12.902513,30.635937
12.922481,30.635935
12.942485,30.635933
12.962590,30.635931
12.982371,30.635929
13.002407,30.635927
13.022357,30.635925
13.042357,30.635923
13.062320,30.635921
13.082389,30.635919
13.102384,30.635917
13.122474,30.635915
13.142362,30.635913
13.162277,30.635911
13.182385,30.635909
13.202349,30.635907
13.222388,30.635905
13.242323,30.635903
13.262398,30.635901
13.282508,30.635899
13.302310,30.635897
13.322280,30.635895
13.342268,30.635893
13.362327,30.635891
13.382258,30.635889
13.402320,30.635887
13.422350,30.635884
13.442186,30.635882
13.462271,30.635880
13.482316,30.635878
13.502230,30.635876
13.522238,30.635874
13.542159,30.635872
13.562137,30.635870
13.582166,30.635868
13.602914,30.635866
13.622629,30.635864
13.642263,30.635862
13.663276,30.635860
13.682275,30.635858
13.701955,30.635856
13.722983,30.635853
13.743036,30.635851
13.762985,30.635849
13.783051,30.635847
13.803353,30.635845
13.823493,30.635843
13.843338,30.635841
13.863098,30.635839
13.883077,30.635837
13.903070,30.635835
13.923093,30.635832
13.943013,30.635830
13.962985,30.635828
13.983027,30.635826
14.003098,30.635824
14.022819,30.635822
14.042758,30.635820
14.062952,30.635818
14.082983,30.635816
14.103013,30.635814
14.123169,30.635811
14.142825,30.635809
14.162699,30.635807
14.182833,30.635805
14.202849,30.635803
14.222810,30.635801
14.242803,30.635799
14.262720,30.635797
14.282694,30.635794
14.302792,30.635792
14.322761,30.635790
14.342841,30.635788
14.362816,30.635786
14.382738,30.635784
14.402647,30.635782
14.422647,30.635779
14.442698,30.635777
14.462662,30.635775
14.482687,30.635773
14.502643,30.635771
14.522701,30.635769
14.542820,30.635767
14.562784,30.635764
14.582702,30.635762
14.602972,30.635760
14.622955,30.635758
14.642929,30.635756
14.662437,30.635754
14.682648,30.635751
14.702464,30.635749
14.722430,30.635747
14.742517,30.635745
14.762939,30.635743
14.782710,30.635741
14.802819,30.635739
14.822369,30.635736
14.842389,30.635734
14.862382,30.635732
14.882416,30.635730
14.902351,30.635728
14.922398,30.635726
14.942305,30.635723
14.962318,30.635721
14.982406,30.635719
15.002278,30.635717
15.022483,30.635715
15.042361,30.635712
15.062345,30.635710
15.082318,30.635708
15.102319,30.635706
15.122345,30.635704
15.142345,30.635702
15.162399,30.635700
15.182284,30.635697
15.202527,30.635695
15.222225,30.635693
15.242219,30.635691
15.262222,30.635689
15.282221,30.635686
15.302251,30.635684
15.322207,30.635682
15.342220,30.635680
15.362203,30.635678
15.382358,30.635675
15.402198,30.635673
15.422235,30.635671
15.442078,30.635669
15.462070,30.635667
15.481993,30.635664
15.502060,30.635662
15.522233,30.635660
15.543170,30.635658
15.562087,30.635655
15.582077,30.635653
15.602418,30.635651
15.623335,30.635649
15.643227,30.635647
15.663514,30.635644
15.683226,30.635642
15.703185,30.635640
15.722998,30.635638
15.743881,30.635635
15.763626,30.635633
15.783050,30.635631
15.803061,30.635629
15.823023,30.635627
15.843173,30.635624
15.863222,30.635622
15.883006,30.635620
15.902990,30.635618
15.923033,30.635615
15.942961,30.635613
15.963060,30.635611
15.982938,30.635609
16.002954,30.635606
16.022962,30.635604
16.042913,30.635602
16.062923,30.635600
16.082980,30.635597
16.102923,30.635595
16.123005,30.635593
16.142850,30.635591
16.162972,30.635588
16.182802,30.635586
16.203063,30.635584
16.222783,30.635582
16.242799,30.635579
16.262804,30.635577
16.282732,30.635575
16.302809,30.635573
16.322802,30.635570
16.342808,30.635568
16.362696,30.635566
16.382715,30.635564
16.402790,30.635561
16.423254,30.635559
16.443074,30.635557
16.462710,30.635555
16.482715,30.635552
16.502851,30.635550
16.522713,30.635548
16.542596,30.635546
16.562746,30.635543
16.582468,30.635541
16.602423,30.635539
16.622439,30.635536
16.642524,30.635534
16.662520,30.635532
16.682497,30.635530
16.702526,30.635527
16.722449,30.635525
16.742534,30.635523
16.762539,30.635520
16.782544,30.635518
16.802807,30.635516
16.822536,30.635514
16.842656,30.635511
16.862406,30.635509
16.882611,30.635507
16.902483,30.635504
16.922505,30.635502
16.942499,30.635500
16.962380,30.635498
16.982424,30.635495
17.002430,30.635493
17.022368,30.635491
17.042475,30.635488
17.062383,30.635486
17.082329,30.635484
17.102228,30.635482
17.122436,30.635479
17.142305,30.635477
17.162324,30.635475
17.182229,30.635472
17.202243,30.635470
17.222259,30.635468
17.242216,30.635465
17.262482,30.635463
17.282072,30.635461
17.302029,30.635458
17.322050,30.635456
17.342046,30.635454
17.362070,30.635451
17.383171,30.635449
17.402056,30.635447
17.422966,30.635444
17.443180,30.635442
17.462073,30.635440
17.483085,30.635437
17.503084,30.635435
17.522986,30.635433
17.543069,30.635430
17.563052,30.635428
17.583035,30.635426
17.602873,30.635423
17.623003,30.635421
17.642982,30.635419
17.662941,30.635416
17.682877,30.635414
17.702794,30.635412
17.722856,30.635410
17.742847,30.635407
17.763010,30.635405
17.782739,30.635403
17.802775,30.635400
17.822678,30.635398
17.842735,30.635396
17.863083,30.635393
17.883020,30.635391
17.903111,30.635389
17.922924,30.635386
17.942655,30.635384
17.962634,30.635382
17.982583,30.635379
18.002579,30.635377
18.022619,30.635375
18.042739,30.635372
18.062657,30.635370
18.082659,30.635367
18.102632,30.635365
18.123010,30.635363
18.142705,30.635360
18.162771,30.635358
18.183208,30.635356
18.202749,30.635353
18.222589,30.635351
18.242504,30.635349
18.262478,30.635346
18.282520,30.635344
18.302405,30.635342
18.322423,30.635339
18.342472,30.635337
18.362489,30.635334
18.382411,30.635332
18.402559,30.635330
18.422400,30.635327
18.442495,30.635325
18.462553,30.635323
18.482425,30.635320
18.502335,30.635318
18.522447,30.635315
18.542678,30.635313
18.562497,30.635311
18.582429,30.635308
18.602430,30.635306
18.622435,30.635304
18.642267,30.635301
18.662217,30.635299
18.682260,30.635296
18.702326,30.635294
18.722345,30.635292
18.742227,30.635289
18.762354,30.635287
18.782241,30.635285
18.802470,30.635282
18.822275,30.635280
18.842330,30.635277
18.862655,30.635275
18.882163,30.635273
18.902225,30.635270
18.922183,30.635268
18.942171,30.635265
18.962164,30.635263
18.982105,30.635261
19.002157,30.635258
19.022236,30.635256
19.043397,30.635254
19.063176,30.635251
19.083254,30.635249
19.103130,30.635246
19.123150,30.635244
19.143168,30.635242
19.163122,30.635239
19.183022,30.635237
19.203082,30.635234
19.223097,30.635232
19.243060,30.635230
19.263002,30.635227
19.283147,30.635225
19.303015,30.635222
19.323009,30.635220
19.342999,30.635218
19.363176,30.635215
19.382904,30.635213
19.402880,30.635210
19.422901,30.635208
19.442947,30.635206
19.462850,30.635203
19.482929,30.635201
19.502891,30.635198
19.522821,30.635196
19.542856,30.635194
19.563051,30.635191
19.582915,30.635189
19.602924,30.635186
19.622833,30.635184
19.642831,30.635181
19.662822,30.635179
19.683476,30.635177
19.703067,30.635174
19.722959,30.635172
19.742857,30.635169
19.762745,30.635167
19.782694,30.635164
19.803297,30.635162
19.823434,30.635160
19.843389,30.635157
19.863616,30.635155
19.882722,30.635152
19.902778,30.635150
19.922619,30.635147
19.942558,30.635145
19.963069,30.635142
19.982616,30.635140
20.002688,30.635138
20.022647,30.635135
20.042556,30.635133
20.062477,30.635130
20.082525,30.635128
20.102534,30.635125
20.122514,30.635123
20.142414,30.635121
20.162419,30.635118
20.182438,30.635116
20.202495,30.635113
20.222447,30.635111
20.242595,30.635108
20.262593,30.635106
20.282344,30.635103
20.302450,30.635101
20.322389,30.635099
20.342390,30.635096
20.362408,30.635094
20.382290,30.635091
20.402344,30.635089
20.422382,30.635086
20.442325,30.635084
20.462351,30.635081
20.482293,30.635079
20.502376,30.635076
20.522395,30.635074
20.542310,30.635071
20.562218,30.635069
20.582249,30.635066
20.602448,30.635064
20.623066,30.635061
20.643142,30.635059
20.662929,30.635057
20.682580,30.635054
20.702468,30.635052
20.722352,30.635049
20.742211,30.635047
20.762344,30.635044
20.782333,30.635042
20.802178,30.635039
20.822280,30.635037
20.842236,30.635034
20.863017,30.635032
20.882077,30.635029
20.902064,30.635027
20.922083,30.635024
20.943040,30.635022
20.963148,30.635019
20.982974,30.635017
21.003010,30.635014
21.023108,30.635012
21.042966,30.635009
21.063075,30.635007
21.083095,30.635005
21.103158,30.635002
21.123072,30.635000
21.143095,30.634997
21.163077,30.634995
21.183091,30.634992
21.203140,30.634990
21.222958,30.634987
21.243036,30.634985
21.263066,30.634982
21.283194,30.634980
21.302904,30.634977
21.322924,30.634975
21.343042,30.634972
21.363163,30.634970
21.382909,30.634967
21.402940,30.634965
21.422988,30.634962
21.442898,30.634960
21.462890,30.634957
21.483001,30.634955
21.502868,30.634952
21.523034,30.634950
21.542852,30.634947
21.562817,30.634945
21.582855,30.634942
21.602995,30.634940
21.622858,30.634937
21.642866,30.634935
21.662876,30.634932
21.682831,30.634929
21.702737,30.634927
21.722805,30.634924
21.742741,30.634922
21.762742,30.634919
21.782804,30.634917
21.802578,30.634914
21.822637,30.634912
21.842717,30.634909
21.862725,30.634907
21.882823,30.634904
21.902893,30.634902
21.923064,30.634899
21.942660,30.634897
21.962687,30.634894
21.982655,30.634892
22.002528,30.634889
22.022560,30.634887
22.042549,30.634884
22.062527,30.634881
22.082504,30.634879
22.102444,30.634877
22.122526,30.634874
22.142491,30.634871
22.162418,30.634869
22.182384,30.634866
22.202423,30.634864
22.222421,30.634861
22.242523,30.634859
22.262402,30.634856
22.282414,30.634854
22.302330,30.634851
22.322246,30.634849
22.342333,30.634846
22.362391,30.634843
22.382303,30.634841
22.402364,30.634838
22.422277,30.634836
22.442220,30.634833
22.462227,30.634831
22.482242,30.634828
22.502285,30.634826
22.522354,30.634823
22.542290,30.634821
22.562510,30.634818
22.582419,30.634815
22.602357,30.634813
22.622409,30.634810
22.642375,30.634808
22.662351,30.634805
22.682317,30.634803
22.702349,30.634800
22.722129,30.634798
22.742095,30.634795
22.762080,30.634793
22.782922,30.634790
22.802860,30.634787
22.822205,30.634785
22.843057,30.634782
22.863202,30.634780
22.883086,30.634777
22.902999,30.634775
22.922989,30.634772
22.942977,30.634769
22.963073,30.634767
22.983176,30.634764
23.003040,30.634762
23.023047,30.634759
23.043027,30.634757
23.062941,30.634754
23.082933,30.634751
23.103687,30.634749
23.123585,30.634746
23.143033,30.634744
23.162932,30.634741
23.182922,30.634739
23.203003,30.634736
23.222900,30.634733
23.242887,30.634731
23.263124,30.634728
23.283166,30.634726
23.302986,30.634723
23.323040,30.634721
23.342952,30.634718
23.363067,30.634715
23.382942,30.634713
23.402918,30.634710
23.423002,30.634708
23.442701,30.634705
23.462732,30.634702
23.482846,30.634700
23.502712,30.634697
23.522826,30.634695
23.542681,30.634692
23.563295,30.634690
23.583362,30.634687
23.603292,30.634684
23.622956,30.634682
23.642657,30.634679
23.662592,30.634677
23.682580,30.634674
23.702604,30.634671
23.722710,30.634669
23.742771,30.634666
23.762757,30.634664
23.782560,30.634661
23.802540,30.634659
23.822598,30.634656
23.842661,30.634653
23.862634,30.634651
23.882500,30.634648
23.902567,30.634646
23.922810,30.634643
23.942499,30.634640
23.962491,30.634638
23.982462,30.634635
24.002627,30.634633
24.022491,30.634630
24.042529,30.634627
24.062614,30.634625
24.082554,30.634622
24.102605,30.634620
24.122430,30.634617
24.142507,30.634614
24.162590,30.634612
24.182429,30.634609
24.202526,30.634607
24.222480,30.634604
24.242454,30.634601
24.262361,30.634599
24.282391,30.634596
24.302521,30.634594
24.322364,30.634591
24.342412,30.634588
24.362435,30.634586
24.382399,30.634583
24.402364,30.634581
24.422358,30.634578
24.442259,30.634575
24.462373,30.634573
24.482392,30.634570
24.502177,30.634568
24.522169,30.634565
24.542162,30.634562
24.562395,30.634560
24.582359,30.634557
24.602286,30.634555
24.622452,30.634552
24.643883,30.634549
24.662263,30.634547
24.682222,30.634544
24.703403,30.634542
24.723398,30.634539
24.743054,30.634536
24.763039,30.634534
24.783173,30.634531
24.803108,30.634529
24.823097,30.634526
24.843193,30.634523
24.863233,30.634521
24.883170,30.634518
24.903140,30.634515
24.923114,30.634513
24.943161,30.634510
24.962920,30.634508
24.983041,30.634505
25.003109,30.634502
25.022905,30.634500
25.042909,30.634497
25.063065,30.634494
25.082882,30.634492
25.102964,30.634489
25.123065,30.634487
25.142951,30.634484
25.162921,30.634481
25.183015,30.634479
25.202922,30.634476
25.222946,30.634473
25.242930,30.634471
25.262863,30.634468
25.282762,30.634465
25.302803,30.634463
25.322921,30.634460
25.342858,30.634458
25.362908,30.634455
25.382943,30.634452
25.402922,30.634450
25.422900,30.634447
25.443038,30.634444
25.462851,30.634442
25.482718,30.634439
25.502752,30.634437
25.522825,30.634434
25.542801,30.634431
25.562821,30.634429
25.582757,30.634426
25.602595,30.634423
25.622638,30.634421
25.642629,30.634418
25.662586,30.634415
25.682647,30.634413
25.702579,30.634410
25.722606,30.634407
25.742512,30.634405
25.762693,30.634402
25.783179,30.634399
25.803413,30.634397
25.822691,30.634394
25.842519,30.634391
25.862468,30.634389
25.882541,30.634386
25.902636,30.634384
25.922436,30.634381
25.942484,30.634378
25.962533,30.634376
25.982598,30.634373
26.002523,30.634370
26.022501,30.634368
26.042656,30.634365
26.062588,30.634362
26.082626,30.634360
26.102413,30.634357
26.122438,30.634354
26.142524,30.634352
26.162373,30.634349
26.182290,30.634346
26.202244,30.634344
26.222291,30.634341
26.242199,30.634338
26.262373,30.634336
26.282315,30.634333
26.302378,30.634330
26.322170,30.634328
26.342172,30.634325
26.362182,30.634322
26.382180,30.634320
26.402370,30.634317
26.422343,30.634314
26.442261,30.634312
26.462280,30.634309
26.482250,30.634306
26.502247,30.634304
26.523398,30.634301
26.543360,30.634298
26.563290,30.634296
26.583288,30.634293
26.603544,30.634290
26.623306,30.634288
26.643322,30.634285
26.663184,30.634282
26.683211,30.634280
26.703223,30.634277
26.723287,30.634274
26.743117,30.634272
26.763187,30.634269
26.783207,30.634266
26.803162,30.634264
26.823191,30.634261
26.843227,30.634258
26.863137,30.634256
26.883093,30.634253
26.903063,30.634250
26.923082,30.634248
26.943136,30.634245
26.963175,30.634242
26.982818,30.634240
27.002930,30.634237
27.022855,30.634234
27.042962,30.634232
27.062934,30.634229
27.082874,30.634226
27.102861,30.634224
27.122802,30.634221
27.142859,30.634218
27.162948,30.634216
27.182773,30.634213
27.202750,30.634210
27.222784,30.634207
27.242762,30.634205
27.262751,30.634202
27.282766,30.634199
27.302830,30.634197
27.322722,30.634194
27.342736,30.634191
27.362863,30.634189
27.382847,30.634186
27.402754,30.634183
27.422629,30.634181
27.442796,30.634178
27.462831,30.634175
27.483122,30.634172
27.503251,30.634170
27.522790,30.634167
27.542648,30.634164
27.562631,30.634162
27.582693,30.634159
27.602696,30.634156
27.622696,30.634154
27.642532,30.634151
27.662639,30.634148
27.682755,30.634146
27.702653,30.634143
27.722600,30.634140
27.742667,30.634138
27.762506,30.634135
27.782516,30.634132
27.802525,30.634130
27.822523,30.634127
27.842473,30.634124
27.862547,30.634121
27.882584,30.634119
27.902529,30.634116
27.922536,30.634113
27.942517,30.634111
27.962393,30.634108
27.982541,30.634105
28.002511,30.634102
28.022476,30.634100
28.042323,30.634097
28.062347,30.634094
28.082288,30.634092
28.102270,30.634089
28.122680,30.634086
28.142696,30.634083
28.162246,30.634081
28.182575,30.634078
28.202223,30.634075
28.222133,30.634073
28.243499,30.634070
28.262437,30.634067
28.283046,30.634064
28.303088,30.634062
28.323221,30.634059
28.343114,30.634056
28.363218,30.634054
28.383032,30.634051
28.403085,30.634048
28.423187,30.634045
28.443088,30.634043
28.463008,30.634040
28.483071,30.634037
28.503057,30.634034
28.523167,30.634032
28.543174,30.634029
28.563186,30.634026
28.583090,30.634024
28.603098,30.634021
28.623167,30.634018
28.643299,30.634015
28.663111,30.634013
28.683005,30.634010
28.702940,30.634007
28.722940,30.634005
28.742919,30.634002
28.762897,30.633999
28.783034,30.633996
28.803002,30.633994
28.822973,30.633991
28.842938,30.633988
28.862901,30.633986
28.882821,30.633983
28.903003,30.633980
28.922795,30.633977
28.942902,30.633975
28.963719,30.633972
28.983249,30.633969
29.002954,30.633966
29.022865,30.633964
29.042849,30.633961
29.062714,30.633958
29.082624,30.633956
29.102731,30.633953
29.122726,30.633950
29.142789,30.633948
29.162800,30.633945
29.182887,30.633942
29.202900,30.633939
29.222817,30.633937
29.242836,30.633934
29.262978,30.633931
29.282829,30.633928
29.302702,30.633926
29.322785,30.633923
29.342717,30.633920
29.362703,30.633917
29.382740,30.633915
29.402791,30.633912
29.422503,30.633909
29.442486,30.633906
29.462514,30.633904
29.482494,30.633901
29.502466,30.633898
29.522447,30.633896
29.542652,30.633893
29.562574,30.633890
29.582535,30.633887
29.602617,30.633885
29.622705,30.633882
29.642362,30.633879
29.662299,30.633876
29.682343,30.633874
29.702386,30.633871
29.722382,30.633868
29.742271,30.633865
29.762232,30.633863
29.782236,30.633860
29.802363,30.633857
29.822238,30.633854
29.842252,30.633852
29.862212,30.633849
29.882350,30.633846
29.902560,30.633843
29.923003,30.633841
29.942571,30.633838
29.962535,30.633835
29.982407,30.633833
30.002164,30.633830
30.022239,30.633827
30.043218,30.633824
30.063171,30.633822
30.083148,30.633819
30.103256,30.633816
30.123098,30.633813
30.143162,30.633811
30.163013,30.633808
30.183089,30.633805
30.203028,30.633802
30.223037,30.633800
30.243133,30.633797
30.263112,30.633794
30.283219,30.633791
30.303142,30.633789
30.323232,30.633786
30.343144,30.633783
30.363174,30.633780
30.383226,30.633778
30.403156,30.633775
30.423081,30.633772
30.443142,30.633769
30.463075,30.633767
30.483205,30.633764
30.503022,30.633761
30.523036,30.633758
30.543103,30.633756
30.563332,30.633753
30.582859,30.633750
30.602856,30.633747
30.622864,30.633745
30.642899,30.633742
30.663750,30.633739
30.683354,30.633737
30.702995,30.633734
30.722836,30.633731
30.742981,30.633728
30.762718,30.633726
30.782728,30.633723
30.802719,30.633720
30.822858,30.633717
30.842710,30.633715
30.862730,30.633712
30.882773,30.633709
30.902754,30.633706
30.922732,30.633703
30.942637,30.633701
30.962804,30.633698
30.982645,30.633695
31.002648,30.633692
31.022640,30.633690
31.042645,30.633687
31.062716,30.633684
31.082687,30.633681
31.102668,30.633679
31.122622,30.633676
31.142616,30.633673
31.162642,30.633670
31.182523,30.633667
31.202661,30.633665
31.222509,30.633662
31.242645,30.633659
31.262623,30.633656
31.282550,30.633654
31.302559,30.633651
31.322633,30.633648
31.342684,30.633645
31.362612,30.633643
31.382688,30.633640
31.402736,30.633637
31.422486,30.633634
31.442594,30.633632
31.462425,30.633629
31.482509,30.633626
31.502619,30.633623
31.522605,30.633621
31.542533,30.633618
31.562541,30.633615
31.582497,30.633612
31.602479,30.633609
31.622452,30.633607
31.642308,30.633604
31.662494,30.633601
31.682450,30.633598
31.702402,30.633596
31.723504,30.633593
31.743381,30.633590
31.763338,30.633587
31.783344,30.633585
31.803290,30.633582
31.823313,30.633579
31.843582,30.633576
31.863240,30.633573
31.883313,30.633571
31.903370,30.633568
31.923501,30.633565
31.943500,30.633562
31.963211,30.633559
31.983297,30.633557
32.003260,30.633554
32.023339,30.633551
32.043650,30.633548
32.063024,30.633546
32.082998,30.633543
32.102992,30.633540
32.123020,30.633537
32.142976,30.633535
32.163069,30.633532
32.182971,30.633529
32.203066,30.633526
32.222934,30.633523
32.243003,30.633521
32.263090,30.633518
32.282991,30.633515
32.303114,30.633513
32.323049,30.633510
32.343030,30.633507
32.363065,30.633504
32.383083,30.633501
32.403017,30.633499
32.422943,30.633496
32.443002,30.633493
32.462791,30.633490
32.482820,30.633487
32.502773,30.633485
32.522771,30.633482
32.542859,30.633479
32.562873,30.633476
32.582926,30.633474
32.602789,30.633471
32.622829,30.633468
32.642845,30.633465
32.662923,30.633462
32.682919,30.633460
32.702843,30.633457
32.722730,30.633454
32.742690,30.633451
32.762764,30.633449
32.782809,30.633446
32.802703,30.633443
32.822633,30.633440
32.842547,30.633437
32.862562,30.633435
32.882590,30.633432
32.902680,30.633429
32.922652,30.633426
32.942775,30.633424
32.962629,30.633421
32.982692,30.633418
33.002632,30.633415
33.022582,30.633413
33.042427,30.633410
33.062507,30.633407
33.083024,30.633404
33.103256,30.633401
33.122889,30.633399
33.142715,30.633396
33.163022,30.633393
33.182597,30.633390
33.202667,30.633388
33.222676,30.633385
33.242571,30.633382
33.262589,30.633379
33.282436,30.633376
33.302452,30.633374
33.322538,30.633371
33.342462,30.633368
33.362446,30.633365
33.382416,30.633363
33.402474,30.633360
33.422400,30.633357
33.442518,30.633354
33.463035,30.633351
33.482403,30.633349
33.502427,30.633346
33.522279,30.633343
33.543575,30.633340
33.563115,30.633338
33.583162,30.633335
33.603302,30.633332
33.623304,30.633329
33.643748,30.633327
33.663654,30.633324
33.683858,30.633321
33.703240,30.633318
33.723102,30.633315
33.743146,30.633313
33.763138,30.633310
33.783016,30.633307
33.803075,30.633304
33.823045,30.633302
33.843058,30.633299
33.863688,30.633296
33.883613,30.633293
33.903521,30.633290
33.923077,30.633288
33.943194,30.633285
33.963180,30.633282
33.983273,30.633279
34.003284,30.633277
34.023130,30.633274
34.043060,30.633271
34.062995,30.633268
34.083281,30.633265
34.103389,30.633263
34.123111,30.633260
34.142983,30.633257
34.162971,30.633254
34.182856,30.633251
34.203329,30.633249
34.223358,30.633246
34.242980,30.633243
34.263004,30.633240
34.282863,30.633237
34.302878,30.633235
34.322963,30.633232
34.342797,30.633229
34.362840,30.633226
34.382770,30.633224
34.403084,30.633221
34.422760,30.633218
34.442797,30.633215
34.462810,30.633212
34.482759,30.633210
34.502774,30.633207
34.522641,30.633204
34.542834,30.633201
34.562796,30.633198
34.582702,30.633196
34.602748,30.633193
34.622678,30.633190
34.642688,30.633187
34.662611,30.633184
34.682606,30.633182
34.702697,30.633179
34.722682,30.633176
34.742613,30.633173
34.762635,30.633170
34.782578,30.633168
34.802530,30.633165
34.822551,30.633162
34.842625,30.633159
34.862592,30.633156
34.882517,30.633154
34.902500,30.633151
34.922519,30.633148
34.942429,30.633145
34.962507,30.633143
34.982414,30.633140
35.002450,30.633137
35.022474,30.633134
35.042508,30.633132
35.062423,30.633129
35.082546,30.633126
35.102463,30.633123
35.122385,30.633120
35.142382,30.633117
35.162467,30.633115
35.182333,30.633112
35.202300,30.633109
35.222294,30.633106
35.243457,30.633103
35.263284,30.633101
35.283278,30.633098
35.303400,30.633095
35.323453,30.633092
35.343345,30.633090
35.363114,30.633087
35.383043,30.633084
35.403023,30.633081
35.423097,30.633078
35.443110,30.633076
35.463168,30.633073
35.483141,30.633070
35.503282,30.633067
35.523142,30.633064
35.543210,30.633062
35.563097,30.633059
35.583060,30.633056
35.603108,30.633053
35.623085,30.633051
35.643034,30.633048
35.663148,30.633045
35.683234,30.633042
35.703032,30.633039
35.722948,30.633036
35.743029,30.633034
35.762953,30.633031
35.782894,30.633028
35.802987,30.633025
35.822930,30.633022
35.842917,30.633020
35.862885,30.633017
35.883032,30.633014
35.902882,30.633011
35.922889,30.633008
35.942905,30.633006
35.963176,30.633003
35.982791,30.633000
36.002931,30.632997
36.022737,30.632994
36.042784,30.632991
36.062766,30.632989
36.082738,30.632986
36.102786,30.632983
36.122777,30.632980
36.142842,30.632978
36.162607,30.632975
36.182532,30.632972
36.202547,30.632969
36.222555,30.632966
36.242537,30.632964
36.262714,30.632961
36.282658,30.632958
36.302612,30.632955
36.322619,30.632952
36.342617,30.632950
36.362493,30.632947
36.382419,30.632944
36.402443,30.632941
36.423073,30.632938
36.443364,30.632936
36.462891,30.632933
36.482532,30.632930
36.502506,30.632927
36.522506,30.632924
36.542477,30.632921
36.562522,30.632919
36.582316,30.632916
36.602362,30.632913
36.622388,30.632910
36.642541,30.632907
36.662407,30.632905
36.682428,30.632902
36.702370,30.632899
36.722394,30.632896
36.742372,30.632893
36.762529,30.632891
36.782484,30.632888
36.802473,30.632885
36.822423,30.632882
36.843563,30.632879
36.863319,30.632877
36.883336,30.632874
36.902430,30.632871
36.923436,30.632868
36.943561,30.632865
36.963582,30.632863
36.983305,30.632860
37.003378,30.632857
37.023289,30.632854
37.043456,30.632851
37.063364,30.632848
37.083254,30.632846
37.103367,30.632843
37.123272,30.632840
37.143217,30.632837
37.163229,30.632834
37.183263,30.632832
37.203308,30.632829
37.223232,30.632826
37.243258,30.632823
37.263152,30.632820
37.283332,30.632817
37.303280,30.632815
37.323189,30.632812
37.343271,30.632809
37.363233,30.632806
37.383228,30.632803
37.403177,30.632801
37.423121,30.632798
37.443111,30.632795
37.462924,30.632792
37.482976,30.632789
37.502892,30.632786
37.522877,30.632784
37.542835,30.632781
37.562950,30.632778
37.582948,30.632775
37.603147,30.632772
37.623022,30.632770
37.643216,30.632767
37.662968,30.632764
37.683064,30.632761
37.702894,30.632758
37.722851,30.632756
37.742958,30.632753
37.762927,30.632750
37.782822,30.632747
37.802908,30.632744
37.822855,30.632741
37.842857,30.632739
37.862882,30.632736
37.882876,30.632733
37.902904,30.632730
37.923055,30.632727
37.942857,30.632725
37.962841,30.632722
37.982756,30.632719
38.002968,30.632716
38.022777,30.632713
38.042778,30.632710
38.062772,30.632708
38.082712,30.632705
38.102608,30.632702
38.122710,30.632699
38.142761,30.632696
38.162600,30.632694
38.182591,30.632691
38.202559,30.632688
38.222633,30.632685
38.242695,30.632682
38.262615,30.632679
38.282479,30.632677
38.302527,30.632674
38.322522,30.632671
38.342538,30.632668
38.362445,30.632666
38.382493,30.632663
38.402600,30.632660
38.422381,30.632657
38.442433,30.632654
38.462571,30.632651
38.482473,30.632649
38.502488,30.632646
38.522405,30.632643
38.542494,30.632640
38.562506,30.632637
38.582409,30.632634
38.602355,30.632632
38.622508,30.632629
38.642457,30.632626
38.662372,30.632623
38.682342,30.632620
38.702487,30.632618
38.722296,30.632615
38.743716,30.632612
38.763339,30.632609
38.782380,30.632606
38.803311,30.632604
38.823281,30.632601
38.843252,30.632598
38.863208,30.632595
38.883400,30.632592
38.903244,30.632589
38.923283,30.632587
38.943126,30.632584
38.963347,30.632581
38.983139,30.632578
39.003100,30.632575
39.023130,30.632573
39.043250,30.632570
39.063233,30.632567
39.083294,30.632564
39.103239,30.632562
39.123220,30.632559
39.143584,30.632556
39.163217,30.632553
39.185235,30.632550
39.203155,30.632548
39.223009,30.632545
39.242989,30.632542
39.262971,30.632539
39.283044,30.632537
39.302940,30.632534
39.323027,30.632531
39.342968,30.632528
39.362882,30.632526
39.382908,30.632523
39.403126,30.632520
39.422968,30.632517
39.443068,30.632515
39.462893,30.632512
39.482856,30.632509
39.502871,30.632507
39.522979,30.632504
39.542817,30.632501
39.562833,30.632498
39.582872,30.632496
39.602817,30.632493
39.622868,30.632490
39.642873,30.632488
39.663038,30.632485
39.682881,30.632482
39.702876,30.632480
39.722979,30.632477
39.742742,30.632474
39.762737,30.632472
39.782795,30.632469
39.802761,30.632466
39.822823,30.632464
39.842939,30.632461
39.862798,30.632458
39.882888,30.632456
39.902740,30.632453
39.922692,30.632450
39.942766,30.632448
39.962732,30.632445
39.982748,30.632442
40.002681,30.632440
40.022687,30.632437
40.042638,30.632435
40.063058,30.632432
40.082716,30.632429
40.102635,30.632426
40.122633,30.632424
40.142649,30.632421
40.162757,30.632419
40.182652,30.632416
40.202577,30.632413
40.222529,30.632411
40.242563,30.632408
40.262604,30.632406
40.282576,30.632403
40.302581,30.632400
40.322417,30.632398
40.342481,30.632395
40.362438,30.632393
40.382434,30.632390
40.402433,30.632388
40.422292,30.632385
40.442260,30.632382
40.462333,30.632380
40.482403,30.632377
40.502287,30.632375
40.522390,30.632372
40.543383,30.632370
40.563795,30.632367
40.582916,30.632365
40.603609,30.632362
40.623347,30.632360
40.643360,30.632357
40.663310,30.632354
40.683299,30.632352
40.703294,30.632349
40.723217,30.632347
40.743219,30.632344
40.763164,30.632342
40.783197,30.632339
40.803338,30.632337
40.823162,30.632334
40.843281,30.632332
40.863186,30.632329
40.883350,30.632327
40.903156,30.632324
40.923187,30.632322
40.943160,30.632319
40.963511,30.632317
40.983195,30.632314
41.003069,30.632312
41.023065,30.632310
41.043142,30.632307
41.063088,30.632305
41.083053,30.632302
41.103121,30.632300
41.123139,30.632297
41.143064,30.632295
41.163045,30.632292
41.183114,30.632290
41.203059,30.632287
41.222930,30.632285
41.243074,30.632283
41.263080,30.632280
41.282894,30.632278
41.302880,30.632275
41.323050,30.632273
41.342944,30.632270
41.362983,30.632268
41.382909,30.632266
41.402977,30.632263
41.423122,30.632261
41.443094,30.632258
41.462856,30.632256
41.483045,30.632254
41.502865,30.632251
41.522876,30.632249
41.542890,30.632246
41.562850,30.632244
41.582885,30.632242
41.602871,30.632239
41.622826,30.632237
41.643070,30.632235
41.663127,30.632232
41.682782,30.632230
41.702740,30.632227
41.722676,30.632225
41.742659,30.632223
41.762739,30.632220
41.782768,30.632218
41.802783,30.632216
41.822701,30.632213
41.842772,30.632211
41.862703,30.632209
41.882663,30.632206
41.902841,30.632204
41.922784,30.632202
41.942617,30.632199
41.962713,30.632197
41.982543,30.632195
42.002537,30.632192
42.022689,30.632190
42.042619,30.632188
42.062399,30.632185
42.082484,30.632183
42.102347,30.632181
42.122483,30.632178
42.142416,30.632176
42.162415,30.632174
42.182408,30.632172
42.202567,30.632169
42.222352,30.632167
42.242327,30.632165
42.262386,30.632162
42.282346,30.632160
42.302252,30.632158
42.322247,30.632156
42.343525,30.632153
42.362236,30.632151
42.383208,30.632149
42.403425,30.632147
42.423471,30.632144
42.443259,30.632142
42.463341,30.632140
42.483199,30.632138
42.503398,30.632135
42.523202,30.632133
42.543335,30.632131
42.563276,30.632129
42.583220,30.632126
42.603193,30.632124
42.623271,30.632122
42.643428,30.632120
42.663663,30.632118
42.683190,30.632115
42.703225,30.632113
42.723234,30.632111
42.743091,30.632109
42.763232,30.632107
42.783108,30.632105
42.803121,30.632102
42.823083,30.632100
42.843095,30.632098
42.863096,30.632096
42.883128,30.632094
42.903078,30.632092
42.923036,30.632089
42.943115,30.632087
42.962946,30.632085
42.982903,30.632083
43.003122,30.632081
43.022936,30.632079
43.043011,30.632076
43.063001,30.632074
43.083052,30.632072
43.102970,30.632070
43.122916,30.632068
43.143660,30.632066
43.163513,30.632064
43.183178,30.632061
43.202935,30.632059
43.222811,30.632057
43.242773,30.632055
43.262712,30.632053
43.282767,30.632051
43.303296,30.632049
43.323648,30.632047
43.342858,30.632045
43.362965,30.632042
43.382811,30.632040
43.402862,30.632038
43.422790,30.632036
43.442716,30.632034
43.462784,30.632032
43.482694,30.632030
43.502840,30.632028
43.522687,30.632026
43.542628,30.632024
43.562654,30.632022
43.582612,30.632020
43.602688,30.632018
43.622692,30.632016
43.642669,30.632013
43.662828,30.632011
43.682722,30.632009
43.702597,30.632007
43.722644,30.632005
43.742601,30.632003
43.762556,30.632001
43.782384,30.631999
43.802359,30.631997
43.822564,30.631995
43.842508,30.631993
43.862513,30.631991
43.882570,30.631989
43.902446,30.631987
43.922538,30.631985
43.942515,30.631983
43.962448,30.631981
43.982508,30.631979
44.002656,30.631977
44.022339,30.631975
44.043436,30.631973
44.062429,30.631971
44.082376,30.631969
44.103428,30.631967
44.123441,30.631965
44.143255,30.631963
44.163239,30.631961
44.183222,30.631959
44.203210,30.631957
44.223184,30.631955
44.243250,30.631953
44.263234,30.631951
44.283221,30.631949
44.303316,30.631947
44.323241,30.631946
44.343119,30.631944
44.363244,30.631942
44.383227,30.631940
44.403362,30.631938
44.423483,30.631936
44.443370,30.631934
44.463451,30.631932
44.483240,30.631930
44.503428,30.631928
44.523385,30.631926
44.543092,30.631924
44.563198,30.631922
44.583128,30.631920
44.603129,30.631919
44.623025,30.631917
44.643171,30.631915
44.663054,30.631913
44.682953,30.631911
44.703053,30.631909
44.722950,30.631907
44.743007,30.631905
44.763071,30.631904
44.782954,30.631902
44.803304,30.631900
44.823503,30.631898
44.843092,30.631896
44.863030,30.631894
44.882997,30.631892
44.902948,30.631891
44.922897,30.631889
44.942880,30.631887
44.963051,30.631885
44.982897,30.631883
45.003071,30.631881
45.022813,30.631880
45.042750,30.631878
45.062840,30.631876
45.082745,30.631874
45.102886,30.631872
45.122833,30.631871
45.142885,30.631869
45.162834,30.631867
45.182725,30.631865
45.202734,30.631863
45.222627,30.631862
45.242629,30.631860
45.262666,30.631858
45.282652,30.631856
45.302644,30.631855
45.323208,30.631853
45.343205,30.631851
45.363007,30.631849
45.382867,30.631847
45.402970,30.631846
45.422885,30.631844
45.442682,30.631842
45.462631,30.631840
45.482684,30.631839
45.502626,30.631837
45.522434,30.631835
45.542520,30.631833
45.562557,30.631832
45.582578,30.631830
45.602625,30.631828
45.622513,30.631826
45.642663,30.631825
45.662602,30.631823
45.682583,30.631821
45.702647,30.631819
45.722639,30.631818
45.742519,30.631816
45.762578,30.631814
45.782499,30.631813
45.802574,30.631811
45.822578,30.631809
45.842466,30.631808
45.862476,30.631806
45.882434,30.631804
45.902472,30.631802
45.922663,30.631801
45.943562,30.631799
45.963427,30.631797
45.983400,30.631796
46.003438,30.631794
46.023455,30.631792
46.043376,30.631791
46.063303,30.631789
46.083292,30.631787
46.103497,30.631786
46.123370,30.631784
46.143284,30.631782
46.163352,30.631781
46.183256,30.631779
46.203240,30.631777
46.223200,30.631776
46.243523,30.631774
46.263285,30.631773
46.283250,30.631771
46.303218,30.631769
46.323189,30.631768
46.343075,30.631766
46.363069,30.631764
46.383021,30.631763
46.402977,30.631761
46.423058,30.631760
46.443141,30.631758
46.463144,30.631756
46.482955,30.631755
46.502941,30.631753
46.523015,30.631751
46.543041,30.631750
46.563416,30.631748
46.583542,30.631747
46.603822,30.631745
46.623153,30.631744
46.643351,30.631742
46.663564,30.631740
46.683256,30.631739
46.703236,30.631737
46.723153,30.631736
46.743177,30.631734
46.763416,30.631733
46.783249,30.631731
46.803835,30.631730
46.822974,30.631728
46.843073,30.631727
46.863100,30.631725
46.883450,30.631724
46.902983,30.631722
46.923024,30.631721
46.942949,30.631719
46.962888,30.631718
46.982850,30.631716
47.002711,30.631715
47.022820,30.631713
47.042699,30.631712
47.062779,30.631710
47.082716,30.631709
47.102750,30.631707
47.122786,30.631706
47.142763,30.631704
47.162805,30.631703
47.182784,30.631701
47.202970,30.631700
47.222769,30.631698
47.242910,30.631697
47.262868,30.631695
47.282744,30.631694
47.302812,30.631692
47.322773,30.631691
47.342948,30.631689
47.362859,30.631688
47.382906,30.631687
47.402644,30.631685
47.422629,30.631684
47.442720,30.631682
47.462607,30.631681
47.482647,30.631679
47.502645,30.631678
47.522728,30.631677
47.542641,30.631675
47.562572,30.631674
47.582541,30.631672
47.602561,30.631671
47.622559,30.631670
47.643595,30.631668
47.662372,30.631667
47.682387,30.631665
47.702312,30.631664
47.723342,30.631663
47.743508,30.631661
47.763558,30.631660
47.783653,30.631658
47.803510,30.631657
47.823523,30.631656
47.843874,30.631654
47.863547,30.631653
47.883458,30.631652
47.903490,30.631650
47.923305,30.631649
47.943299,30.631648
47.963245,30.631646
47.983321,30.631645
48.003237,30.631644
48.023157,30.631642
48.043199,30.631641
48.063153,30.631640
48.083277,30.631638
48.103078,30.631637
48.123170,30.631636
48.143063,30.631634
48.163111,30.631633
48.183074,30.631632
48.202986,30.631630
48.223634,30.631629
48.243903,30.631628
48.263424,30.631626
48.283124,30.631625
48.303240,30.631624
48.323102,30.631622
48.343376,30.631621
48.363028,30.631620
48.383021,30.631619
48.403071,30.631617
48.422970,30.631616
48.443006,30.631615
48.463066,30.631614
48.483051,30.631612
48.502980,30.631611
48.522929,30.631610
48.542959,30.631608
48.563100,30.631607
48.582956,30.631606
48.602931,30.631605
48.622991,30.631603
48.643045,30.631602
48.662839,30.631601
48.682912,30.631600
48.702946,30.631599
48.722762,30.631597
48.742785,30.631596
48.762852,30.631595
48.782919,30.631594
48.802895,30.631593
48.822810,30.631591
48.842980,30.631590
48.862809,30.631589
48.882893,30.631588
48.902828,30.631587
48.922890,30.631585
48.942860,30.631584
48.962767,30.631583
48.982846,30.631582
49.002777,30.631581
49.022803,30.631580
49.042702,30.631578
49.062658,30.631577
49.082700,30.631576
49.102677,30.631575
49.122726,30.631574
49.142692,30.631573
49.162568,30.631571
49.182582,30.631570
49.202664,30.631569
49.222602,30.631568
49.242648,30.631567
49.262584,30.631566
49.282690,30.631565
49.302685,30.631564
49.322614,30.631562
49.342645,30.631561
49.362606,30.631560
49.382569,30.631559
49.402492,30.631558
49.422393,30.631557
49.442467,30.631556
49.462408,30.631555
49.482438,30.631554
49.502447,30.631553
49.522519,30.631552
49.542427,30.631551
49.563395,30.631549
49.582407,30.631548
49.602314,30.631547
49.623407,30.631546
49.643301,30.631545
49.663340,30.631544
49.683314,30.631543
49.703756,30.631542
49.723584,30.631541
49.743560,30.631540
49.763450,30.631539
49.783265,30.631538
49.803313,30.631537
49.823394,30.631536
49.843303,30.631535
49.863263,30.631534
49.883217,30.631533
49.903293,30.631532
49.923199,30.631531
49.943207,30.631530
49.963217,30.631529
49.983228,30.631528
50.003201,30.631527
50.023185,30.631526
50.043166,30.631525
50.063113,30.631524
50.083313,30.631523
50.103112,30.631522
50.123107,30.631521
50.143061,30.631520
50.163121,30.631519
50.183110,30.631518
50.203041,30.631517
50.223059,30.631516
50.243076,30.631515
50.262990,30.631515
50.282969,30.631514
50.302887,30.631513
50.322892,30.631512
50.342913,30.631511
50.362908,30.631510
50.383818,30.631509
50.403269,30.631508
50.422951,30.631507
50.442869,30.631506
50.462913,30.631505
50.482957,30.631505
50.502913,30.631504
50.522838,30.631503
50.543022,30.631502
50.562908,30.631501
50.582967,30.631500
50.603394,30.631499
50.622793,30.631498
50.642760,30.631498
50.662804,30.631497
50.682764,30.631496
50.702802,30.631495
50.722762,30.631494
50.742567,30.631493
50.762666,30.631493
50.782628,30.631492
50.802615,30.631491
50.822866,30.631490
50.843029,30.631489
50.862918,30.631488
50.882664,30.631488
50.902642,30.631487
50.922579,30.631486
50.942580,30.631485
50.962613,30.631484
50.982574,30.631484
51.002455,30.631483
51.022548,30.631482
51.042571,30.631481
51.062553,30.631480
51.082602,30.631480
51.102550,30.631479
51.122437,30.631478
51.142463,30.631477
51.162437,30.631477
51.182635,30.631476
51.202486,30.631475
51.222508,30.631474
51.243668,30.631474
51.263526,30.631473
51.283364,30.631472
51.303377,30.631471
51.323387,30.631471
51.343327,30.631470
51.364300,30.631469
51.383552,30.631469
51.403320,30.631468
51.423218,30.631467
51.443233,30.631466
51.463211,30.631466
51.483262,30.631465
51.503863,30.631464
51.523646,30.631463
51.543404,30.631463
51.563282,30.631462
51.583341,30.631461
51.603427,30.631461
51.623325,30.631460
51.643206,30.631459
51.663346,30.631459
51.683264,30.631458
51.703249,30.631457
51.723405,30.631457
51.743250,30.631456
51.763267,30.631455
51.783426,30.631455
51.803101,30.631454
51.823072,30.631454
51.843142,30.631453
51.863075,30.631452
51.883080,30.631452
51.903099,30.631451
51.923165,30.631451
51.943048,30.631450
51.963132,30.631449
51.983116,30.631449
52.003268,30.631448
52.023059,30.631448
52.042972,30.631447
52.063046,30.631446
52.083056,30.631446
52.103019,30.631445
52.123024,30.631445
52.143092,30.631444
52.163023,30.631444
52.182992,30.631443
52.202883,30.631443
52.222884,30.631442
52.242891,30.631441
52.262901,30.631441
52.282917,30.631440
52.303271,30.631440
52.323440,30.631439
52.343073,30.631439
52.363125,30.631438
52.382877,30.631438
52.402853,30.631437
52.422882,30.631437
52.442895,30.631436
52.462936,30.631436
52.482848,30.631435
52.502884,30.631435
52.522819,30.631434
52.542795,30.631434
52.562852,30.631433
52.582839,30.631433
52.602785,30.631432
52.622651,30.631432
52.642793,30.631432
52.662613,30.631431
52.682610,30.631431
52.702602,30.631430
52.722840,30.631430
52.742704,30.631429
52.762743,30.631429
52.782682,30.631429
52.802742,30.631428
52.822711,30.631428
52.842769,30.631427
52.862708,30.631427
52.882683,30.631427
52.902639,30.631426
52.922594,30.631426
52.942525,30.631425
52.962522,30.631425
52.982450,30.631425
53.002401,30.631424
53.022362,30.631424
53.042433,30.631423
53.063405,30.631423
53.082489,30.631423
53.103504,30.631423
53.123356,30.631422
53.143664,30.631422
53.163376,30.631422
53.183328,30.631421
53.203336,30.631421
53.223451,30.631421
53.243259,30.631420
53.263303,30.631420
53.283381,30.631420
53.303280,30.631419
53.323254,30.631419
53.343206,30.631419
53.363247,30.631418
53.383309,30.631418
53.403227,30.631418
53.423391,30.631417
53.443219,30.631417
53.463314,30.631417
53.483234,30.631417
53.503302,30.631416
53.523264,30.631416
53.543133,30.631416
53.563174,30.631416
53.583218,30.631415
53.603358,30.631415
53.623130,30.631415
53.643254,30.631415
53.663180,30.631414
53.683302,30.631414
53.703151,30.631414
53.723079,30.631414
53.743087,30.631413
53.763158,30.631413
53.783073,30.631413
53.803881,30.631413
53.823158,30.631412
53.842947,30.631412
53.862985,30.631412
53.882934,30.631412
53.902954,30.631412
53.922953,30.631411
53.942939,30.631411
53.963013,30.631411
53.983066,30.631411
54.003196,30.631411
54.023189,30.631410
54.043116,30.631410
54.063327,30.631410
54.083129,30.631410
54.102964,30.631410
54.123085,30.631410
54.142881,30.631409
54.162824,30.631409
54.182733,30.631409
54.202709,30.631409
54.222810,30.631409
54.242835,30.631408
54.262828,30.631408
54.282794,30.631408
54.302816,30.631408
54.322877,30.631408
54.342850,30.631408
54.362873,30.631407
54.382880,30.631407
54.402831,30.631407
54.422829,30.631407
54.442844,30.631407
54.462797,30.631407
54.482745,30.631407
54.502551,30.631406
54.522619,30.631406
54.542707,30.631406
54.562622,30.631406
54.582569,30.631406
54.602814,30.631406
54.622694,30.631405
54.642673,30.631405
54.662762,30.631405
54.682731,30.631405
54.702649,30.631405
54.722703,30.631405
54.742563,30.631404
54.762694,30.631404
54.783244,30.631404
54.803072,30.631404
54.823011,30.631404
54.842442,30.631404
54.862498,30.631404
54.882452,30.631403
54.902506,30.631403
54.922632,30.631403
54.942559,30.631403
54.963509,30.631403
54.982425,30.631403
55.003552,30.631403
55.023343,30.631403
55.043328,30.631402
55.063430,30.631402
55.083427,30.631402
55.103405,30.631402
55.123392,30.631402
55.143378,30.631402
55.163362,30.631402
55.183376,30.631401
55.203247,30.631401
55.223258,30.631401
55.243314,30.631401
55.263214,30.631401
55.283293,30.631401
55.303178,30.631401
55.323234,30.631400
55.343274,30.631400
55.363275,30.631400
55.383274,30.631400
55.403394,30.631400
55.423472,30.631400
55.443437,30.631400
55.463324,30.631400
55.483250,30.631399
55.503336,30.631399
55.523064,30.631399
55.543061,30.631399
55.563098,30.631399
55.583163,30.631399
55.603170,30.631399
55.623103,30.631399
55.643157,30.631399
55.663168,30.631398
55.683068,30.631398
55.703156,30.631398
55.723019,30.631398
55.743016,30.631398
55.763056,30.631398
55.783151,30.631398
55.803064,30.631398
55.823092,30.631398
55.843113,30.631398
55.863071,30.631397
55.883069,30.631397
55.903086,30.631397
55.923049,30.631397
55.943081,30.631397
55.963070,30.631397
55.983036,30.631397
56.002867,30.631397
56.022949,30.631397
56.042876,30.631397
56.063009,30.631397
56.082886,30.631396
56.102861,30.631396
56.122893,30.631396
56.142871,30.631396
56.163026,30.631396
56.183493,30.631396
56.202820,30.631396
56.222850,30.631396
56.242840,30.631396
56.263177,30.631396
56.282811,30.631396
56.302853,30.631396
56.322820,30.631395
56.342778,30.631395
56.362772,30.631395
56.382788,30.631395
56.402820,30.631395
56.422728,30.631395
56.442918,30.631395
56.462938,30.631395
56.482909,30.631395
56.502654,30.631395
56.522732,30.631395
56.542756,30.631395
56.562801,30.631395
56.582822,30.631394
56.602681,30.631394
56.622792,30.631394
56.642817,30.631394
56.662716,30.631394
56.683183,30.631394
56.703210,30.631394
56.722791,30.631394
56.742704,30.631394
56.762703,30.631394
56.782761,30.631394
56.802706,30.631394
56.822767,30.631394
56.842604,30.631394
56.862590,30.631394
56.882805,30.631394
56.902538,30.631393
56.922602,30.631393
56.943628,30.631393
56.963627,30.631393
56.983675,30.631393
57.003466,30.631393
57.023667,30.631393
57.043569,30.631393
57.063465,30.631393
57.083465,30.631393
57.103515,30.631393
57.123312,30.631393
57.143380,30.631393
57.163259,30.631393
57.183216,30.631393
57.203407,30.631393
57.223310,30.631393
57.243283,30.631393
57.263263,30.631393
57.283340,30.631392
57.303142,30.631392
57.323146,30.631392
57.343223,30.631392
57.363235,30.631392
57.383653,30.631392
57.403237,30.631392
57.423291,30.631392
57.443449,30.631392
57.463193,30.631392
57.483246,30.631392
57.503262,30.631392
57.523197,30.631392
57.543169,30.631392
57.563178,30.631392
57.583199,30.631392
57.603138,30.631392
57.623062,30.631392
57.643165,30.631392
57.663184,30.631392
57.683183,30.631392
57.703089,30.631392
57.723074,30.631392
57.743021,30.631392
57.763145,30.631392
57.783073,30.631392
57.803001,30.631392
57.822963,30.631392
57.842991,30.631392
57.863006,30.631392
57.882912,30.631392
57.902941,30.631392
57.922920,30.631392
57.942926,30.631392
57.963140,30.631392
57.982852,30.631392
58.002926,30.631392
58.022838,30.631392
58.042846,30.631392
