0.197879,-96.483816
0.217855,-96.483816
0.238094,-96.483816
0.257917,-96.483816
0.277835,-96.483816
0.298016,-96.483816
0.317907,-96.483816
0.337893,-96.483816
0.357800,-96.483816
0.377741,-96.483816
0.397809,-96.483816
0.417923,-96.483816
0.437840,-96.483816
0.457771,-96.483816
0.477697,-96.483816
0.497634,-96.483816
0.517691,-96.483816
0.537783,-96.483816
0.557995,-96.483816
0.577684,-96.483816
0.597686,-96.483816
0.617730,-96.483816
0.637692,-96.483816
0.657662,-96.483816
0.677566,-96.483816
0.697988,-96.483816
0.717505,-96.483816
0.737514,-96.483816
0.757494,-96.483816
0.777408,-96.483816
0.797637,-96.483816
0.817571,-96.483816
0.837459,-96.483816
0.857292,-96.483816
0.877570,-96.483816
0.897358,-96.483816
0.917308,-96.483816
0.937197,-96.483816
0.957273,-96.483816
0.977213,-96.483816
0.997204,-96.483816
1.017365,-96.483816
1.037104,-96.483816
1.057171,-96.483816
1.077247,-96.483816
1.097164,-96.483816
1.117173,-96.483816
1.137036,-96.483816
1.157218,-96.483816
1.177007,-96.483816
1.197150,-96.483816
1.217273,-96.483816
1.238106,-96.483816
1.257952,-96.483816
1.277908,-96.483816
1.297962,-96.483816
1.318051,-96.483816
1.337952,-96.483816
1.357876,-96.483816
1.377828,-96.483816
1.397768,-96.483816
1.418307,-96.483816
1.437723,-96.483816
1.458074,-96.483816
1.477952,-96.483816
1.497675,-96.483816
1.517877,-96.483816
1.537750,-96.483816
1.557717,-96.483816
1.577654,-96.483816
1.597784,-96.483816
1.617606,-96.483816
1.637584,-96.483816
1.657868,-96.483816
1.678097,-96.483816
1.698051,-96.483816
1.718002,-96.483816
1.737788,-96.483816
1.758246,-96.483816
1.777699,-96.483816
1.797927,-96.483816
1.817659,-96.483816
1.837747,-96.483816
1.857388,-96.483816
1.877348,-96.483816
1.897326,-96.483816
1.917394,-96.483816
1.937568,-96.483816
1.957358,-96.483816
1.977393,-96.483816
1.997288,-96.483816
2.017438,-96.483816
2.037235,-96.483816
2.057195,-96.483816
2.077474,-96.483816
2.097176,-96.483816
2.117238,-96.483816
2.137330,-96.483816
2.157406,-96.483816
2.177127,-96.483816
2.197129,-96.483816
2.218269,-96.483816
2.238012,-96.483816
2.257082,-96.483816
2.278044,-96.483816
2.298021,-96.483816
2.318075,-96.483816
2.338122,-96.483816
2.357936,-96.483816
2.377836,-96.483816
2.397840,-96.483816
2.417985,-96.483816
2.437906,-96.483816
2.457814,-96.483816
2.478057,-96.483816
2.497805,-96.483816
2.517719,-96.483816
2.537776,-96.483816
2.557946,-96.483816
2.578004,-96.483815
2.597780,-96.483815
2.617789,-96.483815
2.637713,-96.483815
2.657705,-96.483815
2.677762,-96.483815
2.697835,-96.483815
2.717854,-96.483815
2.737612,-96.483815
2.757558,-96.483815
2.777761,-96.483815
2.797731,-96.483815
2.817542,-96.483815
2.837598,-96.483814
2.857467,-96.483814
2.877693,-96.483814
2.897597,-96.483814
2.917656,-96.483814
2.937490,-96.483814
2.957554,-96.483813
2.977574,-96.483813
2.997556,-96.483813
3.017354,-96.483813
3.037457,-96.483813
3.057303,-96.483813
3.077290,-96.483813
3.097402,-96.483812
3.117442,-96.483812
3.137248,-96.483812
3.157248,-96.483812
3.177269,-96.483812
3.197431,-96.483811
3.217251,-96.483811
3.237417,-96.483811
3.257343,-96.483811
3.277111,-96.483811
3.297170,-96.483810
3.317627,-96.483810
3.337052,-96.483810
3.357141,-96.483810
3.378250,-96.483809
3.398161,-96.483809
3.417990,-96.483809
3.438216,-96.483809
3.457917,-96.483808
3.477939,-96.483808
3.498151,-96.483808
3.518104,-96.483808
3.537904,-96.483807
3.557979,-96.483807
3.577972,-96.483807
3.597908,-96.483806
3.617875,-96.483806
3.637769,-96.483806
3.657781,-96.483805
3.677901,-96.483805
3.697954,-96.483805
3.717797,-96.483804
3.737691,-96.483804
3.757989,-96.483804
3.777831,-96.483803
3.797581,-96.483803
3.817616,-96.483802
3.837906,-96.483802
3.857570,-96.483802
3.877679,-96.483801
3.897630,-96.483801
3.917429,-96.483801
3.937552,-96.483800
3.957856,-96.483800
3.977621,-96.483799
3.997490,-96.483799
4.017402,-96.483799
4.037389,-96.483798
4.057310,-96.483798
4.077518,-96.483797
4.097340,-96.483797
4.117245,-96.483796
4.137460,-96.483796
4.157549,-96.483796
4.177411,-96.483795
4.197429,-96.483795
4.217667,-96.483794
4.237323,-96.483794
4.257398,-96.483793
4.277069,-96.483793
4.297176,-96.483792
4.317348,-96.483792
4.338147,-96.483791
4.357198,-96.483791
4.378630,-96.483790
4.398129,-96.483790
4.417958,-96.483789
4.438175,-96.483789
4.457982,-96.483788
4.477958,-96.483788
4.498111,-96.483787
4.518022,-96.483787
4.538414,-96.483786
4.557988,-96.483786
4.578042,-96.483785
4.597898,-96.483784
4.617825,-96.483784
4.637821,-96.483783
4.657990,-96.483783
4.677829,-96.483782
4.697794,-96.483782
4.718056,-96.483781
4.737759,-96.483781
4.757820,-96.483780
4.777680,-96.483779
4.797685,-96.483779
4.817784,-96.483778
4.837962,-96.483777
4.857709,-96.483777
4.877837,-96.483776
4.897554,-96.483776
4.917800,-96.483775
4.937535,-96.483774
4.957579,-96.483774
4.977554,-96.483773
4.997601,-96.483773
5.017671,-96.483772
5.037557,-96.483771
5.058006,-96.483771
5.077504,-96.483770
5.097472,-96.483769
5.117408,-96.483769
5.137352,-96.483768
5.157558,-96.483767
5.177357,-96.483767
5.197306,-96.483766
5.217336,-96.483765
5.237386,-96.483765
5.257344,-96.483764
5.277274,-96.483763
5.297354,-96.483763
5.317598,-96.483762
5.337234,-96.483761
5.358467,-96.483760
5.377075,-96.483760
5.397207,-96.483759
5.417009,-96.483758
5.438117,-96.483758
5.458043,-96.483757
5.478048,-96.483756
5.498065,-96.483755
5.518268,-96.483755
5.538312,-96.483754
5.558096,-96.483753
5.577888,-96.483753
5.597929,-96.483752
5.618068,-96.483751
5.638010,-96.483750
5.657815,-96.483749
5.677907,-96.483749
5.697855,-96.483748
5.717941,-96.483747
5.737740,-96.483746
5.757896,-96.483746
5.777810,-96.483745
5.797835,-96.483744
5.817927,-96.483744
5.838248,-96.483743
5.857762,-96.483742
5.878142,-96.483741
5.897669,-96.483740
5.917907,-96.483740
5.937892,-96.483739
5.957616,-96.483738
5.977541,-96.483737
5.997582,-96.483736
6.017489,-96.483736
6.037470,-96.483735
6.057531,-96.483734
6.077860,-96.483733
6.097705,-96.483732
6.117544,-96.483731
6.137644,-96.483731
6.157484,-96.483730
6.177319,-96.483729
6.197424,-96.483728
6.217764,-96.483727
6.237651,-96.483726
6.257416,-96.483726
6.277293,-96.483725
6.297224,-96.483724
6.317435,-96.483723
6.337267,-96.483722
6.357300,-96.483721
6.377215,-96.483721
6.397104,-96.483720
6.417169,-96.483719
6.438639,-96.483718
6.457113,-96.483717
6.478134,-96.483716
6.498102,-96.483716
6.518343,-96.483715
6.538179,-96.483714
6.558120,-96.483713
6.578388,-96.483712
6.598331,-96.483711
6.618079,-96.483710
6.638108,-96.483709
6.657847,-96.483709
6.678010,-96.483708
6.697847,-96.483707
6.717869,-96.483706
6.737944,-96.483705
6.758035,-96.483704
6.777796,-96.483703
6.797921,-96.483702
6.817954,-96.483701
6.838102,-96.483700
6.858069,-96.483699
6.877692,-96.483698
6.898207,-96.483698
6.917640,-96.483697
6.937739,-96.483696
6.957657,-96.483695
6.977709,-96.483694
6.997602,-96.483693
7.018011,-96.483692
7.037536,-96.483691
7.057812,-96.483690
7.077516,-96.483689
7.097639,-96.483688
7.117804,-96.483687
7.137640,-96.483686
7.157311,-96.483685
7.177466,-96.483684
7.197384,-96.483683
7.217283,-96.483682
7.237839,-96.483681
7.257279,-96.483679
7.277366,-96.483678
7.297272,-96.483677
7.317266,-96.483676
7.337398,-96.483675
7.357143,-96.483674
7.377576,-96.483673
7.397325,-96.483672
7.418313,-96.483671
7.437133,-96.483670
7.458225,-96.483669
7.478066,-96.483667
7.497100,-96.483666
7.518373,-96.483665
7.538208,-96.483664
7.558132,-96.483663
7.578275,-96.483661
7.598131,-96.483660
7.618355,-96.483659
7.638094,-96.483658
7.658751,-96.483657
7.678075,-96.483656
7.697971,-96.483654
7.718312,-96.483653
7.738061,-96.483652
7.757932,-96.483651
7.778005,-96.483649
7.798014,-96.483648
7.818188,-96.483647
7.837862,-96.483646
7.857857,-96.483645
7.877990,-96.483643
7.897780,-96.483642
7.917870,-96.483641
7.938007,-96.483639
7.957703,-96.483638
7.977744,-96.483637
7.997759,-96.483635
8.017697,-96.483634
8.037738,-96.483633
8.057679,-96.483632
8.077723,-96.483630
8.097687,-96.483629
8.117761,-96.483628
8.137566,-96.483626
8.157570,-96.483625
8.177839,-96.483623
8.197506,-96.483622
8.217716,-96.483621
8.237722,-96.483619
8.257533,-96.483618
8.277454,-96.483616
8.297391,-96.483615
8.317743,-96.483614
8.337661,-96.483612
8.357467,-96.483611
8.377496,-96.483609
8.397304,-96.483608
8.417448,-96.483606
8.437463,-96.483605
8.457449,-96.483604
8.477252,-96.483602
8.497250,-96.483601
8.517454,-96.483599
8.537328,-96.483598
8.557492,-96.483596
8.577632,-96.483595
8.598357,-96.483593
8.617711,-96.483592
8.638271,-96.483590
8.658384,-96.483589
8.678323,-96.483587
8.698009,-96.483586
8.718181,-96.483584
8.738242,-96.483583
8.758241,-96.483581
8.777975,-96.483580
8.798811,-96.483578
8.817940,-96.483577
8.838219,-96.483575
8.858083,-96.483574
8.878134,-96.483572
8.898031,-96.483570
8.918073,-96.483569
8.937803,-96.483567
8.957831,-96.483566
8.977899,-96.483564
8.998451,-96.483562
9.017906,-96.483561
9.037859,-96.483559
9.057903,-96.483558
9.077678,-96.483556
9.098076,-96.483554
9.117692,-96.483553
9.137631,-96.483551
9.157781,-96.483550
9.177779,-96.483548
9.197706,-96.483546
9.217773,-96.483545
9.237621,-96.483543
9.257694,-96.483541
9.277703,-96.483540
9.297588,-96.483538
9.317590,-96.483536
9.337803,-96.483535
9.357560,-96.483533
9.377782,-96.483531
9.397480,-96.483529
9.417398,-96.483528
9.438306,-96.483526
9.457407,-96.483524
9.477339,-96.483522
9.497257,-96.483521
9.517470,-96.483519
9.537711,-96.483517
9.557508,-96.483516
9.577364,-96.483514
9.597323,-96.483512
9.617341,-96.483510
9.637260,-96.483509
9.657480,-96.483507
9.677430,-96.483505
9.697194,-96.483503
9.717349,-96.483501
9.738636,-96.483500
9.757278,-96.483498
9.777074,-96.483496
9.798041,-96.483494
9.818137,-96.483493
9.838201,-96.483491
9.858001,-96.483489
9.878183,-96.483487
9.898098,-96.483486
9.917906,-96.483484
9.937939,-96.483482
9.958040,-96.483480
9.977881,-96.483478
9.998029,-96.483477
10.017918,-96.483475
10.037905,-96.483473
10.057945,-96.483471
10.077862,-96.483469
10.097827,-96.483467
10.117887,-96.483465
10.137749,-96.483464
10.158042,-96.483462
10.177938,-96.483460
10.197731,-96.483458
10.217700,-96.483456
10.237784,-96.483454
10.257751,-96.483452
10.277649,-96.483451
10.297889,-96.483449
10.318058,-96.483447
10.337750,-96.483445
10.358355,-96.483443
10.377680,-96.483441
10.397691,-96.483439
10.417779,-96.483437
10.437541,-96.483435
10.458035,-96.483434
10.477620,-96.483432
10.497576,-96.483430
10.517394,-96.483428
10.537441,-96.483426
10.557765,-96.483424
10.577444,-96.483422
10.597821,-96.483420
10.617218,-96.483418
10.637420,-96.483416
10.657279,-96.483414
10.677191,-96.483412
10.697158,-96.483410
10.717317,-96.483408
10.737182,-96.483406
10.758267,-96.483404
10.778248,-96.483402
10.798199,-96.483400
10.818072,-96.483399
10.838013,-96.483397
10.858213,-96.483395
10.878213,-96.483393
10.898125,-96.483391
10.918121,-96.483389
10.938347,-96.483387
10.957927,-96.483385
10.978060,-96.483383
10.997921,-96.483381
11.017935,-96.483379
11.037910,-96.483377
11.057917,-96.483375
11.078056,-96.483373
11.097789,-96.483371
11.117935,-96.483369
11.137820,-96.483367
11.157830,-96.483365
11.177754,-96.483363
11.197925,-96.483361
11.218087,-96.483359
11.237619,-96.483356
11.257877,-96.483354
11.277739,-96.483352
11.297786,-96.483350
11.318007,-96.483348
11.337643,-96.483346
11.357584,-96.483344
11.377600,-96.483342
11.397784,-96.483340
11.417500,-96.483338
11.437579,-96.483336
11.457433,-96.483334
11.477415,-96.483332
11.497408,-96.483330
11.517518,-96.483328
11.537527,-96.483326
11.557440,-96.483323
11.577501,-96.483321
11.597388,-96.483319
11.617259,-96.483317
11.637229,-96.483315
11.657229,-96.483313
11.677208,-96.483311
11.697111,-96.483309
11.717112,-96.483307
11.738164,-96.483305
11.757222,-96.483303
11.778131,-96.483301
11.798037,-96.483299
11.818048,-96.483296
11.838002,-96.483294
11.858062,-96.483292
11.878087,-96.483290
11.897974,-96.483288
11.917906,-96.483286
11.937881,-96.483284
11.957929,-96.483282
11.977974,-96.483279
11.997961,-96.483277
12.017995,-96.483275
12.038254,-96.483273
12.057909,-96.483271
12.077953,-96.483269
12.097834,-96.483267
12.117977,-96.483265
12.137803,-96.483262
12.157739,-96.483260
12.177734,-96.483258
12.197700,-96.483256
12.217680,-96.483254
12.237750,-96.483252
12.257616,-96.483250
12.277686,-96.483248
12.297642,-96.483246
12.318169,-96.483243
12.337569,-96.483241
12.357612,-96.483239
12.377549,-96.483237
12.397718,-96.483235
12.417622,-96.483233
12.437492,-96.483231
12.457600,-96.483229
12.477642,-96.483227
12.497553,-96.483225
12.517624,-96.483223
12.537428,-96.483221
12.557388,-96.483219
12.577714,-96.483217
12.597383,-96.483215
12.617331,-96.483213
12.637342,-96.483211
12.657430,-96.483209
12.677255,-96.483207
12.697268,-96.483205
12.717337,-96.483203
12.737282,-96.483201
12.757227,-96.483199
12.777199,-96.483197
12.797185,-96.483195
12.817228,-96.483193
12.838191,-96.483191
12.858438,-96.483189
12.877148,-96.483187
12.898059,-96.483185
12.918076,-96.483183
12.938131,-96.483181
12.958042,-96.483179
12.978042,-96.483177
12.998003,-96.483175
13.017923,-96.483173
13.038154,-96.483171
13.057984,-96.483169
13.077954,-96.483167
13.097873,-96.483166
13.117885,-96.483164
13.137909,-96.483162
13.157920,-96.483160
13.177845,-96.483158
13.197783,-96.483156
13.217785,-96.483154
13.237787,-96.483153
13.257730,-96.483151
13.277791,-96.483149
13.298265,-96.483147
13.317741,-96.483145
13.337814,-96.483143
13.357796,-96.483142
13.377646,-96.483140
13.397607,-96.483138
13.417723,-96.483136
13.437624,-96.483134
13.457614,-96.483133
13.477623,-96.483131
13.497576,-96.483129
13.517557,-96.483127
13.537544,-96.483126
13.557500,-96.483124
13.577544,-96.483122
13.597552,-96.483120
13.617370,-96.483119
13.637480,-96.483117
13.657341,-96.483115
13.677448,-96.483113
13.697309,-96.483112
13.717541,-96.483110
13.737366,-96.483108
13.757232,-96.483107
13.777336,-96.483105
13.797279,-96.483103
13.817403,-96.483102
13.837188,-96.483100
13.857244,-96.483098
13.877302,-96.483097
13.897160,-96.483095
13.917402,-96.483093
13.937250,-96.483092
13.957165,-96.483090
13.977112,-96.483088
13.998338,-96.483087
14.018169,-96.483085
14.038072,-96.483084
14.058783,-96.483082
14.078113,-96.483080
14.098027,-96.483079
14.118100,-96.483077
14.138138,-96.483076
14.158054,-96.483074
14.178084,-96.483072
14.197891,-96.483071
14.218317,-96.483069
14.237911,-96.483068
14.257886,-96.483066
14.278009,-96.483065
14.297801,-96.483063
14.318036,-96.483062
14.337772,-96.483060
14.357825,-96.483059
14.377782,-96.483057
14.397787,-96.483056
14.418046,-96.483054
14.437713,-96.483053
14.457638,-96.483051
14.477739,-96.483050
14.497650,-96.483048
14.517628,-96.483047
14.537683,-96.483045
14.557711,-96.483044
14.577763,-96.483042
14.597519,-96.483041
14.617515,-96.483039
14.637601,-96.483038
14.657541,-96.483036
14.677443,-96.483035
14.697568,-96.483034
14.717472,-96.483032
14.737429,-96.483031
14.757392,-96.483029
14.777356,-96.483028
14.797336,-96.483027
14.817288,-96.483025
14.837427,-96.483024
14.857295,-96.483022
14.877208,-96.483021
14.897201,-96.483020
14.917398,-96.483018
14.937106,-96.483017
14.958247,-96.483016
14.977244,-96.483014
14.998168,-96.483013
15.018012,-96.483011
15.038061,-96.483010
15.058186,-96.483009
15.078074,-96.483008
15.097980,-96.483006
15.117991,-96.483005
15.137951,-96.483004
15.158033,-96.483002
15.177908,-96.483001
15.197935,-96.483000
15.217986,-96.482999
15.237816,-96.482997
15.257787,-96.482996
15.277939,-96.482995
15.298288,-96.482994
15.318180,-96.482992
15.341445,-96.482991
15.357696,-96.482990
15.377764,-96.482989
15.397759,-96.482987
15.417642,-96.482986
15.437726,-96.482985
15.457788,-96.482984
15.477673,-96.482983
15.497644,-96.482982
15.517588,-96.482980
15.537555,-96.482979
15.557686,-96.482978
15.577602,-96.482977
15.597628,-96.482976
15.617483,-96.482975
15.637556,-96.482973
15.657523,-96.482972
15.677365,-96.482971
15.697418,-96.482970
15.717447,-96.482969
15.737402,-96.482968
15.757379,-96.482967
15.777327,-96.482966
