0.137396,30.633397
0.157358,30.633397
0.178375,30.633397
0.198312,30.633397
0.218298,30.633396
0.238371,30.633396
0.258280,30.633396
0.278250,30.633396
0.298277,30.633396
0.318363,30.633396
0.338289,30.633396
0.358252,30.633396
0.378264,30.633396
0.398281,30.633396
0.418259,30.633394
0.438277,30.633394
0.458219,30.633394
0.478340,30.633394
0.498354,30.633394
0.518293,30.633394
0.538251,30.633394
0.558290,30.633394
0.578238,30.633394
0.598313,30.633394
0.618227,30.633393
0.638165,30.633393
0.658115,30.633393
0.678119,30.633393
0.698112,30.633393
0.718125,30.633393
0.738119,30.633393
0.758113,30.633393
0.778095,30.633393
0.798128,30.633393
0.818062,30.633391
0.838104,30.633391
0.858030,30.633391
0.878034,30.633391
0.898039,30.633391
0.918001,30.633391
0.937987,30.633391
0.957981,30.633391
0.978044,30.633391
0.997965,30.633391
1.018039,30.633391
1.038079,30.633390
1.058069,30.633390
1.078028,30.633390
1.097981,30.633390
1.118080,30.633390
1.137943,30.633390
1.157985,30.633390
1.177927,30.633390
1.197955,30.633390
1.217955,30.633388
1.237938,30.633388
1.257962,30.633388
1.277887,30.633388
1.298028,30.633388
1.317880,30.633388
1.337952,30.633388
1.357876,30.633388
1.377811,30.633388
1.397846,30.633388
1.417837,30.633386
1.437872,30.633386
1.457825,30.633386
1.477857,30.633386
1.497857,30.633386
1.517732,30.633386
1.537786,30.633386
1.557745,30.633386
1.577777,30.633386
1.597741,30.633386
1.617751,30.633384
1.637714,30.633384
1.657680,30.633384
1.677704,30.633384
1.697733,30.633384
1.717744,30.633384
1.737686,30.633384
1.757724,30.633384
1.777659,30.633384
1.797901,30.633384
1.817864,30.633382
1.837729,30.633382
1.857707,30.633382
1.877711,30.633382
1.897750,30.633382
1.917696,30.633382
1.937685,30.633382
1.957628,30.633382
1.977608,30.633382
1.997604,30.633382
2.017582,30.633382
2.037508,30.633382
2.057563,30.633380
2.077498,30.633380
2.097444,30.633380
2.118478,30.633380
2.137439,30.633380
2.157379,30.633380
2.177375,30.633380
2.197493,30.633380
2.218487,30.633377
2.237898,30.633377
2.257495,30.633377
2.277435,30.633377
2.297540,30.633377
2.318399,30.633377
2.337472,30.633377
2.358463,30.633377
2.378392,30.633377
2.398403,30.633377
2.418368,30.633375
2.438420,30.633375
2.458388,30.633375
2.478356,30.633375
2.498443,30.633375
2.518404,30.633375
2.538323,30.633375
2.558303,30.633375
2.578338,30.633375
2.598377,30.633375
2.618417,30.633372
2.638308,30.633372
2.658323,30.633372
2.678241,30.633372
2.698235,30.633372
2.718202,30.633372
2.738269,30.633372
2.758127,30.633372
2.778248,30.633372
2.798148,30.633372
2.818117,30.633372
2.838142,30.633369
2.858099,30.633369
2.878121,30.633369
2.898131,30.633369
2.918104,30.633369
2.938331,30.633369
2.958279,30.633369
2.978137,30.633369
2.998122,30.633369
3.018319,30.633369
3.038004,30.633369
3.058010,30.633367
3.077967,30.633367
3.098056,30.633367
3.117977,30.633367
3.138026,30.633367
3.157986,30.633367
3.177905,30.633367
3.197896,30.633367
3.217968,30.633364
3.237922,30.633364
3.257936,30.633364
3.277900,30.633364
3.297945,30.633364
3.317862,30.633364
3.337872,30.633364
3.357937,30.633364
3.377841,30.633364
3.397817,30.633364
3.417890,30.633361
3.437835,30.633361
3.457828,30.633361
3.477802,30.633361
3.497858,30.633361
3.517876,30.633361
3.537757,30.633361
3.557749,30.633361
3.577720,30.633361
3.597739,30.633361
3.617780,30.633357
3.637797,30.633357
3.657674,30.633357
3.677691,30.633357
3.697711,30.633357
3.717696,30.633357
3.737674,30.633357
3.757655,30.633357
3.777696,30.633357
3.797692,30.633357
3.817685,30.633354
3.837635,30.633354
3.857670,30.633354
3.877645,30.633354
3.897629,30.633354
3.917592,30.633354
3.937618,30.633354
3.957574,30.633354
3.977651,30.633354
3.997768,30.633354
4.017797,30.633354
4.037769,30.633351
4.057593,30.633351
4.077507,30.633351
4.097480,30.633351
4.118524,30.633351
4.137542,30.633351
4.157503,30.633351
4.177454,30.633351
4.197454,30.633351
4.218474,30.633348
4.237396,30.633348
4.258435,30.633348
4.278470,30.633348
4.297378,30.633348
4.318378,30.633348
4.338373,30.633348
4.358371,30.633348
4.378600,30.633348
4.398670,30.633348
4.418536,30.633345
4.438588,30.633345
4.458324,30.633345
4.478276,30.633345
4.498313,30.633345
4.518320,30.633345
4.538272,30.633345
4.558320,30.633345
4.578264,30.633345
4.598286,30.633345
4.618285,30.633341
4.638245,30.633341
4.658304,30.633341
4.678276,30.633341
4.698234,30.633341
4.718162,30.633341
4.738161,30.633341
4.758205,30.633341
4.778095,30.633341
4.798057,30.633341
4.818047,30.633338
4.838077,30.633338
4.858074,30.633338
4.878078,30.633338
4.898137,30.633338
4.918119,30.633338
4.938090,30.633338
4.958155,30.633338
4.978113,30.633338
4.998059,30.633338
5.017990,30.633338
5.038006,30.633338
5.057975,30.633334
5.077980,30.633334
5.097946,30.633334
5.117934,30.633334
5.137936,30.633334
5.157941,30.633334
5.177954,30.633334
5.197892,30.633334
5.217933,30.633331
5.237847,30.633331
5.257886,30.633331
5.277961,30.633331
5.297835,30.633331
5.317808,30.633331
5.337834,30.633331
5.357768,30.633331
5.377810,30.633331
5.397759,30.633331
5.417785,30.633331
5.437766,30.633327
5.457841,30.633327
5.477737,30.633327
5.497805,30.633327
5.517776,30.633327
5.537676,30.633327
5.557668,30.633327
5.577677,30.633327
5.597656,30.633327
5.617651,30.633324
5.637669,30.633324
5.657608,30.633324
5.677648,30.633324
5.697583,30.633324
5.717615,30.633324
5.737641,30.633324
5.757568,30.633324
5.777588,30.633324
5.797550,30.633324
5.817537,30.633320
5.837665,30.633320
5.857545,30.633320
5.877591,30.633320
5.897578,30.633320
5.918673,30.633320
5.937590,30.633320
5.957517,30.633320
5.977539,30.633320
5.997518,30.633320
6.018579,30.633320
6.037489,30.633316
6.057447,30.633316
6.077520,30.633316
6.098561,30.633316
6.118483,30.633316
6.137468,30.633316
6.158468,30.633316
6.178553,30.633316
6.198455,30.633316
6.218589,30.633313
6.238519,30.633313
6.258428,30.633313
6.278387,30.633313
6.298402,30.633313
6.318705,30.633313
6.338342,30.633313
6.358333,30.633313
6.378353,30.633313
6.398340,30.633313
6.418429,30.633309
6.438292,30.633309
6.458377,30.633309
6.478265,30.633309
6.498296,30.633309
6.518298,30.633309
6.538333,30.633309
6.558372,30.633309
6.578387,30.633309
6.598257,30.633309
6.618325,30.633306
6.638256,30.633306
6.658148,30.633306
6.678301,30.633306
6.698224,30.633306
6.718207,30.633306
6.738213,30.633306
6.758141,30.633306
6.778161,30.633306
6.798168,30.633306
6.818193,30.633302
6.838126,30.633302
6.858077,30.633302
6.878121,30.633302
6.898170,30.633302
6.918104,30.633302
6.938101,30.633302
6.958073,30.633302
6.978060,30.633302
6.998034,30.633302
7.018067,30.633302
7.037983,30.633299
7.058053,30.633299
7.077981,30.633299
7.097924,30.633299
7.117863,30.633299
7.137872,30.633299
7.157849,30.633299
7.177933,30.633299
7.198088,30.633299
7.218081,30.633296
7.237955,30.633296
7.257949,30.633296
7.277982,30.633296
7.298029,30.633296
7.317925,30.633296
7.337943,30.633296
7.357915,30.633296
7.377961,30.633296
7.397990,30.633296
7.418024,30.633292
7.437884,30.633292
7.457966,30.633292
7.477890,30.633292
7.497917,30.633292
7.517793,30.633292
7.537941,30.633292
7.557838,30.633292
7.577835,30.633292
7.597774,30.633292
7.617748,30.633289
7.637694,30.633289
7.657773,30.633289
7.677725,30.633289
7.697766,30.633289
7.717699,30.633289
7.737691,30.633289
7.757672,30.633289
7.777652,30.633289
7.797670,30.633289
7.817666,30.633285
7.837698,30.633285
7.857648,30.633285
7.877625,30.633285
7.897608,30.633285
7.917588,30.633285
7.937595,30.633285
7.957612,30.633285
7.977585,30.633285
7.997635,30.633285
8.018574,30.633285
8.037516,30.633285
8.057525,30.633282
8.077480,30.633282
8.097613,30.633282
8.118563,30.633282
8.137434,30.633282
8.157461,30.633282
8.178412,30.633282
8.198488,30.633282
8.218472,30.633279
8.238438,30.633279
8.258474,30.633279
8.278393,30.633279
8.298392,30.633279
8.318399,30.633279
8.338348,30.633279
8.358342,30.633279
8.378429,30.633279
8.398358,30.633279
8.418397,30.633276
8.438288,30.633276
8.458284,30.633276
8.478350,30.633276
8.498320,30.633276
8.518256,30.633276
8.538305,30.633276
8.558239,30.633276
8.578344,30.633276
8.598298,30.633276
8.618312,30.633273
8.638186,30.633273
8.658221,30.633273
8.678218,30.633273
8.698177,30.633273
8.718170,30.633273
8.738156,30.633273
8.758347,30.633273
8.778170,30.633273
8.798318,30.633273
8.818231,30.633270
8.838158,30.633270
8.858224,30.633270
8.878160,30.633270
8.898331,30.633270
8.918391,30.633270
8.938040,30.633270
8.958113,30.633270
8.978287,30.633270
8.998074,30.633270
9.018107,30.633270
9.038084,30.633267
9.057946,30.633267
9.077914,30.633267
9.097945,30.633267
9.117880,30.633267
9.137890,30.633267
9.157878,30.633267
9.177914,30.633267
9.197983,30.633267
9.217909,30.633264
9.237898,30.633264
9.257941,30.633264
9.277880,30.633264
9.297948,30.633264
9.317863,30.633264
9.337837,30.633264
9.357851,30.633264
9.377836,30.633264
9.397830,30.633264
9.417722,30.633261
9.437770,30.633261
9.457742,30.633261
9.477783,30.633261
9.497723,30.633261
9.517632,30.633261
9.537686,30.633261
9.557666,30.633261
9.577632,30.633261
9.597612,30.633261
9.617695,30.633259
9.637546,30.633259
9.657576,30.633259
9.677535,30.633259
9.697901,30.633259
9.717867,30.633259
9.737832,30.633259
9.757636,30.633259
9.777605,30.633259
9.797540,30.633259
9.818600,30.633256
9.837481,30.633256
9.857515,30.633256
9.877562,30.633256
9.897477,30.633256
9.918562,30.633256
9.937452,30.633256
9.957416,30.633256
9.978444,30.633256
9.997394,30.633256
10.018384,30.633256
10.037320,30.633254
10.058335,30.633254
10.078372,30.633254
10.098508,30.633254
10.118412,30.633254
10.138406,30.633254
10.158629,30.633254
10.178628,30.633254
10.198337,30.633254
10.218315,30.633252
10.238280,30.633252
10.258251,30.633252
10.278490,30.633252
10.298302,30.633252
10.318297,30.633252
10.338336,30.633252
10.358237,30.633252
10.378256,30.633252
10.398324,30.633252
10.418293,30.633250
10.438288,30.633250
10.458231,30.633250
10.478259,30.633250
10.498205,30.633250
10.518152,30.633250
10.538118,30.633250
10.558131,30.633250
10.578173,30.633250
10.598078,30.633250
10.618100,30.633247
10.638057,30.633247
10.658084,30.633247
10.678086,30.633247
10.698207,30.633247
10.718039,30.633247
10.738059,30.633247
10.758115,30.633247
10.778022,30.633247
10.798265,30.633247
10.818066,30.633247
10.838007,30.633246
10.857962,30.633246
10.877968,30.633246
10.897968,30.633246
10.917949,30.633246
10.937983,30.633246
10.957938,30.633246
10.977954,30.633246
10.997977,30.633246
11.017939,30.633246
11.037889,30.633246
11.057890,30.633244
11.077916,30.633244
11.097831,30.633244
11.117738,30.633244
11.137731,30.633244
11.157765,30.633244
11.177778,30.633244
11.197934,30.633244
11.217893,30.633244
11.237861,30.633242
11.257851,30.633242
11.277817,30.633242
11.297823,30.633242
11.317814,30.633242
11.337820,30.633242
11.357828,30.633242
11.377782,30.633242
11.397843,30.633242
11.417805,30.633241
11.437787,30.633241
11.457727,30.633241
11.477713,30.633241
11.497708,30.633241
11.517718,30.633241
11.537705,30.633241
11.557667,30.633241
11.577660,30.633241
11.597635,30.633241
11.618565,30.633240
11.637500,30.633240
11.657511,30.633240
11.677563,30.633240
11.697476,30.633240
11.718757,30.633240
11.737434,30.633240
11.757532,30.633240
11.778455,30.633240
11.798447,30.633240
11.818474,30.633238
11.838320,30.633238
11.858343,30.633238
11.878316,30.633238
11.898349,30.633238
11.918351,30.633238
11.938388,30.633238
11.958373,30.633238
11.978352,30.633238
11.998380,30.633238
12.018254,30.633238
12.038281,30.633237
12.058297,30.633237
12.078340,30.633237
12.098329,30.633237
12.118289,30.633237
12.138305,30.633237
12.158293,30.633237
12.178293,30.633237
12.198242,30.633237
12.218340,30.633236
12.238269,30.633236
12.258357,30.633236
12.278353,30.633236
12.298320,30.633236
12.318305,30.633236
12.338300,30.633236
12.358313,30.633236
12.378336,30.633236
12.398250,30.633236
12.418196,30.633236
12.438230,30.633236
12.458237,30.633236
12.478228,30.633236
12.498214,30.633236
12.518124,30.633236
12.538156,30.633236
12.557999,30.633236
12.577992,30.633236
12.598088,30.633236
12.618184,30.633235
12.638121,30.633235
12.658115,30.633235
12.678152,30.633235
12.698151,30.633235
12.718120,30.633235
12.738169,30.633235
12.758054,30.633235
12.778135,30.633235
12.798671,30.633235
12.818057,30.633235
12.838027,30.633235
12.858042,30.633235
12.878032,30.633235
12.898035,30.633235
12.917949,30.633235
12.938023,30.633235
12.957989,30.633235
12.978097,30.633235
12.997967,30.633235
13.018356,30.633235
13.037910,30.633235
13.057986,30.633235
13.077929,30.633235
13.097880,30.633235
13.117872,30.633235
13.137909,30.633235
13.157957,30.633235
13.177877,30.633235
13.197893,30.633235
13.217950,30.633234
13.237968,30.633234
13.257820,30.633234
13.277797,30.633234
13.297697,30.633234
13.317909,30.633234
13.337951,30.633234
13.357973,30.633234
13.377610,30.633234
13.397593,30.633234
13.418591,30.633234
13.437699,30.633234
13.457614,30.633234
13.477570,30.633234
13.497602,30.633234
13.518584,30.633234
13.537528,30.633234
13.557500,30.633234
13.577512,30.633234
13.597512,30.633234
13.618471,30.633235
13.637509,30.633235
13.657556,30.633235
13.677450,30.633235
13.698623,30.633235
13.718479,30.633235
13.738541,30.633235
13.758540,30.633235
13.778514,30.633235
13.798474,30.633235
13.818522,30.633235
13.838474,30.633235
13.858494,30.633235
13.878467,30.633235
13.898467,30.633235
13.918490,30.633235
13.938397,30.633235
13.958415,30.633235
13.978390,30.633235
13.998465,30.633235
14.018398,30.633235
14.038424,30.633236
14.058403,30.633236
14.078372,30.633236
14.098308,30.633236
14.118287,30.633236
14.138376,30.633236
14.158299,30.633236
14.178201,30.633236
14.198334,30.633236
14.218254,30.633236
14.238236,30.633236
14.258247,30.633236
14.278241,30.633236
14.298280,30.633236
14.318314,30.633236
14.338201,30.633236
14.358135,30.633236
14.378224,30.633236
14.398163,30.633236
14.418149,30.633237
14.438143,30.633237
14.458130,30.633237
14.478190,30.633237
14.498115,30.633237
14.518131,30.633237
14.538153,30.633237
14.558115,30.633237
14.578066,30.633237
14.598063,30.633238
14.618085,30.633238
14.638094,30.633238
14.658017,30.633238
14.677982,30.633238
14.698041,30.633238
14.718012,30.633238
14.738004,30.633238
14.758009,30.633238
14.778000,30.633238
14.798019,30.633239
14.818004,30.633239
14.838026,30.633239
14.858012,30.633239
14.877990,30.633239
14.897951,30.633239
14.917933,30.633239
14.937997,30.633239
14.957977,30.633239
14.977890,30.633239
14.997878,30.633239
15.017889,30.633239
15.037971,30.633241
15.057907,30.633241
15.077834,30.633241
15.097963,30.633241
15.117867,30.633241
15.137789,30.633241
15.157803,30.633241
15.177760,30.633241
15.197843,30.633241
15.217799,30.633242
15.237821,30.633242
15.257850,30.633242
15.277754,30.633242
15.297761,30.633242
15.317739,30.633242
15.337753,30.633242
15.357719,30.633242
15.377645,30.633242
15.397671,30.633242
15.418685,30.633244
15.437653,30.633244
15.457664,30.633244
15.477648,30.633244
15.497670,30.633244
15.518653,30.633244
15.537564,30.633244
15.557577,30.633244
15.577588,30.633244
15.597573,30.633244
15.618567,30.633245
15.637565,30.633245
15.658535,30.633245
15.677540,30.633245
15.697525,30.633245
15.718528,30.633245
15.738540,30.633245
15.758522,30.633245
15.778584,30.633245
15.798456,30.633245
15.818475,30.633247
15.838441,30.633247
15.858582,30.633247
15.878486,30.633247
15.898466,30.633247
15.918410,30.633247
15.938356,30.633247
15.958362,30.633247
15.978309,30.633247
15.998388,30.633247
16.018341,30.633247
16.038315,30.633249
16.058305,30.633249
16.078285,30.633249
16.098330,30.633249
16.118331,30.633249
16.138516,30.633249
16.158372,30.633249
16.178251,30.633249
16.198184,30.633249
16.218247,30.633251
16.238167,30.633251
16.258157,30.633251
16.278125,30.633251
16.298229,30.633251
16.318171,30.633251
16.338151,30.633251
16.358146,30.633251
16.378211,30.633251
16.398175,30.633251
16.418138,30.633253
16.438115,30.633253
16.458110,30.633253
16.478087,30.633253
16.498117,30.633253
16.518063,30.633253
16.538005,30.633253
16.558036,30.633253
16.577975,30.633253
16.598037,30.633253
16.617979,30.633253
16.638043,30.633255
16.657922,30.633255
16.677899,30.633255
16.697906,30.633255
16.717904,30.633255
16.737848,30.633255
16.757882,30.633255
16.777919,30.633255
16.797900,30.633255
16.817827,30.633258
16.837786,30.633258
16.857782,30.633258
16.877785,30.633258
16.897752,30.633258
16.917749,30.633258
16.937780,30.633258
16.957731,30.633258
16.977763,30.633258
16.997714,30.633258
17.017760,30.633258
17.037704,30.633258
17.057693,30.633260
17.077685,30.633260
17.097671,30.633260
17.117694,30.633260
17.137648,30.633260
17.157645,30.633260
17.177680,30.633260
17.197702,30.633260
17.217705,30.633263
17.237697,30.633263
17.257654,30.633263
17.277622,30.633263
17.297597,30.633263
17.317658,30.633263
17.337564,30.633263
17.357548,30.633263
17.377783,30.633263
17.397541,30.633263
17.418609,30.633266
17.437604,30.633266
17.458513,30.633266
17.478558,30.633266
17.498494,30.633266
17.518496,30.633266
17.538519,30.633266
17.558481,30.633266
17.578521,30.633266
17.598468,30.633266
17.618450,30.633269
17.638511,30.633269
17.658460,30.633269
17.678409,30.633269
17.698449,30.633269
17.718440,30.633269
17.738316,30.633269
17.758375,30.633269
17.778371,30.633269
17.798350,30.633269
17.818377,30.633271
17.838316,30.633271
17.858305,30.633271
17.878250,30.633271
17.898269,30.633271
17.918289,30.633271
17.938231,30.633271
17.958312,30.633271
17.978290,30.633271
17.998214,30.633271
18.018162,30.633271
18.038182,30.633274
18.058333,30.633274
18.078240,30.633274
18.098396,30.633274
18.118279,30.633274
18.138196,30.633274
18.158219,30.633274
18.178227,30.633274
18.198192,30.633274
18.218163,30.633277
18.238132,30.633277
18.258131,30.633277
18.278063,30.633277
18.298454,30.633277
18.318159,30.633277
18.338070,30.633277
18.358059,30.633277
18.378011,30.633277
18.398086,30.633277
18.417986,30.633281
18.438029,30.633281
18.458030,30.633281
18.477990,30.633281
18.497946,30.633281
18.517883,30.633281
18.537866,30.633281
18.557979,30.633281
18.577855,30.633281
18.597852,30.633281
18.617818,30.633284
18.637892,30.633284
18.657824,30.633284
18.677855,30.633284
18.697816,30.633284
18.717802,30.633284
18.737773,30.633284
18.757751,30.633284
18.777721,30.633284
18.797816,30.633284
18.817741,30.633287
18.837838,30.633287
18.857746,30.633287
18.877664,30.633287
18.897810,30.633287
18.917799,30.633287
18.937624,30.633287
18.958659,30.633287
18.977678,30.633287
18.997598,30.633287
19.017570,30.633287
19.037570,30.633287
19.058800,30.633290
19.077752,30.633290
19.097832,30.633290
19.118926,30.633290
19.138529,30.633290
19.158495,30.633290
19.178610,30.633290
19.198441,30.633290
19.218550,30.633294
19.238499,30.633294
19.258551,30.633294
19.278578,30.633294
19.298537,30.633294
19.318303,30.633294
19.338418,30.633294
19.358379,30.633294
19.378420,30.633294
19.398436,30.633294
19.418482,30.633294
19.438454,30.633297
19.458455,30.633297
19.478403,30.633297
19.498315,30.633297
19.518328,30.633297
19.538343,30.633297
19.558359,30.633297
19.578335,30.633297
19.598343,30.633297
19.618351,30.633301
19.638300,30.633301
19.658297,30.633301
19.678353,30.633301
19.698311,30.633301
19.718285,30.633301
19.738291,30.633301
19.758275,30.633301
19.778367,30.633301
19.798203,30.633301
19.818208,30.633304
19.838144,30.633304
19.858274,30.633304
19.878351,30.633304
19.898167,30.633304
19.918128,30.633304
19.938286,30.633304
19.958305,30.633304
19.978086,30.633304
19.998132,30.633304
20.018136,30.633304
20.038127,30.633308
20.058109,30.633308
20.078090,30.633308
20.098002,30.633308
20.118053,30.633308
20.138035,30.633308
20.158079,30.633308
20.178092,30.633308
20.198039,30.633308
20.218045,30.633311
20.238091,30.633311
20.257990,30.633311
20.278026,30.633311
20.298013,30.633311
20.317946,30.633311
20.338061,30.633311
20.357955,30.633311
20.377952,30.633311
20.397880,30.633311
20.417909,30.633315
20.437946,30.633315
20.457905,30.633315
20.477920,30.633315
20.497838,30.633315
20.517786,30.633315
20.537742,30.633315
20.557715,30.633315
20.577845,30.633315
20.597728,30.633315
20.617809,30.633318
20.637664,30.633318
20.657712,30.633318
20.678669,30.633318
20.697693,30.633318
20.717684,30.633318
20.737630,30.633318
20.757720,30.633318
20.778637,30.633318
20.797626,30.633318
20.817633,30.633322
20.837564,30.633322
20.858846,30.633322
20.878616,30.633322
20.897545,30.633322
20.918568,30.633322
20.938570,30.633322
20.958598,30.633322
20.978579,30.633322
20.998481,30.633322
21.018534,30.633322
21.038473,30.633325
21.058411,30.633325
21.078368,30.633325
21.098345,30.633325
21.118340,30.633325
21.138371,30.633325
21.158395,30.633325
21.178340,30.633325
21.198315,30.633325
21.218323,30.633329
21.238300,30.633329
21.258307,30.633329
21.278337,30.633329
21.298231,30.633329
21.318223,30.633329
21.338263,30.633329
21.358553,30.633329
21.378376,30.633329
21.398252,30.633329
21.418225,30.633333
21.438257,30.633333
21.458240,30.633333
21.478259,30.633333
21.498222,30.633333
21.518276,30.633333
21.538213,30.633333
21.558203,30.633333
21.578403,30.633333
21.598267,30.633333
21.618172,30.633336
21.638204,30.633336
21.658121,30.633336
21.678506,30.633336
21.698301,30.633336
21.718277,30.633336
21.738103,30.633336
21.758170,30.633336
21.778107,30.633336
21.798169,30.633336
21.818153,30.633340
21.838084,30.633340
21.858115,30.633340
21.878105,30.633340
21.898090,30.633340
21.917975,30.633340
21.937921,30.633340
21.958038,30.633340
21.977910,30.633340
21.997980,30.633340
22.017959,30.633340
22.037982,30.633343
22.057949,30.633343
22.077921,30.633343
22.097886,30.633343
22.117885,30.633343
22.137833,30.633343
22.157823,30.633343
22.177822,30.633343
22.197849,30.633343
22.217770,30.633347
22.238114,30.633347
22.258504,30.633347
22.278064,30.633347
22.297854,30.633347
22.317738,30.633347
22.337748,30.633347
22.357735,30.633347
22.377712,30.633347
22.397701,30.633347
22.417692,30.633350
22.437638,30.633350
22.457662,30.633350
22.478678,30.633350
22.497638,30.633350
22.517595,30.633350
22.537639,30.633350
22.558655,30.633350
22.578647,30.633350
22.598651,30.633350
22.617569,30.633354
22.638559,30.633354
22.658591,30.633354
22.678524,30.633354
22.698635,30.633354
22.718951,30.633354
22.738563,30.633354
22.758481,30.633354
22.778487,30.633354
22.798524,30.633354
22.818457,30.633357
22.838425,30.633357
22.858385,30.633357
22.878418,30.633357
22.898464,30.633357
22.918395,30.633357
22.938370,30.633357
22.958389,30.633357
22.978368,30.633357
22.998416,30.633357
23.018679,30.633357
23.038307,30.633360
23.058275,30.633360
23.078310,30.633360
23.098289,30.633360
23.118691,30.633360
23.138273,30.633360
23.158392,30.633360
23.178281,30.633360
23.198245,30.633360
23.218422,30.633364
23.238283,30.633364
23.258220,30.633364
23.278160,30.633364
23.298265,30.633364
23.318197,30.633364
23.338133,30.633364
23.358188,30.633364
23.378097,30.633364
23.398085,30.633364
23.418007,30.633367
23.438108,30.633367
23.458054,30.633367
23.478091,30.633367
23.498054,30.633367
23.518059,30.633367
23.538002,30.633367
23.557987,30.633367
23.577989,30.633367
23.597973,30.633367
23.617969,30.633370
23.637946,30.633370
23.658015,30.633370
23.677976,30.633370
23.697995,30.633370
23.717917,30.633370
23.737956,30.633370
23.757923,30.633370
23.777883,30.633370
23.798053,30.633370
23.817924,30.633373
23.837957,30.633373
23.857923,30.633373
23.877922,30.633373
23.897856,30.633373
23.917865,30.633373
23.937837,30.633373
23.957829,30.633373
23.977783,30.633373
23.997756,30.633373
24.017785,30.633373
24.037736,30.633373
24.057784,30.633376
24.077754,30.633376
24.097792,30.633376
24.117705,30.633376
24.137717,30.633376
24.157677,30.633376
24.178761,30.633376
24.197726,30.633376
24.217694,30.633378
24.237647,30.633378
24.257720,30.633378
24.278732,30.633378
24.297624,30.633378
24.317754,30.633378
24.337595,30.633378
24.357510,30.633378
24.378597,30.633378
24.397638,30.633378
24.417674,30.633381
24.438678,30.633381
24.458666,30.633381
24.478619,30.633381
24.498626,30.633381
24.518638,30.633381
24.538545,30.633381
24.558568,30.633381
24.578585,30.633381
24.598550,30.633381
24.618481,30.633384
24.638515,30.633384
24.658547,30.633384
24.678528,30.633384
24.698501,30.633384
24.718479,30.633384
24.738531,30.633384
24.758541,30.633384
24.778429,30.633384
24.798478,30.633384
24.818442,30.633386
24.838471,30.633386
24.858388,30.633386
24.878345,30.633386
24.898375,30.633386
24.918432,30.633386
24.938333,30.633386
24.958378,30.633386
24.978319,30.633386
24.998328,30.633386
25.018343,30.633386
25.038283,30.633388
25.058286,30.633388
25.078312,30.633388
25.098425,30.633388
25.118313,30.633388
25.138277,30.633388
25.158242,30.633388
25.178295,30.633388
25.198419,30.633388
25.218297,30.633390
25.238264,30.633390
25.258287,30.633390
25.278217,30.633390
25.298204,30.633390
25.318121,30.633390
25.338340,30.633390
25.358186,30.633390
25.378113,30.633390
25.398089,30.633390
25.418005,30.633392
25.438032,30.633392
25.457999,30.633392
25.478098,30.633392
25.498080,30.633392
25.518138,30.633392
25.538100,30.633392
25.558069,30.633392
25.578074,30.633392
25.598035,30.633392
25.618020,30.633394
25.638037,30.633394
25.658050,30.633394
25.678025,30.633394
25.697989,30.633394
25.718020,30.633394
25.738036,30.633394
25.758024,30.633394
25.777964,30.633394
25.798024,30.633394
25.817961,30.633396
25.838016,30.633396
25.857914,30.633396
25.877894,30.633396
25.897887,30.633396
25.917922,30.633396
25.937846,30.633396
25.957937,30.633396
25.977944,30.633396
25.997900,30.633396
26.017861,30.633396
26.037849,30.633397
26.057814,30.633397
26.077827,30.633397
26.097790,30.633397
26.117809,30.633397
26.137789,30.633397
26.157794,30.633397
26.177786,30.633397
26.198755,30.633397
26.217716,30.633399
26.237759,30.633399
26.257765,30.633399
26.277740,30.633399
26.298765,30.633399
26.317728,30.633399
26.337710,30.633399
26.357723,30.633399
26.378631,30.633399
26.398714,30.633399
26.418595,30.633400
26.438668,30.633400
26.458608,30.633400
26.478610,30.633400
26.498612,30.633400
26.518580,30.633400
26.538540,30.633400
26.558544,30.633400
26.578564,30.633400
26.598571,30.633400
26.618490,30.633401
26.638512,30.633401
26.658570,30.633401
26.678509,30.633401
26.698473,30.633401
26.718402,30.633401
26.738477,30.633401
26.758495,30.633401
26.778451,30.633401
26.798424,30.633401
26.818359,30.633402
26.838378,30.633402
26.858421,30.633402
26.878425,30.633402
26.898376,30.633402
26.918370,30.633402
26.938353,30.633402
26.958317,30.633402
26.978337,30.633402
26.998370,30.633402
27.018294,30.633402
27.038328,30.633403
27.058282,30.633403
27.078290,30.633403
27.098327,30.633403
27.118264,30.633403
27.138244,30.633403
27.158260,30.633403
27.178213,30.633403
27.198261,30.633403
27.218213,30.633404
27.238165,30.633404
27.258097,30.633404
27.278110,30.633404
27.298156,30.633404
27.318073,30.633404
27.338108,30.633404
27.357983,30.633404
27.377938,30.633404
27.398017,30.633404
27.417991,30.633404
27.438115,30.633404
27.458099,30.633404
27.478125,30.633404
27.498090,30.633404
27.518062,30.633404
27.538030,30.633404
27.558074,30.633404
27.578042,30.633404
27.598138,30.633404
27.617917,30.633404
27.637878,30.633404
27.657912,30.633404
27.677879,30.633404
27.697842,30.633404
27.717788,30.633404
27.737908,30.633404
27.757849,30.633404
27.777852,30.633404
27.797852,30.633404
27.817815,30.633404
27.837865,30.633404
27.857828,30.633404
27.877820,30.633404
27.897886,30.633404
27.917773,30.633404
27.937766,30.633404
27.957864,30.633404
27.977754,30.633404
27.997738,30.633404
28.017758,30.633404
28.037822,30.633404
28.057938,30.633404
28.078749,30.633404
28.097719,30.633404
28.118649,30.633404
28.137664,30.633404
28.157608,30.633404
28.177793,30.633404
28.197792,30.633404
28.218767,30.633404
28.237732,30.633404
28.257745,30.633404
28.278793,30.633404
28.298785,30.633404
28.318688,30.633404
28.338781,30.633404
28.358594,30.633404
28.378614,30.633404
28.398686,30.633404
28.418623,30.633404
28.438571,30.633404
28.458616,30.633404
28.478549,30.633404
28.498539,30.633404
28.518522,30.633404
28.538538,30.633404
28.558542,30.633404
28.578561,30.633404
28.598492,30.633404
28.618490,30.633404
28.638456,30.633404
28.658481,30.633404
28.678452,30.633404
28.698475,30.633404
28.718465,30.633404
28.738490,30.633404
28.758406,30.633404
28.778357,30.633404
28.798428,30.633404
28.818418,30.633403
28.838406,30.633403
28.858308,30.633403
28.878341,30.633403
28.898350,30.633403
28.918338,30.633403
28.938243,30.633403
28.958384,30.633403
28.978279,30.633403
28.998257,30.633403
29.018285,30.633403
29.038278,30.633403
29.058558,30.633402
29.078535,30.633402
29.098525,30.633402
29.118340,30.633402
29.138194,30.633402
29.158144,30.633402
29.178107,30.633402
29.198082,30.633402
29.218127,30.633401
29.238088,30.633401
29.258036,30.633401
29.278348,30.633401
29.298358,30.633401
29.318338,30.633401
29.338155,30.633401
29.358056,30.633401
29.377992,30.633401
29.398021,30.633401
29.417976,30.633400
29.437998,30.633400
29.457943,30.633400
29.477941,30.633400
29.498036,30.633400
29.517913,30.633400
29.538034,30.633400
29.557930,30.633400
29.577881,30.633400
29.597861,30.633400
29.617938,30.633399
29.637836,30.633399
29.657859,30.633399
29.677800,30.633399
29.697885,30.633399
29.717812,30.633399
29.737862,30.633399
29.757913,30.633399
29.777846,30.633399
29.797965,30.633399
29.817879,30.633397
29.837849,30.633397
29.857817,30.633397
29.877795,30.633397
29.897774,30.633397
29.918715,30.633397
29.937716,30.633397
29.957788,30.633397
29.977674,30.633397
29.997664,30.633397
30.018659,30.633397
30.037677,30.633396
30.057703,30.633396
30.077657,30.633396
30.098732,30.633396
30.118682,30.633396
30.138682,30.633396
30.158643,30.633396
30.178615,30.633396
30.198637,30.633396
30.218541,30.633394
30.238586,30.633394
30.258620,30.633394
30.278550,30.633394
30.298540,30.633394
30.318548,30.633394
30.338542,30.633394
30.358448,30.633394
30.378592,30.633394
30.398556,30.633394
30.418480,30.633392
30.438422,30.633392
30.458408,30.633392
30.478414,30.633392
30.498438,30.633392
30.518459,30.633392
30.538404,30.633392
30.558433,30.633392
30.578338,30.633392
30.598368,30.633392
30.618326,30.633390
30.638308,30.633390
30.658273,30.633390
30.678291,30.633390
30.698243,30.633390
30.718251,30.633390
30.738284,30.633390
30.758275,30.633390
30.778239,30.633390
30.798354,30.633390
30.818179,30.633388
30.838210,30.633388
30.858375,30.633388
30.878093,30.633388
30.898221,30.633388
30.918150,30.633388
30.938182,30.633388
30.958158,30.633388
30.978093,30.633388
30.998120,30.633388
31.018085,30.633388
31.038069,30.633386
31.057996,30.633386
31.078022,30.633386
31.098158,30.633386
31.118050,30.633386
31.137987,30.633386
31.157974,30.633386
31.177969,30.633386
31.197985,30.633386
31.218131,30.633383
31.237911,30.633383
31.257991,30.633383
31.277910,30.633383
31.297899,30.633383
31.317896,30.633383
31.337854,30.633383
31.357910,30.633383
31.377849,30.633383
31.397929,30.633383
31.417906,30.633381
31.437847,30.633381
31.457873,30.633381
31.477817,30.633381
31.497788,30.633381
31.517830,30.633381
31.537855,30.633381
31.558828,30.633381
31.577785,30.633381
31.597739,30.633378
31.617774,30.633378
31.638751,30.633378
31.658781,30.633378
31.677722,30.633378
31.697704,30.633378
31.718704,30.633378
31.738694,30.633378
31.758640,30.633378
31.778727,30.633378
31.798675,30.633378
31.818657,30.633375
31.838630,30.633375
31.858571,30.633375
31.878630,30.633375
31.898572,30.633375
31.918543,30.633375
31.938551,30.633375
31.958750,30.633375
31.978529,30.633375
31.998472,30.633375
32.018513,30.633375
32.038496,30.633373
32.058434,30.633373
32.078456,30.633373
32.098514,30.633373
32.118439,30.633373
32.138455,30.633373
32.158409,30.633373
32.178437,30.633373
32.198408,30.633373
32.218410,30.633370
32.238414,30.633370
32.258378,30.633370
32.278442,30.633370
32.298611,30.633370
32.318368,30.633370
32.338286,30.633370
32.358270,30.633370
32.378260,30.633370
32.398238,30.633370
32.418240,30.633367
32.438319,30.633367
32.458494,30.633367
32.478376,30.633367
32.498239,30.633367
32.518181,30.633367
32.538238,30.633367
32.558251,30.633367
32.578143,30.633367
32.598138,30.633367
32.618469,30.633364
32.638098,30.633364
32.658163,30.633364
32.678080,30.633364
32.698218,30.633364
32.718108,30.633364
32.738140,30.633364
32.758148,30.633364
32.778054,30.633364
32.798047,30.633364
32.818111,30.633361
32.838057,30.633361
32.858076,30.633361
32.877984,30.633361
32.897964,30.633361
32.917944,30.633361
32.937979,30.633361
32.957883,30.633361
32.977923,30.633361
32.998013,30.633361
33.018002,30.633361
33.037989,30.633357
33.057900,30.633357
33.077899,30.633357
33.097970,30.633357
33.117913,30.633357
33.138126,30.633357
33.157941,30.633357
33.178092,30.633357
33.197838,30.633357
33.217838,30.633354
33.237860,30.633354
33.257779,30.633354
33.277774,30.633354
33.297814,30.633354
33.317771,30.633354
33.337764,30.633354
33.357787,30.633354
33.378763,30.633354
33.397759,30.633354
33.417754,30.633351
33.437719,30.633351
33.457718,30.633351
33.478703,30.633351
33.497700,30.633351
33.518730,30.633351
33.538688,30.633351
33.558681,30.633351
33.578910,30.633351
33.598841,30.633351
33.618758,30.633347
33.638759,30.633347
33.658690,30.633347
33.678607,30.633347
33.698599,30.633347
33.718561,30.633347
33.738489,30.633347
33.758536,30.633347
33.778485,30.633347
33.798503,30.633347
33.818460,30.633344
33.838501,30.633344
33.858819,30.633344
33.878699,30.633344
33.898501,30.633344
33.918462,30.633344
