0.358203,0.000000
0.458475,0.000000
0.558908,0.000000
0.659085,0.000000
0.691907,0.000000
0.726135,0.000000
0.760624,0.000000
0.792811,0.000000
0.859752,0.000000
0.922899,0.000000
0.959021,0.000000
1.092653,0.000000
1.189991,0.000000
1.226526,0.000000
1.260823,0.000000
1.293073,0.000000
1.327556,0.000000
1.560685,0.000000
1.592947,0.000000
1.625455,0.000000
1.726856,0.000000
1.828066,0.000000
1.860520,0.000000
1.960892,0.000000
2.063240,0.000000
2.130115,0.000000
2.263828,0.000000
2.296374,0.000000
2.531402,0.000000
2.963843,0.000000
3.231626,0.000000
3.297326,0.000000
3.459316,0.000000
3.495786,0.000000
3.530152,0.000000
3.662116,0.000000
4.061284,0.000000
4.127150,0.000000
4.161721,0.000000
4.227456,0.000000
4.261975,0.000000
4.363614,0.000000
4.395834,0.000000
4.428093,0.000000
4.495042,0.000000
4.527378,0.000000
4.627146,0.000000
4.728011,0.000000
4.762647,0.000000
4.794874,0.000000
4.827355,0.000000
4.995353,0.000000
5.027876,0.000000
5.062498,0.000000
5.094861,0.000000
5.128128,0.000000
5.193024,0.000000
5.263087,0.000000
5.362713,0.000000
5.462986,0.000000
5.560921,0.000000
5.595225,0.000000
5.662611,0.000000
5.694561,0.000000
5.727208,0.000000
5.761515,0.000000
5.899383,0.000000
5.966431,0.000000
6.165823,0.000000
6.330945,0.000000
6.365192,0.000000
6.531461,0.000000
6.566148,0.000000
6.630831,0.000000
6.699867,0.000000
6.831597,0.000000
6.898461,0.000000
6.932791,0.000000
6.967250,0.000000
7.099055,0.000000
7.164952,0.000000
7.198316,0.000000
7.231746,0.000000
7.265004,0.000000
7.362842,0.000000
7.462965,0.000000
7.498489,0.000000
7.564123,0.000000
7.662903,0.000000
8.031203,0.000000
8.129488,0.000000
8.262155,0.000000
8.296666,0.000000
8.461037,0.000000
8.531903,0.000000
8.596623,0.000000
8.730366,0.000000
8.763214,0.000000
8.797175,0.000000
8.831527,0.000000
8.930915,0.000000
8.997737,0.000000
9.064633,0.000000
9.263112,0.000000
9.297781,0.000000
9.330290,0.000000
9.498184,0.000000
9.532482,0.000000
9.597566,0.000000
9.697820,0.000000
9.765656,0.000000
9.799997,0.000000
10.067521,0.000000
10.133258,0.000000
10.166990,0.000000
10.499179,0.000000
10.535772,0.000000
10.633875,0.000000
10.667240,0.000000
10.696748,0.000000
10.999691,0.000000
11.101202,0.000000
11.366767,0.000000
11.765940,0.000000
11.798283,0.000000
