0.261100,0.000000
0.295549,0.000000
0.330141,0.000000
0.360557,0.000000
0.401056,0.000000
0.433400,0.000000
0.457758,0.000000
0.494145,0.000000
0.526621,0.000000
0.559040,0.000000
0.595575,0.000000
0.631967,0.000000
0.664480,0.000000
0.694890,0.000000
0.727257,0.000000
0.757676,0.000000
0.794117,0.000000
0.826511,0.000000
0.861064,0.000000
0.896458,0.000000
0.933907,0.000000
0.956203,0.000000
0.992665,0.000000
1.025151,0.000000
1.057651,0.000000
1.096044,0.000000
1.132528,0.000000
1.163956,0.000000
1.198396,0.000000
1.232835,0.000000
1.260209,0.000000
1.294573,0.000000
1.328394,0.000000
1.356814,0.000000
1.397306,0.000000
1.434779,0.000000
1.458049,0.000000
1.492435,0.000000
1.526951,0.000000
1.559304,0.000000
1.599897,0.000000
1.635323,0.000000
1.663689,0.000000
1.701123,0.000000
1.727391,0.000000
1.757832,0.000000
1.794219,0.000000
1.830770,0.000000
1.863113,0.000000
1.898674,0.000000
1.934069,0.000000
1.960457,0.000000
1.994795,0.000000
2.031240,0.000000
2.063622,0.000000
2.100023,0.000000
2.138705,0.000000
2.166948,0.000000
2.235777,0.000000
2.266141,0.000000
2.302738,0.000000
2.336038,0.000000
2.372529,0.000000
2.407147,0.000000
2.441374,0.000000
2.475946,0.000000
2.510372,0.000000
2.534757,0.000000
2.565005,0.000000
2.603588,0.000000
2.642237,0.000000
2.676487,0.000000
2.709951,0.000000
2.743318,0.000000
2.765560,0.000000
2.800111,0.000000
2.834542,0.000000
2.871013,0.000000
2.907546,0.000000
2.943927,0.000000
2.972318,0.000000
3.010025,0.000000
3.033122,0.000000
3.065575,0.000000
3.104083,0.000000
3.138493,0.000000
3.175117,0.000000
3.211782,0.000000
3.243854,0.000000
3.266180,0.000000
3.300776,0.000000
3.335106,0.000000
3.367665,0.000000
3.406064,0.000000
3.440458,0.000000
3.476957,0.000000
3.501314,0.000000
3.535738,0.000000
3.568141,0.000000
3.602737,0.000000
3.634899,0.000000
3.669461,0.000000
3.705802,0.000000
3.742373,0.000000
3.768723,0.000000
3.799033,0.000000
3.833595,0.000000
3.865994,0.000000
3.900472,0.000000
3.936984,0.000000
3.975547,0.000000
3.998798,0.060000
4.032170,0.060000
4.064554,0.060000
4.097019,0.110000
4.131482,0.110000
4.168945,0.110000
4.202588,0.180000
4.238934,0.180000
4.265158,0.180000
4.295678,0.200000
4.330310,0.200000
4.362697,0.200000
4.396070,0.230000
4.431397,0.230000
4.473967,0.230000
4.494280,0.270000
4.530771,0.270000
4.563109,0.270000
4.595524,0.300000
4.630097,0.300000
4.666526,0.300000
4.696965,0.340000
4.743455,0.340000
4.766915,0.340000
4.794246,0.400000
4.830817,0.400000
4.867176,0.400000
4.896696,0.440000
4.933991,0.440000
4.966395,0.440000
4.995392,0.520000
5.029660,0.520000
5.064011,0.520000
5.096592,0.490000
5.132934,0.490000
5.169458,0.490000
5.195810,0.590000
5.242414,0.590000
5.266728,0.590000
5.297024,0.610000
5.331471,0.610000
5.368016,0.610000
5.397305,0.580000
5.440909,0.580000
5.472244,0.580000
5.495641,0.620000
5.530081,0.620000
5.564491,0.620000
5.596763,0.620000
5.631219,0.620000
5.667720,0.620000
5.701201,0.730000
5.732577,0.730000
5.773106,0.730000
5.801568,0.690000
5.836020,0.690000
5.871131,0.690000
5.904959,0.790000
5.941358,0.790000
5.976918,0.790000
6.012236,0.770000
6.039695,0.770000
6.071272,0.770000
6.101525,0.800000
6.139896,0.800000
6.176382,0.800000
6.211204,0.790000
6.245214,0.790000
6.278650,0.790000
6.303996,0.830000
6.340504,0.830000
6.371016,0.830000
6.405325,0.870000
6.445932,0.870000
6.512797,0.900000
6.541170,0.900000
6.571504,0.900000
6.605979,0.970000
6.640429,0.970000
6.674898,0.970000
6.706399,0.910000
6.781425,0.910000
6.808746,0.940000
6.837076,0.940000
6.871422,0.940000
6.907944,1.000000
6.940332,1.000000
6.980996,1.000000
7.007169,1.040000
7.035689,1.040000
7.071961,1.040000
7.105530,1.050000
7.137879,1.050000
7.174466,1.050000
7.208931,1.090000
7.240278,1.090000
7.274690,1.090000
7.307153,1.110000
7.338457,1.110000
7.372954,1.110000
7.405331,1.090000
7.435775,1.090000
7.476228,1.090000
7.510894,1.090000
7.536109,1.090000
7.569549,1.090000
7.603925,1.120000
7.635450,1.120000
7.671038,1.120000
7.705306,1.110000
7.734818,1.110000
7.775267,1.110000
7.805723,1.110000
7.834967,1.110000
7.869500,1.110000
7.904798,1.150000
7.934227,1.150000
7.976743,1.150000
8.003100,1.160000
8.031363,1.160000
8.067917,1.160000
8.100327,1.160000
8.132746,1.160000
8.169264,1.160000
8.199674,1.160000
8.236100,1.160000
8.266719,1.160000
8.300970,1.160000
8.335265,1.160000
8.369816,1.160000
8.402350,1.180000
8.431580,1.180000
8.472079,1.180000
8.509624,1.180000
8.531821,1.180000
8.566313,1.180000
8.600690,1.190000
8.631155,1.190000
8.671147,1.190000
8.708251,1.220000
8.733526,1.220000
8.766975,1.220000
8.801257,1.210000
8.835818,1.210000
8.868228,1.210000
8.902676,1.250000
8.931086,1.250000
8.974099,1.250000
9.005089,1.250000
9.032360,1.250000
9.066771,1.250000
9.101219,1.260000
9.133575,1.260000
9.170137,1.260000
9.206543,1.280000
9.241148,1.280000
9.274469,1.280000
9.299751,1.300000
9.332223,1.300000
9.368851,1.300000
9.407223,1.320000
9.434584,1.320000
9.476141,1.320000
9.506515,1.300000
9.532806,1.300000
9.571417,1.300000
9.607943,1.320000
9.642268,1.320000
9.678694,1.320000
9.717223,1.370000
9.744807,1.370000
9.784060,1.370000
9.810446,1.370000
9.838862,1.370000
9.875359,1.370000
9.911724,1.370000
9.946157,1.370000
9.980638,1.370000
10.011072,1.380000
10.042487,1.380000
10.075956,1.380000
10.108387,1.420000
10.138705,1.420000
10.181217,1.420000
10.216016,1.440000
10.250724,1.440000
10.284663,1.440000
10.307889,1.430000
10.341466,1.430000
10.375841,1.430000
10.412201,1.460000
10.446575,1.460000
10.477015,1.460000
10.515579,1.450000
10.545879,1.450000
10.572268,1.450000
10.608910,1.470000
10.643106,1.470000
10.673527,1.470000
10.711979,1.490000
10.744432,1.490000
10.781015,1.490000
10.814407,1.500000
10.841803,1.500000
10.874200,1.500000
10.912565,1.530000
10.943087,1.530000
10.973507,1.530000
11.008916,1.530000
11.050816,1.530000
11.072642,1.530000
11.109273,1.530000
11.141752,1.530000
11.171988,1.530000
11.210556,1.530000
11.246974,1.530000
11.274345,1.530000
11.307818,1.550000
11.340178,1.550000
11.370806,1.550000
11.409234,1.560000
11.443532,1.560000
11.477938,1.560000
11.506341,1.570000
11.540766,1.570000
11.569149,1.570000
11.603743,1.560000
11.638231,1.560000
11.668628,1.560000
11.707274,1.560000
11.743619,1.560000
11.768919,1.560000
11.806447,1.580000
11.836735,1.580000
11.869201,1.580000
11.907769,1.580000
11.942197,1.580000
11.972588,1.580000
12.013145,1.610000
12.041926,1.610000
12.068064,1.610000
12.104213,1.620000
12.136824,1.620000
12.169148,1.620000
12.205673,1.620000
12.239108,1.620000
12.269964,1.620000
12.303076,1.590000
12.337185,1.590000
12.367739,1.590000
12.407222,1.580000
12.444594,1.580000
12.475093,1.580000
12.515665,1.600000
12.535976,1.600000
12.568408,1.600000
12.604760,1.610000
12.637349,1.610000
12.671617,1.610000
12.706187,1.620000
12.744681,1.620000
12.769072,1.620000
12.807682,1.600000
12.837931,1.600000
12.868298,1.600000
12.904614,1.600000
12.941295,1.600000
12.975795,1.600000
13.008181,1.630000
13.040579,1.630000
13.069146,1.630000
13.107401,1.620000
13.137922,1.620000
13.168316,1.620000
13.212824,1.630000
13.241342,1.630000
13.275721,1.630000
13.310237,1.620000
13.345679,1.620000
13.375295,1.620000
13.411481,1.620000
13.447988,1.620000
13.482522,1.620000
13.521164,1.630000
13.551273,1.630000
13.575708,1.630000
13.612063,1.630000
13.644522,1.630000
13.677140,1.630000
13.715567,1.640000
13.751930,1.640000
13.786562,1.640000
13.815868,1.650000
13.846345,1.650000
13.879779,1.650000
13.910101,1.630000
13.944434,1.630000
13.984974,1.630000
14.056026,1.620000
14.082385,1.620000
14.110682,1.620000
14.147080,1.620000
14.179581,1.620000
14.219270,1.620000
14.249598,1.620000
14.283856,1.620000
14.315372,1.630000
14.348805,1.630000
14.379320,1.630000
14.409729,1.600000
14.450216,1.600000
14.484508,1.600000
14.516952,1.610000
14.610086,1.620000
14.646489,1.620000
14.679065,1.620000
14.712204,1.610000
14.751908,1.610000
14.786412,1.610000
14.818853,1.620000
14.851149,1.620000
14.877577,1.620000
14.910071,1.590000
14.944452,1.590000
14.978914,1.590000
15.013343,1.600000
15.053790,1.600000
15.083181,1.600000
15.108622,1.590000
15.143047,1.590000
15.175556,1.590000
15.211837,1.600000
15.248474,1.600000
15.278796,1.600000
15.307163,1.580000
15.343613,1.580000
15.374075,1.580000
15.406416,1.580000
15.441153,1.580000
15.477474,1.580000
15.509894,1.600000
15.544277,1.600000
15.578739,1.600000
15.607077,1.600000
15.645689,1.600000
15.673929,1.600000
15.707460,1.600000
15.747118,1.600000
15.774285,1.600000
15.805817,1.580000
15.840268,1.580000
15.872552,1.580000
15.905086,1.560000
15.943523,1.560000
15.978108,1.560000
16.011429,1.560000
16.046986,1.560000
16.076277,1.560000
16.107749,1.570000
16.140238,1.570000
16.172612,1.570000
16.206144,1.590000
16.247588,1.590000
16.279109,1.590000
16.304325,1.580000
16.340847,1.580000
16.373272,1.580000
16.405682,1.590000
16.444137,1.590000
16.478695,1.590000
16.509065,1.580000
16.547909,1.580000
16.577358,1.580000
16.606750,1.590000
16.643211,1.590000
16.677729,1.590000
16.706078,1.600000
16.743549,1.600000
16.778019,1.600000
16.805414,1.590000
16.839843,1.590000
16.874253,1.590000
16.906631,1.590000
16.943011,1.590000
16.975551,1.590000
17.010013,1.570000
17.056630,1.570000
17.082950,1.570000
17.113345,1.580000
17.147761,1.580000
17.178268,1.580000
17.216797,1.590000
17.255218,1.590000
17.288643,1.590000
17.350506,1.600000
17.380918,1.600000
17.415306,1.610000
17.449703,1.610000
17.486248,1.610000
17.518632,1.600000
17.555020,1.600000
17.589650,1.600000
17.616975,1.600000
17.648407,1.600000
17.686844,1.600000
17.719291,1.580000
17.751623,1.580000
17.789183,1.580000
17.819642,1.590000
17.846879,1.590000
17.881421,1.590000
17.915749,1.590000
17.951185,1.590000
17.987038,1.590000
18.021214,1.590000
18.049544,1.590000
18.084940,1.590000
18.118364,1.600000
18.148619,1.600000
18.185094,1.600000
18.218656,1.590000
18.254016,1.590000
18.290493,1.590000
18.322145,1.600000
18.347207,1.600000
18.381790,1.600000
18.418196,1.600000
18.448560,1.600000
18.483030,1.600000
18.519412,1.620000
18.553763,1.620000
18.582138,1.620000
18.614585,1.630000
18.649070,1.630000
18.683467,1.630000
18.715916,1.600000
18.751092,1.600000
18.789119,1.600000
18.816234,1.590000
18.845651,1.590000
18.880059,1.590000
18.914459,1.590000
18.944827,1.590000
18.981318,1.590000
19.015751,1.600000
19.051133,1.600000
19.078534,1.600000
19.110985,1.610000
19.145453,1.610000
19.182046,1.610000
19.216353,1.610000
19.248796,1.610000
19.287317,1.610000
19.314667,1.610000
19.342149,1.610000
