0.284532,-96.478766
0.304578,-96.478766
0.324391,-96.478766
0.344397,-96.478766
0.364425,-96.478766
0.384396,-96.478766
0.404456,-96.478766
0.424447,-96.478766
0.444436,-96.478766
0.464801,-96.478766
0.484438,-96.478766
0.504489,-96.478766
0.524310,-96.478766
0.544385,-96.478766
0.564376,-96.478766
0.584314,-96.478766
0.604380,-96.478766
0.624350,-96.478766
0.644335,-96.478766
0.664313,-96.478766
0.684315,-96.478766
0.704219,-96.478766
0.724226,-96.478766
0.744200,-96.478766
0.764214,-96.478766
0.784616,-96.478766
0.805166,-96.478766
0.824144,-96.478766
0.844136,-96.478766
0.865252,-96.478766
0.884321,-96.478766
0.905198,-96.478766
0.924275,-96.478766
0.944170,-96.478766
0.965135,-96.478766
0.985171,-96.478766
1.005098,-96.478766
1.025154,-96.478766
1.045061,-96.478766
1.065070,-96.478766
1.085229,-96.478766
1.105326,-96.478766
1.125014,-96.478766
1.145046,-96.478766
1.165152,-96.478766
1.185002,-96.478766
1.204965,-96.478766
1.225004,-96.478766
1.244993,-96.478766
1.264960,-96.478766
1.285024,-96.478766
1.305126,-96.478766
1.325013,-96.478766
1.344882,-96.478766
1.364866,-96.478766
1.384868,-96.478766
1.404969,-96.478766
1.424964,-96.478766
1.444863,-96.478766
1.464970,-96.478766
1.485146,-96.478766
1.505110,-96.478766
1.524900,-96.478766
1.544769,-96.478766
1.564794,-96.478766
1.584793,-96.478766
1.604908,-96.478766
1.625004,-96.478766
1.644791,-96.478766
1.664727,-96.478766
1.684806,-96.478766
1.704733,-96.478766
1.724723,-96.478766
1.744886,-96.478766
1.764658,-96.478766
1.784837,-96.478766
1.804716,-96.478766
1.824707,-96.478766
1.844653,-96.478766
1.864744,-96.478766
1.884732,-96.478766
1.904636,-96.478766
1.924534,-96.478766
1.944551,-96.478766
1.964733,-96.478766
1.984590,-96.478766
2.004502,-96.478766
2.024560,-96.478766
2.044449,-96.478766
2.064736,-96.478766
2.084505,-96.478766
2.104559,-96.478766
2.124517,-96.478766
2.144520,-96.478766
2.164585,-96.478766
2.184492,-96.478766
2.204442,-96.478766
2.224439,-96.478766
2.244398,-96.478766
2.264349,-96.478766
2.284499,-96.478766
2.304434,-96.478766
2.324410,-96.478766
2.344522,-96.478766
2.364313,-96.478766
2.384404,-96.478766
2.404353,-96.478766
2.424395,-96.478766
2.444430,-96.478766
2.464262,-96.478766
2.484768,-96.478766
2.504337,-96.478766
2.524400,-96.478766
2.544448,-96.478766
2.564208,-96.478766
2.584199,-96.478766
2.604228,-96.478766
2.624282,-96.478766
2.644206,-96.478766
2.664187,-96.478766
2.684297,-96.478766
2.704195,-96.478766
2.724185,-96.478766
2.744192,-96.478766
2.764206,-96.478766
2.785310,-96.478766
2.805228,-96.478766
2.824123,-96.478766
2.844080,-96.478766
2.865220,-96.478766
2.885137,-96.478766
2.905245,-96.478766
2.925111,-96.478766
2.945084,-96.478766
2.965264,-96.478766
2.985028,-96.478766
3.005111,-96.478766
3.025182,-96.478766
3.045017,-96.478766
3.065046,-96.478766
3.085038,-96.478766
3.104998,-96.478766
3.124990,-96.478766
3.144961,-96.478766
3.164993,-96.478766
3.185082,-96.478766
3.204995,-96.478766
3.224930,-96.478766
3.244942,-96.478766
3.264974,-96.478766
3.284948,-96.478766
3.304999,-96.478766
3.324943,-96.478766
3.345011,-96.478766
3.364844,-96.478766
3.384989,-96.478766
3.404961,-96.478766
3.424897,-96.478766
3.444847,-96.478766
3.464859,-96.478766
3.484887,-96.478766
3.504880,-96.478766
3.524925,-96.478766
3.545085,-96.478766
3.565095,-96.478766
3.584789,-96.478766
3.604851,-96.478766
3.624649,-96.478766
3.644643,-96.478766
3.665142,-96.478766
3.685122,-96.478766
3.704784,-96.478766
3.724671,-96.478766
3.744756,-96.478766
3.764766,-96.478766
3.784679,-96.478766
3.804586,-96.478766
3.824524,-96.478766
3.844575,-96.478766
3.864536,-96.478766
3.884618,-96.478766
3.904450,-96.478766
3.924560,-96.478766
3.944453,-96.478766
3.964485,-96.478766
3.984630,-96.478766
4.004505,-96.478766
4.024403,-96.478766
4.044503,-96.478766
4.064617,-96.478766
4.084442,-96.478766
4.104389,-96.478766
4.124429,-96.478766
4.144307,-96.478766
4.164312,-96.478766
4.184305,-96.478766
4.204373,-96.478766
4.224359,-96.478766
4.244499,-96.478766
4.264324,-96.478766
4.284369,-96.478766
4.304487,-96.478766
4.324279,-96.478766
4.344313,-96.478766
4.364253,-96.478766
4.384303,-96.478766
4.404424,-96.478766
4.424286,-96.478766
4.444197,-96.478766
4.464397,-96.478766
4.484536,-96.478766
4.505378,-96.478766
4.524290,-96.478766
4.544158,-96.478766
4.565477,-96.478766
4.584158,-96.478766
4.605123,-96.478766
4.625352,-96.478766
4.645098,-96.478766
4.665120,-96.478766
4.685175,-96.478766
4.705137,-96.478766
4.725140,-96.478766
4.745090,-96.478766
4.765125,-96.478766
4.785099,-96.478766
4.805012,-96.478766
4.825191,-96.478766
4.845126,-96.478766
4.865014,-96.478766
4.885232,-96.478766
4.905037,-96.478766
4.925054,-96.478766
4.944979,-96.478766
4.964957,-96.478766
4.985179,-96.478766
5.004919,-96.478766
5.024949,-96.478766
5.044999,-96.478766
5.065031,-96.478766
5.084990,-96.478766
5.105075,-96.478766
5.124961,-96.478766
5.145022,-96.478766
5.165004,-96.478766
5.185171,-96.478766
5.205089,-96.478766
5.224951,-96.478766
5.244836,-96.478766
5.264916,-96.478766
5.284790,-96.478766
5.304979,-96.478766
5.324781,-96.478766
5.344740,-96.478766
5.364796,-96.478766
5.384732,-96.478766
5.404715,-96.478766
5.424695,-96.478766
5.444650,-96.478766
5.464631,-96.478766
5.484619,-96.478766
5.504758,-96.478766
5.524661,-96.478766
5.544643,-96.478766
5.564787,-96.478766
5.584740,-96.478766
5.604614,-96.478766
5.624671,-96.478766
5.644643,-96.478766
5.664778,-96.478766
5.684614,-96.478766
5.704611,-96.478766
5.724558,-96.478766
5.744526,-96.478766
5.764523,-96.478766
5.784570,-96.478766
5.804569,-96.478766
5.824625,-96.478766
5.844547,-96.478766
5.864474,-96.478766
5.884461,-96.478766
5.904510,-96.478766
5.924394,-96.478766
5.944399,-96.478766
5.964479,-96.478766
5.984528,-96.478766
6.004385,-96.478766
6.024314,-96.478766
6.044506,-96.478766
6.064300,-96.478766
6.084329,-96.478766
6.104432,-96.478766
6.124322,-96.478766
6.144444,-96.478766
6.164250,-96.478766
6.184270,-96.478766
6.204376,-96.478766
6.224266,-96.478766
6.244340,-96.478766
6.264231,-96.478766
6.284228,-96.478766
6.305249,-96.478766
6.324184,-96.478766
6.344159,-96.478766
6.364245,-96.478766
6.385204,-96.478766
6.405198,-96.478766
6.425173,-96.478766
6.445232,-96.478766
6.465126,-96.478766
6.485163,-96.478766
6.505648,-96.478766
6.525973,-96.478766
6.545563,-96.478766
6.565063,-96.478766
6.585045,-96.478766
6.605187,-96.478766
6.625042,-96.478766
6.645208,-96.478766
6.665089,-96.478766
6.685145,-96.478766
6.704999,-96.478766
6.724996,-96.478766
6.745092,-96.478766
6.764962,-96.478766
6.785068,-96.478766
6.805408,-96.478766
6.825098,-96.478766
6.845046,-96.478766
6.864945,-96.478766
6.885133,-96.478766
6.904937,-96.478766
6.924970,-96.478766
6.944867,-96.478766
6.964958,-96.478766
6.985056,-96.478766
7.004997,-96.478766
7.024952,-96.478766
7.044959,-96.478766
7.065029,-96.478766
7.084982,-96.478766
7.104837,-96.478766
7.124936,-96.478766
7.144733,-96.478766
7.164791,-96.478766
7.185083,-96.478766
7.204808,-96.478766
7.224793,-96.478766
7.244745,-96.478766
7.264903,-96.478766
7.284791,-96.478766
7.304693,-96.478766
7.324639,-96.478766
7.344742,-96.478766
7.364752,-96.478766
7.384639,-96.478766
7.404695,-96.478766
7.424886,-96.478766
7.444625,-96.478766
7.464591,-96.478766
7.484623,-96.478766
7.504754,-96.478766
7.524553,-96.478766
7.544600,-96.478766
7.564754,-96.478766
7.584485,-96.478766
7.604504,-96.478766
7.624466,-96.478766
7.644633,-96.478766
7.664709,-96.478766
7.684493,-96.478766
7.705817,-96.478766
7.724709,-96.478766
7.744398,-96.478766
7.764387,-96.478766
7.784371,-96.478766
7.804432,-96.478766
7.824471,-96.478766
7.844345,-96.478766
7.864426,-96.478766
7.884420,-96.478766
7.904311,-96.478766
7.924365,-96.478766
7.944265,-96.478766
7.964339,-96.478766
7.984258,-96.478766
8.005276,-96.478766
8.024312,-96.478766
8.044313,-96.478766
8.064284,-96.478766
8.085249,-96.478766
8.105231,-96.478766
8.124321,-96.478766
8.144321,-96.478766
8.164405,-96.478766
8.185243,-96.478766
8.205233,-96.478766
8.224124,-96.478766
8.245360,-96.478766
8.265377,-96.478766
8.285119,-96.478766
8.305100,-96.478766
8.325172,-96.478766
8.345297,-96.478766
8.365138,-96.478766
8.385178,-96.478766
8.405165,-96.478766
8.425110,-96.478766
8.445059,-96.478766
8.465071,-96.478766
8.484996,-96.478766
8.505253,-96.478766
8.525061,-96.478766
8.545072,-96.478766
8.565049,-96.478766
8.585193,-96.478766
8.605015,-96.478766
8.625101,-96.478766
8.644955,-96.478766
8.664968,-96.478766
8.685003,-96.478766
8.704953,-96.478766
8.725069,-96.478766
8.744914,-96.478766
8.764996,-96.478766
8.785094,-96.478766
8.804987,-96.478766
8.824927,-96.478766
8.844921,-96.478766
8.864938,-96.478766
8.885004,-96.478766
8.904939,-96.478766
8.924814,-96.478766
8.944831,-96.478766
8.964869,-96.478766
8.984882,-96.478766
9.004808,-96.478766
9.024842,-96.478766
9.044739,-96.478766
9.064901,-96.478766
9.084670,-96.478766
9.104778,-96.478766
9.124748,-96.478766
9.144690,-96.478766
9.164724,-96.478766
9.184889,-96.478766
9.205007,-96.478766
9.224688,-96.478766
9.244701,-96.478766
9.264766,-96.478766
9.284776,-96.478766
9.305732,-96.478766
9.325184,-96.478766
9.344683,-96.478766
9.364746,-96.478766
9.384626,-96.478766
9.404602,-96.478766
9.424609,-96.478766
9.444550,-96.478766
9.464556,-96.478766
9.484559,-96.478766
9.504549,-96.478766
9.524570,-96.478766
9.544579,-96.478766
9.564576,-96.478766
9.584525,-96.478766
9.604519,-96.478766
9.624509,-96.478766
9.644833,-96.478766
9.664364,-96.478766
9.684469,-96.478766
9.704432,-96.478766
9.724343,-96.478766
9.744464,-96.478766
9.764397,-96.478766
9.784372,-96.478766
9.804333,-96.478766
9.824317,-96.478766
9.844316,-96.478766
9.864263,-96.478766
9.884265,-96.478766
9.905291,-96.478766
9.924489,-96.478766
9.944316,-96.478766
9.964289,-96.478766
9.984381,-96.478766
10.005245,-96.478766
10.024201,-96.478766
10.044243,-96.478766
10.065384,-96.478766
10.084347,-96.478766
10.105251,-96.478766
10.125160,-96.478766
10.145442,-96.478766
10.165366,-96.478766
10.185188,-96.478766
10.205141,-96.478766
10.225068,-96.478766
10.245237,-96.478766
10.265290,-96.478766
10.285156,-96.478766
10.305072,-96.478766
10.325093,-96.478766
10.345088,-96.478766
10.365258,-96.478766
10.385192,-96.478766
10.405189,-96.478766
10.425039,-96.478767
10.445000,-96.478767
10.465059,-96.478767
10.485029,-96.478767
10.505034,-96.478767
10.524971,-96.478767
10.544996,-96.478767
10.565021,-96.478767
10.585113,-96.478767
10.604990,-96.478767
10.624924,-96.478767
10.644984,-96.478767
10.664936,-96.478767
10.684958,-96.478767
10.705026,-96.478767
10.724979,-96.478767
10.744870,-96.478767
10.764893,-96.478767
10.785165,-96.478767
10.805144,-96.478767
10.824851,-96.478767
10.844783,-96.478767
10.864911,-96.478767
10.884871,-96.478767
10.905025,-96.478767
10.924929,-96.478767
10.944708,-96.478767
10.964792,-96.478767
10.984729,-96.478767
11.004892,-96.478767
11.024748,-96.478767
11.044626,-96.478767
11.064709,-96.478767
11.084853,-96.478767
11.104728,-96.478767
11.124760,-96.478767
11.144581,-96.478767
11.164955,-96.478767
11.185776,-96.478767
11.204634,-96.478767
11.224616,-96.478767
11.244586,-96.478767
11.264582,-96.478767
11.284660,-96.478767
11.304547,-96.478767
11.324611,-96.478767
11.344795,-96.478767
11.364576,-96.478767
11.384594,-96.478767
11.404544,-96.478767
11.425313,-96.478767
11.444555,-96.478767
11.464539,-96.478767
11.484424,-96.478767
11.504501,-96.478767
11.524479,-96.478767
11.544442,-96.478767
11.564484,-96.478767
11.584424,-96.478767
11.604371,-96.478767
11.624409,-96.478767
11.644430,-96.478767
11.664588,-96.478767
11.684363,-96.478767
11.704487,-96.478767
11.724290,-96.478767
11.744273,-96.478767
11.764337,-96.478767
11.784426,-96.478767
11.804266,-96.478767
11.824339,-96.478767
11.844225,-96.478767
11.864266,-96.478768
11.884340,-96.478768
11.905268,-96.478768
11.924302,-96.478768
11.944267,-96.478768
11.965365,-96.478768
11.985280,-96.478768
12.005291,-96.478768
12.025242,-96.478768
12.045211,-96.478768
12.065227,-96.478768
12.085185,-96.478768
12.105078,-96.478768
12.125272,-96.478768
12.145132,-96.478768
12.165175,-96.478768
12.185076,-96.478768
12.205034,-96.478768
12.225079,-96.478768
12.245096,-96.478768
12.265143,-96.478768
12.285192,-96.478768
12.305206,-96.478768
12.325006,-96.478768
12.345020,-96.478768
12.364961,-96.478768
12.385040,-96.478768
12.405022,-96.478768
12.425028,-96.478768
12.445050,-96.478768
12.465218,-96.478768
12.485099,-96.478768
12.504916,-96.478768
12.525091,-96.478768
12.544888,-96.478768
12.565055,-96.478768
12.585068,-96.478768
12.604924,-96.478768
12.625009,-96.478768
12.644864,-96.478768
12.664994,-96.478767
12.685041,-96.478767
12.705236,-96.478767
12.724928,-96.478767
12.744873,-96.478767
12.764779,-96.478767
12.784902,-96.478767
12.804858,-96.478767
12.824855,-96.478767
12.844883,-96.478767
12.864846,-96.478767
12.884800,-96.478767
12.904656,-96.478767
12.924703,-96.478767
12.944797,-96.478767
12.964895,-96.478767
12.984708,-96.478767
13.004858,-96.478767
13.024785,-96.478767
13.044764,-96.478767
13.064648,-96.478767
13.084657,-96.478767
13.104613,-96.478767
13.124734,-96.478767
13.144773,-96.478767
13.164775,-96.478767
13.184780,-96.478767
13.204832,-96.478767
13.224586,-96.478767
13.244544,-96.478767
13.264810,-96.478767
13.284485,-96.478767
13.304576,-96.478767
13.324569,-96.478767
13.344507,-96.478767
13.364516,-96.478767
13.384489,-96.478767
13.404497,-96.478767
13.424487,-96.478767
13.444454,-96.478767
13.464683,-96.478767
13.484492,-96.478767
13.504659,-96.478767
13.524500,-96.478767
13.544415,-96.478767
13.564540,-96.478767
13.584445,-96.478767
13.604374,-96.478767
13.624538,-96.478767
13.644341,-96.478767
13.664283,-96.478767
13.684316,-96.478767
13.705387,-96.478767
13.724284,-96.478767
13.744254,-96.478767
13.764417,-96.478767
13.784182,-96.478767
13.805529,-96.478767
13.824166,-96.478767
13.845342,-96.478767
13.864216,-96.478767
13.885247,-96.478767
13.905252,-96.478767
13.925219,-96.478767
13.945334,-96.478767
13.965188,-96.478767
13.985425,-96.478767
14.005357,-96.478767
14.025164,-96.478767
14.045158,-96.478767
14.065399,-96.478767
14.085201,-96.478767
14.105351,-96.478767
14.125089,-96.478767
14.145102,-96.478767
14.165185,-96.478767
14.185140,-96.478767
14.205168,-96.478767
14.225156,-96.478767
14.244999,-96.478767
14.265099,-96.478767
14.285146,-96.478767
14.305138,-96.478767
14.325016,-96.478767
14.345096,-96.478767
14.365024,-96.478767
14.385182,-96.478767
14.404955,-96.478767
14.425001,-96.478767
14.444973,-96.478767
14.464918,-96.478767
14.485100,-96.478767
14.504944,-96.478767
14.524934,-96.478767
14.544981,-96.478767
14.564887,-96.478767
14.584988,-96.478767
14.604929,-96.478767
14.624944,-96.478767
14.644885,-96.478767
14.664790,-96.478767
14.685017,-96.478767
14.704788,-96.478767
14.724808,-96.478767
14.744970,-96.478767
14.764766,-96.478767
14.784708,-96.478767
14.804731,-96.478767
14.824724,-96.478767
14.844721,-96.478767
14.864764,-96.478767
14.884801,-96.478767
14.904639,-96.478767
14.924698,-96.478767
14.944664,-96.478767
14.964749,-96.478767
14.984592,-96.478767
15.004591,-96.478767
15.024683,-96.478767
15.044707,-96.478767
15.064729,-96.478767
15.084649,-96.478767
15.104636,-96.478767
15.124627,-96.478767
15.144497,-96.478767
15.164585,-96.478767
15.184702,-96.478767
15.204487,-96.478767
15.224507,-96.478767
15.244495,-96.478767
15.264504,-96.478767
15.284554,-96.478767
15.304458,-96.478767
15.324440,-96.478767
15.344594,-96.478767
15.364488,-96.478767
15.384665,-96.478767
15.404387,-96.478767
15.424432,-96.478767
15.444391,-96.478767
15.464349,-96.478766
15.484301,-96.478766
15.504550,-96.478766
15.524376,-96.478766
15.544363,-96.478766
15.564256,-96.478766
15.584291,-96.478766
15.605348,-96.478766
15.624328,-96.478766
15.645207,-96.478766
15.665276,-96.478766
15.685325,-96.478766
15.705280,-96.478766
15.725237,-96.478766
15.745184,-96.478766
15.765551,-96.478766
15.785395,-96.478766
15.805154,-96.478766
15.825291,-96.478766
15.845129,-96.478766
15.865117,-96.478766
15.885074,-96.478766
15.905150,-96.478766
15.925104,-96.478766
15.945089,-96.478766
15.965136,-96.478766
15.985170,-96.478766
16.005088,-96.478766
16.025279,-96.478766
16.045242,-96.478766
16.065282,-96.478766
16.085176,-96.478766
16.105146,-96.478766
16.125057,-96.478766
16.145315,-96.478766
16.165399,-96.478766
16.185064,-96.478766
16.205007,-96.478766
16.225224,-96.478766
16.245011,-96.478766
16.265043,-96.478766
16.284976,-96.478766
16.304953,-96.478766
16.324928,-96.478766
16.345059,-96.478766
16.365012,-96.478766
16.384975,-96.478766
16.404964,-96.478766
16.424948,-96.478766
16.444934,-96.478766
16.465317,-96.478766
16.484995,-96.478766
16.504850,-96.478766
16.524781,-96.478766
16.544765,-96.478766
16.564851,-96.478766
16.584744,-96.478766
16.604880,-96.478766
16.624762,-96.478766
16.644709,-96.478766
16.664739,-96.478766
16.684840,-96.478766
16.704762,-96.478766
16.724743,-96.478766
16.744808,-96.478766
16.764771,-96.478766
16.784768,-96.478766
16.804629,-96.478766
16.824640,-96.478766
16.844653,-96.478766
16.864669,-96.478766
16.884857,-96.478766
16.904603,-96.478766
16.924618,-96.478766
16.944649,-96.478766
16.964682,-96.478766
16.984572,-96.478766
17.004523,-96.478766
17.024620,-96.478766
17.044552,-96.478766
17.064546,-96.478766
17.084590,-96.478766
17.104666,-96.478766
17.124546,-96.478766
17.144503,-96.478766
17.164535,-96.478766
17.184485,-96.478766
17.204460,-96.478766
17.224394,-96.478766
17.244507,-96.478766
17.264810,-96.478766
17.284389,-96.478766
17.304367,-96.478766
17.324396,-96.478766
17.344325,-96.478766
17.364320,-96.478766
17.384511,-96.478766
17.405379,-96.478766
17.424571,-96.478766
17.444322,-96.478766
17.464358,-96.478766
17.484247,-96.478766
17.505289,-96.478766
17.524304,-96.478766
17.544260,-96.478766
17.565218,-96.478766
17.584375,-96.478766
17.605223,-96.478766
17.625290,-96.478766
17.645369,-96.478766
17.665274,-96.478766
17.685294,-96.478766
17.705202,-96.478766
17.725158,-96.478766
17.745203,-96.478766
17.765159,-96.478766
17.785184,-96.478766
17.805135,-96.478766
17.825185,-96.478766
17.845138,-96.478766
17.865161,-96.478766
17.885306,-96.478766
17.905099,-96.478766
17.925241,-96.478766
17.945251,-96.478766
17.965078,-96.478766
17.985127,-96.478766
18.005247,-96.478766
18.025303,-96.478766
18.045167,-96.478766
18.065112,-96.478766
18.085033,-96.478766
18.105036,-96.478766
18.124952,-96.478766
18.144928,-96.478766
18.164998,-96.478766
18.185045,-96.478766
18.205032,-96.478766
18.224879,-96.478766
18.244965,-96.478766
18.265343,-96.478766
18.284974,-96.478766
18.304886,-96.478766
18.324831,-96.478766
18.344857,-96.478766
18.364778,-96.478766
18.384988,-96.478766
18.404756,-96.478766
18.424771,-96.478766
18.444771,-96.478766
18.464762,-96.478766
18.484735,-96.478766
18.504760,-96.478766
18.524866,-96.478767
18.544834,-96.478767
18.564733,-96.478767
18.584902,-96.478767
18.604768,-96.478767
18.624735,-96.478767
18.644673,-96.478767
18.664666,-96.478766
18.684740,-96.478766
18.704729,-96.478767
18.724657,-96.478767
18.744612,-96.478767
18.764589,-96.478767
18.784664,-96.478767
18.804664,-96.478767
18.824542,-96.478767
18.844565,-96.478767
18.865727,-96.478766
18.885358,-96.478766
18.904891,-96.478766
18.924546,-96.478766
18.944473,-96.478766
18.964518,-96.478767
18.984578,-96.478767
19.004480,-96.478767
19.024490,-96.478767
19.044468,-96.478767
19.064424,-96.478766
19.084359,-96.478766
19.104535,-96.478766
19.124363,-96.478766
19.144491,-96.478766
19.164361,-96.478766
19.184482,-96.478766
19.205385,-96.478766
19.224433,-96.478766
19.244351,-96.478766
19.264298,-96.478766
19.284517,-96.478766
19.305389,-96.478766
19.324258,-96.478766
19.344582,-96.478766
19.365691,-96.478766
19.385354,-96.478766
19.405330,-96.478766
19.425224,-96.478766
19.445252,-96.478766
19.465215,-96.478766
19.485333,-96.478766
19.505245,-96.478766
19.525231,-96.478766
19.545130,-96.478766
19.565153,-96.478766
19.585502,-96.478766
19.605281,-96.478766
19.625183,-96.478766
19.645209,-96.478766
19.665172,-96.478766
19.685260,-96.478766
19.705119,-96.478766
19.725012,-96.478766
19.745226,-96.478766
19.765098,-96.478766
19.785141,-96.478766
19.805123,-96.478766
19.824996,-96.478766
19.845147,-96.478766
19.865131,-96.478766
19.885061,-96.478766
19.904982,-96.478766
19.924977,-96.478766
19.944929,-96.478766
19.964972,-96.478766
19.985117,-96.478766
20.004902,-96.478766
20.024932,-96.478766
20.045022,-96.478766
20.064952,-96.478766
20.085039,-96.478766
20.104790,-96.478766
20.124933,-96.478766
20.144881,-96.478766
20.164837,-96.478766
20.184812,-96.478766
20.204834,-96.478766
20.224757,-96.478766
20.244790,-96.478766
20.264776,-96.478766
20.284728,-96.478766
20.304806,-96.478766
20.324752,-96.478766
20.344724,-96.478766
20.365026,-96.478766
20.385232,-96.478766
20.404795,-96.478766
20.424693,-96.478766
20.444690,-96.478766
20.465290,-96.478766
20.485285,-96.478766
20.504768,-96.478766
20.524647,-96.478766
20.544638,-96.478766
20.564571,-96.478766
20.584723,-96.478765
20.604569,-96.478765
20.624627,-96.478765
20.644493,-96.478765
20.665563,-96.478765
20.684718,-96.478765
20.704504,-96.478765
20.724517,-96.478765
20.744475,-96.478765
20.764444,-96.478765
20.784508,-96.478765
20.804455,-96.478765
20.824780,-96.478765
20.844478,-96.478765
20.864450,-96.478765
20.884426,-96.478765
20.904392,-96.478765
20.924428,-96.478765
20.944436,-96.478765
20.964489,-96.478765
20.984467,-96.478765
21.004399,-96.478765
21.024374,-96.478765
21.044354,-96.478765
21.064298,-96.478765
21.085308,-96.478765
21.105422,-96.478765
21.125435,-96.478765
21.145392,-96.478765
21.165484,-96.478765
21.185304,-96.478765
21.206391,-96.478765
21.225511,-96.478765
21.245180,-96.478765
21.265558,-96.478765
21.285277,-96.478765
21.305205,-96.478764
21.325304,-96.478764
21.345194,-96.478764
21.365119,-96.478764
21.385232,-96.478764
21.405181,-96.478764
21.425237,-96.478764
21.445096,-96.478764
21.465181,-96.478764
21.485154,-96.478764
21.505161,-96.478764
21.525141,-96.478764
21.545077,-96.478764
21.565053,-96.478764
21.585185,-96.478764
21.605044,-96.478764
21.625165,-96.478764
21.645154,-96.478764
21.665078,-96.478764
21.685092,-96.478764
21.705075,-96.478764
21.724938,-96.478764
21.745012,-96.478764
21.764931,-96.478764
21.785066,-96.478764
21.805427,-96.478764
21.825081,-96.478764
21.844963,-96.478764
21.864952,-96.478764
21.885028,-96.478764
21.905050,-96.478764
21.924923,-96.478764
21.944907,-96.478764
21.964935,-96.478764
21.984844,-96.478764
22.004906,-96.478764
22.024760,-96.478764
22.044831,-96.478764
22.064914,-96.478764
22.084768,-96.478764
22.104739,-96.478764
22.124739,-96.478764
22.144913,-96.478764
22.164713,-96.478764
22.185024,-96.478764
22.204734,-96.478764
22.224731,-96.478764
22.244721,-96.478764
22.264722,-96.478764
22.285106,-96.478764
22.304975,-96.478764
22.324670,-96.478764
22.344602,-96.478764
22.364948,-96.478764
22.384635,-96.478764
22.404617,-96.478764
22.424596,-96.478764
22.444757,-96.478764
22.464609,-96.478764
22.484580,-96.478764
22.504627,-96.478764
22.524590,-96.478764
22.544612,-96.478764
22.564499,-96.478764
22.584640,-96.478764
22.604566,-96.478764
22.624515,-96.478764
22.644540,-96.478763
22.664504,-96.478763
22.684460,-96.478763
22.704533,-96.478763
22.724423,-96.478763
22.744524,-96.478763
22.764811,-96.478763
22.784443,-96.478763
22.804449,-96.478763
22.824490,-96.478763
22.844396,-96.478763
22.864585,-96.478764
22.884486,-96.478763
22.905427,-96.478763
22.924356,-96.478763
22.944370,-96.478763
22.965338,-96.478763
22.984345,-96.478763
23.005320,-96.478763
23.024332,-96.478763
23.044257,-96.478763
23.065470,-96.478764
23.085388,-96.478764
23.105299,-96.478764
23.125431,-96.478764
23.145256,-96.478764
23.165286,-96.478764
23.185523,-96.478764
23.205360,-96.478764
23.225239,-96.478764
23.245251,-96.478764
23.265157,-96.478764
23.285348,-96.478764
23.305247,-96.478764
23.325125,-96.478764
23.345106,-96.478764
23.365093,-96.478764
23.385165,-96.478764
23.405310,-96.478764
23.425416,-96.478764
23.445134,-96.478764
23.465094,-96.478764
23.485100,-96.478764
23.505814,-96.478764
23.525118,-96.478764
23.545179,-96.478764
23.565135,-96.478764
23.585080,-96.478764
23.605168,-96.478764
23.625053,-96.478764
23.645167,-96.478764
23.665176,-96.478764
23.685071,-96.478764
23.705399,-96.478764
23.725110,-96.478764
23.745405,-96.478764
23.764947,-96.478764
23.785135,-96.478764
23.804922,-96.478764
23.825011,-96.478764
23.845028,-96.478764
23.864914,-96.478764
23.884943,-96.478764
23.905086,-96.478764
23.924963,-96.478764
23.944966,-96.478764
23.965059,-96.478764
23.985047,-96.478764
24.004927,-96.478764
24.024818,-96.478764
24.044932,-96.478764
24.064740,-96.478764
24.084813,-96.478764
24.104770,-96.478764
24.124781,-96.478764
24.144815,-96.478764
24.164721,-96.478764
24.184974,-96.478764
24.204656,-96.478764
24.224723,-96.478764
24.244773,-96.478764
24.264817,-96.478764
24.284611,-96.478764
24.304590,-96.478764
24.324751,-96.478764
24.344677,-96.478764
24.364687,-96.478764
24.384695,-96.478764
24.404611,-96.478764
24.424590,-96.478764
24.444578,-96.478764
24.464875,-96.478764
24.484516,-96.478764
24.504596,-96.478764
24.524562,-96.478764
24.544541,-96.478764
24.564482,-96.478764
24.584442,-96.478764
24.604514,-96.478764
24.624576,-96.478764
24.644450,-96.478764
24.664561,-96.478764
24.684621,-96.478764
24.704663,-96.478764
24.724464,-96.478764
24.744397,-96.478764
24.764444,-96.478764
24.784412,-96.478764
24.805467,-96.478764
24.824331,-96.478764
24.844520,-96.478764
24.865434,-96.478764
24.885381,-96.478764
24.905374,-96.478764
24.924498,-96.478764
24.944360,-96.478764
24.965274,-96.478764
24.985402,-96.478764
25.005571,-96.478764
25.025297,-96.478764
25.045324,-96.478764
25.065299,-96.478764
25.085282,-96.478764
25.105315,-96.478764
25.125346,-96.478764
25.145189,-96.478764
25.165479,-96.478764
25.185325,-96.478764
25.205198,-96.478764
25.225352,-96.478764
25.245323,-96.478764
25.265196,-96.478764
25.285198,-96.478764
25.305407,-96.478764
25.325184,-96.478764
25.345183,-96.478764
25.365161,-96.478764
25.385097,-96.478764
25.405162,-96.478764
25.425219,-96.478764
25.445145,-96.478764
25.465053,-96.478764
25.485136,-96.478764
25.505428,-96.478765
25.525201,-96.478765
25.545016,-96.478765
25.565052,-96.478765
25.585024,-96.478765
25.605133,-96.478765
25.624958,-96.478765
25.644961,-96.478765
25.664994,-96.478764
25.685130,-96.478764
25.704888,-96.478765
25.724917,-96.478765
25.745100,-96.478765
25.764900,-96.478765
25.785134,-96.478765
25.804972,-96.478765
25.824931,-96.478765
25.844959,-96.478765
25.864968,-96.478765
25.884804,-96.478765
25.904817,-96.478765
25.924770,-96.478765
25.944853,-96.478765
25.964756,-96.478765
25.984786,-96.478765
26.004867,-96.478765
26.024795,-96.478765
26.044786,-96.478765
26.065141,-96.478765
26.084700,-96.478765
26.104723,-96.478765
26.124711,-96.478765
26.144725,-96.478765
26.164906,-96.478765
26.184781,-96.478765
26.204771,-96.478765
26.224833,-96.478765
26.244613,-96.478765
26.264750,-96.478765
26.284750,-96.478765
26.304640,-96.478765
26.324624,-96.478765
26.344615,-96.478765
26.364648,-96.478765
26.384681,-96.478765
26.404577,-96.478765
26.424576,-96.478765
26.444573,-96.478765
26.464720,-96.478765
26.484783,-96.478765
26.504510,-96.478765
26.524668,-96.478765
26.544575,-96.478765
26.564465,-96.478765
26.584530,-96.478765
26.604568,-96.478765
26.624385,-96.478765
26.644412,-96.478765
26.664588,-96.478765
26.684453,-96.478765
26.705763,-96.478765
26.724443,-96.478765
26.744704,-96.478765
26.765443,-96.478765
26.784393,-96.478765
26.805378,-96.478765
26.824324,-96.478765
26.844332,-96.478765
26.864347,-96.478765
26.885327,-96.478765
26.905379,-96.478765
26.925504,-96.478765
26.945324,-96.478765
26.965350,-96.478765
26.985226,-96.478765
27.005310,-96.478765
27.025382,-96.478765
27.045330,-96.478765
27.065320,-96.478765
27.085292,-96.478765
27.105217,-96.478765
27.125621,-96.478765
27.145159,-96.478765
27.165170,-96.478765
27.185251,-96.478765
27.205162,-96.478765
27.225171,-96.478765
27.245110,-96.478765
27.265168,-96.478765
27.285240,-96.478765
27.305052,-96.478765
27.325247,-96.478765
27.345205,-96.478765
27.365091,-96.478765
27.385221,-96.478765
27.405226,-96.478766
27.425015,-96.478766
27.445012,-96.478766
27.465091,-96.478766
27.485005,-96.478766
27.505057,-96.478766
27.525167,-96.478766
27.545015,-96.478766
27.565069,-96.478766
27.584915,-96.478766
27.605006,-96.478766
27.625074,-96.478766
27.645117,-96.478766
27.665126,-96.478766
27.684968,-96.478766
27.704962,-96.478766
27.725285,-96.478766
27.744881,-96.478766
27.764985,-96.478766
27.785287,-96.478766
27.805034,-96.478766
27.824879,-96.478766
27.844842,-96.478766
27.864845,-96.478766
27.884999,-96.478766
27.904842,-96.478766
27.924829,-96.478766
27.944786,-96.478766
27.964783,-96.478766
27.984845,-96.478766
28.004740,-96.478766
28.024722,-96.478766
28.044780,-96.478766
28.064711,-96.478766
28.084696,-96.478766
28.104663,-96.478766
28.124724,-96.478766
28.144671,-96.478766
28.164810,-96.478766
28.184796,-96.478766
28.204738,-96.478766
28.224660,-96.478766
28.244596,-96.478766
28.264748,-96.478766
28.284605,-96.478766
28.304631,-96.478766
28.324533,-96.478766
28.344867,-96.478766
28.364595,-96.478766
28.384665,-96.478766
28.404793,-96.478766
28.424531,-96.478766
28.444494,-96.478766
28.464740,-96.478766
28.484535,-96.478766
28.504596,-96.478766
28.524671,-96.478765
28.544420,-96.478765
28.564657,-96.478765
28.584409,-96.478765
28.604422,-96.478765
28.624528,-96.478765
28.644427,-96.478765
28.664503,-96.478765
28.685414,-96.478765
28.705494,-96.478765
28.725380,-96.478765
28.745376,-96.478765
28.765322,-96.478765
28.785538,-96.478765
28.805320,-96.478765
28.825294,-96.478765
28.845442,-96.478765
28.865342,-96.478765
28.885287,-96.478765
28.905237,-96.478765
28.925239,-96.478765
28.945309,-96.478765
28.965288,-96.478765
28.985300,-96.478765
29.005424,-96.478765
29.025320,-96.478765
29.045138,-96.478765
29.065174,-96.478765
29.085202,-96.478765
29.105313,-96.478765
29.125147,-96.478765
29.145087,-96.478765
29.165174,-96.478765
29.185107,-96.478765
29.205235,-96.478765
29.225146,-96.478765
29.245230,-96.478765
29.265275,-96.478765
29.285057,-96.478765
29.305069,-96.478765
29.325050,-96.478765
29.345034,-96.478765
29.365112,-96.478765
29.385014,-96.478765
29.405189,-96.478765
29.425073,-96.478765
29.444952,-96.478765
29.465091,-96.478765
29.485039,-96.478765
29.505101,-96.478765
29.524965,-96.478765
29.544931,-96.478765
29.564988,-96.478765
29.584938,-96.478765
29.605026,-96.478765
29.625030,-96.478765
29.644921,-96.478765
29.665128,-96.478765
29.684875,-96.478765
29.705024,-96.478765
29.725064,-96.478765
29.744943,-96.478765
29.764801,-96.478765
29.784840,-96.478765
29.804810,-96.478765
29.824789,-96.478765
29.844838,-96.478764
29.864724,-96.478765
29.884723,-96.478765
29.904809,-96.478765
29.924796,-96.478765
29.944785,-96.478765
29.964747,-96.478765
29.984683,-96.478765
30.004699,-96.478764
30.024752,-96.478764
30.044739,-96.478764
30.064776,-96.478764
30.084634,-96.478764
30.104658,-96.478764
30.124589,-96.478764
30.144649,-96.478764
30.164637,-96.478764
30.184556,-96.478764
30.204577,-96.478764
30.224602,-96.478764
30.244798,-96.478764
30.264577,-96.478764
30.284615,-96.478764
30.304457,-96.478764
30.324645,-96.478764
30.344439,-96.478764
30.364750,-96.478764
30.384492,-96.478764
30.405433,-96.478764
30.424464,-96.478764
30.444468,-96.478764
30.464470,-96.478764
30.484448,-96.478764
30.505396,-96.478764
30.524431,-96.478764
30.544496,-96.478764
30.565362,-96.478764
30.584498,-96.478764
30.605379,-96.478764
30.625341,-96.478764
30.645366,-96.478764
30.666157,-96.478764
30.685533,-96.478764
30.705324,-96.478764
30.725297,-96.478764
30.745360,-96.478764
30.765387,-96.478764
30.785341,-96.478764
30.805290,-96.478764
30.825218,-96.478764
30.845289,-96.478764
30.865353,-96.478764
30.885355,-96.478764
30.905355,-96.478763
30.925297,-96.478763
30.945190,-96.478763
30.965309,-96.478763
30.985137,-96.478763
31.005381,-96.478763
31.025228,-96.478763
31.045163,-96.478763
31.065185,-96.478763
31.085128,-96.478763
31.105176,-96.478763
31.125171,-96.478763
31.145157,-96.478763
31.165173,-96.478763
31.185172,-96.478763
31.205031,-96.478763
31.225008,-96.478763
31.245011,-96.478763
31.265104,-96.478763
31.284991,-96.478763
31.304965,-96.478763
31.325091,-96.478763
31.345053,-96.478763
31.365280,-96.478763
31.385003,-96.478763
31.404945,-96.478763
31.425012,-96.478763
31.444947,-96.478763
31.465000,-96.478763
31.485183,-96.478763
31.505215,-96.478763
31.524884,-96.478763
31.544970,-96.478763
31.564948,-96.478763
31.585036,-96.478763
31.604961,-96.478763
31.624994,-96.478763
31.644795,-96.478763
31.664872,-96.478763
31.684887,-96.478763
31.705025,-96.478763
31.724856,-96.478763
31.744864,-96.478763
31.764903,-96.478763
31.784796,-96.478763
31.804846,-96.478763
31.825008,-96.478763
31.844846,-96.478763
31.864846,-96.478762
31.885414,-96.478762
31.905444,-96.478762
31.925001,-96.478762
31.944900,-96.478762
31.964705,-96.478762
31.984712,-96.478762
32.004637,-96.478762
32.025052,-96.478762
32.044655,-96.478762
32.064656,-96.478762
32.084620,-96.478762
32.104579,-96.478762
32.124598,-96.478762
32.144911,-96.478762
32.164627,-96.478762
32.184623,-96.478762
32.204662,-96.478762
32.224546,-96.478762
32.244618,-96.478762
32.264836,-96.478762
32.284796,-96.478762
32.304513,-96.478762
32.324513,-96.478762
32.344578,-96.478762
32.364501,-96.478762
32.384513,-96.478762
32.405557,-96.478762
32.424689,-96.478762
32.444547,-96.478762
32.464686,-96.478762
32.484371,-96.478762
32.505452,-96.478762
32.524502,-96.478762
32.544912,-96.478762
32.565415,-96.478762
32.584323,-96.478762
32.605466,-96.478762
32.625540,-96.478762
32.645576,-96.478762
32.665363,-96.478762
32.685344,-96.478762
32.705291,-96.478762
32.725322,-96.478762
32.745304,-96.478762
32.765301,-96.478762
32.785423,-96.478762
32.805296,-96.478761
32.825309,-96.478761
32.845258,-96.478761
32.865313,-96.478761
32.885221,-96.478761
32.905241,-96.478761
32.925216,-96.478761
32.945316,-96.478761
32.965152,-96.478761
32.985155,-96.478761
33.006072,-96.478761
33.025142,-96.478761
33.045209,-96.478761
33.065459,-96.478761
33.085062,-96.478761
33.105153,-96.478761
33.125158,-96.478761
33.145257,-96.478761
33.165117,-96.478761
33.185084,-96.478761
33.205052,-96.478761
33.225131,-96.478761
33.245202,-96.478761
33.265094,-96.478761
33.284964,-96.478761
33.305427,-96.478761
33.325007,-96.478761
33.345071,-96.478761
33.365059,-96.478761
33.385015,-96.478761
33.404950,-96.478761
33.425187,-96.478761
33.444938,-96.478761
33.464953,-96.478761
33.485161,-96.478761
33.504924,-96.478761
33.524945,-96.478761
33.544911,-96.478761
33.564954,-96.478761
33.584951,-96.478761
33.604888,-96.478761
33.624918,-96.478761
33.644954,-96.478761
33.664844,-96.478761
33.684792,-96.478761
33.704851,-96.478761
33.724910,-96.478761
33.744847,-96.478761
33.764890,-96.478761
33.784702,-96.478761
33.804744,-96.478761
33.824696,-96.478761
33.844760,-96.478761
33.864894,-96.478761
33.884995,-96.478761
33.904716,-96.478761
33.924666,-96.478761
33.944914,-96.478761
33.964892,-96.478761
33.984689,-96.478761
34.004636,-96.478761
34.024652,-96.478761
34.044622,-96.478761
34.064739,-96.478760
34.084604,-96.478760
34.104671,-96.478760
34.124681,-96.478760
34.144651,-96.478760
34.164681,-96.478760
34.184635,-96.478760
34.205135,-96.478760
34.224593,-96.478760
34.244463,-96.478760
34.264519,-96.478760
34.284898,-96.478760
34.304638,-96.478760
34.324495,-96.478760
34.344452,-96.478760
34.364584,-96.478760
34.384651,-96.478760
34.405525,-96.478760
34.424423,-96.478760
34.444397,-96.478760
34.465381,-96.478760
34.485475,-96.478760
34.505556,-96.478760
34.525328,-96.478760
34.545357,-96.478760
34.565420,-96.478760
34.585376,-96.478760
34.605363,-96.478760
34.625471,-96.478760
34.645404,-96.478760
34.665260,-96.478760
34.685311,-96.478760
34.705399,-96.478760
34.725263,-96.478760
34.745257,-96.478760
34.765188,-96.478760
34.785292,-96.478760
34.805206,-96.478760
34.825278,-96.478760
34.845129,-96.478760
34.865219,-96.478760
34.885218,-96.478760
34.905311,-96.478760
34.925172,-96.478760
34.945141,-96.478760
34.965232,-96.478760
34.985211,-96.478760
35.005357,-96.478760
35.025173,-96.478760
35.045133,-96.478760
35.065150,-96.478760
35.085119,-96.478760
35.105104,-96.478760
35.125043,-96.478760
35.145011,-96.478760
35.165103,-96.478760
35.184980,-96.478760
35.204992,-96.478760
35.224973,-96.478760
35.244981,-96.478760
35.265100,-96.478760
35.284908,-96.478760
35.304935,-96.478760
35.325931,-96.478760
35.345321,-96.478760
35.364913,-96.478760
35.384923,-96.478760
35.405205,-96.478760
35.424939,-96.478760
35.444950,-96.478760
35.464948,-96.478760
35.484921,-96.478760
35.504918,-96.478760
35.524839,-96.478760
35.544847,-96.478760
35.564791,-96.478760
35.584813,-96.478760
35.604767,-96.478760
35.624783,-96.478760
35.644801,-96.478760
35.665053,-96.478760
35.684711,-96.478760
35.704709,-96.478760
35.724763,-96.478760
35.744838,-96.478760
35.764933,-96.478760
35.784733,-96.478760
35.804651,-96.478760
35.824633,-96.478760
35.844920,-96.478760
35.864706,-96.478760
35.884656,-96.478760
35.904579,-96.478760
35.924791,-96.478760
35.944651,-96.478759
35.964663,-96.478759
35.984775,-96.478759
36.004553,-96.478759
36.025585,-96.478759
36.044569,-96.478759
36.064714,-96.478759
36.084810,-96.478759
36.104634,-96.478759
36.124474,-96.478759
36.144520,-96.478759
36.164964,-96.478759
36.184426,-96.478759
36.205527,-96.478759
36.224491,-96.478759
36.244587,-96.478759
36.264418,-96.478759
36.285482,-96.478759
36.305471,-96.478759
36.325350,-96.478759
36.345572,-96.478759
36.365497,-96.478759
36.385333,-96.478759
36.405508,-96.478759
36.425397,-96.478759
36.445318,-96.478759
36.465357,-96.478759
36.485477,-96.478759
36.505493,-96.478759
36.525232,-96.478759
36.545257,-96.478759
36.565295,-96.478759
36.585296,-96.478759
36.605492,-96.478759
36.625347,-96.478759
36.645222,-96.478759
36.665184,-96.478759
36.685353,-96.478759
36.705201,-96.478759
36.725208,-96.478759
36.745212,-96.478759
36.765711,-96.478759
36.785300,-96.478759
36.805116,-96.478759
36.825236,-96.478759
36.845150,-96.478759
36.865056,-96.478759
36.885169,-96.478759
36.905151,-96.478759
36.925084,-96.478759
36.945151,-96.478759
36.965017,-96.478759
36.985514,-96.478759
37.005010,-96.478759
37.025007,-96.478759
37.044991,-96.478759
37.064990,-96.478759
37.084951,-96.478759
37.104987,-96.478759
37.124945,-96.478759
37.144985,-96.478759
37.165095,-96.478759
37.185226,-96.478759
37.204877,-96.478759
37.224951,-96.478759
37.245089,-96.478759
37.265003,-96.478759
37.285049,-96.478759
37.305003,-96.478759
37.324937,-96.478759
37.344939,-96.478759
37.364867,-96.478759
37.384806,-96.478759
37.404936,-96.478759
37.424998,-96.478759
37.444752,-96.478759
37.464891,-96.478759
37.484701,-96.478759
37.504843,-96.478759
37.524694,-96.478759
37.544837,-96.478759
37.564699,-96.478759
37.584841,-96.478759
37.604725,-96.478759
37.624768,-96.478759
37.644682,-96.478759
37.664685,-96.478759
37.684785,-96.478759
37.704729,-96.478759
37.724633,-96.478759
37.744979,-96.478759
37.764738,-96.478759
37.784645,-96.478759
37.804665,-96.478759
37.824550,-96.478759
37.844621,-96.478759
37.864699,-96.478759
37.884865,-96.478759
37.905956,-96.478759
37.924484,-96.478759
37.944544,-96.478759
37.964700,-96.478759
37.984488,-96.478759
38.005457,-96.478759
38.024491,-96.478759
38.044542,-96.478759
38.064460,-96.478759
38.085586,-96.478759
38.105453,-96.478759
38.125511,-96.478759
38.145383,-96.478759
38.165762,-96.478759
38.185467,-96.478759
38.205437,-96.478759
38.225473,-96.478759
38.245403,-96.478759
38.265408,-96.478759
38.285315,-96.478759
38.305559,-96.478759
38.325377,-96.478759
38.345467,-96.478759
38.365523,-96.478759
38.385391,-96.478759
38.405365,-96.478759
38.425298,-96.478759
38.445236,-96.478759
38.465251,-96.478759
38.485272,-96.478759
38.505176,-96.478759
38.525275,-96.478759
38.545341,-96.478759
38.565205,-96.478759
38.585349,-96.478759
38.605105,-96.478759
38.625171,-96.478759
38.645174,-96.478759
38.665214,-96.478759
38.685140,-96.478759
38.705327,-96.478759
38.725241,-96.478759
38.745247,-96.478759
38.765269,-96.478759
38.785110,-96.478759
38.805301,-96.478759
38.825039,-96.478759
38.845055,-96.478759
38.865115,-96.478759
38.884976,-96.478759
38.905008,-96.478759
38.925000,-96.478759
38.944995,-96.478759
38.964992,-96.478759
38.984928,-96.478759
39.005216,-96.478759
39.025005,-96.478759
39.045083,-96.478759
39.065065,-96.478759
39.085199,-96.478759
39.104904,-96.478759
39.124919,-96.478759
39.144893,-96.478759
39.164959,-96.478759
39.185255,-96.478759
39.204985,-96.478759
39.225194,-96.478759
39.245028,-96.478759
39.264797,-96.478759
39.284850,-96.478759
39.304749,-96.478759
39.325216,-96.478759
39.344764,-96.478759
39.364789,-96.478759
39.384769,-96.478759
39.404761,-96.478759
39.424805,-96.478759
39.444813,-96.478759
39.464726,-96.478759
39.484730,-96.478759
