0.252486,0.000302
0.272386,0.004023
0.292434,-0.001682
0.312282,0.003627
0.332432,-0.007255
0.352283,-0.002126
0.372245,0.004290
0.392399,-0.002640
0.412295,0.002580
0.432224,-0.006363
0.452440,-0.005029
0.472158,0.001530
0.492325,0.000690
0.512126,0.001969
0.532115,-0.006393
0.552137,-0.001280
0.572353,-0.002087
0.592083,0.006190
0.612226,0.001809
0.632112,0.005606
0.652037,-0.003696
0.672170,-0.002867
0.692035,0.001354
0.712054,0.000371
0.732048,0.001750
0.752030,0.006209
0.772011,-0.002035
0.792140,0.000082
0.811994,-0.007429
0.831960,0.000332
0.851924,0.003473
0.871922,-0.004381
0.892075,0.003736
0.911886,-0.007961
0.931838,-0.002146
0.952007,0.003325
0.971987,-0.001366
0.991752,0.004035
1.012113,-0.007362
1.031784,-0.002590
1.052796,0.000660
1.071742,0.000367
1.091801,0.002825
1.111918,-0.003140
1.131839,-0.000088
1.152725,-0.003963
1.171711,0.004983
1.192751,0.000111
1.212743,0.005854
1.232801,-0.001878
1.252575,-0.001467
1.272527,0.001891
1.292589,-0.003447
1.312587,-0.000428
1.332571,0.003953
1.352520,-0.002693
1.372516,0.004582
1.392639,-0.007402
1.412448,-0.003993
1.432480,0.005286
1.452502,-0.001159
1.472439,0.004064
1.492555,-0.004522
1.512420,-0.000926
1.532489,-0.000022
1.552367,0.001213
1.572315,0.002800
1.592587,-0.002473
1.612350,0.002700
1.632317,-0.000843
1.652292,0.005890
1.672249,0.003992
1.692469,0.004328
1.712732,-0.001043
1.732217,0.000885
1.752321,0.007420
1.772344,0.001724
1.792250,0.005410
1.812430,-0.003803
1.832331,-0.003648
1.852397,0.003117
1.872343,0.000492
1.893122,0.006187
1.912705,0.002124
1.932911,-0.003828
1.953423,-0.001309
1.972235,-0.002787
1.993564,-0.000066
2.012548,0.004432
2.032053,-0.004036
2.052045,0.002044
2.072028,-0.009574
2.092052,-0.000399
2.112200,0.005079
2.132021,0.004373
2.152072,0.004531
2.172143,0.007537
2.191918,-0.004593
2.212092,-0.000843
2.232086,-0.001442
2.251822,0.001148
2.271803,0.001623
2.291922,0.005373
2.311847,-0.001730
2.331892,-0.005079
2.351897,-0.009030
2.371781,-0.004286
2.391825,0.002637
2.411775,-0.003306
2.431821,0.001048
2.453012,-0.002483
2.471754,-0.001781
2.492916,-0.001192
2.511835,0.004476
2.532663,0.001138
2.552749,0.005066
2.572648,-0.003977
2.592674,0.002670
2.612632,0.001142
2.632642,0.000574
2.652639,0.002772
2.672568,0.005151
2.692715,-0.003043
2.712585,-0.004042
2.733028,-0.006330
2.752485,-0.001038
2.772494,0.002147
2.792654,-0.002981
2.812637,0.003606
2.832828,-0.006496
2.852439,-0.001389
2.872549,0.002307
2.892474,0.002533
2.912469,0.003134
2.932666,0.005684
2.952437,0.000178
2.972549,-0.003539
2.992511,-0.003470
3.012802,-0.000923
3.032509,-0.001652
3.052271,0.004708
3.072346,-0.002390
3.092761,-0.001469
3.112414,-0.006530
3.132503,-0.001257
3.152469,-0.006206
3.172285,-0.008287
3.192422,-0.004809
3.212533,-0.015581
3.232346,-0.003351
3.252216,0.000907
3.272237,-0.002769
3.292549,0.008498
3.312248,0.005033
3.332192,0.010574
3.352249,0.006776
3.372740,-0.010053
3.392112,0.009746
3.412994,0.015734
3.431951,-0.017701
3.452123,0.002603
3.472458,0.001057
3.492001,0.025188
3.512106,-0.013074
3.532028,-0.008132
3.551889,-0.009950
3.572094,-0.017031
3.591916,-0.010643
3.612124,-0.023621
3.631828,-0.019758
3.652059,-0.043337
3.671985,0.004492
3.692966,-0.020485
3.712127,0.004513
3.731905,-0.014206
3.751723,0.002961
3.773312,-0.016961
3.793137,-0.001951
3.812690,-0.020370
3.832849,-0.000128
3.852654,0.002675
3.873327,-0.015806
3.893225,0.012079
3.912661,-0.005786
3.932607,0.002820
3.952613,0.003221
3.972593,-0.014794
3.992719,0.010326
4.012545,0.001935
4.032508,-0.006226
4.052539,-0.005336
4.072608,0.010273
4.092604,0.007556
4.112593,-0.010166
4.132763,0.009423
4.152976,-0.012312
4.172556,-0.011984
4.192463,0.009480
4.212480,0.002184
4.232666,-0.002966
4.252583,-0.021102
4.272498,-0.012077
4.292545,-0.017950
4.312306,0.009082
4.332292,0.000286
4.352270,-0.019946
4.372358,-0.011963
4.392403,-0.003509
4.412322,-0.004462
4.432281,-0.015481
4.452300,-0.001021
4.472710,-0.020161
4.492311,-0.014597
4.512707,-0.018837
4.532245,0.000073
4.552225,-0.002869
4.572311,-0.003142
4.592579,-0.013845
4.612128,-0.013527
4.632253,0.013969
4.652124,0.010956
4.672153,-0.016694
4.692358,0.018763
4.711980,-0.011663
4.732148,0.024518
4.752003,-0.010424
4.772160,0.041556
4.792119,-0.010354
4.812036,-0.022605
4.831960,0.019471
4.852033,-0.000953
4.872409,-0.007079
4.892055,-0.002350
4.911885,0.011656
4.931840,0.017345
4.951959,-0.016114
4.972104,-0.015830
4.992549,-0.035226
5.011830,-0.013933
5.031799,0.008959
5.052044,-0.027901
5.072253,-0.005828
5.092749,0.005103
5.111958,-0.006580
5.131776,-0.012314
5.152737,0.004325
5.172969,-0.005483
5.192735,-0.014037
5.212745,-0.007307
5.232646,-0.004853
5.252573,0.001564
5.272850,0.006434
5.292594,0.009205
5.312939,0.010553
5.332638,0.006393
5.352525,0.010132
5.372727,0.000581
5.392834,0.003764
5.412483,-0.018255
5.432905,0.003124
5.452884,0.018747
5.474408,0.001526
5.492588,-0.010849
5.512958,-0.000596
5.532686,-0.002254
5.552559,-0.010917
5.572695,-0.012807
5.592387,-0.000215
5.612367,0.007111
5.632453,-0.016955
5.652311,-0.001623
5.672682,-0.003545
5.692876,-0.000796
5.712348,-0.001483
5.732355,0.000531
5.752208,0.010813
5.772308,0.024206
5.792317,0.025954
5.812259,0.030687
5.832239,0.009054
5.852307,-0.015051
5.872152,-0.018514
5.892142,-0.006776
5.912494,0.025004
5.932201,0.010856
5.952618,-0.001357
5.972622,-0.024898
5.992112,-0.025030
6.012176,-0.016759
6.032228,0.019186
6.052059,0.021417
6.072058,0.001817
6.092141,-0.021300
6.112185,0.011161
6.132091,0.016044
6.152059,0.018353
6.172069,0.015882
6.191978,-0.006996
6.212016,0.006670
6.232028,-0.009324
6.251869,0.011718
6.271847,0.018239
6.292311,0.004627
6.312167,-0.013735
6.332025,0.009250
6.351870,0.003831
6.372751,-0.012675
6.392770,-0.007308
6.412746,0.017593
6.432828,-0.001719
6.452748,0.015263
6.472683,-0.005670
6.492679,0.002206
6.514978,0.021274
6.532686,0.011286
6.552673,-0.018580
6.572624,-0.009423
6.592555,0.018194
6.612938,-0.001719
6.632655,0.013960
6.656903,0.007604
6.673003,0.008959
6.692756,0.010082
6.713005,-0.005540
6.732550,-0.008968
6.752680,-0.005588
6.772787,0.024407
6.792629,0.000175
6.812890,0.021276
6.832647,0.013868
6.852815,-0.025451
6.872828,0.022107
6.892537,0.003739
6.912723,-0.012840
6.932841,0.020629
6.952298,-0.005793
6.972519,-0.018345
6.992525,0.000289
7.012271,0.019391
7.032615,-0.001404
7.052250,0.016255
7.072380,0.001927
7.092525,-0.029444
7.112257,0.003335
7.132548,-0.008506
7.152436,-0.006785
7.172210,0.025081
7.192182,-0.005835
7.212656,-0.014086
7.232194,0.021024
7.252124,0.007280
7.272203,0.008920
7.292255,-0.001724
7.312940,0.003832
7.332158,0.002666
7.352296,-0.012937
7.372099,0.024098
7.392020,0.017782
7.412204,0.007103
7.432086,0.007956
7.452040,-0.003084
7.472043,-0.007214
7.492015,-0.025226
7.511996,0.004127
7.532013,0.016900
7.551924,-0.019382
7.571949,0.019376
7.591996,-0.005758
7.612230,-0.004578
7.631904,0.019805
7.651857,-0.003126
7.671873,-0.010168
7.692804,-0.024646
7.711820,0.002260
7.731971,-0.000060
7.751739,-0.004092
7.772083,0.013396
7.792898,0.002797
7.811895,0.015537
7.832866,-0.019621
7.852734,-0.006398
7.872865,-0.000046
7.892724,-0.021601
7.912808,0.029357
7.932964,-0.017762
7.953275,-0.004664
7.972878,-0.001000
7.992737,0.004116
8.012822,0.034432
8.032708,-0.023768
8.052576,0.000114
8.072689,-0.018110
8.092565,-0.028571
8.112540,0.035794
8.132562,-0.017882
8.152686,0.004150
8.172628,-0.016275
8.192466,0.008803
8.212591,-0.009772
8.232794,-0.013544
8.254925,0.004394
8.272800,0.001961
8.292498,0.004496
8.312648,0.012928
8.332425,0.016421
8.352478,0.002937
8.372643,0.039763
8.392343,-0.003742
8.412307,0.006784
8.432398,-0.006216
8.452309,0.006733
8.472394,0.006378
8.492249,-0.004126
8.512499,0.019640
8.532387,-0.027334
8.552447,-0.004684
8.573182,-0.010492
8.592273,-0.004926
8.612211,-0.020997
8.632618,-0.001891
8.652468,-0.000776
8.672333,-0.013173
8.692086,0.000018
8.712289,0.012700
8.732322,0.027704
8.752079,0.000680
8.772242,0.018825
8.797588,-0.010197
8.812021,-0.003063
8.832082,-0.010845
8.852061,0.024175
8.872190,-0.002897
8.892116,-0.004990
8.912187,0.016459
8.932055,-0.018370
8.952006,0.001422
8.972125,-0.017262
8.992008,-0.012229
9.012030,-0.023303
9.031889,-0.007788
9.052015,0.007229
9.071925,-0.009100
9.092886,0.007825
9.112005,-0.003416
9.131999,0.015218
9.151767,-0.028097
9.171888,-0.008381
9.192807,-0.011169
9.213243,-0.003791
9.232790,0.004029
9.252679,0.013793
9.272731,0.010172
9.292903,-0.009442
9.313058,0.012403
9.333069,-0.010245
9.352632,-0.003912
9.372699,-0.014175
9.392707,-0.005667
9.412652,-0.005095
9.432618,0.016112
9.452668,0.018624
9.472646,0.017396
9.492943,0.010789
9.512557,-0.007057
9.533130,0.000201
9.552539,-0.025378
9.572519,0.021810
9.592612,-0.017546
9.612581,0.019235
9.632730,0.012702
9.652803,0.001964
9.672459,0.009376
9.692524,-0.016611
9.712469,0.002966
9.732562,-0.019648
9.752714,-0.013868
9.772431,0.013974
9.792485,-0.001239
9.812756,0.013840
9.832471,0.008060
9.852428,0.008070
9.872864,-0.005142
9.892313,0.006995
9.912739,0.005698
9.932637,0.002474
9.952293,-0.020445
9.972593,0.022062
9.993100,-0.005752
10.012340,0.001592
10.032474,0.012606
10.052188,0.004972
10.072215,0.019370
10.092161,-0.015923
10.112148,0.000258
10.132340,0.008561
10.152356,-0.005631
10.172283,0.046943
10.192300,0.013082
10.212228,0.008302
10.232235,0.020919
10.252120,0.008569
10.272056,0.017363
10.292077,-0.012625
10.312085,0.003326
10.332050,-0.017522
10.352165,0.003918
10.372046,0.027490
10.392510,0.008508
10.412152,0.006385
10.431990,0.023919
10.451971,-0.017315
10.472673,0.002388
10.492165,-0.002884
10.512261,-0.002450
10.531910,0.004959
10.551870,0.000517
10.572085,0.037789
10.592838,-0.022316
10.611890,0.017633
10.632879,0.012436
10.652892,0.015119
10.672841,-0.013614
10.692957,0.008048
10.712860,0.004421
10.732798,0.006731
10.752720,-0.015705
10.773377,0.027789
10.792804,0.008227
10.814272,0.013279
10.833087,0.004725
10.852725,0.007836
10.872802,-0.022772
10.892595,-0.031710
10.912577,0.007814
10.932805,0.009754
10.952688,0.019297
10.972702,-0.000010
10.992586,0.014239
11.012629,-0.004774
11.032668,-0.003298
11.052639,-0.013480
11.072572,0.017635
11.092636,-0.019627
11.112735,0.009762
11.132731,-0.006104
11.152882,-0.001358
11.172472,0.017239
11.192688,-0.001813
11.212424,0.026515
11.232485,-0.003210
11.252430,-0.010864
11.272357,-0.010991
11.292298,0.010497
11.312575,0.032924
11.332357,0.019716
11.352666,0.009035
11.372310,0.019624
11.392952,0.000932
11.412240,-0.012499
11.432383,0.023884
11.452708,-0.005252
11.472203,0.005964
11.492122,-0.014941
11.512149,0.018076
11.532101,-0.006015
11.552078,0.012595
11.572194,0.026079
11.592100,-0.016786
11.612090,-0.003494
11.632124,-0.035361
11.652057,0.010618
11.672587,0.008571
11.691984,0.016341
11.711994,0.013277
11.732388,0.013879
11.752016,-0.008324
11.772068,-0.002306
11.792001,0.000468
11.812428,0.002272
11.832038,0.011012
11.851853,-0.006795
11.872188,0.008126
11.892867,-0.016980
11.911889,0.017731
11.932889,0.000708
11.951839,0.019392
11.971836,-0.003394
11.993225,-0.011782
12.012844,-0.005414
12.032895,-0.007680
12.052773,0.026633
12.072925,0.005147
12.093008,0.009159
12.113047,0.010003
12.132709,-0.000685
12.152704,-0.014711
12.172688,0.006293
12.192720,-0.011805
12.213093,-0.002035
12.232673,-0.016282
12.252616,-0.001234
12.272648,-0.021468
12.292599,-0.018833
12.312634,0.021693
12.332619,-0.023655
12.352689,-0.014141
12.372755,-0.042197
12.392620,0.005162
12.412999,-0.007002
12.432607,0.005015
12.452480,0.023737
12.472592,-0.010794
12.492672,-0.017466
12.512816,0.004775
12.532613,-0.008428
12.552571,-0.001422
12.574015,-0.006727
12.592819,-0.038943
12.612388,0.027572
12.632459,0.006555
12.652341,0.033917
12.672322,-0.025069
12.692393,-0.039868
12.712586,-0.006932
12.732425,-0.023611
12.752642,-0.033180
12.772749,-0.037206
12.792682,-0.013568
12.812244,0.025335
12.832262,0.005900
12.852526,-0.028073
12.872190,-0.004940
12.892184,-0.021703
12.912150,0.027911
12.932298,-0.036477
12.952184,-0.004403
12.972151,-0.002702
12.992206,-0.012476
13.012135,0.010750
13.032114,-0.018642
13.052164,0.025995
13.072202,-0.027711
13.092226,-0.003186
13.112227,0.001135
13.132043,0.012757
13.151942,-0.021736
13.171968,0.004104
13.192327,0.008537
13.212298,-0.010364
13.231903,0.008093
13.251945,0.001226
13.272079,-0.000671
13.292920,-0.027384
13.311954,0.004386
13.331920,0.002971
13.351827,-0.012874
13.372183,0.004711
13.393197,-0.016600
13.412868,0.009525
13.433359,-0.008689
13.452927,0.019158
13.472743,-0.017664
13.493159,-0.028892
13.512712,-0.000741
13.532745,-0.007428
13.552905,0.026913
13.572771,0.009777
13.592794,0.022719
13.612736,-0.004412
13.632743,-0.008968
13.652733,0.039925
13.672697,-0.013079
13.692864,0.014635
13.713842,-0.011161
13.732636,0.006297
13.752739,-0.003133
13.772813,0.011663
13.792519,0.028443
13.812689,-0.017227
13.832541,0.014178
13.852566,-0.030147
13.872500,-0.018801
13.893064,-0.009556
13.912585,-0.008530
13.932468,0.006587
13.952526,-0.029183
13.972570,-0.005494
13.992697,-0.010104
14.012617,0.004569
14.032721,-0.013514
14.052888,0.009852
14.072460,-0.019342
14.092379,-0.010377
14.112342,-0.017130
14.132463,0.012794
14.152303,0.018282
14.172424,0.004726
14.192285,0.021545
14.212208,-0.020884
14.232655,-0.006112
14.252181,-0.016327
14.272244,0.007944
14.292251,-0.012193
14.312171,0.015150
14.332331,0.002797
14.352162,-0.000456
14.372547,-0.006566
14.392390,0.007232
14.412281,0.024204
14.432698,-0.007725
14.452372,0.007462
14.472272,-0.025304
14.492552,-0.013040
14.518895,-0.006743
14.532179,0.021565
14.552183,-0.009725
14.572146,0.004769
14.592330,-0.036188
14.612521,0.014242
14.632109,-0.032229
14.652054,0.001376
14.672588,0.027348
14.692063,0.010832
14.711900,0.022893
14.732881,-0.010404
14.753172,0.011299
14.772133,0.007464
14.793027,0.018285
14.812863,-0.003456
14.833045,0.005734
14.852778,-0.007082
14.872907,0.006713
14.893390,-0.003834
14.913209,0.017110
14.932817,0.010611
14.952735,0.019453
14.972878,-0.007860
14.992845,-0.007086
15.012807,0.013937
15.032720,-0.019490
15.052739,0.008348
15.073325,-0.003560
15.092649,0.011341
15.112688,-0.007433
15.132688,0.015763
15.152969,0.010102
15.172541,0.000812
15.192568,0.010109
15.212720,-0.003370
15.232457,-0.011189
15.252507,-0.031454
15.272466,0.017374
15.292719,0.008041
15.312481,0.011151
15.332505,0.015916
15.352421,0.009900
15.372524,-0.012088
15.392601,-0.020955
15.412448,0.031327
15.432361,-0.003593
15.452683,-0.000502
15.472470,0.009406
15.492592,0.009650
15.512450,-0.000687
15.532444,-0.010402
15.552439,0.015335
15.572574,-0.033675
15.592295,-0.012190
15.612335,-0.018632
15.632215,0.020155
15.652224,-0.012948
15.672668,0.006057
15.692133,0.002878
15.712137,-0.013993
15.732357,-0.005427
15.752162,-0.033147
15.772228,-0.013493
15.792478,-0.024016
15.812882,0.017519
15.832555,-0.006329
15.852091,0.008715
15.872146,-0.030352
15.892092,-0.007177
15.912404,0.012208
15.932202,0.018162
15.952193,0.010865
15.972476,-0.014619
15.993059,-0.021673
16.012246,0.005026
16.031869,0.024335
16.053109,-0.009071
16.073837,-0.001753
16.093043,0.009629
16.112880,-0.004683
16.132900,-0.021984
16.152959,0.007917
16.173305,0.030483
16.192961,-0.018783
16.212910,0.012703
16.232686,-0.012898
16.252962,0.019474
16.272727,-0.018073
16.292818,0.032269
16.312749,-0.001582
16.332734,0.001620
16.352620,-0.029803
16.372768,-0.007872
16.392674,-0.009899
16.412972,-0.015147
16.432844,0.028481
16.452546,0.001208
16.472602,0.008756
16.492736,-0.003608
16.512581,-0.009466
16.532795,-0.007183
16.552478,0.008428
16.572608,0.014789
16.592521,0.012657
16.612403,0.018855
16.632468,0.031997
16.652457,-0.011344
16.672511,0.009450
16.693074,-0.003168
16.712491,0.006917
16.732421,0.010845
16.752396,-0.006527
16.772352,0.025978
16.792408,0.025485
16.812411,0.007296
16.832327,0.002436
16.852625,0.003067
16.872460,0.013973
16.892518,-0.024332
16.912608,-0.005244
16.932329,0.000824
16.952392,-0.008931
16.972371,-0.021336
16.992579,0.044481
17.012376,0.010687
17.032199,0.017539
17.052300,0.000179
17.072147,0.049783
17.092089,-0.026516
17.112116,-0.009254
17.132210,0.023694
17.152115,0.008090
17.172152,0.024344
17.192227,0.000276
17.212169,0.031410
17.232118,-0.010946
17.252031,0.002658
17.272159,-0.000189
17.292269,-0.002936
17.312140,-0.001315
17.332127,-0.012996
17.352102,0.012801
17.373080,0.017882
17.393358,0.001159
17.413004,-0.003757
17.433018,-0.000045
17.452954,-0.021020
17.472901,-0.000610
17.493244,-0.001574
17.512842,0.014097
17.532918,0.026619
17.552892,0.001283
17.572952,0.018095
17.592990,-0.016078
17.612935,0.021835
17.633022,-0.002608
17.652858,0.010874
17.672761,0.005070
17.692684,-0.025625
17.712834,-0.012128
17.732726,0.013866
17.752827,0.026425
17.772649,-0.028903
17.792660,-0.002460
17.812663,-0.005910
17.832525,-0.020570
17.852647,-0.015919
17.872604,-0.002773
17.892614,0.007282
17.912573,-0.035635
17.932653,-0.007369
17.952538,-0.019167
17.972690,-0.024180
17.992585,-0.028408
18.012543,0.007089
18.032474,-0.020201
18.052437,-0.039155
18.072925,-0.012848
18.092812,-0.000678
18.112467,0.018030
18.132507,-0.019390
18.152373,0.008105
18.172638,-0.004876
18.192351,-0.021090
18.212762,0.011310
18.232423,-0.015500
18.252689,0.024783
18.272365,-0.016814
18.292621,0.002178
18.312247,-0.007720
18.332249,0.001340
18.352290,0.002954
18.372201,0.005428
18.392230,0.016932
18.412246,-0.046182
18.432208,-0.025542
18.452146,-0.019493
18.472081,-0.008717
18.494030,-0.010293
18.512190,0.004572
18.532102,-0.027141
18.552263,-0.009957
18.572073,-0.006475
18.592388,-0.017778
18.612140,0.018272
18.632002,-0.029696
18.652086,-0.003342
18.672025,-0.012199
18.692485,0.002463
18.712056,0.013599
18.733007,-0.007863
18.751905,-0.005471
18.773378,-0.021564
18.793149,-0.020382
18.813040,-0.002282
18.832998,-0.002812
18.852845,0.020603
18.872931,0.007129
18.892948,-0.000056
18.913800,0.002211
18.932888,0.004595
18.952766,-0.015031
18.973137,0.003150
18.992817,-0.001395
19.012680,-0.007667
19.032881,-0.017090
19.053154,0.001662
19.072766,0.016952
19.092792,0.014083
19.112885,-0.002592
19.132939,-0.020411
19.152905,-0.012313
19.172719,-0.041301
19.192850,-0.008638
19.212612,-0.003576
19.232635,-0.006905
19.252657,-0.004018
19.272506,0.003430
19.292638,0.019358
19.312676,-0.011113
19.332528,0.010097
19.352654,-0.010954
19.372491,0.006961
19.392544,-0.017996
19.412555,0.006939
19.432515,0.034613
19.452695,0.016847
19.472437,0.025979
19.492401,-0.001838
19.512642,0.005875
19.532502,-0.019844
19.552760,-0.002293
19.572496,-0.020770
19.592403,0.004201
19.612593,-0.010999
19.632444,0.048817
19.652370,-0.002879
19.672487,-0.007506
19.692272,-0.002721
19.712248,0.016706
19.732287,-0.016337
19.752630,0.006263
19.772355,-0.016543
19.792853,-0.003094
19.812370,0.020654
19.832318,0.014759
19.852286,0.032976
19.872193,-0.026218
19.892513,0.018411
19.912228,-0.018852
19.932482,-0.018507
19.952115,-0.003065
19.972170,0.006140
19.992085,-0.009866
20.012071,0.008261
20.032190,0.028965
20.052025,0.010180
20.072288,0.008804
20.095062,-0.004139
20.111982,0.033507
20.133168,-0.023849
20.153073,0.004847
20.172054,0.001145
20.193350,-0.001249
20.212067,-0.001560
20.232868,0.017498
20.252931,-0.015019
20.273699,0.003481
20.292996,-0.022632
20.313429,-0.027193
20.332815,0.010146
20.352765,-0.010249
20.372965,0.000295
20.392775,0.011678
20.413237,0.013463
20.433043,-0.017411
20.452681,-0.015472
20.473198,-0.013867
20.493104,-0.000418
20.512696,0.008765
20.532815,-0.006342
20.553782,-0.023874
20.573014,0.019766
20.592776,-0.014145
20.612705,0.003709
20.632751,0.004913
20.652539,0.000721
20.672602,-0.010736
20.692652,-0.012861
20.712606,-0.008231
20.732669,0.000884
20.752559,-0.018114
20.772547,0.015960
20.792916,0.025151
20.812825,0.016795
20.832499,0.016025
20.852407,-0.012616
20.872556,0.014323
20.892510,-0.011181
20.912615,0.017805
20.932460,0.015604
20.952554,0.020566
20.972583,-0.001938
20.992512,0.001878
21.012892,0.021369
21.032337,-0.016805
21.054306,0.000701
21.072304,-0.011432
21.092384,0.011949
21.113577,-0.019002
21.132339,-0.006963
21.152239,0.007681
21.172528,0.016607
21.192233,-0.012516
21.212282,0.005633
21.232384,-0.012254
21.252100,-0.011290
21.272227,-0.006664
21.292161,0.009855
21.312135,0.036727
21.332130,0.008873
21.352345,0.033048
21.372373,-0.001061
21.392201,0.020293
21.412095,-0.003408
21.432083,0.018131
21.452068,-0.014059
21.472540,0.011460
21.492354,-0.003697
21.512180,-0.002714
21.532025,0.016221
21.551982,0.004860
21.572984,0.012952
21.592954,-0.010004
21.612965,0.015691
21.633010,0.000291
21.652878,-0.013316
21.672899,0.004636
21.693239,0.033804
21.713216,-0.008738
21.732894,0.011329
21.752853,-0.032836
21.773569,0.002695
21.792777,-0.039307
21.813001,-0.012692
21.832806,0.003093
21.852815,-0.017531
21.872956,-0.005298
21.892823,-0.028090
21.912894,0.013336
21.932774,-0.007812
21.952730,0.007757
21.972686,0.006182
21.992607,-0.010290
22.012748,-0.011826
22.032693,0.006605
22.053032,-0.000964
22.072912,0.003226
22.092769,0.013715
22.112515,-0.009463
22.132804,-0.005963
22.152606,-0.026335
22.172985,0.015242
22.192582,0.003293
22.212601,-0.006778
22.232537,0.005756
22.252479,-0.017300
22.272652,-0.004657
22.292619,0.006225
22.312591,0.018595
22.332604,-0.014029
22.352628,-0.005098
22.372458,-0.003974
22.392492,-0.018972
22.412940,0.000262
22.432450,-0.001551
22.452471,0.024371
22.472498,-0.015521
22.492428,0.013578
22.512416,-0.026064
22.532373,-0.025405
22.552384,0.024905
22.572313,-0.014179
22.592540,-0.003104
22.612349,-0.032951
22.632346,0.001083
22.652474,-0.000431
22.672265,0.005770
22.692190,0.017943
22.712573,-0.020460
22.732175,0.016764
22.752213,-0.014604
22.772130,-0.002751
22.792414,0.013629
22.812121,-0.004601
22.832234,0.021850
22.852095,-0.001570
22.872120,0.014871
22.892097,-0.026370
22.912229,0.002424
22.931989,-0.014329
22.952002,-0.026978
22.973389,-0.005749
22.992101,0.018281
23.013230,-0.000152
23.033422,-0.019403
23.052965,0.040147
23.072983,-0.003193
23.093436,0.009992
23.113027,0.006803
23.133101,-0.009863
23.153049,0.015588
23.172990,-0.013341
23.192927,0.012827
23.213345,0.008604
23.233061,0.006762
23.252886,0.002662
23.272896,0.010563
23.293400,-0.013660
23.313150,0.007623
23.333344,-0.003649
23.352751,-0.002426
23.372819,0.003651
23.392871,-0.018083
23.412990,0.009715
23.432693,-0.000106
23.453636,0.021409
23.472691,0.004445
23.492579,-0.002667
23.513096,-0.012191
23.532986,0.000236
23.552513,-0.009898
23.572650,-0.011595
23.592545,0.023413
23.612645,0.000398
23.632757,0.003949
23.652908,-0.019520
23.672670,0.008428
23.692545,-0.002191
23.712574,-0.031622
23.732664,0.014854
23.752513,-0.001336
23.772470,-0.004665
23.792449,-0.028306
23.812496,0.021609
23.832571,0.017569
23.852377,0.007576
23.872484,-0.004848
23.892349,0.005844
23.912328,-0.010595
23.932455,-0.027854
23.952513,0.002336
23.972329,-0.009305
23.993203,-0.013209
24.012266,-0.032472
24.032252,-0.006548
24.052339,-0.004969
24.072248,-0.023707
24.092431,-0.016168
24.112217,-0.003026
24.132189,-0.019524
24.152199,-0.038554
24.172189,-0.002333
24.192254,-0.014521
24.212381,-0.000045
24.232108,-0.008800
24.252113,0.004203
24.272568,-0.024559
24.292076,0.008065
24.312243,0.012877
24.332241,-0.015398
24.353004,0.048091
24.372176,-0.001536
24.392495,0.011845
24.412963,-0.002652
24.433259,0.018607
24.453057,0.000057
24.473394,-0.011819
24.492937,0.008855
24.512918,-0.011939
24.532919,-0.008074
24.552798,0.001060
24.573060,0.024724
24.593263,-0.003322
24.613345,-0.012679
24.632846,-0.007770
24.652731,0.014535
24.672897,-0.037052
24.692981,-0.012199
24.712775,0.021585
24.732774,-0.012218
24.752723,-0.012812
24.772833,-0.008597
24.792817,0.011685
24.812905,-0.006999
24.832850,-0.003025
24.852712,0.000705
24.872662,-0.014540
24.892636,-0.003099
24.912878,-0.001364
24.932691,0.033382
24.952757,-0.000047
24.972623,0.014115
24.992513,0.015351
25.012919,0.002925
25.032656,0.024542
25.052663,0.000204
25.072507,0.007845
25.092934,-0.005741
25.112942,0.021667
25.132481,0.024251
25.152517,0.003110
25.172629,0.034354
25.192614,-0.005002
25.212800,0.026018
25.232436,-0.028696
25.252291,0.010981
25.272373,0.018249
25.294938,-0.007224
25.312307,0.003659
25.332306,-0.002665
25.352418,0.020712
25.372327,-0.010542
25.392410,0.032913
25.412342,-0.005272
25.432313,0.015080
25.452291,0.001165
25.472218,0.012296
25.492332,0.015469
25.512156,0.004345
25.532285,0.040581
25.552106,0.010454
25.572116,0.005953
25.592223,-0.011920
25.612094,-0.012806
25.632640,0.006073
25.652103,-0.000025
25.672450,-0.006196
25.692050,0.001521
25.713412,0.007711
25.732217,-0.003776
25.753212,0.008775
25.772966,-0.002514
25.793137,0.003197
25.813031,-0.008524
25.833018,0.006006
25.853069,0.002940
25.873497,0.005386
25.892955,0.006500
25.912985,0.013635
25.932961,-0.013992
25.952880,-0.005054
25.973228,-0.007220
25.993059,-0.018872
26.012902,0.010208
26.032974,-0.007187
26.052854,0.010392
26.072878,-0.014500
26.092917,0.015536
26.112784,-0.008509
26.132965,-0.009840
26.153123,0.006540
26.172830,0.007578
26.193049,0.014504
26.212747,-0.021485
26.232717,0.013064
26.252734,0.003114
26.272645,0.028781
26.292833,0.012839
26.313153,0.025718
26.332615,-0.004007
26.352711,0.010842
26.372875,-0.021366
26.392843,0.021473
26.412917,0.015086
26.432603,0.015587
26.452687,0.023286
26.472548,0.017943
26.493512,0.002572
26.512560,0.017660
26.532639,0.031833
26.552929,-0.000914
26.572567,0.021142
26.592565,0.008134
26.612471,0.012312
26.632464,-0.007542
26.652502,0.030200
26.672556,0.006374
26.692458,0.040083
26.712758,0.019143
26.732388,-0.000077
26.752312,-0.005516
26.772769,0.018792
26.792461,0.034784
26.812503,-0.006094
26.832502,0.034060
26.852427,-0.000127
26.872320,0.034710
26.892547,0.008323
26.912274,0.031336
26.932228,0.028447
26.952216,0.022817
26.972545,0.013453
26.992246,0.003112
27.012232,0.023667
27.032336,0.026828
27.052152,0.014707
27.072182,0.010021
27.092194,0.016187
27.113312,-0.002834
27.132363,0.009679
27.152060,0.025363
27.172183,0.013710
27.193011,-0.005348
27.212976,0.014534
27.232986,0.009979
27.252934,0.029770
27.272969,0.057521
27.292923,0.004710
27.313425,0.003352
27.333049,-0.004722
27.353147,0.002000
27.372867,0.041792
27.392824,0.038768
27.413064,0.028750
27.432984,-0.004097
27.453138,-0.017366
27.472983,0.001022
27.492865,-0.008909
27.512882,-0.013875
27.532865,-0.012543
27.552725,-0.006591
27.572819,-0.025092
27.592771,0.015259
27.612821,-0.021976
27.632774,-0.011701
27.652677,-0.025128
27.672784,-0.012777
27.692690,-0.014108
27.712601,-0.008418
27.732581,-0.015084
27.752551,-0.012811
27.772739,-0.011963
27.792778,0.004051
27.812804,0.013241
27.832680,0.021959
27.852507,0.041607
27.872675,0.039192
27.892587,0.034012
27.912531,0.011085
27.932577,0.006665
27.952617,-0.010122
27.972648,-0.018690
27.992563,-0.024826
28.012839,0.001656
28.032486,0.026267
28.052295,0.011524
28.072403,0.047887
28.092552,0.017036
28.112460,-0.006877
28.132400,-0.004268
28.152488,-0.021703
28.172615,0.019552
28.192200,0.019557
28.212446,0.013831
28.232267,0.005904
28.252298,-0.013140
28.272428,-0.009559
28.292268,0.006614
28.312381,0.028069
28.332290,0.051230
28.352206,0.012789
28.372264,-0.022036
28.392118,0.008368
28.413235,0.017941
28.432420,0.026764
28.452016,-0.010490
28.472472,-0.013160
28.493012,0.012253
28.513098,0.043210
28.533048,0.011338
28.553137,0.000587
28.573043,0.015160
28.593020,0.032228
28.612966,0.050105
28.633051,0.014994
28.653009,-0.002578
28.673072,0.019978
28.693343,0.029079
28.712961,0.020020
28.733143,0.021378
28.752896,-0.013720
28.772894,-0.001331
28.793103,0.027086
28.812912,0.033945
28.832997,0.034780
28.853204,0.010096
28.872772,-0.021614
28.893202,-0.007773
28.912824,0.006763
28.932749,0.010360
28.952709,0.031509
28.972793,0.027568
28.992717,0.004895
29.012983,0.011034
29.033047,-0.014539
29.053085,0.000914
29.073387,0.001329
29.092978,0.034714
29.112887,0.041016
29.132602,0.020956
29.152651,0.040662
29.172635,0.031827
29.192567,0.009347
29.212585,-0.012259
29.232609,-0.019179
29.252674,-0.009871
29.272941,0.006364
29.292593,0.015778
29.312473,0.004710
29.332575,0.033740
29.352468,0.024412
29.372541,0.036885
29.392739,0.020144
29.412522,0.024417
29.432326,0.029620
29.452350,0.017765
29.472625,0.031545
29.492313,0.029783
29.512365,0.033702
29.532573,0.023232
29.552338,0.042873
29.572312,0.037574
29.592664,0.029047
29.612381,0.016073
29.632284,0.018261
29.653011,0.001703
29.672388,0.006662
29.692466,-0.001881
29.712747,0.022396
29.732217,0.018156
29.753128,0.050365
29.772301,0.049329
29.792344,0.044756
29.812205,0.036367
29.832056,0.022458
29.853514,0.028417
29.872183,0.002038
29.893302,0.003299
29.913093,0.006024
29.933084,0.000812
29.953066,0.003040
29.973030,0.006813
29.993283,-0.002121
30.013375,0.005360
30.033016,0.008114
30.052876,-0.001577
30.073094,-0.007859
30.093390,0.004990
30.113132,0.006329
30.132952,0.004582
30.152897,-0.008592
30.173198,0.002137
30.192995,-0.013586
30.212877,0.003082
30.232829,-0.023808
30.252724,-0.010575
30.273532,-0.022025
30.292897,0.003450
30.312916,-0.010268
30.332937,0.000295
30.352901,-0.018601
30.372737,0.006890
30.394908,-0.013600
30.412686,0.010172
30.432749,-0.015795
30.452786,-0.004807
30.472877,-0.017164
30.492715,-0.003436
30.512964,0.007126
30.532600,0.011061
30.552560,0.015883
30.572632,0.016581
30.592597,0.013070
30.612621,0.023084
30.632785,0.033556
30.652956,0.024350
30.672613,0.031375
30.692607,0.028821
30.712628,0.039262
30.732663,0.032391
30.752881,0.005410
30.772483,0.014648
30.792533,-0.006588
30.812538,0.011966
30.832608,0.000465
30.852487,-0.025781
30.873034,-0.018232
30.892513,0.004119
30.912460,0.017175
30.932629,0.021934
30.952386,0.022830
30.972396,0.025423
30.992437,0.014545
31.012376,-0.015723
31.032299,0.011461
31.052318,0.035152
31.072501,0.035884
31.092351,0.010016
31.112360,0.022055
31.132345,0.026084
31.152239,0.017225
31.172280,0.010928
31.192178,0.022935
31.212245,0.011969
31.232309,-0.001206
31.253268,0.012434
31.272292,0.006065
31.292578,0.001465
31.312382,0.004998
31.332110,-0.009550
31.353123,-0.002551
31.372326,0.011222
31.393067,-0.004234
31.413208,0.025270
31.433121,0.010001
31.453112,0.024596
31.473027,0.007748
31.493480,0.016603
31.513560,-0.013372
31.532987,0.025555
31.553056,-0.022384
31.573415,0.035275
31.592915,0.007015
31.613185,0.049573
31.632849,0.004053
31.652798,0.020433
31.672924,0.025531
31.693439,0.005075
31.712844,0.031815
31.732887,-0.003667
31.752837,-0.000533
31.772765,0.024372
31.792767,-0.009646
31.812737,0.004144
31.833102,0.000866
31.852699,0.000772
31.872728,0.008435
31.892791,0.010637
31.912717,0.001684
31.932785,0.012846
31.952583,0.015617
31.973048,0.020222
31.992650,0.012601
32.013266,-0.000862
32.032744,-0.010116
32.052689,0.015138
32.072631,0.010449
32.092592,0.017082
32.112520,0.005784
32.132649,0.023150
32.152614,0.022888
32.172583,0.006012
32.192545,0.006470
32.212832,0.008953
32.232537,0.003870
32.252536,0.016723
32.272695,0.021496
32.292559,0.003778
32.312891,0.011874
32.332461,0.002016
32.352388,0.015209
32.372414,0.030359
32.392388,0.022567
32.412413,0.013318
32.432460,-0.003842
32.452399,0.021147
32.472413,-0.005824
32.492433,-0.002773
32.512407,-0.017488
32.532590,0.018322
32.552263,0.039094
32.572739,0.038113
32.592440,0.009591
32.612254,0.018935
32.632293,-0.004405
32.653326,-0.020086
32.672208,-0.005219
32.692215,0.020748
32.712237,0.013291
32.733334,0.019804
32.753016,0.013790
32.773051,0.009828
32.793184,0.004281
32.813186,0.014427
32.833049,0.002964
32.852997,0.009186
32.873060,0.020197
32.893314,0.008589
32.913133,0.002785
32.933013,0.003070
32.952941,0.024910
32.973557,0.015791
32.992887,0.023582
33.013010,-0.007063
33.032907,0.005236
33.052981,-0.014005
33.072882,-0.004038
33.092843,-0.008391
33.112906,0.022333
33.132826,0.011585
33.152885,0.009805
33.172889,-0.007314
33.192852,-0.006565
33.212960,0.012039
33.232791,0.005703
33.252827,-0.008346
33.272740,-0.022003
33.292647,-0.029668
33.312705,0.007220
33.333064,0.024484
33.353054,0.032452
33.373125,-0.011775
33.392973,-0.007240
33.412778,-0.010230
33.433041,-0.006128
33.452549,0.013315
33.472560,0.003356
33.492709,0.009380
33.512983,0.004335
33.532848,-0.013619
33.552899,0.005988
33.572493,-0.003304
33.592741,-0.000746
33.612984,0.010246
33.632698,-0.026093
33.652647,0.007981
33.672567,-0.003310
33.694943,-0.036888
33.712591,0.046848
33.732448,0.005250
33.752475,-0.005811
33.772423,0.030705
33.792409,-0.018036
33.812495,0.005973
33.832431,-0.014693
33.852385,0.032037
33.872315,-0.011362
33.892405,0.008384
33.912598,0.022403
33.932361,0.003681
33.952271,-0.022504
33.972304,0.024523
33.992252,0.021325
34.012402,-0.000015
34.032352,0.017433
34.053420,-0.001860
34.074922,-0.002251
34.092789,0.012512
34.112477,0.016435
34.132143,0.007260
34.153146,-0.005603
34.173715,0.009949
34.193511,-0.008508
34.213056,0.003802
34.233188,0.000684
34.253036,0.021318
34.273147,-0.009106
34.293387,-0.011547
34.313171,0.035677
34.333351,0.000203
34.353034,-0.000868
34.373205,0.017845
34.393041,-0.017299
34.413046,-0.029878
34.432950,-0.005621
34.453088,0.027970
34.472906,-0.023519
34.493051,0.014732
34.512931,0.029211
34.532947,-0.011429
34.552925,0.024450
34.572948,-0.004886
34.593143,0.001447
34.612871,-0.000287
34.632746,-0.003273
34.652743,0.005124
34.673098,-0.033325
34.692818,0.007210
34.712805,0.021934
34.732796,0.024668
34.752736,-0.023980
34.772744,-0.016973
34.792904,0.030173
34.814039,-0.002684
34.832754,0.025097
34.852624,0.030334
34.872590,0.020315
34.892732,0.006847
34.912688,-0.022544
34.932625,-0.009811
34.952597,-0.002620
34.972778,-0.012993
34.992682,0.012010
35.012733,-0.008840
35.033063,-0.021909
35.052569,0.001857
35.072844,0.007637
35.092514,0.021608
35.112520,0.001561
35.132583,-0.017707
35.152748,0.017061
35.172524,-0.031220
35.192477,-0.013231
35.212477,-0.004432
35.232377,-0.015649
35.252602,0.000697
35.272431,-0.011126
35.292374,0.021824
35.312717,-0.027983
35.332357,0.015267
35.352374,-0.006830
35.373014,-0.006780
35.392334,-0.009887
35.412237,0.001758
35.432247,0.001723
35.452555,-0.031864
35.472635,0.020506
35.492309,-0.001126
35.512269,-0.000348
35.532214,-0.008142
35.553199,-0.004801
35.572263,0.002567
35.594517,-0.000692
35.612293,0.004116
35.632260,0.002862
35.653497,0.005865
35.673083,-0.003868
35.693081,-0.000746
35.713183,-0.018642
35.733077,-0.002559
35.753042,-0.016216
35.773319,0.004820
35.793019,-0.024719
35.813030,0.002783
35.832991,-0.010333
35.852921,0.024276
35.873038,-0.020230
35.892950,-0.015221
35.912962,-0.004069
35.932900,-0.007644
35.953061,0.007992
35.972920,0.029032
35.993258,-0.014634
36.013511,0.012645
36.033053,0.019481
36.052874,0.020009
36.072788,0.023788
36.093116,-0.036293
36.112890,0.009119
36.133235,-0.025984
36.152799,-0.010292
36.172707,-0.006378
36.192745,0.005583
36.213050,0.008347
36.232681,0.005007
36.252814,0.003468
36.272717,-0.032932
36.292783,-0.006648
36.312743,0.004299
36.332695,0.004260
36.352593,-0.007583
36.373317,0.026016
36.392606,-0.002073
36.412748,-0.019005
36.432626,0.028070
36.452557,-0.010190
36.472579,0.013580
36.493054,-0.027114
36.512634,0.007088
36.532500,-0.005046
36.552840,-0.015118
36.572580,0.061096
36.592704,-0.015766
36.612540,-0.012408
36.632417,0.008488
36.652392,-0.001079
36.672493,-0.006663
36.692651,-0.013971
36.712519,0.014199
36.732668,-0.000318
36.752499,-0.012108
36.772452,-0.001891
36.792442,0.007311
36.812352,-0.036675
36.832384,0.004565
36.852656,-0.005735
36.872318,-0.028876
36.892308,0.002021
36.912410,-0.021020
36.932302,0.002291
36.952399,-0.024070
36.972277,0.010864
36.992340,0.006574
37.012252,-0.016557
37.032187,0.013950
37.053442,-0.014764
37.072337,0.004579
37.092612,0.019562
37.112245,0.004448
37.132440,0.013378
37.153344,-0.000685
37.173407,0.004647
37.193136,0.007636
37.213125,0.020596
37.233211,-0.004441
37.253087,0.010577
37.273320,0.006274
37.293140,0.016863
37.313111,-0.002816
37.333006,0.005358
37.352969,0.041283
37.373950,-0.013686
37.392978,-0.005431
37.413018,0.006418
37.432900,-0.005756
37.452929,0.025660
37.473278,-0.009750
37.493061,-0.002456
37.512849,-0.014221
37.532875,-0.004640
37.552844,0.034429
37.573520,-0.019847
37.592887,-0.014773
37.612807,-0.015156
37.632871,0.006839
37.653162,0.011103
37.672853,-0.017844
37.693017,0.017994
37.712858,-0.000596
37.732762,0.002427
37.752708,0.028859
37.772917,0.002190
37.792705,-0.006357
37.812982,0.018717
37.832665,0.012592
37.852615,0.026169
37.872968,0.019286
37.892616,0.019513
37.912741,0.006899
37.932608,-0.010373
37.952686,0.037230
37.972723,0.010522
37.992569,0.006231
38.012641,0.012393
38.032561,0.005302
38.052559,0.038087
38.072515,-0.009331
38.092989,0.023166
38.112534,-0.001152
38.132554,0.017712
38.152429,0.021933
38.172447,-0.016694
38.192922,0.028276
38.212374,0.038320
38.232503,0.002599
38.252381,0.050469
38.272413,0.031924
38.292647,0.011397
38.312811,0.043947
38.332443,0.027820
38.352599,0.040399
38.372243,0.021033
38.392365,0.022341
38.412379,0.060964
38.432355,0.017073
38.452165,0.037283
38.472257,0.042707
38.493374,0.021914
38.513406,0.033609
38.532213,0.030302
38.552299,0.032230
38.572225,0.014347
38.593709,0.049746
38.613164,0.049003
38.633128,0.011455
38.653244,0.015384
38.673143,0.026449
38.693236,0.053241
38.713075,0.032925
38.733151,0.010066
38.752946,0.018272
38.773185,-0.007933
38.793313,0.019227
38.812878,0.039750
38.832979,0.045432
38.852910,0.040904
38.872960,0.031886
38.892918,0.005878
38.913027,-0.008834
38.932985,0.009952
38.952932,0.041428
38.973076,0.033021
38.992951,0.037042
39.012913,0.024804
39.032857,0.041441
39.052845,0.050291
39.072766,0.044137
39.092926,0.029570
39.112707,0.011359
39.132799,0.003351
39.152823,0.002777
39.172672,0.009792
39.192739,0.039645
39.212595,0.043543
39.232788,0.023231
39.252726,0.015315
39.272800,0.010137
39.292765,0.022438
39.312754,-0.001328
39.332724,0.033559
39.352557,0.006735
39.372954,0.016220
39.392956,0.015008
39.412613,0.023634
39.432547,0.038609
39.452560,0.046905
39.472513,0.040619
39.492543,0.009348
39.512805,0.017984
39.532537,-0.021756
39.552847,-0.028003
39.572392,-0.022243
39.592533,-0.011739
39.612912,0.020202
39.632771,0.027320
39.652766,0.036967
39.672460,0.010390
39.692455,-0.028729
39.712488,-0.011271
39.732380,0.001829
39.752263,0.010186
39.772316,-0.000694
39.792576,-0.004963
39.812236,0.000311
39.832277,-0.014541
39.853144,0.000567
39.873544,0.027002
39.892228,0.016770
39.913764,-0.006877
39.933243,-0.001856
39.953281,0.014548
39.973114,0.031169
39.993177,0.014369
40.013063,-0.009845
40.033006,-0.006812
40.052958,0.017740
40.075073,0.009887
40.093098,-0.006762
40.113587,-0.009346
40.132891,0.012718
40.152996,0.022492
40.173079,-0.012223
40.192945,-0.006853
40.212959,0.016692
40.233023,0.013280
40.253077,-0.005115
40.272945,-0.013760
40.292892,0.015770
40.313007,0.008827
40.332797,0.017300
40.352759,0.034793
40.372754,0.023861
40.392916,-0.004013
40.413162,0.007941
40.432740,0.023083
40.452746,0.012433
40.472766,0.010453
40.492688,0.001644
40.512709,-0.020250
40.532614,-0.005637
40.552614,0.004476
40.572922,-0.028475
40.592647,0.012620
40.612570,-0.001195
40.632553,-0.010496
40.652542,0.008461
40.672617,-0.013698
40.692739,-0.012562
40.712543,-0.015607
40.732582,-0.002245
40.752530,0.005345
40.772605,-0.014127
40.792659,0.020442
40.812419,0.001973
40.832496,0.010796
40.852825,0.018330
40.872803,0.009107
40.893136,0.010352
40.912453,0.010463
40.932380,0.039009
40.952300,0.009838
40.972499,0.042299
40.992954,0.051192
41.012597,0.042545
41.032328,0.041271
41.052497,0.045506
41.072407,0.054200
41.093258,0.042698
41.112199,0.015686
41.133442,0.012388
41.153131,0.029944
41.173645,0.027404
41.193121,0.022161
41.213281,0.020296
41.233340,-0.013678
41.253265,-0.007559
41.273234,0.002068
41.293255,0.002739
41.313165,0.007779
41.333220,0.012516
41.353327,-0.021563
41.373020,-0.020133
41.393276,-0.032820
41.412995,-0.023030
41.433073,0.016863
41.452912,0.011014
41.473326,0.002108
41.492985,0.006376
41.513094,-0.013191
41.532949,-0.029579
41.552971,-0.002319
41.572939,-0.024613
41.592830,-0.002961
41.612851,0.016051
41.632939,0.005093
41.652973,0.023937
41.672836,0.005318
41.692931,0.032363
41.712765,0.035753
41.732733,0.009134
41.753047,0.037841
41.772706,0.026848
41.793159,0.020666
41.812905,0.040016
41.832864,0.039067
41.854303,0.070421
41.872992,0.060609
41.893352,0.051519
41.912587,0.067207
41.932708,0.052764
41.952699,0.063131
41.972601,0.023257
41.992669,0.038252
42.012850,0.016514
42.032623,0.029427
42.052547,0.006331
42.072883,0.011438
42.092467,0.001519
42.112646,0.010176
42.132546,-0.003415
42.152566,0.007055
42.172603,0.016842
42.192761,0.012979
42.212429,-0.018722
42.232578,-0.004439
42.252565,-0.022821
42.272505,-0.014410
42.292797,-0.023321
42.312393,0.017722
42.332557,-0.017278
42.352401,-0.031672
42.372300,-0.000605
42.393530,0.015196
42.412250,-0.001265
42.432254,0.002826
42.452405,0.014471
42.472412,0.001161
42.493421,0.030830
42.512293,-0.003731
42.533262,0.025820
42.553302,0.021113
42.573260,0.005952
42.593180,0.026937
42.613198,-0.001005
42.633145,0.010271
42.653152,-0.004590
42.673327,0.030186
42.693308,0.014543
42.713582,0.030454
42.733157,0.005625
42.753084,0.041796
42.773030,0.003102
42.793144,0.006521
42.813627,0.012639
42.833193,-0.020636
42.852977,0.009178
42.873044,0.006923
42.893038,-0.003713
42.912994,0.011950
42.933122,0.034695
42.953327,0.012942
42.973130,0.018450
42.992947,0.004747
43.013108,0.010194
43.033087,-0.003418
43.052825,-0.020102
43.072834,-0.027985
43.093156,0.010517
43.113043,0.030268
43.132875,0.040609
43.153176,0.040489
43.172756,0.038376
43.192748,0.000522
43.212855,0.019137
43.232706,0.023817
43.252802,0.026152
43.273079,0.013053
43.293188,0.018056
43.313048,0.027067
43.332818,0.007598
43.352985,0.005247
43.372629,0.030532
43.392535,0.029166
43.412683,-0.013909
43.433215,-0.011220
43.453403,0.022523
43.472653,0.015446
43.492824,-0.021106
43.512815,-0.005984
43.533010,0.001846
43.552474,0.003252
43.572852,0.002035
43.592710,-0.029138
43.612580,-0.015755
43.632503,0.010984
43.652454,0.008954
43.672524,-0.009066
43.692406,-0.025763
43.712418,0.007037
43.732452,0.019184
43.752401,0.007461
43.772382,-0.006746
43.792632,-0.012965
43.812310,0.009264
43.832618,0.005832
43.852247,0.001220
43.873287,0.001625
43.893783,-0.008155
43.912416,0.007487
43.933568,0.018722
43.953242,0.028885
43.973170,-0.016368
43.993174,0.024403
44.013210,0.026201
44.033298,0.007950
44.053140,0.000147
44.073223,0.008339
44.093321,-0.013433
44.113226,-0.018608
44.133137,0.012194
44.153433,-0.002147
44.173132,-0.021814
44.193203,-0.002843
44.213085,-0.030589
44.233117,0.010702
44.253325,0.007407
44.273030,-0.016103
44.293242,-0.020270
44.313007,0.008054
44.332956,-0.003427
44.353694,0.001431
44.373039,0.002515
44.392944,0.002199
44.413102,0.006717
44.432903,0.008071
44.452828,-0.018030
44.472913,-0.006958
44.492970,0.024279
44.512881,0.000085
44.532816,0.002742
44.552844,0.008024
44.572904,0.001833
44.593091,-0.000673
44.612948,0.007032
44.632907,-0.003937
44.652790,0.006628
44.672883,-0.009731
44.692776,-0.012501
44.712981,0.037341
44.732729,0.006721
44.753049,0.005379
44.773062,-0.020350
44.792881,0.003662
44.812722,-0.015087
44.832666,0.010258
44.852582,0.002149
44.872601,-0.002593
44.892652,0.014513
44.912962,0.003387
44.932713,0.002915
44.952653,0.013674
44.972984,0.002001
44.992657,0.001359
45.012697,-0.002413
45.032452,-0.010452
45.052607,0.011357
45.072747,-0.014285
45.092620,-0.006189
45.112759,0.009587
45.132504,-0.024758
45.152468,-0.011701
45.172468,-0.009040
45.194848,-0.010052
45.213822,-0.007731
45.232375,-0.010330
45.252288,-0.003154
45.272745,-0.026928
45.293366,-0.001342
45.312271,0.001142
45.332454,-0.023863
45.352392,0.011980
45.372602,0.018834
45.393313,-0.008553
45.413471,-0.001214
45.433377,0.009813
45.453180,0.010097
45.473252,-0.004165
45.493276,-0.000902
45.513329,0.009397
45.533113,-0.024925
45.553065,-0.011795
45.573529,0.021506
45.593338,-0.012287
45.612979,-0.011212
45.633030,0.011289
45.653009,-0.015154
45.673226,-0.010504
45.693004,-0.008566
45.712960,-0.010820
45.732955,0.003800
45.752969,-0.008976
45.772965,-0.012694
45.792994,-0.002867
45.813945,-0.002426
45.832968,-0.000571
45.853280,0.012952
45.873103,-0.026226
45.892801,-0.022401
45.912916,0.011193
45.932892,-0.030531
45.952788,0.011680
45.972813,0.019566
45.992741,0.002720
46.012964,0.031683
46.032752,-0.000243
46.052654,-0.003408
46.072724,0.010377
46.093247,0.005965
46.113038,0.008655
46.132771,-0.026176
46.152827,0.011826
46.172853,0.006636
46.192722,-0.017643
46.212750,0.020281
46.232757,-0.016228
46.252597,-0.027080
46.272529,0.014423
46.292999,-0.005943
46.312643,-0.010834
46.333037,0.011856
46.352609,-0.008075
46.372525,0.012739
46.392804,-0.006899
46.412531,-0.015491
46.432468,0.008908
46.452626,-0.018479
46.472627,0.015764
46.492613,0.003394
46.512546,-0.020011
46.532538,0.000028
46.552426,0.003455
46.572422,-0.002028
46.593484,-0.001246
46.612346,-0.015074
46.632492,-0.031943
46.652959,-0.001076
46.672785,-0.020113
46.693274,-0.031964
46.712371,0.000029
46.733670,-0.021427
46.753336,-0.016324
46.773170,-0.007516
46.793507,-0.006418
46.813300,0.022190
46.833134,-0.015230
46.853111,0.005295
46.873136,0.001416
46.893136,-0.019384
46.913092,0.026342
46.933374,0.003147
46.953105,-0.007124
46.973285,-0.005688
46.993248,-0.008294
47.013100,-0.017674
47.033145,-0.010804
47.053017,0.014833
47.073173,-0.010794
47.093124,0.021824
47.113442,0.021047
47.133631,-0.013550
47.153074,0.008732
47.173090,-0.015940
47.193145,-0.037497
47.212921,0.008412
47.232937,0.002056
47.252903,-0.011820
47.272973,-0.015633
47.293195,0.001109
47.312930,-0.011794
47.332833,-0.001643
47.353009,-0.036824
47.372825,-0.022649
47.392758,-0.031924
47.413252,-0.015709
47.432740,0.012217
47.452913,-0.006065
47.472778,0.020032
47.493054,-0.022067
47.512864,-0.000298
47.532677,0.000153
47.552684,0.014139
47.572828,0.028494
47.592756,-0.010854
47.612894,0.025971
47.632781,-0.025044
47.652729,0.019377
47.672873,0.033683
47.692698,-0.010488
47.712567,0.003829
47.732718,-0.021276
47.752696,-0.021456
47.772516,0.001452
47.792744,0.003906
47.812738,-0.016646
47.832614,-0.014626
47.852424,-0.014996
47.872565,-0.025075
47.892568,0.005718
47.912465,-0.005353
47.932581,-0.009168
47.952601,-0.008638
47.972641,-0.001810
47.992535,-0.011096
48.012397,-0.004334
48.033330,0.044463
48.052400,-0.004698
48.073343,0.015289
48.093264,-0.011729
48.113290,-0.017110
48.133583,0.018284
48.153197,0.009901
48.173154,0.010749
48.193182,-0.003426
48.213231,0.000248
48.233159,0.007282
48.253268,0.006585
48.273515,0.012193
48.293153,-0.028198
48.313252,-0.012372
48.333079,0.001976
48.353142,-0.012790
48.373869,-0.015697
48.393598,0.013125
48.413050,-0.023861
48.433208,-0.001190
48.452937,0.016839
48.473041,-0.036994
48.493443,0.000631
48.512930,0.005301
48.533216,-0.012782
48.553187,0.022529
48.573007,0.010948
48.592935,0.001613
48.612830,0.000049
48.632976,0.040794
48.652850,-0.003485
48.672838,0.020211
48.692904,0.040661
48.712986,-0.027245
48.733095,0.024439
48.752870,0.015963
48.772874,-0.015636
48.792767,0.032737
48.812793,-0.018063
48.832721,-0.029517
48.852691,-0.018440
48.872787,0.012631
48.895066,0.000701
48.912652,-0.016620
48.932804,0.017381
48.952585,-0.029108
48.972880,0.004405
48.992615,0.030177
49.012650,-0.036086
49.032593,0.013191
49.054909,-0.001266
49.072529,-0.002631
49.092653,0.031073
49.113079,-0.012066
49.132628,-0.010379
49.152640,-0.010250
49.172958,0.007312
49.192430,0.004095
49.212548,-0.012026
49.232540,0.001013
49.252697,-0.011496
49.272618,0.016772
49.292383,0.029043
49.312800,-0.018067
49.332615,0.011642
49.352815,0.003750
49.372381,-0.027185
49.392351,0.025429
49.413590,-0.011677
49.433851,-0.002096
49.453787,0.002315
49.473393,-0.030043
49.493510,0.019444
49.513207,-0.012408
49.533408,-0.023801
49.553130,-0.002597
49.573253,-0.017347
49.593150,-0.018492
49.613344,0.006948
49.633135,-0.005040
49.653166,-0.003330
49.673023,-0.000576
49.693151,-0.004441
49.713286,-0.011171
49.733047,-0.021451
49.753108,0.003035
49.773224,-0.004790
49.793031,-0.015511
49.813347,0.015025
49.833009,0.000097
49.853029,-0.001781
49.873600,0.004948
49.892994,0.002183
49.912957,-0.013687
49.933690,0.017971
49.952902,-0.026890
49.973068,-0.007531
49.993204,0.005670
50.013327,-0.010930
50.032941,0.015109
50.053241,-0.007260
50.072799,-0.008672
50.092760,0.023716
50.112798,-0.013798
50.132946,-0.009762
50.152679,-0.006520
50.172791,0.015731
50.192714,0.002808
50.212731,-0.014110
50.232817,0.013196
50.252625,-0.018154
50.272671,-0.003300
50.292687,-0.004018
50.312578,-0.008636
50.333670,-0.020124
50.352554,-0.017031
50.372806,0.012457
50.392562,-0.007737
50.412593,0.010580
50.432562,0.014209
50.452454,-0.016151
50.472560,-0.000193
50.492741,0.007487
50.512555,0.013297
50.532585,0.022356
50.553196,0.021921
50.573584,0.019529
50.592548,0.008683
50.613211,0.014483
50.632401,0.000135
50.652657,0.001406
50.673463,0.026651
50.693601,-0.018101
50.713278,-0.012299
50.733396,0.019938
50.753364,0.000644
50.773353,0.002483
50.793242,0.028587
50.813640,-0.013490
50.833419,-0.013038
50.853244,0.010623
50.873237,0.003451
50.893339,-0.005013
50.913202,0.006811
50.933136,0.001436
50.953181,0.008722
50.973147,-0.021006
50.993353,0.009188
51.013702,0.013990
51.033582,-0.002281
51.053007,0.027553
51.073169,-0.004467
51.093225,-0.011642
51.113091,0.011961
51.133090,0.011720
51.152976,0.004455
51.172962,-0.006679
51.192919,-0.012258
51.213041,0.011839
51.232986,-0.003232
51.252972,-0.015265
51.272978,0.011290
51.293064,0.007811
51.312868,0.007507
51.332919,-0.014648
51.352863,-0.006387
51.372850,0.009085
51.392832,-0.006800
51.413125,-0.007317
51.432870,0.014448
51.452977,-0.016778
51.472835,-0.003968
51.492694,0.041746
51.512725,0.010467
51.532846,0.014465
51.552721,0.023407
51.572892,-0.014257
51.592809,0.021165
51.612821,-0.002490
51.632660,0.008694
51.652554,0.008310
51.672778,-0.024393
51.693081,0.033285
51.713168,-0.008657
51.732828,-0.023809
51.752689,0.030819
51.772664,0.005358
51.792655,-0.008086
51.812567,0.011019
51.832554,-0.002530
51.852445,0.013443
51.872611,0.009853
51.892482,0.008492
51.912530,-0.007679
51.932570,-0.016962
51.953674,0.014766
51.973522,0.007146
51.993568,-0.018713
52.012877,0.036162
52.032616,0.026644
52.052376,-0.020752
52.073913,-0.004519
52.092614,0.010002
52.113398,-0.017735
52.133343,0.027620
52.153443,-0.008117
52.173337,-0.023607
52.193385,0.010063
52.213213,-0.004666
52.233192,0.023876
52.253319,0.005574
52.273468,-0.003238
52.293153,0.015202
52.313334,-0.011626
52.333252,-0.012954
52.353120,-0.004092
52.373106,0.012712
52.393122,0.008407
52.413964,0.000207
52.433084,0.005682
52.453570,-0.013030
52.473742,0.013951
52.493046,0.001057
52.513007,-0.004729
52.533089,0.022321
52.552980,-0.019688
52.572982,-0.012713
52.593127,0.000419
52.613141,-0.017140
52.632968,0.029554
52.653061,0.002232
52.672885,-0.021899
52.692934,-0.000073
52.713263,0.005074
52.732956,0.005739
52.753296,-0.000416
52.772914,-0.004349
52.792872,0.000955
52.812858,0.009917
52.832929,-0.028629
52.852797,0.005493
52.872833,0.004005
52.892781,-0.015524
52.912865,0.031933
52.932996,-0.020672
52.952718,-0.001057
52.972819,0.037011
52.992701,0.010745
53.012801,0.019440
53.032664,-0.013403
53.052716,0.025620
53.073069,0.023436
53.092633,-0.020298
53.113043,0.029137
53.132543,0.003617
53.152744,-0.011117
53.172595,0.014156
53.192538,0.003218
53.212681,-0.006150
53.232990,-0.012686
53.252467,0.031182
53.272545,-0.008319
53.292636,-0.029095
53.313752,-0.002335
53.332533,0.008812
53.352435,0.005674
53.372590,0.009957
53.393400,0.013423
53.413382,0.005285
53.433520,-0.007628
53.453571,0.040276
53.473372,0.003052
53.493412,-0.013536
53.513400,0.036162
53.533468,0.005845
53.553391,0.004899
53.573403,0.007568
53.594089,-0.000198
53.613251,0.022320
53.633256,-0.007318
53.653219,0.005322
53.673218,-0.015472
53.693442,-0.015586
53.713274,0.013567
53.733349,0.000203
53.753300,-0.013255
53.773052,-0.005054
53.793068,-0.014231
53.813409,-0.011945
53.833273,0.000460
53.853120,-0.014345
53.873075,0.013940
53.893050,0.003989
53.913047,-0.004906
53.933007,0.023630
53.952960,-0.018343
53.973028,0.025782
53.993373,0.026817
54.013191,0.002485
54.032870,0.001134
54.052821,-0.033477
54.072947,0.007786
54.092874,-0.002879
54.113007,-0.006015
54.133114,0.012551
54.153209,-0.042400
54.172758,-0.026288
54.192853,-0.004868
54.212828,-0.018436
54.232816,0.009919
54.252718,-0.025568
54.272728,0.000143
54.292687,0.000546
54.312700,-0.020446
54.332800,-0.005676
54.353111,-0.028013
54.372739,0.006111
54.392698,-0.008348
54.412719,-0.036835
54.432989,0.011542
54.452670,-0.001852
54.476363,0.003783
54.492622,0.024823
54.512968,0.014276
54.532481,0.010743
54.552504,-0.002360
54.572555,0.014457
54.592492,0.006337
54.613768,0.020646
54.632493,0.027864
54.652595,-0.033012
54.672634,-0.020707
54.692520,-0.000439
54.713456,-0.000295
54.733908,-0.002918
54.753358,0.009298
54.773596,-0.019554
54.793287,-0.016367
54.813487,0.006336
54.833292,0.007228
54.853334,-0.009507
54.873553,-0.006135
54.893610,0.017466
54.913370,-0.022144
54.933381,-0.011275
54.953202,-0.003890
54.973685,-0.001372
54.993400,0.012724
55.013192,0.015811
55.033333,0.002278
55.053400,-0.008455
55.073137,0.006537
55.093332,0.044412
55.113339,0.001678
55.133155,0.000175
55.153086,0.000067
55.173038,-0.006868
55.193029,0.016104
55.213056,0.005129
55.233143,0.007807
55.253122,-0.001085
55.272976,-0.013755
55.293211,-0.002217
55.313163,-0.004626
55.332940,0.015321
55.353101,0.009192
55.373046,0.015411
55.393129,0.003910
55.412961,-0.013116
55.432925,0.021824
55.452834,-0.010984
55.473298,-0.005536
55.492907,-0.024965
55.513057,-0.014473
55.533393,-0.017924
55.552792,-0.026528
55.572921,-0.007293
55.592946,0.017590
55.613005,-0.010992
55.632915,-0.009921
55.652819,-0.019993
55.672982,-0.000172
55.692791,0.003217
55.712718,0.011815
55.732841,-0.005185
55.752781,-0.010614
55.772679,-0.007224
55.792690,-0.004212
55.812575,0.019535
55.832569,-0.018500
55.852539,0.015118
55.872959,0.019180
55.892849,-0.023796
55.912884,0.035776
55.932584,0.013893
55.952610,-0.006330
55.974625,0.039937
55.992529,-0.007495
56.013502,-0.013027
56.033674,-0.002249
56.053583,0.007357
56.072455,-0.001049
56.093672,-0.017456
56.113594,-0.009491
56.132538,0.012507
56.153489,-0.022003
56.173447,-0.005756
56.193387,-0.004952
56.213686,-0.003711
56.233314,0.007360
56.253348,-0.006282
56.273326,-0.017865
56.293283,0.004983
56.313594,0.010022
56.333390,-0.010213
56.353172,0.019814
56.373814,0.002489
56.393299,-0.012162
56.413257,0.016391
56.433373,-0.003647
56.453254,-0.009629
56.473296,0.004024
56.493324,0.005688
56.513283,0.002673
56.533255,-0.026063
56.553148,0.010744
56.573452,0.030093
56.593290,0.000097
56.613462,0.001178
56.633263,0.006059
56.652950,-0.000824
56.673540,-0.005731
56.693101,0.014465
56.713554,-0.007511
56.733146,-0.011047
56.752990,0.007808
56.773118,-0.000247
56.792953,-0.002431
56.813104,0.004451
56.833057,-0.001453
56.853419,0.020988
56.873045,-0.000390
56.892965,-0.006850
56.912849,0.016714
56.932883,-0.006468
56.953283,0.019262
56.973280,0.011688
56.992759,-0.018156
57.012966,-0.002545
57.032701,-0.015348
57.052686,-0.014808
57.072711,0.001930
57.092846,-0.006565
57.112789,-0.004448
57.133061,-0.000099
57.152630,-0.025857
57.172712,-0.009326
57.192642,0.008348
57.212757,-0.018401
57.232720,-0.004520
57.252775,-0.012422
57.272696,-0.000646
57.292735,0.016500
57.312621,-0.031369
57.332631,0.013180
57.352485,0.006555
57.372527,-0.031755
57.392544,0.025569
57.413575,-0.013516
57.433563,-0.018855
57.453799,0.025871
57.473618,0.014531
57.493652,0.005321
57.513781,-0.007761
57.533555,-0.004693
57.553420,0.015617
57.573335,-0.033342
57.593476,-0.016026
57.613424,0.004340
57.633342,-0.026998
57.653608,-0.012025
57.673440,0.008986
57.693402,-0.015584
57.713436,-0.008592
57.733299,0.009138
57.753408,-0.009077
57.773226,0.003968
57.793255,-0.022979
57.813402,-0.000245
57.833360,0.015678
57.853319,-0.008882
57.873250,-0.004076
57.893111,-0.006416
57.913239,0.000897
57.933111,0.010517
57.953081,-0.030559
57.973277,0.017906
57.993348,0.012093
58.013101,-0.022047
58.033081,0.033248
58.052985,-0.015008
58.073047,-0.010731
58.092984,0.015213
58.113190,0.000819
58.133158,-0.006876
58.152989,-0.031097
58.172971,0.011699
58.193263,0.010034
58.212867,-0.011986
58.232948,0.009119
58.252881,0.017226
58.272952,-0.020826
58.292900,0.001373
58.312831,0.007345
58.333238,-0.007171
58.352944,0.003693
58.372968,0.004388
58.392918,0.005626
58.412847,-0.000879
58.433080,-0.001236
58.452712,-0.004586
58.472672,0.023664
58.492855,0.003293
58.512773,-0.002162
58.532842,0.009828
58.552685,0.017690
58.572665,0.020298
58.592586,-0.008132
58.612685,0.006804
58.632692,0.002725
58.652506,-0.005340
58.672624,0.010208
58.692728,-0.008244
58.712814,-0.015576
58.732585,0.014045
58.753586,0.008502
58.772462,-0.016178
58.793518,-0.021012
58.814198,-0.001120
58.833614,0.000388
58.853309,-0.002370
58.873786,-0.000649
58.893344,0.001628
58.913647,0.017616
58.933478,-0.012337
58.953473,0.026226
58.973333,-0.001447
58.993453,-0.017894
59.013326,0.035771
59.033451,0.003073
59.053238,-0.011283
59.073465,0.025882
59.093284,0.025496
59.113659,0.010772
59.133349,0.019193
59.154910,0.008628
59.173151,0.009990
59.193280,-0.010016
59.213737,-0.010406
59.233366,0.012469
59.253098,-0.026804
59.273358,-0.008275
59.293285,-0.003716
59.313268,-0.016060
59.333403,0.004209
59.353095,0.001506
59.373122,-0.012825
59.393049,-0.002107
59.413021,-0.031065
59.432989,-0.019947
59.453038,0.011553
59.473334,0.008717
59.493001,0.000429
59.513333,-0.006157
59.532952,-0.004871
59.553004,-0.004074
59.573082,-0.017299
59.592866,0.022980
59.613034,-0.003630
59.632955,-0.035736
59.652855,0.037823
59.672820,-0.015586
59.692785,-0.021545
59.712821,0.020420
59.733207,0.000174
59.752746,0.011572
59.773029,-0.019401
59.793102,0.000516
59.812778,0.017643
59.832870,-0.010051
59.852777,0.029442
59.872748,0.000499
59.893435,-0.039248
59.912752,0.006164
59.932742,-0.003775
59.952599,0.004125
59.972576,0.020463
59.992664,-0.002073
60.012597,-0.002202
60.032582,-0.006016
60.052683,-0.010309
60.072818,0.003111
60.093033,0.016992
60.112551,0.001153
60.132559,0.008771
60.152549,-0.021630
60.172554,-0.017291
60.192596,0.002024
60.212530,-0.024437
60.233507,0.023716
60.253538,-0.013737
60.273590,-0.024623
60.293448,0.026540
60.313825,-0.005752
60.333597,0.000589
60.353511,0.028326
60.373518,0.017111
60.393715,-0.024782
60.413918,-0.015804
60.433366,0.024156
60.453477,0.018097
60.473867,0.010069
60.493305,-0.006921
60.513258,0.020505
60.533320,0.025372
60.553230,-0.001868
60.573321,0.028376
60.593286,0.033496
60.613353,0.000622
60.633394,0.021097
60.653109,0.004672
60.673126,-0.010503
60.693197,0.018702
60.713583,0.001608
60.733136,0.007981
60.753158,-0.002133
60.773175,-0.033759
60.793336,-0.010337
60.813372,-0.008874
60.833357,-0.021482
60.853299,0.001234
60.873512,0.000001
60.892996,0.002741
60.913067,0.001108
60.933140,-0.011779
60.952939,0.012621
60.973251,0.007809
60.992954,-0.023326
61.012994,0.013068
61.032907,-0.001226
61.053038,-0.002702
61.072886,0.027457
61.093343,-0.005070
61.112818,-0.003702
61.132964,-0.020042
61.152829,-0.001469
61.179465,0.026077
61.193236,-0.027424
61.212746,0.009759
61.232790,0.014459
61.252815,-0.026942
61.272777,0.015657
61.292749,-0.013433
61.312884,-0.016843
61.332990,0.004094
61.352656,-0.021020
61.372768,-0.001235
61.392703,-0.023922
61.412667,-0.002329
61.432726,0.002338
61.452603,-0.014126
61.472597,-0.008791
61.492785,-0.010944
61.512597,0.007770
61.532775,-0.012069
61.552888,0.006881
61.572628,0.002956
61.593571,0.000394
61.612448,0.018384
61.632583,-0.044015
61.653707,-0.010910
61.673476,0.006533
61.693566,-0.013370
61.713459,0.002741
61.733444,0.006258
61.753507,-0.018694
61.773412,-0.002004
61.793425,0.008075
61.814136,-0.024984
61.833312,0.001070
61.853276,0.018196
61.873574,-0.004600
61.894265,-0.013266
61.913409,-0.013170
61.933510,0.016289
61.953422,0.005776
61.973823,-0.028141
61.993655,0.003094
62.013410,0.008977
62.033268,-0.022186
62.053362,0.025350
62.073180,0.005443
62.093400,0.003388
62.113164,0.003744
62.133165,0.007329
62.153554,0.019456
62.173160,-0.013114
62.193183,0.006693
62.213155,0.033870
62.233243,-0.007263
62.253134,-0.014830
62.273143,0.006237
62.293083,0.002586
62.312965,0.012002
62.333059,0.000736
62.352999,-0.007782
62.373037,-0.012222
62.392984,0.002773
62.412912,-0.006776
62.432952,0.018233
62.452893,0.034368
62.472952,-0.001402
62.492868,0.019420
62.512836,-0.013048
62.532859,-0.004701
62.552836,0.002638
62.572835,-0.005910
62.592828,0.004315
62.612950,-0.022313
62.632870,-0.010241
62.653270,0.007604
62.672775,-0.006262
62.692735,-0.001076
62.712850,0.017959
62.732704,-0.010203
62.752746,-0.022995
62.772679,0.030830
62.793049,-0.003794
62.813093,0.002580
62.832663,0.034414
62.852683,0.008782
62.872758,0.010278
62.892563,-0.024231
62.912529,-0.008119
62.932654,0.017529
62.952918,-0.028755
62.973144,0.010697
62.992652,0.012923
63.012749,-0.020230
63.032513,0.020248
63.053480,0.001738
63.073491,-0.003870
63.093507,0.009274
63.113544,-0.013142
63.133731,-0.004174
63.153591,-0.009087
63.173416,-0.003309
63.193523,-0.002961
63.213442,-0.005748
63.233491,-0.003840
63.253451,-0.009903
63.273355,0.018493
63.294843,-0.005125
63.313297,-0.017737
63.333174,0.020268
63.353170,-0.006565
63.373264,0.028651
63.393219,0.012141
63.413176,-0.008726
63.433350,0.034275
63.453259,-0.025347
63.473329,-0.010217
63.493111,-0.011075
63.513086,-0.008627
63.533096,-0.004973
63.553202,0.005843
63.573522,-0.011551
63.593148,-0.005628
63.613135,0.006102
63.633143,0.003332
63.653164,-0.004553
63.673066,-0.023159
63.693136,-0.009352
63.713055,0.007527
63.733243,-0.015842
63.753022,-0.007808
63.774018,0.002508
63.793091,-0.021990
63.812886,0.014899
63.833062,-0.014657
63.852912,-0.019088
63.872915,-0.005991
63.895251,-0.002297
63.912888,0.003721
63.932878,-0.007307
63.952861,-0.007158
63.972963,0.013382
63.992928,0.009088
64.012802,-0.000177
64.032713,0.007365
64.052844,-0.016909
64.073267,0.004173
64.092812,-0.000049
64.112637,0.008689
64.132648,-0.001344
64.152656,0.004096
64.172848,0.015644
64.192776,-0.004165
64.212629,-0.000840
64.232561,0.036222
64.252727,0.008347
64.272658,0.002142
64.292667,0.017152
64.312579,0.005788
64.332570,-0.002201
64.353546,0.003464
64.372625,0.008647
64.392614,0.014542
64.412580,-0.018235
64.433648,0.021139
64.453575,0.009488
64.473614,-0.004887
64.493556,0.022386
64.513803,-0.011662
64.533482,-0.002575
64.553417,0.005855
64.573777,0.008426
64.593415,0.007681
64.613947,-0.025814
64.633505,0.003906
64.653237,-0.018136
64.673327,0.008315
64.693380,-0.005367
64.713242,-0.006695
64.733280,0.001736
64.753421,0.005535
64.773178,0.014120
64.793265,0.001435
64.813240,-0.006026
64.833632,0.013358
64.853228,-0.002958
64.873284,-0.002226
64.893687,-0.003740
64.913110,-0.004020
64.933102,0.002214
64.953334,-0.007670
64.973211,0.001854
64.993127,-0.010093
65.013131,-0.021512
65.033631,0.009791
65.053083,-0.002889
65.072967,0.004321
65.093133,0.038233
65.113024,0.011172
65.132981,-0.000338
65.153174,0.001214
65.173016,0.008392
65.192983,-0.001679
65.213146,-0.024660
65.233037,0.004192
65.252925,-0.009766
65.273059,-0.027370
65.292824,-0.003534
65.312829,-0.021315
65.333145,-0.017273
65.352741,0.015841
65.372772,-0.013858
65.392748,0.004314
65.412702,-0.008781
65.432735,-0.009171
65.452761,0.036217
65.473014,-0.008656
65.493155,0.019611
65.512803,0.004359
65.532807,-0.006758
65.552774,0.021176
65.572627,-0.020762
65.592659,0.010447
65.612857,0.004279
65.632667,-0.008986
65.653815,0.002194
65.672571,-0.016543
65.692557,-0.001081
65.712571,-0.001881
65.732641,-0.007713
65.753452,0.014067
65.773623,-0.010646
65.793513,-0.023461
65.813652,0.010964
65.833548,-0.002735
65.853566,-0.006100
65.873432,-0.021117
65.893418,0.002894
65.913935,-0.002907
65.933477,-0.025663
65.953407,0.009089
65.973487,0.004590
65.993508,0.007620
66.013471,0.023313
66.033605,0.028468
66.053351,-0.003433
66.074214,-0.008014
66.093443,0.031235
66.113264,0.008859
66.133315,-0.017875
66.153251,-0.005031
66.173326,0.008098
66.193217,0.014053
66.213207,-0.000326
66.233299,0.021468
66.253204,0.005656
66.273254,-0.017313
66.293633,0.032835
66.313201,-0.029139
66.333366,-0.009485
66.353567,0.010780
66.373104,-0.020261
66.393479,0.024432
66.413033,-0.045306
66.433611,-0.012463
66.453040,-0.007523
66.473126,-0.019716
66.493522,-0.000102
66.513083,-0.024376
66.533031,-0.012438
66.553074,0.017352
66.572914,-0.016918
66.592846,0.013998
66.613088,0.017839
66.632941,0.019171
66.652943,0.016025
66.672945,-0.004843
66.692852,-0.002674
66.712933,-0.010505
66.732811,0.006698
66.753499,0.011059
66.772782,-0.005112
66.792751,-0.011159
66.813253,-0.012065
66.832984,0.021105
66.852696,-0.021465
66.872713,-0.009364
66.892597,0.028886
66.912763,-0.012517
66.932705,0.011901
66.952680,-0.010933
66.972694,-0.000613
66.993969,0.022667
67.012655,-0.003855
67.032968,0.003422
67.052637,-0.012354
67.072695,-0.009707
67.093648,0.009133
67.112588,0.011210
67.133694,0.001706
67.153535,-0.005857
67.173761,0.027744
67.193589,0.003609
67.213424,0.019573
67.233735,-0.002825
67.253535,-0.009194
67.273506,0.014707
67.293569,-0.012694
67.314342,0.017484
67.333585,0.003233
67.353545,0.017745
67.374168,0.027540
67.393405,-0.024412
67.413655,0.003075
67.433333,0.004520
67.455256,-0.000181
67.473816,0.030780
67.493430,0.003317
67.513283,0.007786
67.533606,-0.004589
67.553295,0.008115
67.574084,0.026009
67.594349,-0.000866
67.613182,-0.005951
67.633212,0.007296
67.653355,-0.001233
67.673587,0.004658
67.693105,0.002443
67.713092,0.014454
67.733192,0.010033
67.753061,-0.009578
67.774279,0.015982
67.793097,-0.015796
67.813024,-0.013138
67.833003,0.002013
67.854893,-0.005481
67.873084,0.010101
67.893426,-0.022054
67.912994,-0.005708
67.932977,0.027740
67.953418,-0.012897
67.972907,0.016956
67.993035,0.005183
68.012933,-0.004753
68.032909,-0.007219
68.052844,-0.004929
68.072906,0.028912
68.092983,-0.019644
68.112883,0.030915
68.132859,0.000642
68.152777,-0.015640
68.172741,0.013038
68.192776,-0.005369
68.212862,0.013978
68.232737,-0.015329
68.252730,0.015342
68.272812,0.028893
68.293036,-0.008777
68.312679,0.003777
68.332736,-0.017699
68.352703,0.028226
68.372795,0.011267
68.393728,-0.010413
68.412789,0.024666
68.432761,-0.016019
68.452631,-0.000927
68.473617,0.017906
68.493676,0.019732
68.513607,0.005072
68.533731,-0.012992
68.553635,0.002743
68.573544,-0.003968
68.593979,-0.013610
68.613537,-0.002936
68.633655,0.000573
68.653380,-0.022049
68.673322,-0.020880
68.693524,0.009928
68.713396,-0.007305
68.733866,-0.009747
68.753753,-0.020891
68.773739,-0.005591
68.793291,0.002230
68.813317,0.000191
68.833303,0.041504
68.853628,0.019292
68.873310,-0.010716
68.893539,0.007954
68.913197,-0.010362
68.933768,0.006795
68.953103,-0.015388
68.973323,0.004256
68.993128,0.007862
69.013845,-0.008198
69.033117,0.006762
69.053206,0.001833
69.073080,0.017030
69.093241,0.011681
69.113141,0.026021
69.133096,0.021829
69.153097,-0.006863
69.173325,0.008591
69.193189,-0.004456
69.213074,0.026328
69.233099,0.034176
69.253007,0.007818
69.273158,0.001706
69.293052,-0.026153
69.312963,0.029886
69.332840,0.004743
69.352833,0.023279
69.373396,0.021398
69.392967,-0.006466
69.412890,-0.000881
69.433141,-0.003741
69.452734,0.016973
69.472702,0.006454
69.493053,-0.007648
69.512756,-0.006402
69.532740,0.011137
69.553049,0.026910
69.572797,-0.000547
69.592843,0.025956
69.612642,0.008297
69.632766,-0.000729
69.652932,0.003618
69.672583,0.002032
69.694107,-0.000899
69.712944,-0.001453
69.733567,-0.022937
69.753603,0.018570
69.773906,-0.007965
69.793637,0.015077
69.813438,0.009884
69.833454,0.011442
69.853446,0.014016
69.874040,-0.003756
69.893493,0.022834
69.913473,0.029285
69.933473,0.015475
69.953425,0.029883
69.973512,0.010792
69.993403,0.024205
70.013532,0.003566
70.033383,0.003886
70.053298,0.011625
70.073301,0.006555
70.093284,0.026695
70.113559,0.003214
70.133256,-0.017110
70.153253,-0.000088
70.173659,-0.011509
70.193317,0.009330
70.213266,-0.013263
70.233496,-0.014539
70.253393,-0.001572
70.273190,0.004504
70.293366,0.005378
70.313187,0.004497
70.333199,0.009889
70.353093,0.027324
70.373039,0.006425
70.393142,-0.000100
70.413113,0.007061
70.433004,0.000403
70.453274,0.009354
70.473141,-0.004195
70.493226,0.007378
70.513590,-0.001070
70.533045,0.007549
70.553088,0.015772
70.572918,0.018225
70.593110,-0.014097
70.613089,0.011837
70.632908,0.001758
70.655426,0.008438
70.672886,-0.015511
70.692847,-0.017781
70.713283,0.003803
70.732897,0.000422
70.752858,-0.000557
70.773313,0.011846
70.792787,-0.010103
70.813206,-0.005123
70.832907,0.032186
70.852683,0.003414
70.872709,0.013218
70.892830,-0.023647
70.912736,-0.002842
70.932755,-0.002742
70.952726,-0.015033
70.973835,0.028817
70.992761,0.001967
71.012885,0.024148
71.033773,0.033183
71.052685,0.025645
71.073891,0.032129
71.093678,0.009061
71.113589,0.027010
71.133611,0.020050
71.153980,-0.006850
71.173508,0.027842
71.193697,0.012871
71.214157,0.024837
71.233622,0.028012
71.253453,-0.019354
71.273419,-0.004178
71.293629,-0.005653
71.314229,-0.001974
71.333510,0.028315
71.353630,-0.012289
71.373513,-0.003591
71.393467,0.018523
71.413718,-0.004029
71.433289,0.011551
71.453668,0.011385
71.473468,-0.001714
71.493395,0.009758
71.513381,0.009386
71.533377,0.034285
71.553283,0.027540
71.573384,0.015272
71.593295,0.026657
71.613577,0.004676
71.633387,-0.005654
71.653189,0.003446
71.673705,0.010565
71.693533,0.031204
71.713256,0.017675
71.733200,0.034546
71.753266,0.021102
71.773076,-0.000771
71.794957,0.020865
71.813775,0.009287
71.833036,0.015801
71.852983,0.003911
71.873019,0.027175
71.892991,0.018517
71.913519,0.012073
71.933128,0.029394
71.953114,0.021980
71.973105,0.015951
71.993617,0.011301
72.013001,0.014127
72.033138,-0.000322
72.053049,0.020933
72.073503,0.019059
72.092837,0.021712
72.112871,0.006381
72.132926,0.013579
72.152809,0.003931
72.172895,-0.007626
72.192847,-0.002363
72.212841,0.011731
72.232815,-0.007378
72.252825,-0.011969
72.273136,-0.010751
72.292799,0.021462
72.312961,0.005258
72.332717,-0.009124
72.352853,-0.000257
72.372782,-0.014167
72.392666,-0.013829
72.413141,0.009691
72.433735,-0.004953
72.452576,0.012723
72.474032,0.017130
72.492555,0.010824
72.512691,0.026469
72.533735,-0.005260
72.553653,0.010029
72.573868,0.025869
72.594336,-0.003588
72.613852,-0.008007
72.633641,-0.005607
72.653629,-0.007488
72.673932,-0.001040
72.693511,-0.032493
72.713599,-0.011134
72.733670,-0.042536
72.753954,-0.052378
72.773490,-0.022562
72.793595,-0.061024
72.813875,-0.020956
72.833479,-0.010120
72.853582,-0.016538
72.873367,-0.005866
72.893476,-0.020253
72.913569,0.012745
72.933737,-0.001459
72.953366,-0.006632
72.973434,-0.011985
72.993638,-0.007177
73.013379,-0.017782
73.033837,0.020807
73.053321,0.022692
73.073220,0.016178
73.093376,0.005537
73.113907,-0.005424
73.133234,0.009718
73.153152,-0.014941
73.173357,-0.006306
73.193228,0.009558
73.213789,-0.006331
73.233110,0.014496
73.253186,0.013596
73.273074,0.017413
73.293126,-0.019793
73.313244,-0.007741
73.333093,0.009149
73.353177,-0.022692
73.373089,-0.019832
73.393075,-0.001035
73.413049,-0.003077
73.433057,0.005859
73.453008,0.002647
73.473171,-0.000782
73.493156,-0.018707
73.513155,-0.020384
73.533204,0.008788
73.552907,0.004579
73.572883,-0.001430
73.592904,0.007479
73.612889,0.027606
73.632934,0.033616
73.653021,0.015901
73.673323,0.027146
73.692942,0.011495
73.712893,-0.018580
73.732816,0.006018
73.753091,-0.011701
73.772773,0.008780
73.792868,0.009075
73.812837,0.019317
73.832748,0.013774
73.852755,-0.004754
73.873266,0.002344
73.892795,0.016002
73.913043,-0.020728
73.932853,0.012520
73.952616,0.007830
73.973669,-0.006368
73.993707,0.005890
74.012781,0.015987
74.033996,0.038000
74.053618,0.007328
74.074043,0.004234
74.094981,0.024769
74.113600,-0.011389
74.133711,0.017355
74.153507,0.028070
74.173962,0.035391
74.193712,-0.006028
74.213550,-0.000994
74.233577,0.006679
74.253517,-0.011454
74.273480,-0.027823
74.293550,-0.014823
74.313654,0.000684
74.333516,-0.008388
74.353466,0.003698
74.373354,0.020102
74.393564,0.009991
74.413546,0.002426
74.433471,0.029165
74.453675,0.007572
74.473697,-0.007693
74.493658,0.007376
74.513403,0.024291
74.533334,0.012220
74.553297,0.003822
74.573293,0.014679
74.593200,0.007015
74.613167,-0.011824
74.633292,0.011314
74.653136,-0.002186
74.673650,-0.006463
74.693974,0.014995
74.713166,0.004711
74.733294,0.028414
74.753193,0.018600
74.773523,0.015461
74.793226,0.001052
74.813694,-0.026646
74.833118,0.013296
74.853032,-0.002282
74.873667,-0.002484
74.892997,-0.013688
74.913416,0.008367
74.933018,0.024325
74.952965,-0.008701
74.973230,0.013864
74.993129,0.015440
75.013116,0.008067
75.032969,0.005082
75.052838,-0.001405
75.073117,-0.002209
75.092976,-0.018949
75.112792,0.016553
75.132884,0.024137
75.152820,0.019104
75.172839,0.009842
75.192770,0.023576
75.212894,0.022857
75.232716,-0.004264
75.252826,0.020024
75.272865,0.012855
75.293816,0.036724
75.313269,0.010634
75.332708,-0.001177
75.353053,0.017084
75.372791,-0.012999
75.393733,-0.003227
75.412907,0.008682
75.432657,-0.006152
75.454571,-0.009812
75.473878,-0.004358
75.493653,-0.008663
75.514332,0.031251
75.533692,0.008361
75.554034,0.003590
75.573698,-0.002825
75.593597,-0.019503
75.613806,0.020222
75.634036,-0.024430
75.653523,0.010344
75.673668,0.018094
75.693545,0.002126
75.713535,0.025972
75.733577,-0.000661
75.753329,0.014810
75.773957,0.015528
75.793494,0.001028
75.813342,0.001198
75.833531,0.004911
75.853333,0.006503
75.873677,0.019954
75.894029,0.020877
75.913554,0.027215
75.934925,0.021381
75.953240,-0.023793
75.973236,-0.003376
75.993593,0.006478
76.013717,-0.012741
76.033237,0.017724
76.053244,0.017215
76.073197,0.027741
76.093209,0.008687
76.113141,-0.011881
76.133131,0.015405
76.153089,0.002184
76.173346,-0.009828
76.193767,0.016961
76.213361,-0.006780
76.232977,0.011599
76.252924,0.025995
76.273566,0.034115
76.293025,0.027159
76.313019,0.006532
76.333340,0.017929
76.352945,0.038013
76.373054,-0.006054
76.392940,0.018430
76.413328,0.017589
76.433136,0.008007
76.452874,0.029341
76.472894,-0.004386
76.492907,0.027387
76.513013,-0.041395
76.532908,-0.039762
76.552870,-0.017077
76.572788,-0.037491
76.592782,-0.015004
76.612963,-0.004609
76.632766,-0.020720
76.652932,0.013858
76.672744,-0.018187
76.693193,-0.001495
76.712661,0.012940
76.734014,0.013645
76.752603,0.069752
76.773724,0.022027
76.793861,0.036771
76.814054,0.033515
76.833824,0.013051
76.853522,0.025765
76.873953,0.005280
76.893598,0.020582
76.913892,0.031129
76.933675,0.006814
76.953594,0.034737
76.974260,-0.005347
76.993616,0.006014
77.013427,0.020227
77.033453,0.014749
77.053583,0.004058
77.073570,-0.069163
77.093739,-0.016817
77.113639,-0.026768
77.133386,-0.043463
77.153443,-0.010436
77.173392,-0.046682
77.193352,-0.040625
77.213642,-0.021464
77.233259,-0.024958
77.253336,0.018047
77.273456,-0.015956
77.293417,0.007428
77.313220,0.012617
77.333410,0.009694
77.353157,0.016918
77.373329,0.006164
77.393553,0.021817
77.413218,0.037338
77.433147,0.009605
77.453097,0.020597
77.473124,0.031083
77.493347,0.013556
77.513023,0.001479
77.533064,0.027785
77.553091,0.023694
77.573167,-0.002272
77.593017,0.036218
77.614915,0.055886
77.633018,0.021275
77.652950,0.027846
77.672987,0.036215
77.693225,0.043434
77.713062,0.014832
77.732957,-0.010729
77.752868,0.014075
77.773207,0.031394
77.792948,0.021380
77.812879,-0.001656
77.832927,0.022981
77.852813,0.032872
77.872837,0.018969
77.892835,-0.021762
77.913090,-0.004390
77.932845,0.023863
77.952761,0.019164
77.973099,0.009908
77.992829,-0.016294
78.013254,-0.018724
78.033842,0.001793
78.052765,0.019544
78.072914,0.038643
78.093814,0.012493
78.113791,0.022332
78.133764,0.015312
78.153674,0.022773
78.174218,0.026072
78.193676,0.016144
78.213775,0.028597
78.233774,0.022316
78.253643,0.001316
78.273671,0.002977
78.293544,0.001510
78.313581,0.028861
78.333743,0.044052
78.353777,-0.010454
78.373468,-0.006238
78.393629,0.000785
78.413537,0.004679
78.433516,0.000672
78.453516,-0.014228
78.473529,-0.001494
78.493562,0.031488
78.513369,0.010823
78.533468,0.002291
78.553397,-0.025069
78.573433,0.004327
78.593330,0.027770
78.613368,0.024401
78.633291,0.026328
78.653370,0.006302
78.673312,-0.006004
78.693371,0.003164
78.713658,0.008866
78.733145,0.002475
78.753287,0.006327
78.773386,-0.003830
78.793099,-0.002451
78.813376,-0.015387
78.833158,-0.019207
78.853081,0.014832
78.873188,0.025944
78.893172,-0.013237
78.914530,-0.014395
78.933041,0.023356
78.952968,0.008255
78.973729,0.002419
78.993158,-0.016627
79.013024,0.014967
79.034277,0.056869
79.052968,0.034990
79.072987,0.029530
79.093057,-0.001921
79.113078,-0.010434
79.132929,0.007092
79.152847,0.024908
79.172797,0.024373
79.192815,0.008819
79.212728,0.002835
79.232764,-0.017339
79.252740,0.018615
79.272972,0.035173
79.292963,0.028012
79.312728,0.019926
79.334322,0.014134
79.352691,0.012249
79.374514,0.021011
79.393884,0.006706
79.413772,-0.025229
79.434224,0.004597
79.453687,0.037773
79.473790,0.055253
79.493719,0.023446
79.513803,-0.005754
79.533903,-0.025915
79.553674,0.018756
79.573673,0.011115
79.593623,0.002042
79.613819,0.001723
79.633615,0.002977
79.653494,0.048419
79.673573,0.038613
79.693540,0.007336
79.713641,-0.020767
79.733568,0.017343
79.753540,0.021224
79.773763,0.019541
79.793471,0.028727
79.813608,0.011840
79.833466,0.021996
79.853386,0.028564
79.873411,0.028021
79.893384,0.028698
79.913369,0.010466
79.933646,0.017413
79.953351,0.032559
79.973311,0.001759
79.993307,-0.032746
80.013338,-0.020867
80.033744,0.013868
80.053682,0.029464
80.073494,0.017812
80.093257,0.002432
80.113487,-0.023753
80.133185,-0.008976
80.153301,0.022678
80.173209,0.026862
80.193151,0.005296
80.213226,-0.020427
80.233158,-0.001729
80.253210,-0.001755
80.273180,0.023987
80.293077,0.031613
80.313114,0.028591
80.333029,-0.002425
80.352988,0.009102
80.373435,0.011709
80.392970,0.018760
80.413010,-0.005534
80.433090,-0.013356
80.453089,-0.018162
80.472905,0.013563
80.492917,0.013798
80.514050,0.011736
80.533239,-0.009198
80.552830,-0.013095
80.572927,-0.002927
80.593095,0.018008
80.612993,0.029749
80.633059,0.016455
80.652855,-0.032292
80.672771,-0.014283
80.692862,0.004755
80.712988,0.018243
80.733697,0.002501
80.752654,-0.022678
80.773790,-0.020866
80.793793,0.024696
80.813723,0.033614
80.833827,0.021173
80.853601,-0.011773
80.873574,-0.008168
80.894483,0.028145
80.913918,0.032804
80.933527,0.021229
80.953637,-0.001792
80.973796,0.005334
80.993767,0.024351
81.013568,0.052296
81.033638,0.018368
81.053544,-0.002643
81.073860,-0.002115
81.093456,0.019487
81.113636,0.041927
81.133650,0.038878
81.154302,0.008455
81.173614,-0.014934
81.193497,-0.015084
81.213453,0.013358
81.233916,0.040220
81.254009,0.005426
81.273744,-0.009507
81.293394,-0.016651
81.313627,0.012424
81.334083,0.033861
81.353417,0.039187
81.373510,0.000539
81.393862,-0.008742
81.413476,-0.013131
81.433432,-0.010856
81.453311,0.015393
81.473356,0.030016
81.493849,0.026918
81.513084,0.007879
81.533356,-0.019547
81.553121,0.038368
81.573555,0.046278
81.593047,0.055419
81.613118,0.040465
81.633046,0.013532
81.653048,-0.003184
81.675317,-0.007737
81.693160,0.018959
81.713097,0.035598
81.732984,0.034358
81.752950,0.029355
81.772987,0.001599
81.793019,-0.020232
81.812821,-0.002622
81.833241,-0.001707
81.853036,0.029152
81.872882,0.037963
81.892802,0.022944
81.913026,-0.001775
81.932833,-0.010911
81.952778,-0.009794
81.974031,-0.012516
81.992907,0.000699
82.012897,0.026271
82.032991,0.029975
82.052863,0.019979
82.074567,-0.003798
82.093806,-0.021709
82.115592,-0.004874
82.133823,-0.007017
82.153668,0.037506
82.174790,0.039802
82.193772,0.014939
82.214011,0.002886
82.233814,-0.004564
82.253674,0.004773
82.273638,0.020376
82.293655,0.040261
82.313604,0.057492
82.333539,0.057255
82.353663,0.047850
82.373660,0.024712
82.393725,-0.001512
82.413633,0.023975
82.433451,0.017817
82.453414,0.040720
82.473448,0.038746
82.495253,0.013696
82.513788,0.000646
82.534229,-0.000569
82.553599,0.002145
82.573585,0.023180
82.593663,0.012191
82.613457,-0.000740
82.633343,-0.015796
82.653394,-0.030699
82.673652,-0.019740
82.693372,-0.004154
82.713464,0.014794
82.733447,0.028039
82.753260,0.008767
82.773384,-0.012877
82.793274,-0.008199
82.813712,-0.005181
82.833337,0.019537
82.853279,0.038966
82.873811,0.019866
82.893290,0.002386
82.913559,-0.003454
82.933256,0.023676
82.953154,0.037868
82.973485,0.052661
82.993408,0.026223
83.013082,0.008795
83.033256,0.009659
83.053137,0.016597
83.073081,0.018914
83.093188,0.013018
83.113127,-0.014478
83.133224,-0.027556
83.153211,-0.003731
83.173045,0.016388
83.193197,0.025929
83.213626,0.002342
83.233010,-0.010043
83.253598,-0.001097
83.273135,0.021675
83.293005,0.039775
83.313096,0.020641
83.332964,0.009414
83.352832,-0.007292
83.372882,0.007792
83.392843,0.022643
83.412842,0.035436
83.432786,0.006988
83.452904,0.000642
83.473049,0.005690
83.492752,0.032331
83.512765,0.023908
83.533865,0.024770
83.552797,0.007615
83.573818,0.002084
83.593655,0.029667
83.613900,0.026625
83.633632,0.012524
83.653721,-0.010770
83.673641,-0.009761
83.693679,0.002530
83.713600,0.049261
83.733951,0.037305
83.753944,0.011927
83.773727,0.005901
83.793981,-0.000646
83.813586,0.018571
83.834865,0.020856
83.853517,0.010214
83.873837,-0.009643
83.893724,-0.010901
83.913650,0.010248
83.933880,0.041587
83.953639,0.022125
83.973730,-0.005195
83.993473,-0.011583
84.013466,0.042095
84.033459,0.009736
84.053362,0.024289
84.073589,0.004390
84.093992,0.010233
84.113388,0.041139
84.133348,0.029171
84.153322,-0.008024
84.173362,-0.004809
84.193364,0.022997
84.213798,0.048881
84.233299,0.007573
84.253232,0.009502
84.273304,0.024529
84.293171,0.041106
84.313308,0.018844
84.333129,0.011950
84.353070,0.030910
84.373225,0.017065
84.393517,0.001202
84.413372,-0.001705
84.433046,0.009276
84.453148,-0.014141
84.473364,-0.000604
84.493063,-0.006316
84.513475,-0.018198
84.533058,-0.010235
84.553069,-0.003314
84.573073,-0.003931
84.593178,-0.005266
84.612965,0.008206
84.633047,0.002231
84.652904,0.005917
84.672832,-0.001243
84.692971,0.025349
84.713141,0.029600
84.733353,0.004087
84.752794,0.031663
84.772830,-0.007298
84.792841,0.011955
84.812769,0.033526
84.832804,0.008114
84.853145,0.001814
84.874355,-0.015599
84.892842,0.004394
84.914308,0.008982
84.933729,0.021895
84.953966,-0.002048
84.973779,0.005531
84.993983,-0.014270
85.013826,0.020065
85.033883,-0.020695
85.054921,0.019311
85.073918,0.019463
85.093583,0.021973
85.113530,-0.005051
85.133862,0.004287
85.153596,-0.016231
85.173612,-0.003235
85.193568,-0.011929
85.213745,0.034032
85.234161,0.005858
85.253570,0.036693
85.273567,0.003101
85.293731,0.038899
85.313496,0.010087
85.333537,0.041195
85.353329,0.009231
85.373550,0.030327
85.393952,0.036848
85.413809,0.030237
85.433914,0.021840
85.453320,0.029985
85.473490,0.032786
85.493237,0.036247
85.513218,0.037383
85.533310,-0.001806
85.553534,0.043587
85.573312,-0.012698
85.593484,0.004932
85.613264,-0.019381
85.633142,-0.003001
85.653840,-0.002177
85.673097,0.015252
85.693143,-0.001099
85.713428,0.004352
85.733221,-0.016450
85.753122,-0.005858
85.773042,-0.002523
85.793110,0.023638
85.813059,0.026127
85.833017,0.030464
85.853334,0.025871
85.873119,-0.002981
85.892980,0.017073
85.913066,0.004802
85.932994,0.010228
85.953234,-0.009312
85.973252,0.024511
85.992943,0.026279
86.013005,0.025010
86.033038,0.015039
86.052857,0.014408
86.074014,-0.007804
86.092927,0.017199
86.113282,0.033802
86.132907,0.016379
86.152869,0.040722
86.174506,0.008882
86.193751,0.018448
86.213769,0.004733
86.233674,0.027714
86.253701,0.021434
86.273754,0.009860
86.293970,0.018717
86.313663,-0.007623
86.333828,0.000385
86.353635,0.013507
86.374230,0.013411
86.393720,-0.006374
86.413553,0.004722
86.433595,0.013426
86.453497,-0.001465
86.473904,0.009012
86.493607,-0.002005
86.513600,0.007269
86.533571,0.002113
86.553534,0.016472
86.573617,0.024954
86.593623,0.003437
86.613447,0.020495
86.633645,0.000807
86.653563,0.021213
86.673432,0.007033
86.693988,0.017103
86.713358,0.036385
86.733269,0.004350
86.753909,0.035170
86.773552,-0.002097
86.796265,0.028251
86.813462,0.018327
86.833566,0.024129
86.853477,0.006760
86.873379,0.000700
86.893341,-0.000982
86.913597,0.004393
86.933334,0.000032
86.953112,0.010144
86.973518,0.047916
86.993367,0.001263
87.013088,0.008731
87.033056,-0.000957
87.053001,0.002680
87.073068,-0.001218
87.093449,0.010756
87.113070,0.010655
87.133028,0.005493
87.153227,0.033970
87.173070,-0.001230
87.193445,0.032602
87.213023,0.012128
87.232991,-0.011596
87.253035,-0.000836
87.273304,-0.015403
87.293148,0.004805
87.313046,-0.000387
87.332855,-0.003308
87.353254,0.034431
87.372916,0.027076
87.393014,0.011224
87.413951,0.003606
87.432909,0.041528
87.453856,0.043301
87.473826,0.021715
87.493732,0.005940
87.513824,-0.010959
87.533798,-0.011703
87.553826,0.005323
87.573830,0.038508
87.593968,0.007597
87.613893,0.030793
87.634218,-0.000251
87.653693,0.001907
87.673776,0.007896
87.693995,-0.007929
87.713657,0.007314
87.733732,-0.003956
87.753599,0.010440
87.773687,-0.004640
87.793609,0.015134
87.813797,0.008872
87.833448,0.009564
87.853532,-0.010486
87.873576,0.028230
87.893742,0.011870
87.913859,0.016315
87.933670,-0.018765
87.953561,0.053358
87.973577,0.015004
87.993831,-0.015405
88.013431,-0.031842
88.033339,0.003160
88.053785,-0.008144
88.073573,-0.020461
88.093713,-0.057371
88.113316,-0.023875
88.133445,-0.019554
88.153500,-0.034841
88.173218,-0.028516
88.193238,-0.025513
88.213554,-0.022265
88.233326,-0.022343
88.253258,-0.023238
88.273505,-0.040566
88.293272,-0.033473
88.313230,0.009025
88.333182,-0.005639
88.353215,-0.010771
88.374959,0.036930
88.393134,-0.001461
88.413164,-0.028148
88.433238,0.007688
88.453046,0.013197
88.478914,-0.034603
88.493531,0.005279
88.513087,0.004744
88.533099,-0.008286
88.553151,-0.008247
88.573097,0.012748
88.593314,-0.033119
88.612968,-0.019348
88.633465,0.007729
88.652987,-0.025100
88.672925,-0.003777
88.693860,-0.041049
88.713109,-0.019467
88.732878,0.002195
88.755170,-0.030801
88.772971,-0.013266
88.794192,-0.038264
88.814924,-0.044534
88.832915,-0.042980
88.852859,-0.002216
88.872816,-0.032050
88.894977,-0.005594
88.913998,0.010193
88.933788,-0.020751
88.953685,-0.001744
88.974091,-0.009268
88.993827,0.001471
89.013833,-0.003079
89.033861,0.005083
89.053742,-0.018398
89.073737,-0.019280
89.093766,0.010383
89.113755,-0.017870
89.133697,0.011142
89.153686,-0.003867
89.173986,-0.024638
89.193708,-0.022381
89.213734,-0.017014
89.233523,-0.010487
89.253422,-0.001444
89.273665,0.006565
89.293643,-0.012937
89.313592,-0.011950
89.333435,0.000369
89.353541,0.009536
89.373472,-0.017545
89.393611,0.005825
89.413342,0.039148
89.433419,0.000089
89.453911,0.020896
89.473582,0.001154
89.493686,0.011348
89.513311,0.015262
89.533445,-0.018625
89.553287,-0.017104
89.573686,-0.009278
89.593770,0.010468
89.613340,0.008621
89.633263,-0.024124
89.653183,-0.000251
89.673197,0.010130
89.693427,-0.016013
89.713293,0.015299
89.733173,0.010230
89.753224,-0.011817
89.773156,-0.016841
89.793128,-0.000198
89.813274,-0.021641
89.833169,0.021731
89.853472,0.004828
89.873070,0.012128
89.892990,-0.014840
89.913048,-0.006113
89.933369,-0.000343
89.953113,-0.010958
89.973275,0.023757
89.992983,-0.010758
90.013334,0.020663
90.033243,0.000088
90.053100,0.004789
90.073106,-0.003118
90.092913,0.042457
90.113015,0.002140
90.133322,0.024161
90.153011,0.000175
90.173017,0.026838
90.192837,-0.021106
90.213914,0.021950
90.234083,-0.001222
90.254896,-0.018184
90.273762,-0.002064
90.293976,0.011028
90.313777,-0.027852
90.333768,0.010095
90.353885,-0.004647
90.373717,-0.015123
90.393800,-0.003764
90.413816,0.028377
90.433707,-0.001669
90.453708,0.001928
90.473637,0.013158
90.493777,0.000264
90.513784,-0.000941
90.533630,0.003825
90.553565,-0.004561
90.573567,-0.014829
90.593521,0.026770
90.614491,0.003491
90.633492,0.006228
90.653885,-0.002652
90.673501,0.018200
90.693466,-0.021998
90.713767,0.015561
90.733473,-0.018396
90.753696,0.019792
90.773733,-0.000314
90.793899,0.026692
90.814167,-0.014254
90.833412,0.011791
90.853303,0.006665
90.873369,-0.020987
90.893309,0.009701
90.913236,-0.011630
90.933269,-0.003024
90.953601,-0.024283
90.973378,0.003967
90.993685,-0.020960
91.013208,0.031389
91.033563,-0.024341
91.053138,-0.005258
91.073848,-0.013227
91.093353,0.003605
91.113170,-0.010085
91.133278,0.017922
91.153181,0.012501
91.173298,-0.003884
91.193296,0.002224
91.213082,0.020858
91.233121,0.009300
91.253004,0.016615
91.273259,0.006739
91.293032,-0.010099
91.313089,0.026214
91.332958,-0.004640
91.353039,0.002696
91.373024,0.005850
91.392961,0.004162
91.412953,-0.021134
91.433033,0.004738
91.453139,-0.023142
91.473220,0.015285
91.494327,0.003411
91.513943,0.015318
91.533034,0.020775
91.553814,0.028194
91.574031,-0.009011
91.594033,-0.011471
91.613751,0.001234
91.633852,-0.000320
91.653754,0.004152
91.673803,0.012536
91.693784,-0.004924
91.714088,0.011219
91.733876,0.021820
91.753752,-0.033615
91.774532,0.000623
91.793836,-0.005947
91.813662,0.001354
91.833616,-0.003533
91.853857,0.033749
91.873722,-0.013926
91.894166,-0.002816
91.913593,0.001145
91.933744,-0.008995
91.953609,-0.002332
91.973910,0.025746
91.993613,-0.006678
92.013590,-0.008766
92.033537,0.005665
92.053715,-0.022647
92.073622,-0.004917
92.093951,0.000304
92.113649,0.017172
92.133493,-0.024761
92.153561,0.006276
92.173371,-0.023729
92.193462,-0.003383
92.213377,0.007894
92.233490,0.022341
92.253670,-0.005768
92.273582,0.010002
92.293281,0.004193
92.313380,-0.024455
92.333228,0.024789
92.353306,0.015063
92.373461,0.007252
92.393250,-0.006450
92.413491,0.018085
92.433239,-0.024770
92.453386,0.009425
92.473572,-0.010944
92.493559,-0.018741
92.513468,0.011972
92.533337,-0.017595
92.553130,-0.035424
92.573272,0.010464
92.593197,-0.014942
92.613158,-0.041431
92.633303,0.011510
92.653099,0.010866
92.673151,-0.010184
92.693103,-0.023148
92.713199,-0.025273
92.733006,0.005249
92.752931,0.026380
92.773210,0.019342
92.792930,-0.037611
92.813011,-0.020854
92.832926,-0.006569
92.854109,-0.008348
92.872812,0.003543
92.892900,-0.002376
92.918922,0.023339
92.933804,0.004789
92.954009,0.006421
92.976079,0.025733
92.993819,-0.003696
93.013861,0.008377
93.033810,0.019850
93.053828,-0.026490
93.073808,-0.026174
93.093659,-0.045526
93.113714,-0.012711
93.133708,-0.043776
93.153637,-0.015233
93.173609,-0.024315
93.193686,-0.016599
93.213951,-0.031390
93.233621,-0.013184
93.253581,0.020383
93.273679,0.011965
93.293757,-0.001648
93.313476,-0.026000
93.333566,-0.026156
93.353459,-0.032035
93.373672,0.006982
93.393552,0.041873
93.413988,0.023231
93.433509,0.031440
93.453498,-0.000255
93.473712,-0.023066
93.493445,0.002410
93.513659,0.010282
93.533370,0.028082
93.553492,0.020017
93.573749,0.001353
93.593369,0.001384
93.613405,0.010454
93.633718,0.009585
93.653319,0.019480
93.673339,-0.008962
93.693253,-0.011357
93.713274,0.031336
93.733165,0.011965
93.753839,0.002206
93.773297,0.006761
93.793195,0.014421
93.813246,0.000662
93.833197,-0.018035
93.853099,-0.000473
93.873491,0.013846
93.893494,0.014971
93.913149,0.000276
93.933113,0.031447
93.953030,0.015952
93.973102,-0.009760
93.993040,0.015678
94.013117,-0.023778
94.034073,-0.010070
94.053050,0.017277
94.073173,-0.025943
94.093044,0.000201
94.113029,0.010918
94.132964,-0.004272
94.153897,0.024845
94.172897,0.000772
94.194052,0.024699
94.212816,-0.013475
94.233762,-0.010153
94.253810,0.017777
94.273773,-0.022800
94.293856,0.024008
94.313761,0.005670
94.333861,0.013417
94.353828,-0.000698
94.373713,0.012539
94.393717,-0.002588
94.413779,-0.000388
94.433724,0.002352
94.453613,-0.020735
94.473648,-0.007419
94.493650,-0.031387
94.513571,0.009151
94.533663,-0.024712
94.553617,0.026121
94.573558,-0.014943
94.593541,0.010470
94.613724,0.002674
94.633598,-0.007134
94.653694,-0.002096
94.674114,-0.037461
94.693749,0.006263
94.713397,-0.016923
94.733508,-0.018515
94.753400,0.022286
94.773553,-0.024514
94.793404,0.032881
94.813431,-0.023428
94.833405,0.002373
94.853288,0.004253
94.873353,-0.014441
94.893296,0.009492
