0.252248,51.940000
0.272211,51.940000
0.292241,51.940000
0.312093,51.940000
0.332343,51.940000
0.352192,51.940000
0.372106,51.940000
0.392233,51.940000
0.412163,51.937000
0.432073,51.937000
0.452191,51.937000
0.472014,51.937000
0.492059,51.937000
0.511949,51.937000
0.532022,51.937000
0.552042,51.937000
0.572008,51.937000
0.591971,51.937000
0.611992,51.947000
0.631958,51.947000
0.651967,51.947000
0.672094,51.947000
0.691877,51.947000
0.711962,51.947000
0.731921,51.947000
0.751944,51.947000
0.771929,51.947000
0.791905,51.947000
0.811876,51.944000
0.831837,51.944000
0.851769,51.944000
0.871811,51.944000
0.891731,51.944000
0.911731,51.944000
0.931706,51.944000
0.951743,51.944000
0.971737,51.944000
0.991638,51.944000
1.011634,51.927000
1.031590,51.927000
1.052659,51.927000
1.071602,51.927000
1.091599,51.927000
1.111598,51.927000
1.131586,51.927000
1.152685,51.927000
1.171526,51.927000
1.192612,51.927000
1.212464,51.927000
1.232540,51.927000
1.252455,51.927000
1.272431,51.927000
1.292462,51.927000
1.312424,51.927000
1.332477,51.927000
1.352373,51.927000
1.372391,51.927000
1.392585,51.927000
1.412339,51.929000
1.432310,51.929000
1.452296,51.929000
1.472330,51.929000
1.492274,51.929000
1.512270,51.929000
1.532271,51.929000
1.552234,51.929000
1.572226,51.929000
1.592243,51.929000
1.612162,51.932000
1.632226,51.932000
1.652102,51.932000
1.672079,51.932000
1.692105,51.932000
1.712161,51.932000
1.732109,51.932000
1.752027,51.932000
1.772099,51.932000
1.792040,51.932000
1.812393,51.943000
1.831975,51.943000
1.852062,51.943000
1.871935,51.943000
1.892009,51.943000
1.911961,51.943000
1.932053,51.943000
1.951923,51.943000
1.972003,51.943000
1.992124,51.943000
2.011861,51.943000
2.031852,51.943000
2.051869,51.948000
2.071873,51.948000
2.091773,51.948000
2.111792,51.948000
2.131842,51.948000
2.151800,51.948000
2.171758,51.948000
2.191733,51.948000
2.211720,51.950000
2.231771,51.950000
2.251708,51.950000
2.271655,51.950000
2.291688,51.950000
2.311677,51.950000
2.331702,51.950000
2.351631,51.950000
2.371677,51.950000
2.391619,51.950000
2.411581,51.961000
2.431644,51.961000
2.452613,51.961000
2.471620,51.961000
2.492886,51.961000
2.511551,51.961000
2.532578,51.961000
2.552534,51.961000
2.572482,51.961000
2.592530,51.961000
2.612503,51.969000
2.632568,51.969000
2.652438,51.969000
2.672395,51.969000
2.692421,51.969000
2.712397,51.969000
2.732447,51.969000
2.752306,51.969000
2.772308,51.969000
2.792324,51.969000
2.812291,51.985000
2.832303,51.985000
2.852268,51.985000
2.872263,51.985000
2.892286,51.985000
2.912249,51.985000
2.932295,51.985000
2.952226,51.985000
2.972205,51.985000
2.992151,51.985000
3.012746,51.985000
3.032146,52.016000
3.052080,52.016000
3.072100,52.016000
3.092712,52.016000
3.112100,52.016000
3.132085,52.016000
3.152099,52.016000
3.172066,52.016000
3.192082,52.016000
3.212051,52.033000
3.232090,52.033000
3.251923,52.033000
3.272025,52.033000
3.292007,52.033000
3.311941,52.033000
3.332023,52.033000
3.351910,52.033000
3.371852,52.033000
3.391851,52.033000
3.412946,52.053000
3.431816,52.053000
3.451788,52.053000
3.471835,52.053000
3.491794,52.053000
3.511731,52.053000
3.531743,52.053000
3.551670,52.053000
3.571679,52.053000
3.591676,52.053000
3.611680,52.067000
3.631610,52.067000
3.651654,52.067000
3.671614,52.067000
3.692617,52.067000
3.711878,52.067000
3.731529,52.067000
3.751532,52.067000
3.772517,52.067000
3.792766,52.067000
3.812501,52.083000
3.832542,52.083000
3.852448,52.083000
3.872437,52.083000
3.892495,52.083000
3.912444,52.083000
3.932413,52.083000
3.952406,52.083000
3.972435,52.083000
3.992366,52.083000
4.012339,52.083000
4.032312,52.115000
4.052317,52.115000
4.072412,52.115000
4.092328,52.115000
4.112312,52.115000
4.132403,52.115000
4.152950,52.115000
4.172332,52.115000
4.192237,52.115000
4.212255,52.126000
4.232278,52.126000
4.252239,52.126000
4.272227,52.126000
4.292158,52.126000
4.312130,52.126000
4.332119,52.126000
4.352076,52.126000
4.372086,52.126000
4.392150,52.126000
4.412053,52.146000
4.432009,52.146000
4.452012,52.146000
4.472060,52.146000
4.492016,52.146000
4.512040,52.146000
4.532030,52.146000
4.552216,52.146000
4.571970,52.146000
4.592005,52.146000
4.611935,52.157000
4.631998,52.157000
4.651890,52.157000
4.672146,52.157000
4.691860,52.157000
4.711809,52.157000
4.731932,52.157000
4.751777,52.157000
4.771896,52.157000
4.791843,52.157000
4.811752,52.157000
4.831738,52.168000
4.851710,52.168000
4.871830,52.168000
4.891760,52.168000
4.911725,52.168000
4.931666,52.168000
4.951710,52.168000
4.971769,52.168000
4.992515,52.168000
5.011609,52.168000
5.031748,52.177000
5.051649,52.177000
5.071633,52.177000
5.092561,52.177000
5.111583,52.177000
5.131598,52.177000
5.152516,52.177000
5.172542,52.177000
5.192470,52.177000
5.212464,52.206000
5.232445,52.206000
5.252389,52.206000
5.272423,52.206000
5.292374,52.206000
5.312345,52.206000
5.332466,52.206000
5.352313,52.206000
5.372327,52.206000
5.392297,52.206000
5.412280,52.216000
5.432335,52.216000
5.452250,52.216000
5.472253,52.216000
5.492265,52.216000
5.512258,52.216000
5.532338,52.216000
5.552227,52.216000
5.572299,52.216000
5.592174,52.216000
5.612138,52.246000
5.632213,52.246000
5.652102,52.246000
5.672168,52.246000
5.692068,52.246000
5.712096,52.246000
5.732104,52.246000
5.752023,52.246000
5.772100,52.246000
5.792065,52.246000
5.812041,52.274000
5.832027,52.274000
5.852039,52.274000
5.871983,52.274000
5.891926,52.274000
5.912087,52.274000
5.932009,52.274000
5.951877,52.274000
5.971899,52.274000
5.991857,52.274000
6.011861,52.274000
6.031904,52.309000
6.051854,52.309000
6.071815,52.309000
6.091815,52.309000
6.111917,52.309000
6.131899,52.309000
6.151790,52.309000
6.171737,52.309000
6.191689,52.309000
6.211715,52.338000
6.231772,52.338000
6.251678,52.338000
6.271682,52.338000
6.291646,52.338000
6.311611,52.338000
6.331617,52.338000
6.351576,52.338000
6.372599,52.338000
6.392620,52.338000
6.412534,52.358000
6.432659,52.358000
6.452539,52.358000
6.472492,52.358000
6.492499,52.358000
6.514946,52.358000
6.532514,52.358000
6.552458,52.358000
6.572427,52.358000
6.592397,52.358000
6.612402,52.396000
6.632411,52.396000
6.656876,52.396000
6.672408,52.396000
6.692348,52.396000
6.712322,52.396000
6.732377,52.396000
6.752303,52.396000
6.772300,52.396000
6.792347,52.396000
6.812303,52.431000
6.832387,52.431000
6.852267,52.431000
6.872292,52.431000
6.892321,52.431000
6.912220,52.431000
6.932236,52.431000
6.952132,52.431000
6.972110,52.431000
6.992154,52.431000
7.012073,52.467000
7.032054,52.467000
7.052028,52.467000
7.072053,52.467000
7.092030,52.467000
7.112042,52.467000
7.132137,52.467000
7.151975,52.467000
7.171999,52.467000
7.191976,52.467000
7.211955,52.505000
7.231940,52.505000
7.251921,52.505000
7.271935,52.505000
7.291876,52.505000
7.312039,52.505000
7.331958,52.505000
7.351839,52.505000
7.371931,52.505000
7.391820,52.505000
7.411879,52.553000
7.431853,52.553000
7.451852,52.553000
7.471821,52.553000
7.491794,52.553000
7.511789,52.553000
7.531789,52.553000
7.551769,52.553000
7.571743,52.553000
7.591699,52.553000
7.611668,52.563000
7.631703,52.563000
7.651657,52.563000
7.671650,52.563000
7.692621,52.563000
7.711617,52.563000
7.731624,52.563000
7.751570,52.563000
7.771663,52.563000
7.792661,52.563000
7.811627,52.572000
7.832613,52.572000
7.852572,52.572000
7.872555,52.572000
7.892488,52.572000
7.912536,52.572000
7.932567,52.572000
7.952488,52.572000
7.972540,52.572000
7.992392,52.572000
8.012406,52.572000
8.032413,52.572000
8.052365,52.608000
8.072416,52.608000
8.092332,52.608000
8.112340,52.608000
8.132429,52.608000
8.152357,52.608000
8.172337,52.608000
8.192317,52.608000
8.212359,52.640000
8.232266,52.640000
8.254839,52.640000
8.272277,52.640000
8.292230,52.640000
8.312266,52.640000
8.332278,52.640000
8.352280,52.640000
8.372239,52.640000
8.392143,52.640000
8.412293,52.654000
8.432130,52.654000
8.452157,52.654000
8.472107,52.654000
8.492048,52.654000
8.512064,52.654000
8.532231,52.654000
8.552064,52.654000
8.572028,52.654000
8.592010,52.654000
8.611982,52.654000
8.631969,52.682000
8.651947,52.682000
8.671971,52.682000
8.691930,52.682000
8.711962,52.682000
8.732061,52.682000
8.751885,52.682000
8.771929,52.682000
8.797579,52.682000
8.811837,52.706000
8.831913,52.706000
8.851853,52.706000
8.871943,52.706000
8.891805,52.706000
8.911830,52.706000
8.931891,52.706000
8.951780,52.706000
8.971800,52.706000
8.991754,52.706000
9.011727,52.726000
9.031759,52.726000
9.051708,52.726000
9.071667,52.726000
9.092709,52.726000
9.111688,52.726000
9.131713,52.726000
9.151585,52.726000
9.171636,52.726000
9.192625,52.726000
9.212575,52.753000
9.232629,52.753000
9.252518,52.753000
9.272510,52.753000
9.292572,52.753000
9.312541,52.753000
9.332557,52.753000
9.352490,52.753000
9.372466,52.753000
9.392524,52.753000
9.412439,52.773000
9.432447,52.773000
9.452365,52.773000
9.472445,52.773000
9.492427,52.773000
9.512336,52.773000
9.532405,52.773000
9.552309,52.773000
9.572309,52.773000
9.592361,52.773000
9.612337,52.795000
9.632360,52.795000
9.652272,52.795000
9.672270,52.795000
9.692325,52.795000
9.712244,52.795000
9.732325,52.795000
9.752251,52.795000
9.772265,52.795000
9.792251,52.795000
9.812197,52.821000
9.832234,52.821000
9.852137,52.821000
9.872182,52.821000
9.892090,52.821000
9.912098,52.821000
9.932145,52.821000
9.952121,52.821000
9.972057,52.821000
9.992049,52.821000
10.012072,52.821000
10.032014,52.837000
10.051974,52.837000
10.072055,52.837000
10.091966,52.837000
10.111952,52.837000
10.132072,52.837000
10.151995,52.837000
10.171933,52.837000
10.191950,52.837000
10.211991,52.866000
10.231922,52.866000
10.251872,52.866000
10.271862,52.866000
10.291875,52.866000
10.311841,52.866000
10.331799,52.866000
10.351777,52.866000
10.371796,52.866000
10.391732,52.866000
10.411735,52.893000
10.431725,52.893000
10.451789,52.893000
10.471736,52.893000
10.491690,52.893000
10.511691,52.893000
10.531721,52.893000
10.551624,52.893000
10.571648,52.893000
10.592634,52.893000
10.611602,52.910000
10.632635,52.910000
10.652580,52.910000
10.672564,52.910000
10.692578,52.910000
10.712605,52.910000
10.732516,52.910000
10.752493,52.910000
10.772518,52.910000
10.792522,52.910000
10.812482,52.945000
10.832493,52.945000
10.852451,52.945000
10.872453,52.945000
10.892422,52.945000
10.912399,52.945000
10.932492,52.945000
10.952358,52.945000
10.972400,52.945000
10.992410,52.945000
11.012380,52.945000
11.032330,52.973000
11.052314,52.973000
11.072349,52.973000
11.092340,52.973000
11.112720,52.973000
11.132402,52.973000
11.152234,52.973000
11.172236,52.973000
11.192328,52.973000
11.212280,52.990000
11.232329,52.990000
11.252241,52.990000
11.272182,52.990000
11.292120,52.990000
11.312137,52.990000
11.332127,52.990000
11.352083,52.990000
11.372075,52.990000
11.392052,52.990000
11.412043,53.017000
11.432050,53.017000
11.452003,53.017000
11.471981,53.017000
11.491925,53.017000
11.511929,53.017000
11.532038,53.017000
11.551896,53.017000
11.571894,53.017000
11.591899,53.017000
11.611871,53.052000
11.631916,53.052000
11.651827,53.052000
11.671860,53.052000
11.691789,53.052000
11.711798,53.052000
11.731831,53.052000
11.751756,53.052000
11.771774,53.052000
11.791779,53.052000
11.811767,53.075000
11.831775,53.075000
11.851690,53.075000
11.871770,53.075000
11.892688,53.075000
11.911701,53.075000
11.932786,53.075000
11.951631,53.075000
11.971624,53.075000
11.992589,53.075000
12.012609,53.075000
12.032688,53.095000
12.052565,53.095000
12.072569,53.095000
12.092591,53.095000
12.112743,53.095000
12.132584,53.095000
12.152469,53.095000
12.172442,53.095000
12.192494,53.095000
12.212462,53.120000
12.232546,53.120000
12.252415,53.120000
12.272407,53.120000
12.292410,53.120000
12.312408,53.120000
12.332424,53.120000
12.352350,53.120000
12.372751,53.120000
12.392390,53.120000
12.412329,53.142000
12.432333,53.142000
12.452281,53.142000
12.472309,53.142000
12.492304,53.142000
12.512303,53.142000
12.532269,53.142000
12.552246,53.142000
12.573884,53.142000
12.592232,53.142000
12.612181,53.169000
12.632150,53.169000
12.652185,53.169000
12.672136,53.169000
12.692101,53.169000
12.712104,53.169000
12.732104,53.169000
12.752096,53.169000
12.772113,53.169000
12.792067,53.169000
12.812021,53.187000
12.832111,53.187000
12.852018,53.187000
12.871983,53.187000
12.891937,53.187000
12.911930,53.187000
12.931910,53.187000
12.951894,53.187000
12.971878,53.187000
12.991848,53.187000
13.012089,53.187000
13.031915,53.196000
13.051789,53.196000
13.071813,53.196000
13.091846,53.196000
13.111847,53.196000
13.131823,53.196000
13.151743,53.196000
13.171757,53.196000
13.191785,53.196000
13.211745,53.215000
13.231748,53.215000
13.251706,53.215000
13.271755,53.215000
13.292725,53.215000
13.311666,53.215000
13.331734,53.215000
13.351632,53.215000
13.371729,53.215000
13.392854,53.215000
13.412624,53.224000
13.432712,53.224000
13.452590,53.224000
13.472567,53.224000
13.492597,53.224000
13.512538,53.224000
13.532605,53.224000
13.552525,53.224000
13.572532,53.224000
13.592527,53.224000
13.612496,53.239000
13.632503,53.239000
13.652531,53.239000
13.672432,53.239000
13.692467,53.239000
13.712419,53.239000
13.732407,53.239000
13.752411,53.239000
13.772426,53.239000
13.792337,53.239000
13.812513,53.250000
13.832338,53.250000
13.852324,53.250000
13.872325,53.250000
13.892290,53.250000
13.912289,53.250000
13.932255,53.250000
13.952216,53.250000
13.972301,53.250000
13.992351,53.250000
14.012357,53.250000
14.032341,53.269000
14.052302,53.269000
14.072183,53.269000
14.092150,53.269000
14.112136,53.269000
14.132136,53.269000
14.152091,53.269000
14.172150,53.269000
14.192088,53.269000
14.212167,53.278000
14.232080,53.278000
14.252015,53.278000
14.272062,53.278000
14.292037,53.278000
14.311979,53.278000
14.332000,53.278000
14.351953,53.278000
14.372019,53.278000
14.392023,53.278000
14.411987,53.280000
14.432073,53.280000
14.451931,53.280000
14.471967,53.280000
14.491946,53.280000
14.511840,53.280000
14.531868,53.280000
14.551820,53.280000
14.571844,53.280000
14.591752,53.280000
14.611792,53.287000
14.631883,53.287000
14.651837,53.287000
14.671744,53.287000
14.691734,53.287000
14.711687,53.287000
14.732772,53.287000
14.752640,53.287000
14.771724,53.287000
14.792629,53.287000
14.812650,53.293000
14.832665,53.293000
14.852594,53.293000
14.872559,53.293000
14.892550,53.293000
14.912563,53.293000
14.932571,53.293000
14.952537,53.293000
14.972523,53.293000
14.992558,53.293000
15.012506,53.293000
15.032531,53.310000
15.052470,53.310000
15.073316,53.310000
15.092489,53.310000
15.112412,53.310000
15.132434,53.310000
15.152369,53.310000
15.172338,53.310000
15.192363,53.310000
15.212366,53.337000
15.232352,53.337000
15.252266,53.337000
15.272244,53.337000
15.292315,53.337000
15.312252,53.337000
15.332380,53.337000
15.352249,53.337000
15.372266,53.337000
15.392228,53.337000
15.412198,53.342000
15.432204,53.342000
15.452167,53.342000
15.472133,53.342000
15.492131,53.342000
15.512133,53.342000
15.532177,53.342000
15.552078,53.342000
15.572059,53.342000
15.592041,53.342000
15.612008,53.351000
15.632075,53.351000
15.651963,53.351000
15.672003,53.351000
15.691957,53.351000
15.711911,53.351000
15.731973,53.351000
15.751917,53.351000
15.771958,53.351000
15.791914,53.351000
15.811880,53.357000
15.831955,53.357000
15.851794,53.357000
15.871887,53.357000
15.891845,53.357000
15.911795,53.357000
15.931864,53.357000
15.951789,53.357000
15.971749,53.357000
15.992772,53.357000
16.011705,53.357000
16.031694,53.362000
16.052691,53.362000
16.072627,53.362000
16.092710,53.362000
16.112654,53.362000
16.132774,53.362000
16.152626,53.362000
16.172619,53.362000
16.192954,53.362000
16.212554,53.370000
16.232514,53.370000
16.252584,53.370000
16.272522,53.370000
16.292572,53.370000
16.312509,53.370000
16.332566,53.370000
16.352437,53.370000
16.372474,53.370000
16.392444,53.370000
16.412397,53.373000
16.432437,53.373000
16.452351,53.373000
16.472370,53.373000
16.492388,53.373000
16.512353,53.373000
16.532362,53.373000
16.552270,53.373000
16.572372,53.373000
16.592283,53.373000
16.612266,53.374000
16.632298,53.374000
16.652249,53.374000
16.672288,53.374000
16.692261,53.374000
16.712241,53.374000
16.732212,53.374000
16.752194,53.374000
16.772135,53.374000
16.792128,53.374000
16.812121,53.374000
16.832146,53.364000
16.852137,53.364000
16.872177,53.364000
16.892204,53.364000
16.912106,53.364000
16.932178,53.364000
16.952044,53.364000
16.972047,53.364000
16.991981,53.364000
17.012004,53.364000
17.032010,53.363000
17.051937,53.363000
17.071937,53.363000
17.091909,53.363000
17.111911,53.363000
17.132030,53.363000
17.151918,53.363000
17.171889,53.363000
17.191879,53.363000
17.211850,53.370000
17.231943,53.370000
17.251812,53.370000
17.271824,53.370000
17.291785,53.370000
17.311753,53.370000
17.331838,53.370000
17.351753,53.370000
17.373298,53.370000
17.392793,53.370000
17.412766,53.363000
17.432718,53.363000
17.452642,53.363000
17.472638,53.363000
17.492728,53.363000
17.512609,53.363000
17.532588,53.363000
17.552648,53.363000
17.572690,53.363000
17.592649,53.363000
17.612556,53.376000
17.632593,53.376000
17.652531,53.376000
17.672503,53.376000
17.692507,53.376000
17.712509,53.376000
17.732556,53.376000
17.752452,53.376000
17.772448,53.376000
17.792470,53.376000
17.812413,53.367000
17.832368,53.367000
17.852382,53.367000
17.872382,53.367000
17.892430,53.367000
17.912384,53.367000
17.932399,53.367000
17.952330,53.367000
17.972370,53.367000
17.992339,53.367000
18.012324,53.367000
18.032302,53.360000
18.052243,53.360000
18.072471,53.360000
18.092350,53.360000
18.112281,53.360000
18.132261,53.360000
18.152219,53.360000
18.172262,53.360000
18.192159,53.360000
18.212130,53.355000
18.232213,53.355000
18.252122,53.355000
18.272165,53.355000
18.292097,53.355000
18.312050,53.355000
18.332092,53.355000
18.352059,53.355000
18.372014,53.355000
18.392070,53.355000
18.411973,53.357000
18.431989,53.357000
18.451932,53.357000
18.471927,53.357000
18.492004,53.357000
18.511935,53.357000
18.531901,53.357000
18.551885,53.357000
18.571861,53.357000
18.591851,53.357000
18.611854,53.357000
18.631856,53.359000
18.651784,53.359000
18.671777,53.359000
18.691786,53.359000
18.711754,53.359000
18.732827,53.359000
18.751708,53.359000
18.772723,53.359000
18.792821,53.359000
18.812678,53.359000
18.832790,53.357000
18.852656,53.357000
18.872675,53.357000
18.892715,53.357000
18.912623,53.357000
18.932631,53.357000
18.952575,53.357000
18.972589,53.357000
18.992595,53.357000
19.012520,53.357000
19.032542,53.378000
19.052439,53.378000
19.072499,53.378000
19.092477,53.378000
19.112490,53.378000
19.132482,53.378000
19.152564,53.378000
19.172409,53.378000
19.192477,53.378000
19.212413,53.381000
19.232454,53.381000
19.252333,53.381000
19.272325,53.381000
19.292405,53.381000
19.312359,53.381000
19.332275,53.381000
19.352311,53.381000
19.372275,53.381000
19.392324,53.381000
19.412317,53.381000
19.432278,53.405000
19.452335,53.405000
19.472238,53.405000
19.492224,53.405000
19.512238,53.405000
19.532291,53.405000
19.552130,53.405000
19.572181,53.405000
19.592189,53.405000
19.612141,53.405000
19.632195,53.410000
19.652097,53.410000
19.672120,53.410000
19.692105,53.410000
19.712083,53.410000
19.732119,53.410000
19.752059,53.410000
19.772048,53.410000
19.792020,53.410000
19.812153,53.410000
19.832035,53.426000
19.851968,53.426000
19.871960,53.426000
19.891994,53.426000
19.911957,53.426000
19.931916,53.426000
19.951877,53.426000
19.971915,53.426000
19.991845,53.426000
20.011866,53.426000
20.031911,53.429000
20.051824,53.429000
20.071861,53.429000
20.095010,53.429000
20.111795,53.429000
20.132848,53.429000
20.151802,53.429000
20.171779,53.429000
20.192765,53.429000
20.211706,53.437000
20.232743,53.437000
20.252655,53.437000
20.272737,53.437000
20.292758,53.437000
20.312696,53.437000
20.332597,53.437000
20.352591,53.437000
20.372566,53.437000
20.392570,53.437000
20.412526,53.459000
20.432566,53.459000
20.452491,53.459000
20.472538,53.459000
20.492529,53.459000
20.512530,53.459000
20.532502,53.459000
20.552460,53.459000
20.572431,53.459000
20.592609,53.459000
20.612434,53.457000
20.632465,53.457000
20.652359,53.457000
20.672381,53.457000
20.692446,53.457000
20.712386,53.457000
20.732440,53.457000
20.752325,53.457000
20.772326,53.457000
20.792342,53.457000
20.812250,53.470000
20.832281,53.470000
20.852270,53.470000
20.872286,53.470000
20.892251,53.470000
20.912239,53.470000
20.932301,53.470000
20.952226,53.470000
20.972142,53.470000
20.992253,53.470000
21.012161,53.470000
21.032232,53.482000
21.054260,53.482000
21.072109,53.482000
21.092089,53.482000
21.112100,53.482000
21.132188,53.482000
21.152036,53.482000
21.172040,53.482000
21.192019,53.482000
21.212013,53.489000
21.232061,53.489000
21.251944,53.489000
21.272013,53.489000
21.291921,53.489000
21.311939,53.489000
21.331904,53.489000
21.351868,53.489000
21.371924,53.489000
21.391894,53.489000
21.411854,53.505000
21.431867,53.505000
21.451839,53.505000
21.471850,53.505000
21.491950,53.505000
21.511921,53.505000
21.531878,53.505000
21.551810,53.505000
21.572748,53.505000
21.592770,53.505000
21.612760,53.505000
21.632806,53.499000
21.652717,53.499000
21.672682,53.499000
21.692703,53.499000
21.712666,53.499000
21.732729,53.499000
21.752665,53.499000
21.772612,53.499000
21.792597,53.499000
21.812640,53.503000
21.832683,53.503000
21.852521,53.503000
21.872941,53.503000
21.892589,53.503000
21.912503,53.503000
21.932611,53.503000
21.952460,53.503000
21.972510,53.503000
21.992449,53.503000
22.012487,53.503000
22.032507,53.499000
22.052390,53.499000
22.072430,53.499000
22.092419,53.499000
22.112357,53.499000
22.132457,53.499000
22.152381,53.499000
22.172325,53.499000
22.192367,53.499000
22.212357,53.499000
22.232342,53.496000
22.252260,53.496000
22.272326,53.496000
22.292311,53.496000
22.312274,53.496000
22.332224,53.496000
22.352331,53.496000
22.372234,53.496000
22.392241,53.496000
22.412260,53.504000
22.432288,53.504000
22.452209,53.504000
22.472261,53.504000
22.492194,53.504000
22.512098,53.504000
22.532195,53.504000
22.552146,53.504000
22.572102,53.504000
22.592137,53.504000
22.612098,53.528000
22.632184,53.528000
22.652049,53.528000
22.672036,53.528000
22.691974,53.528000
22.711960,53.528000
22.732168,53.528000
22.752167,53.528000
22.771954,53.528000
22.791944,53.528000
22.811894,53.531000
22.831964,53.531000
22.851905,53.531000
22.871945,53.531000
22.891837,53.531000
22.911876,53.531000
22.931864,53.531000
22.951806,53.531000
22.972838,53.531000
22.991849,53.531000
23.012793,53.531000
23.032791,53.553000
23.052805,53.553000
23.072742,53.553000
23.092818,53.553000
23.112785,53.553000
23.132824,53.553000
23.152695,53.553000
23.172726,53.553000
23.192721,53.553000
23.212654,53.564000
23.232723,53.564000
23.252694,53.564000
23.272595,53.564000
23.292666,53.564000
23.312568,53.564000
23.332666,53.564000
23.352495,53.564000
23.372532,53.564000
23.392560,53.564000
23.412492,53.575000
23.432516,53.575000
23.452426,53.575000
23.472514,53.575000
23.492441,53.575000
23.512438,53.575000
23.532445,53.575000
23.552362,53.575000
23.572370,53.575000
23.592376,53.575000
23.612366,53.575000
23.632328,53.579000
23.652302,53.579000
23.672326,53.579000
23.692351,53.579000
23.712313,53.579000
23.732416,53.579000
23.752278,53.579000
23.772239,53.579000
23.792260,53.579000
23.812259,53.583000
23.832323,53.583000
23.852210,53.583000
23.872152,53.583000
23.892133,53.583000
23.912105,53.583000
23.932119,53.583000
23.952093,53.583000
23.972094,53.583000
23.993173,53.583000
24.012036,53.583000
24.032081,53.602000
24.052009,53.602000
24.072067,53.602000
24.091998,53.602000
24.111974,53.602000
24.132063,53.602000
24.151970,53.602000
24.171921,53.602000
24.192238,53.602000
24.211910,53.602000
24.231888,53.608000
24.251894,53.608000
24.271940,53.608000
24.291868,53.608000
24.311821,53.608000
24.331873,53.608000
24.352819,53.608000
24.371812,53.608000
24.392467,53.608000
24.412755,53.623000
24.432884,53.623000
24.452751,53.623000
24.472714,53.623000
24.492731,53.623000
24.512663,53.623000
24.532753,53.623000
24.552611,53.623000
24.572724,53.623000
24.592669,53.623000
24.612655,53.623000
24.632604,53.638000
24.652570,53.638000
24.672569,53.638000
24.692554,53.638000
24.712563,53.638000
24.732498,53.638000
24.752548,53.638000
24.772500,53.638000
24.792523,53.638000
24.812463,53.638000
24.832550,53.643000
24.852424,53.643000
24.872504,53.643000
24.892427,53.643000
24.912409,53.643000
24.932576,53.643000
24.952416,53.643000
24.972341,53.643000
24.992346,53.643000
25.012370,53.643000
25.032449,53.660000
25.052327,53.660000
25.072297,53.660000
25.092333,53.660000
25.112310,53.660000
25.132280,53.660000
25.152257,53.660000
25.172236,53.660000
25.192371,53.660000
25.212259,53.674000
25.232220,53.674000
25.252118,53.674000
25.272114,53.674000
25.292152,53.674000
25.312121,53.674000
25.332146,53.674000
25.352054,53.674000
25.372128,53.674000
25.392100,53.674000
25.412044,53.688000
25.432077,53.688000
25.452017,53.688000
25.471987,53.688000
25.492036,53.688000
25.511973,53.688000
25.532056,53.688000
25.551927,53.688000
25.571945,53.688000
25.591972,53.688000
25.611895,53.701000
25.632010,53.701000
25.651916,53.701000
25.672002,53.701000
25.691935,53.701000
25.712855,53.701000
25.731936,53.701000
25.752817,53.701000
25.772785,53.701000
25.792958,53.701000
25.812748,53.714000
25.832914,53.714000
25.852745,53.714000
25.872761,53.714000
25.892937,53.714000
25.912740,53.714000
25.932704,53.714000
25.952670,53.714000
25.972707,53.714000
25.992727,53.714000
26.012646,53.714000
26.032636,53.756000
26.052595,53.756000
26.072612,53.756000
26.092597,53.756000
26.112586,53.756000
26.132567,53.756000
26.152544,53.756000
26.172503,53.756000
26.192561,53.756000
26.212565,53.778000
26.232554,53.778000
26.252495,53.778000
26.272476,53.778000
26.292518,53.778000
26.312470,53.778000
26.332456,53.778000
26.352434,53.778000
26.372388,53.778000
26.392455,53.778000
26.412371,53.797000
26.432434,53.797000
26.452349,53.797000
26.472352,53.797000
26.492334,53.797000
26.512374,53.797000
26.532368,53.797000
26.552301,53.797000
26.572262,53.797000
26.592308,53.797000
26.612255,53.807000
26.632298,53.807000
26.652258,53.807000
26.672236,53.807000
26.692249,53.807000
26.712242,53.807000
26.732248,53.807000
26.752126,53.807000
26.772164,53.807000
26.792196,53.807000
26.812144,53.807000
26.832132,53.832000
26.852083,53.832000
26.872091,53.832000
26.892218,53.832000
26.912079,53.832000
26.932051,53.832000
26.951976,53.832000
26.971972,53.832000
26.992029,53.832000
27.011971,53.832000
27.032024,53.835000
27.051900,53.835000
27.071937,53.835000
27.091935,53.835000
27.112872,53.835000
27.131900,53.835000
27.151875,53.835000
27.171836,53.835000
27.192858,53.835000
27.212780,53.835000
27.232808,53.841000
27.252742,53.841000
27.272821,53.841000
27.292711,53.841000
27.312707,53.841000
27.332697,53.841000
27.352734,53.841000
27.372673,53.841000
27.392656,53.841000
27.412705,53.841000
27.432744,53.855000
27.452691,53.855000
27.472634,53.855000
27.492683,53.855000
27.512563,53.855000
27.532619,53.855000
27.552529,53.855000
27.572530,53.855000
27.592489,53.855000
27.612484,53.855000
27.632509,53.829000
27.652453,53.829000
27.672447,53.829000
27.692387,53.829000
27.712388,53.829000
27.732422,53.829000
27.752396,53.829000
27.772395,53.829000
27.792452,53.829000
27.812313,53.829000
27.832372,53.830000
27.852280,53.830000
27.872340,53.830000
27.892372,53.830000
27.912263,53.830000
27.932380,53.830000
27.952247,53.830000
27.972235,53.830000
27.992370,53.830000
28.012264,53.830000
28.032199,53.852000
28.052130,53.852000
28.072155,53.852000
28.092165,53.852000
28.112082,53.852000
28.132146,53.852000
28.152054,53.852000
28.172122,53.852000
28.192014,53.852000
28.212034,53.847000
28.232049,53.847000
28.252019,53.847000
28.272074,53.847000
28.292004,53.847000
28.312048,53.847000
28.332101,53.847000
28.351952,53.847000
28.372020,53.847000
28.391933,53.847000
28.413207,53.833000
28.431867,53.833000
28.451817,53.833000
28.471917,53.833000
28.492831,53.833000
28.512899,53.833000
28.532856,53.833000
28.552771,53.833000
28.572767,53.833000
28.592797,53.833000
28.612896,53.823000
28.632760,53.823000
28.652828,53.823000
28.672768,53.823000
28.692754,53.823000
28.712723,53.823000
28.732756,53.823000
28.752639,53.823000
28.772693,53.823000
28.792755,53.823000
28.812593,53.833000
28.832657,53.833000
28.852564,53.833000
28.872575,53.833000
28.892562,53.833000
28.912574,53.833000
28.932532,53.833000
28.952497,53.833000
28.972525,53.833000
28.992550,53.833000
29.012471,53.833000
29.032538,53.881000
29.052567,53.881000
29.072461,53.881000
29.092425,53.881000
29.112422,53.881000
29.132430,53.881000
29.152430,53.881000
29.172332,53.881000
29.192347,53.881000
29.212339,53.861000
29.232290,53.861000
29.252268,53.861000
29.272310,53.861000
29.292271,53.861000
29.312250,53.861000
29.332255,53.861000
29.352226,53.861000
29.372302,53.861000
29.392278,53.861000
29.412307,53.887000
29.432170,53.887000
29.452145,53.887000
29.472248,53.887000
29.492115,53.887000
29.512160,53.887000
29.532081,53.887000
29.552120,53.887000
29.572114,53.887000
29.592106,53.887000
29.612058,53.887000
29.632115,53.870000
29.652101,53.870000
29.672037,53.870000
29.692124,53.870000
29.712013,53.870000
29.731967,53.870000
29.752946,53.870000
29.771978,53.870000
29.791947,53.870000
29.811938,53.860000
29.831903,53.860000
29.852863,53.860000
29.871902,53.860000
29.892895,53.860000
29.912899,53.860000
29.932766,53.860000
29.952766,53.860000
29.972805,53.860000
29.992744,53.860000
30.012751,53.860000
30.032753,53.849000
30.052718,53.849000
30.072731,53.849000
30.092713,53.849000
30.112713,53.849000
30.132787,53.849000
30.152679,53.849000
30.172710,53.849000
30.192637,53.849000
30.212649,53.849000
30.232638,53.850000
30.252566,53.850000
30.272649,53.850000
30.292592,53.850000
30.312636,53.850000
30.332620,53.850000
30.352578,53.850000
30.372506,53.850000
30.392534,53.850000
30.412475,53.850000
30.432564,53.850000
30.452528,53.850000
30.472466,53.850000
30.492467,53.850000
30.512437,53.850000
30.532424,53.850000
30.552390,53.850000
30.572398,53.850000
30.592369,53.850000
30.612391,53.850000
30.632456,53.858000
30.652336,53.858000
30.672345,53.858000
30.692333,53.858000
30.712356,53.858000
30.732323,53.858000
30.752287,53.858000
30.772292,53.858000
30.792302,53.858000
30.812249,53.858000
30.832255,53.839000
30.852250,53.839000
30.872267,53.839000
30.892276,53.839000
30.912243,53.839000
30.932245,53.839000
30.952138,53.839000
30.972136,53.839000
30.992138,53.839000
31.012108,53.839000
31.032126,53.815000
31.052071,53.815000
31.072121,53.815000
31.092135,53.815000
31.112118,53.815000
31.132055,53.815000
31.152012,53.815000
31.172086,53.815000
31.191990,53.815000
31.211951,53.805000
31.231949,53.805000
31.252990,53.805000
31.271933,53.805000
31.291944,53.805000
31.311922,53.805000
31.331891,53.805000
31.352888,53.805000
31.371936,53.805000
31.392853,53.805000
31.412961,53.769000
31.432939,53.769000
31.452808,53.769000
31.472795,53.769000
31.492778,53.769000
31.512786,53.769000
31.532824,53.769000
31.552747,53.769000
31.572779,53.769000
31.592722,53.769000
31.612712,53.783000
31.632658,53.783000
31.652640,53.783000
31.672683,53.783000
31.692682,53.783000
31.712633,53.783000
31.732666,53.783000
31.752644,53.783000
31.772547,53.783000
31.792579,53.783000
31.812556,53.805000
31.832568,53.805000
31.852462,53.805000
31.872472,53.805000
31.892473,53.805000
31.912501,53.805000
31.932510,53.805000
31.952420,53.805000
31.972396,53.805000
31.992423,53.805000
32.012396,53.805000
32.032436,53.844000
32.052380,53.844000
32.072343,53.844000
32.092345,53.844000
32.112306,53.844000
32.132381,53.844000
32.152287,53.844000
32.172345,53.844000
32.192257,53.844000
32.212259,53.796000
32.232296,53.796000
32.252247,53.796000
32.272232,53.796000
32.292301,53.796000
32.312879,53.796000
32.332257,53.796000
32.352142,53.796000
32.372244,53.796000
32.392125,53.796000
32.412104,53.796000
32.432184,53.804000
32.452121,53.804000
32.472157,53.804000
32.492123,53.804000
32.512072,53.804000
32.532067,53.804000
32.552038,53.804000
32.572100,53.804000
32.592038,53.804000
32.612003,53.804000
32.632097,53.774000
32.653003,53.774000
32.671983,53.774000
32.691894,53.774000
32.712001,53.774000
32.732985,53.774000
32.752867,53.774000
32.772866,53.774000
32.792892,53.774000
32.812840,53.774000
32.832831,53.747000
32.852770,53.747000
32.872770,53.747000
32.892739,53.747000
32.912808,53.747000
32.932758,53.747000
32.952734,53.747000
32.972713,53.747000
32.992702,53.747000
33.012719,53.747000
33.032751,53.734000
33.052691,53.734000
33.072705,53.734000
33.092621,53.734000
33.112650,53.734000
33.132641,53.734000
33.152604,53.734000
33.172565,53.734000
33.192614,53.734000
33.212555,53.734000
33.232604,53.738000
33.252531,53.738000
33.272528,53.738000
33.292472,53.738000
33.312508,53.738000
33.332583,53.738000
33.352483,53.738000
33.372422,53.738000
33.392444,53.738000
33.412465,53.738000
33.432477,53.723000
33.452392,53.723000
33.472345,53.723000
33.492378,53.723000
33.512356,53.723000
33.532455,53.723000
33.552359,53.723000
33.572360,53.723000
33.592326,53.723000
33.612323,53.725000
33.632356,53.725000
33.652263,53.725000
33.672287,53.725000
33.692272,53.725000
33.712291,53.725000
33.732255,53.725000
33.752211,53.725000
33.772187,53.725000
33.792184,53.725000
33.812164,53.691000
33.832205,53.691000
33.852129,53.691000
33.872100,53.691000
33.892110,53.691000
33.912177,53.691000
33.932092,53.691000
33.952053,53.691000
33.972036,53.691000
33.992009,53.691000
34.012073,53.691000
34.032017,53.678000
34.053043,53.678000
34.071997,53.678000
34.091998,53.678000
34.112162,53.678000
34.131957,53.678000
34.152973,53.678000
34.171940,53.678000
34.192992,53.678000
34.213040,53.674000
34.232886,53.674000
34.252848,53.674000
34.272824,53.674000
34.292870,53.674000
34.312809,53.674000
34.332906,53.674000
34.352812,53.674000
34.372802,53.674000
34.392800,53.674000
34.412781,53.670000
34.432718,53.670000
34.452724,53.670000
34.472710,53.670000
34.492712,53.670000
34.512686,53.670000
34.532726,53.670000
34.552636,53.670000
34.572607,53.670000
34.592617,53.670000
34.612603,53.691000
34.632551,53.691000
34.652545,53.691000
34.672556,53.691000
34.692615,53.691000
34.712534,53.691000
34.732553,53.691000
34.752511,53.691000
34.772499,53.691000
34.792541,53.691000
34.812510,53.691000
34.832569,53.698000
34.852476,53.698000
34.872422,53.698000
34.892446,53.698000
34.912367,53.698000
34.932441,53.698000
34.952370,53.698000
34.972344,53.698000
34.992319,53.698000
35.012331,53.698000
35.032357,53.690000
35.052323,53.690000
35.072287,53.690000
35.092287,53.690000
35.112265,53.690000
35.132279,53.690000
35.152314,53.690000
35.172238,53.690000
35.192235,53.690000
35.212250,53.690000
35.232227,53.698000
35.252262,53.698000
35.272187,53.698000
35.292182,53.698000
35.312157,53.698000
35.332177,53.698000
35.352099,53.698000
35.372982,53.698000
35.392113,53.698000
35.412086,53.698000
35.432113,53.689000
35.452033,53.689000
35.472075,53.689000
35.492101,53.689000
35.512010,53.689000
35.532117,53.689000
35.552993,53.689000
35.572048,53.689000
35.592993,53.689000
35.612004,53.689000
35.631986,53.676000
35.652927,53.676000
35.673009,53.676000
35.692881,53.676000
35.712846,53.676000
35.732858,53.676000
35.752819,53.676000
35.772832,53.676000
35.792839,53.676000
35.812850,53.676000
35.832838,53.658000
35.852740,53.658000
35.872720,53.658000
35.892771,53.658000
35.912683,53.658000
35.932734,53.658000
35.952769,53.658000
35.972791,53.658000
35.992731,53.658000
36.012679,53.658000
36.032728,53.650000
36.052642,53.650000
36.072579,53.650000
36.092580,53.650000
36.112615,53.650000
36.132571,53.650000
36.152568,53.650000
36.172523,53.650000
36.192564,53.650000
36.212480,53.643000
36.232486,53.643000
36.252535,53.643000
36.272491,53.643000
36.292501,53.643000
36.312516,53.643000
36.332545,53.643000
36.352405,53.643000
36.372499,53.643000
36.392419,53.643000
36.412401,53.654000
36.432385,53.654000
36.452345,53.654000
36.472383,53.654000
36.492392,53.654000
36.512316,53.654000
36.532368,53.654000
36.552356,53.654000
36.572290,53.654000
36.592327,53.654000
36.612274,53.672000
36.632262,53.672000
36.652223,53.672000
36.672233,53.672000
36.692297,53.672000
36.712233,53.672000
36.732269,53.672000
36.752230,53.672000
36.772191,53.672000
36.792236,53.672000
36.812157,53.672000
36.832172,53.657000
36.852125,53.657000
36.872206,53.657000
36.892123,53.657000
36.912084,53.657000
36.932097,53.657000
36.952028,53.657000
36.972017,53.657000
36.992028,53.657000
37.012029,53.657000
37.031996,53.664000
37.052969,53.664000
37.072023,53.664000
37.092003,53.664000
37.111959,53.664000
37.132004,53.664000
37.152901,53.664000
37.172932,53.664000
37.192870,53.664000
37.212863,53.652000
37.232902,53.652000
37.252842,53.652000
37.272861,53.652000
37.292901,53.652000
37.312828,53.652000
37.332831,53.652000
37.352770,53.652000
37.372782,53.652000
37.392781,53.652000
37.412733,53.632000
37.432764,53.632000
37.452717,53.632000
37.472681,53.632000
37.492790,53.632000
37.512683,53.632000
37.532712,53.632000
37.552655,53.632000
37.572674,53.632000
37.592683,53.632000
37.612622,53.632000
37.632690,53.609000
37.652631,53.609000
37.672794,53.609000
37.692608,53.609000
37.712676,53.609000
37.732580,53.609000
37.752506,53.609000
37.772532,53.609000
37.792596,53.609000
37.812469,53.609000
37.832520,53.577000
37.852423,53.577000
37.872429,53.577000
37.892407,53.577000
37.912526,53.577000
37.932471,53.577000
37.952386,53.577000
37.972344,53.577000
37.992357,53.577000
38.012337,53.577000
38.032291,53.577000
38.052230,53.559000
38.072233,53.559000
38.092265,53.559000
38.112264,53.559000
38.132265,53.559000
38.152239,53.559000
38.172246,53.559000
38.192297,53.559000
38.212168,53.559000
38.232227,53.545000
38.252193,53.545000
38.272103,53.545000
38.292241,53.545000
38.312067,53.545000
38.332185,53.545000
38.352071,53.545000
38.372136,53.545000
38.392052,53.545000
38.412004,53.545000
38.432014,53.524000
38.451988,53.524000
38.472011,53.524000
38.493025,53.524000
38.512951,53.524000
38.531954,53.524000
38.551993,53.524000
38.571910,53.524000
38.592985,53.524000
38.612902,53.524000
38.632944,53.505000
38.652848,53.505000
38.672842,53.505000
38.692868,53.505000
38.712807,53.505000
38.732815,53.505000
38.752797,53.505000
38.772758,53.505000
38.792786,53.505000
38.812706,53.505000
38.832726,53.481000
38.852682,53.481000
38.872689,53.481000
38.892696,53.481000
38.912714,53.481000
38.932626,53.481000
38.952612,53.481000
38.972677,53.481000
38.992586,53.481000
39.012563,53.481000
39.032661,53.478000
39.052516,53.478000
39.072547,53.478000
39.092553,53.478000
39.112527,53.478000
39.132553,53.478000
39.152487,53.478000
39.172496,53.478000
39.192490,53.478000
39.212427,53.499000
39.232477,53.499000
39.252429,53.499000
39.272502,53.499000
39.292394,53.499000
39.312401,53.499000
39.332411,53.499000
39.352329,53.499000
39.372320,53.499000
39.392376,53.499000
39.412326,53.511000
39.432297,53.511000
39.452290,53.511000
39.472236,53.511000
39.492285,53.511000
39.512235,53.511000
39.532265,53.511000
39.552216,53.511000
39.572185,53.511000
39.592298,53.511000
39.612147,53.511000
39.632187,53.518000
39.652130,53.518000
39.672176,53.518000
39.692112,53.518000
39.712127,53.518000
39.732194,53.518000
39.752048,53.518000
39.772096,53.518000
39.792083,53.518000
39.812044,53.520000
39.832095,53.520000
39.852952,53.520000
39.872951,53.520000
39.891972,53.520000
39.912925,53.520000
39.932989,53.520000
39.952904,53.520000
39.972879,53.520000
39.992977,53.520000
40.012874,53.520000
40.032829,53.518000
40.052779,53.518000
40.072781,53.518000
40.092786,53.518000
40.112778,53.518000
40.132758,53.518000
40.152726,53.518000
40.172736,53.518000
40.192728,53.518000
40.212744,53.506000
40.232746,53.506000
40.252650,53.506000
40.272632,53.506000
40.292637,53.506000
40.312660,53.506000
40.332635,53.506000
40.352618,53.506000
40.372600,53.506000
40.392531,53.506000
40.412519,53.514000
40.432553,53.514000
40.452524,53.514000
40.472477,53.514000
40.492511,53.514000
40.512496,53.514000
40.532454,53.514000
40.552453,53.514000
40.572628,53.514000
40.592412,53.514000
40.612383,53.514000
40.632365,53.501000
40.652351,53.501000
40.672465,53.501000
40.692403,53.501000
40.712276,53.501000
40.732331,53.501000
40.752317,53.501000
40.772307,53.501000
40.792239,53.501000
40.812235,53.501000
40.832319,53.501000
40.852246,53.484000
40.872239,53.484000
40.892228,53.484000
40.912164,53.484000
40.932144,53.484000
40.952131,53.484000
40.972158,53.484000
40.992108,53.484000
41.012080,53.484000
41.032151,53.473000
41.052075,53.473000
41.072066,53.473000
41.093079,53.473000
41.112002,53.473000
41.133092,53.473000
41.152971,53.473000
41.172986,53.473000
41.192967,53.473000
41.212932,53.473000
41.232932,53.464000
41.252888,53.464000
41.272925,53.464000
41.293154,53.464000
41.312827,53.464000
41.332933,53.464000
41.352794,53.464000
41.372765,53.464000
41.392808,53.464000
41.412754,53.464000
41.432730,53.454000
41.452693,53.454000
41.472697,53.454000
41.492677,53.454000
41.512651,53.454000
41.532660,53.454000
41.552665,53.454000
41.572680,53.454000
41.592657,53.454000
41.612625,53.454000
41.632690,53.472000
41.652593,53.472000
41.672703,53.472000
41.692629,53.472000
41.712571,53.472000
41.732650,53.472000
41.752545,53.472000
41.772517,53.472000
41.792570,53.472000
41.812518,53.476000
41.832563,53.476000
41.854261,53.476000
41.872438,53.476000
41.892480,53.476000
41.912402,53.476000
41.932466,53.476000
41.952421,53.476000
41.972586,53.476000
41.992414,53.476000
42.012366,53.476000
42.032599,53.463000
42.052343,53.463000
42.072326,53.463000
42.092301,53.463000
42.112297,53.463000
42.132333,53.463000
42.152279,53.463000
42.172344,53.463000
42.192298,53.463000
42.212269,53.462000
42.232324,53.462000
42.252237,53.462000
42.272253,53.462000
42.292266,53.462000
42.312187,53.462000
42.332199,53.462000
42.352130,53.462000
42.372127,53.462000
42.393107,53.462000
42.412073,53.470000
42.432142,53.470000
42.452036,53.470000
42.472069,53.470000
42.493081,53.470000
42.512062,53.470000
42.533084,53.470000
42.553061,53.470000
42.573042,53.470000
42.593033,53.470000
42.612983,53.462000
42.633003,53.462000
42.653131,53.462000
42.672918,53.462000
42.692959,53.462000
42.712907,53.462000
42.732986,53.462000
42.752908,53.462000
42.772861,53.462000
42.792848,53.462000
42.812861,53.463000
42.832877,53.463000
42.852795,53.463000
42.872798,53.463000
42.892796,53.463000
42.912760,53.463000
42.932788,53.463000
42.952825,53.463000
42.972748,53.463000
42.992736,53.463000
43.012660,53.477000
43.032696,53.477000
43.052628,53.477000
43.072614,53.477000
43.092601,53.477000
43.112560,53.477000
43.132607,53.477000
43.152634,53.477000
43.172598,53.477000
43.192597,53.477000
43.212562,53.469000
43.232519,53.469000
43.252496,53.469000
43.272484,53.469000
43.292604,53.469000
43.312443,53.469000
43.332465,53.469000
43.352454,53.469000
43.372588,53.469000
43.392366,53.469000
43.412461,53.469000
43.432453,53.484000
43.452438,53.484000
43.472367,53.484000
43.492356,53.484000
43.512341,53.484000
43.532373,53.484000
43.552298,53.484000
43.572311,53.484000
43.592251,53.484000
43.612261,53.484000
43.632310,53.491000
43.652258,53.491000
43.672242,53.491000
43.692234,53.491000
43.712130,53.491000
43.732209,53.491000
43.752128,53.491000
43.772097,53.491000
43.792192,53.491000
43.812134,53.491000
43.832132,53.488000
43.852041,53.488000
43.873060,53.488000
43.893075,53.488000
43.912047,53.488000
43.933097,53.488000
43.953017,53.488000
43.973022,53.488000
43.993079,53.488000
44.012975,53.488000
44.033023,53.488000
44.052957,53.484000
44.072987,53.484000
44.092967,53.484000
44.112935,53.484000
44.132966,53.484000
44.152861,53.484000
44.172956,53.484000
44.192874,53.484000
44.212847,53.484000
44.232901,53.461000
44.252776,53.461000
44.272795,53.461000
44.292825,53.461000
44.312752,53.461000
44.332778,53.461000
44.352699,53.461000
44.372702,53.461000
44.392694,53.461000
44.412677,53.459000
44.432718,53.459000
44.452642,53.459000
44.472728,53.459000
44.492615,53.459000
44.512616,53.459000
44.532680,53.459000
44.552571,53.459000
44.572632,53.459000
44.592657,53.459000
44.612629,53.459000
44.632667,53.454000
44.652593,53.454000
44.672593,53.454000
44.692595,53.454000
44.712497,53.454000
44.732500,53.454000
44.752510,53.454000
44.772468,53.454000
44.792532,53.454000
44.812438,53.459000
44.832514,53.459000
44.852379,53.459000
44.872397,53.459000
44.892385,53.459000
44.912958,53.459000
44.932368,53.459000
44.952285,53.459000
44.972302,53.459000
44.992252,53.459000
45.012301,53.443000
45.032288,53.443000
45.052335,53.443000
45.072296,53.443000
45.092331,53.443000
45.112232,53.443000
45.132351,53.443000
45.152223,53.443000
45.172161,53.443000
45.194822,53.443000
45.212162,53.447000
45.232225,53.447000
45.252112,53.447000
45.272185,53.447000
45.293109,53.447000
45.312110,53.447000
45.332144,53.447000
45.352034,53.447000
45.372044,53.447000
45.393043,53.447000
45.412997,53.454000
45.433060,53.454000
45.452996,53.454000
45.472974,53.454000
45.492980,53.454000
45.512873,53.454000
45.532943,53.454000
45.552866,53.454000
45.572849,53.454000
45.592884,53.454000
45.612828,53.449000
45.632912,53.449000
45.652766,53.449000
45.672784,53.449000
45.692732,53.449000
45.712775,53.449000
45.732816,53.449000
45.752685,53.449000
45.772755,53.449000
45.792734,53.449000
45.812763,53.432000
45.832739,53.432000
45.852677,53.432000
45.872719,53.432000
45.892622,53.432000
45.912647,53.432000
45.932644,53.432000
45.952579,53.432000
45.972553,53.432000
45.992587,53.432000
46.012579,53.421000
46.032618,53.421000
46.052495,53.421000
46.072518,53.421000
46.092591,53.421000
46.112458,53.421000
46.132515,53.421000
46.152451,53.421000
46.172431,53.421000
46.192503,53.421000
46.212389,53.419000
46.232512,53.419000
46.252396,53.419000
46.272345,53.419000
46.292369,53.419000
46.312379,53.419000
46.332348,53.419000
46.352399,53.419000
46.372334,53.419000
46.392288,53.419000
46.412285,53.418000
46.432339,53.418000
46.452257,53.418000
46.472244,53.418000
46.492309,53.418000
46.512229,53.418000
46.532248,53.418000
46.552181,53.418000
46.572230,53.418000
46.593195,53.418000
46.612138,53.411000
46.632249,53.411000
46.652157,53.411000
46.672636,53.411000
46.693098,53.411000
46.712072,53.411000
46.733151,53.411000
46.753070,53.411000
46.773012,53.411000
46.793046,53.411000
46.812959,53.402000
46.832970,53.402000
46.852924,53.402000
46.872946,53.402000
46.892920,53.402000
46.912920,53.402000
46.932943,53.402000
46.952869,53.402000
46.972865,53.402000
46.992866,53.402000
47.012917,53.402000
47.032917,53.397000
47.052791,53.397000
47.072798,53.397000
47.092859,53.397000
47.112855,53.397000
47.132929,53.397000
47.152797,53.397000
47.172799,53.397000
47.192840,53.397000
47.212749,53.374000
47.232793,53.374000
47.252725,53.374000
47.272717,53.374000
47.292746,53.374000
47.312644,53.374000
47.332663,53.374000
47.352609,53.374000
47.372669,53.374000
47.392652,53.374000
47.412577,53.366000
47.432545,53.366000
47.452564,53.366000
47.472561,53.366000
47.492568,53.366000
47.512498,53.366000
47.532490,53.366000
47.552456,53.366000
47.572473,53.366000
47.592501,53.366000
47.612536,53.342000
47.632493,53.342000
47.652437,53.342000
47.672426,53.342000
47.692402,53.342000
47.712375,53.342000
47.732460,53.342000
47.752306,53.342000
47.772315,53.342000
47.792338,53.342000
47.812369,53.338000
47.832385,53.338000
47.852227,53.338000
47.872250,53.338000
47.892249,53.338000
47.912293,53.338000
47.932331,53.338000
47.952205,53.338000
47.972193,53.338000
47.992191,53.338000
48.012111,53.338000
48.033141,53.323000
48.052083,53.323000
48.073073,53.323000
48.093016,53.323000
48.113019,53.323000
48.133065,53.323000
48.152981,53.323000
48.172978,53.323000
48.193048,53.323000
48.212980,53.307000
48.232945,53.307000
48.252973,53.307000
48.272948,53.307000
48.292973,53.307000
48.312886,53.307000
48.332965,53.307000
48.352914,53.307000
48.372901,53.307000
48.392885,53.307000
48.412789,53.298000
48.432839,53.298000
48.452788,53.298000
48.472768,53.298000
48.492812,53.298000
48.512736,53.298000
48.532798,53.298000
48.552675,53.298000
48.572720,53.298000
48.592699,53.298000
48.612646,53.303000
48.632763,53.303000
48.652643,53.303000
48.672580,53.303000
48.692586,53.303000
48.712639,53.303000
48.732672,53.303000
48.752603,53.303000
48.772514,53.303000
48.792549,53.303000
48.812480,53.287000
48.832547,53.287000
48.852486,53.287000
48.872487,53.287000
48.895034,53.287000
48.912438,53.287000
48.932490,53.287000
48.952407,53.287000
48.972459,53.287000
48.992388,53.287000
49.012413,53.281000
49.032467,53.281000
49.052341,53.281000
49.072333,53.281000
49.092325,53.281000
49.112314,53.281000
49.132489,53.281000
49.152295,53.281000
49.172281,53.281000
49.192227,53.281000
49.212251,53.281000
49.232347,53.276000
49.252337,53.276000
49.272245,53.276000
49.292165,53.276000
49.312151,53.276000
49.332244,53.276000
49.352122,53.276000
49.372359,53.276000
49.392085,53.276000
49.413074,53.276000
49.433105,53.268000
49.453027,53.268000
49.473001,53.268000
49.492999,53.268000
49.512998,53.268000
49.532992,53.268000
49.552932,53.268000
49.572955,53.268000
49.592908,53.268000
49.612908,53.268000
49.632972,53.259000
49.652886,53.259000
49.672869,53.259000
49.692891,53.259000
49.712859,53.259000
49.732922,53.259000
49.752849,53.259000
49.772804,53.259000
49.792871,53.259000
49.812805,53.259000
49.832853,53.268000
49.852732,53.268000
49.872756,53.268000
49.892745,53.268000
49.912739,53.268000
49.932745,53.268000
49.952678,53.268000
49.972752,53.268000
49.992635,53.268000
50.012643,53.268000
50.032761,53.268000
50.052643,53.254000
50.072593,53.254000
50.092577,53.254000
50.112551,53.254000
50.132600,53.254000
50.152514,53.254000
50.172508,53.254000
50.192531,53.254000
50.212531,53.252000
50.232482,53.252000
50.252406,53.252000
50.272401,53.252000
50.292430,53.252000
50.312387,53.252000
50.332427,53.252000
50.352363,53.252000
50.372330,53.252000
50.392365,53.252000
50.412315,53.248000
50.432402,53.248000
50.452251,53.248000
50.472275,53.248000
50.492354,53.248000
50.512220,53.248000
50.532327,53.248000
50.552250,53.248000
50.573165,53.248000
50.592392,53.248000
50.612863,53.251000
50.632227,53.251000
50.652106,53.251000
50.673128,53.251000
50.693132,53.251000
50.713097,53.251000
50.733143,53.251000
50.753068,53.251000
50.773021,53.251000
50.793081,53.251000
50.813627,53.262000
50.833049,53.262000
50.852943,53.262000
50.872985,53.262000
50.892996,53.262000
50.912941,53.262000
50.932951,53.262000
50.952893,53.262000
50.972919,53.262000
50.992937,53.262000
51.012890,53.262000
51.032912,53.262000
51.052811,53.262000
51.072827,53.262000
51.092859,53.262000
51.112815,53.262000
51.132803,53.262000
51.152742,53.262000
51.172762,53.262000
51.192766,53.262000
51.212776,53.254000
51.232848,53.254000
51.252726,53.254000
51.272724,53.254000
51.292727,53.254000
51.312846,53.254000
51.332738,53.254000
51.352626,53.254000
51.372664,53.254000
51.392581,53.254000
51.412651,53.252000
51.432591,53.252000
51.452563,53.252000
51.472765,53.252000
51.492544,53.252000
51.512530,53.252000
51.532587,53.252000
51.552487,53.252000
51.572475,53.252000
51.592563,53.252000
51.612448,53.252000
51.632502,53.253000
51.652394,53.253000
51.672384,53.253000
51.692431,53.253000
51.712426,53.253000
51.732441,53.253000
51.752333,53.253000
51.772383,53.253000
51.792355,53.253000
51.812297,53.253000
51.832384,53.257000
51.852256,53.257000
51.872273,53.257000
51.892292,53.257000
51.912279,53.257000
51.932326,53.257000
51.953655,53.257000
51.973288,53.257000
51.993254,53.257000
52.012278,53.257000
52.032211,53.257000
52.052192,53.267000
52.073149,53.267000
52.092170,53.267000
52.113121,53.267000
52.133224,53.267000
52.153106,53.267000
52.173095,53.267000
52.193087,53.267000
52.213049,53.267000
52.233062,53.249000
52.252962,53.249000
52.272940,53.249000
52.292961,53.249000
52.312935,53.249000
52.332982,53.249000
52.352921,53.249000
52.373038,53.249000
52.392895,53.249000
52.412868,53.249000
52.432857,53.226000
52.452819,53.226000
52.472800,53.226000
52.492869,53.226000
52.512793,53.226000
52.532804,53.226000
52.552754,53.226000
52.572834,53.226000
52.592849,53.226000
52.613117,53.226000
52.632776,53.220000
52.652739,53.220000
52.672680,53.220000
52.692694,53.220000
52.712693,53.220000
52.732753,53.220000
52.752630,53.220000
52.772657,53.220000
52.792644,53.220000
52.812613,53.187000
52.832690,53.187000
52.852547,53.187000
52.872585,53.187000
52.892582,53.187000
52.912562,53.187000
52.932621,53.187000
52.952489,53.187000
52.972522,53.187000
52.992504,53.187000
53.012486,53.164000
53.032512,53.164000
53.052429,53.164000
53.072406,53.164000
53.092405,53.164000
53.112406,53.164000
53.132373,53.164000
53.152411,53.164000
53.172359,53.164000
53.192316,53.164000
53.212284,53.164000
53.232344,53.158000
53.252285,53.158000
53.272294,53.158000
53.292323,53.158000
53.313732,53.158000
53.332331,53.158000
53.352227,53.158000
53.372248,53.158000
53.393223,53.158000
53.413182,53.148000
53.433211,53.148000
53.453254,53.148000
53.473090,53.148000
53.493116,53.148000
53.513056,53.148000
53.533101,53.148000
53.553077,53.148000
53.573007,53.148000
53.593101,53.148000
53.613025,53.135000
53.633071,53.135000
53.652985,53.135000
53.673011,53.135000
53.693013,53.135000
53.713046,53.135000
53.732962,53.135000
53.752885,53.135000
53.772865,53.135000
53.792910,53.135000
53.812857,53.116000
53.832911,53.116000
53.852828,53.116000
53.872865,53.116000
53.892822,53.116000
53.912848,53.116000
53.932821,53.116000
53.952739,53.116000
53.972775,53.116000
53.992770,53.116000
54.012923,53.116000
54.032684,53.094000
54.052658,53.094000
54.072683,53.094000
54.092692,53.094000
54.112601,53.094000
54.132646,53.094000
54.152567,53.094000
54.172531,53.094000
54.192531,53.094000
54.212515,53.083000
54.232509,53.083000
54.252470,53.083000
54.272533,53.083000
54.292483,53.083000
54.312465,53.083000
54.332486,53.083000
54.352431,53.083000
54.372430,53.083000
54.392388,53.083000
54.412417,53.083000
54.432451,53.056000
54.452384,53.056000
54.472368,53.056000
54.492606,53.056000
54.512303,53.056000
54.532322,53.056000
54.552258,53.056000
54.572320,53.056000
54.592299,53.056000
54.613294,53.056000
54.632323,53.038000
54.652312,53.038000
54.672287,53.038000
54.692284,53.038000
54.713128,53.038000
54.733210,53.038000
54.753160,53.038000
54.773132,53.038000
54.793272,53.038000
54.813133,53.038000
54.833164,53.034000
54.853039,53.034000
54.873065,53.034000
54.893087,53.034000
54.913011,53.034000
54.933058,53.034000
54.953023,53.034000
54.973211,53.034000
54.993011,53.034000
55.013030,53.034000
55.033063,53.012000
55.052893,53.012000
55.072985,53.012000
55.092942,53.012000
55.112877,53.012000
55.132857,53.012000
55.152908,53.012000
55.172828,53.012000
55.192925,53.012000
55.212842,53.012000
55.232800,52.998000
55.252793,52.998000
55.272765,52.998000
55.292854,52.998000
55.312795,52.998000
55.332761,52.998000
55.352759,52.998000
55.372763,52.998000
55.392736,52.998000
55.412687,52.998000
55.432725,52.998000
55.452658,52.998000
55.472638,52.998000
55.492712,52.998000
55.512613,52.998000
55.532622,52.998000
55.552570,52.998000
55.572642,52.998000
55.592605,52.998000
55.612556,52.988000
55.632624,52.988000
55.652555,52.988000
55.672513,52.988000
55.692524,52.988000
55.712457,52.988000
55.732486,52.988000
55.752411,52.988000
55.772402,52.988000
55.792412,52.988000
55.812381,52.988000
55.832394,52.986000
55.852325,52.986000
55.872351,52.986000
55.892323,52.986000
55.912353,52.986000
55.932291,52.986000
55.952331,52.986000
55.974591,52.986000
55.992253,52.986000
56.013242,52.986000
56.033354,52.960000
56.053253,52.960000
56.072220,52.960000
56.093363,52.960000
56.113250,52.960000
56.132170,52.960000
56.153184,52.960000
56.173158,52.960000
56.193196,52.960000
56.213205,52.949000
56.233216,52.949000
56.253097,52.949000
56.273102,52.949000
56.293279,52.949000
56.313031,52.949000
56.333052,52.949000
56.352996,52.949000
56.373104,52.949000
56.393092,52.949000
56.413046,52.933000
56.432988,52.933000
56.452983,52.933000
56.472955,52.933000
56.492977,52.933000
56.512963,52.933000
56.532976,52.933000
56.552890,52.933000
56.572905,52.933000
56.592850,52.933000
56.612828,52.913000
56.632891,52.913000
56.652814,52.913000
56.672824,52.913000
56.692833,52.913000
56.712795,52.913000
56.732831,52.913000
56.752794,52.913000
56.772774,52.913000
56.792812,52.913000
56.812693,52.886000
56.832823,52.886000
56.852659,52.886000
56.872688,52.886000
56.892722,52.886000
56.912662,52.886000
56.932741,52.886000
56.952620,52.886000
56.972592,52.886000
56.992608,52.886000
57.012566,52.886000
57.032503,52.878000
57.052491,52.878000
57.072473,52.878000
57.092466,52.878000
57.112443,52.878000
57.132514,52.878000
57.152399,52.878000
57.172433,52.878000
57.192434,52.878000
57.212409,52.878000
57.232449,52.873000
57.252427,52.873000
57.272396,52.873000
57.292392,52.873000
57.312370,52.873000
57.332470,52.873000
57.352319,52.873000
57.372320,52.873000
57.392263,52.873000
57.413313,52.873000
57.433310,52.871000
57.453239,52.871000
57.473226,52.871000
57.493248,52.871000
57.513235,52.871000
57.533216,52.871000
57.553174,52.871000
57.573147,52.871000
57.593140,52.871000
57.613122,52.871000
57.633131,52.859000
57.653086,52.859000
57.673065,52.859000
57.693079,52.859000
57.713102,52.859000
57.733165,52.859000
57.753042,52.859000
57.773008,52.859000
57.793080,52.859000
57.812969,52.859000
57.833099,52.848000
57.852971,52.848000
57.872947,52.848000
57.892918,52.848000
57.912912,52.848000
57.933101,52.848000
57.952934,52.848000
57.972851,52.848000
57.992828,52.848000
58.012834,52.848000
58.032866,52.828000
58.052788,52.828000
58.072811,52.828000
58.092769,52.828000
58.112798,52.828000
58.132867,52.828000
58.152756,52.828000
58.172731,52.828000
58.192747,52.828000
58.212676,52.828000
58.232763,52.833000
58.252672,52.833000
58.272722,52.833000
58.292701,52.833000
58.312621,52.833000
58.332617,52.833000
58.352661,52.833000
58.372576,52.833000
58.392524,52.833000
58.412542,52.832000
58.432568,52.832000
58.452503,52.832000
58.472477,52.832000
58.492569,52.832000
58.512524,52.832000
58.532488,52.832000
58.552449,52.832000
58.572418,52.832000
58.592367,52.832000
58.612403,52.847000
58.632478,52.847000
58.652333,52.847000
58.672341,52.847000
58.692391,52.847000
58.712336,52.847000
58.732422,52.847000
58.753262,52.847000
58.772248,52.847000
58.793277,52.847000
58.813242,52.847000
58.833292,52.861000
58.853168,52.861000
58.873139,52.861000
58.893142,52.861000
58.913087,52.861000
58.933132,52.861000
58.953145,52.861000
58.973083,52.861000
58.993083,52.861000
59.013114,52.861000
59.033037,52.855000
59.053060,52.855000
59.073018,52.855000
59.093047,52.855000
59.113000,52.855000
59.133099,52.855000
59.152972,52.855000
59.172951,52.855000
59.192926,52.855000
59.213659,52.860000
59.233027,52.860000
59.252873,52.860000
59.272907,52.860000
59.292906,52.860000
59.312920,52.860000
59.332877,52.860000
59.352829,52.860000
59.372849,52.860000
59.392852,52.860000
59.412781,52.850000
59.432830,52.850000
59.452745,52.850000
59.472802,52.850000
59.492760,52.850000
59.512741,52.850000
59.532936,52.850000
59.552716,52.850000
59.572723,52.850000
59.592669,52.850000
59.612653,52.848000
59.632794,52.848000
59.652625,52.848000
59.672622,52.848000
59.692600,52.848000
59.712603,52.848000
59.732652,52.848000
59.752556,52.848000
59.772627,52.848000
59.792557,52.848000
59.812557,52.829000
59.832550,52.829000
59.852569,52.829000
59.872507,52.829000
59.892600,52.829000
59.912486,52.829000
59.932531,52.829000
59.952417,52.829000
59.972386,52.829000
59.992400,52.829000
60.012386,52.829000
60.032373,52.816000
60.052358,52.816000
60.072316,52.816000
60.092464,52.816000
60.112327,52.816000
60.132393,52.816000
60.152292,52.816000
60.172284,52.816000
60.192278,52.816000
60.212278,52.816000
60.233318,52.799000
60.253299,52.799000
60.273274,52.799000
60.293254,52.799000
60.313282,52.799000
60.333253,52.799000
60.353270,52.799000
60.373237,52.799000
60.393213,52.799000
60.413123,52.799000
60.433114,52.792000
60.453081,52.792000
60.473082,52.792000
60.493125,52.792000
60.513066,52.792000
60.533143,52.792000
60.553039,52.792000
60.573033,52.792000
60.593032,52.792000
60.612990,52.792000
60.633095,52.773000
60.652930,52.773000
60.672943,52.773000
60.692902,52.773000
60.712930,52.773000
60.732934,52.773000
60.752890,52.773000
60.772866,52.773000
60.792882,52.773000
60.812820,52.773000
60.832824,52.760000
60.852877,52.760000
60.872770,52.760000
60.892776,52.760000
60.912777,52.760000
60.932778,52.760000
60.952762,52.760000
60.972732,52.760000
60.992758,52.760000
61.012716,52.760000
61.032727,52.751000
61.052640,52.751000
61.072651,52.751000
61.092679,52.751000
61.112647,52.751000
61.132702,52.751000
61.152544,52.751000
61.179428,52.751000
61.192558,52.751000
61.212568,52.730000
61.232630,52.730000
61.252511,52.730000
61.272503,52.730000
61.292555,52.730000
61.312504,52.730000
61.332454,52.730000
61.352444,52.730000
61.372442,52.730000
61.392463,52.730000
61.412405,52.712000
61.432409,52.712000
61.452364,52.712000
61.472395,52.712000
61.492337,52.712000
61.512350,52.712000
61.532409,52.712000
61.552334,52.712000
61.572292,52.712000
61.593353,52.712000
61.612258,52.706000
61.632357,52.706000
61.653698,52.706000
61.673239,52.706000
61.693243,52.706000
61.713238,52.706000
61.733290,52.706000
61.753255,52.706000
61.773234,52.706000
61.793193,52.706000
61.813200,52.705000
61.833189,52.705000
61.853102,52.705000
61.873167,52.705000
61.894254,52.705000
61.913090,52.705000
61.933125,52.705000
61.953037,52.705000
61.973083,52.705000
61.993054,52.705000
62.013072,52.705000
62.033061,52.691000
62.053002,52.691000
62.072947,52.691000
62.092971,52.691000
62.112899,52.691000
62.133004,52.691000
62.152936,52.691000
62.172910,52.691000
62.192977,52.691000
62.212885,52.676000
62.232983,52.676000
62.252937,52.676000
62.272811,52.676000
62.292802,52.676000
62.312773,52.676000
62.332818,52.676000
62.352791,52.676000
62.372727,52.676000
62.392773,52.676000
62.412718,52.664000
62.432764,52.664000
62.452700,52.664000
62.472674,52.664000
62.492683,52.664000
62.512626,52.664000
62.532752,52.664000
62.552729,52.664000
62.572600,52.664000
62.592654,52.664000
62.612639,52.643000
62.632688,52.643000
62.652547,52.643000
62.672514,52.643000
62.692591,52.643000
62.712518,52.643000
62.732531,52.643000
62.752478,52.643000
62.772449,52.643000
62.792545,52.643000
62.812437,52.643000
62.832481,52.614000
62.852391,52.614000
62.872399,52.614000
62.892370,52.614000
62.912339,52.614000
62.932440,52.614000
62.952321,52.614000
62.972370,52.614000
62.992354,52.614000
63.012270,52.614000
63.032290,52.586000
63.053276,52.586000
63.073237,52.586000
63.093278,52.586000
63.113273,52.586000
63.133330,52.586000
63.153224,52.586000
63.173172,52.586000
63.193264,52.586000
63.213219,52.586000
63.233245,52.580000
63.253150,52.580000
63.273162,52.580000
63.293120,52.580000
63.313048,52.580000
63.333064,52.580000
63.353007,52.580000
63.373003,52.580000
63.392995,52.580000
63.412969,52.580000
63.433062,52.554000
63.452966,52.554000
63.473324,52.554000
63.492985,52.554000
63.512867,52.554000
63.532899,52.554000
63.552896,52.554000
63.572925,52.554000
63.592840,52.554000
63.612825,52.554000
63.632869,52.537000
63.652921,52.537000
63.672801,52.537000
63.692904,52.537000
63.712801,52.537000
63.732894,52.537000
63.752749,52.537000
63.773996,52.537000
63.792749,52.537000
63.812739,52.537000
63.832695,52.530000
63.852687,52.530000
63.872627,52.530000
63.892771,52.530000
63.912629,52.530000
63.932651,52.530000
63.952616,52.530000
63.972623,52.530000
63.992551,52.530000
64.012519,52.530000
64.032539,52.519000
64.052593,52.519000
64.072486,52.519000
64.092578,52.519000
64.112622,52.519000
64.132497,52.519000
64.152395,52.519000
64.172398,52.519000
64.192399,52.519000
64.212389,52.503000
64.232442,52.503000
64.252383,52.503000
64.272371,52.503000
64.292344,52.503000
64.312342,52.503000
64.332406,52.503000
64.353313,52.503000
64.372286,52.503000
64.392287,52.503000
64.412350,52.509000
64.433301,52.509000
64.453264,52.509000
64.473290,52.509000
64.493350,52.509000
64.513257,52.509000
64.533257,52.509000
64.553218,52.509000
64.573469,52.509000
64.593246,52.509000
64.613154,52.489000
64.633198,52.489000
64.653080,52.489000
64.673069,52.489000
64.693125,52.489000
64.713055,52.489000
64.733085,52.489000
64.753064,52.489000
64.773005,52.489000
64.793044,52.489000
64.812990,52.489000
64.833028,52.471000
64.852969,52.471000
64.872997,52.471000
64.892980,52.471000
64.912934,52.471000
64.932924,52.471000
64.952877,52.471000
64.972862,52.471000
64.992868,52.471000
65.012908,52.471000
65.032950,52.456000
65.052852,52.456000
65.072810,52.456000
65.092859,52.456000
65.112773,52.456000
65.132866,52.456000
65.152805,52.456000
65.172783,52.456000
65.192829,52.456000
65.212727,52.456000
65.232758,52.465000
65.252673,52.465000
65.272664,52.465000
65.292632,52.465000
65.312614,52.465000
65.332653,52.465000
65.352596,52.465000
65.372568,52.465000
65.392602,52.465000
65.412524,52.465000
65.432567,52.452000
65.452565,52.452000
65.472533,52.452000
65.492575,52.452000
65.512510,52.452000
65.532558,52.452000
65.552452,52.452000
65.572435,52.452000
65.592498,52.452000
65.612493,52.452000
65.632475,52.437000
65.653381,52.437000
65.672352,52.437000
65.692394,52.437000
65.712346,52.437000
65.732440,52.437000
65.753280,52.437000
65.773569,52.437000
65.793361,52.437000
65.813461,52.437000
65.833262,52.453000
65.853268,52.453000
65.873231,52.453000
65.893408,52.453000
65.913252,52.453000
65.933337,52.453000
65.953218,52.453000
65.973190,52.453000
65.993228,52.453000
66.013130,52.453000
66.033276,52.447000
66.053136,52.447000
66.074202,52.447000
66.093138,52.447000
66.113052,52.447000
66.133186,52.447000
66.153025,52.447000
66.172972,52.447000
66.193038,52.447000
66.213013,52.447000
66.233013,52.461000
66.252940,52.461000
66.272971,52.461000
66.293015,52.461000
66.312909,52.461000
66.333119,52.461000
66.352909,52.461000
66.372848,52.461000
66.392808,52.461000
66.412834,52.461000
66.432823,52.472000
66.452807,52.472000
66.472828,52.472000
66.492840,52.472000
66.512735,52.472000
66.532788,52.472000
66.552732,52.472000
66.572710,52.472000
66.592743,52.472000
66.612684,52.472000
66.632717,52.464000
66.652609,52.464000
66.672614,52.464000
66.692612,52.464000
66.712673,52.464000
66.732629,52.464000
66.752580,52.464000
66.772555,52.464000
66.792582,52.464000
66.812626,52.464000
66.832457,52.470000
66.852473,52.470000
66.872516,52.470000
66.892440,52.470000
66.912414,52.470000
66.932476,52.470000
66.952434,52.470000
66.972409,52.470000
66.993490,52.470000
67.012418,52.463000
67.032412,52.463000
67.052340,52.463000
67.072323,52.463000
67.093618,52.463000
67.112359,52.463000
67.133326,52.463000
67.153317,52.463000
67.173279,52.463000
67.193293,52.463000
67.213264,52.454000
67.233240,52.454000
67.253250,52.454000
67.273247,52.454000
67.293294,52.454000
67.313293,52.454000
67.333202,52.454000
67.353133,52.454000
67.373113,52.454000
67.393111,52.454000
67.413101,52.448000
67.433146,52.448000
67.455251,52.448000
67.473061,52.448000
67.493074,52.448000
67.513028,52.448000
67.533039,52.448000
67.553010,52.448000
67.572991,52.448000
67.593005,52.448000
67.612991,52.463000
67.632981,52.463000
67.652961,52.463000
67.672907,52.463000
67.692956,52.463000
67.712875,52.463000
67.732944,52.463000
67.752843,52.463000
67.774193,52.463000
67.792921,52.463000
67.812851,52.465000
67.832829,52.465000
67.852761,52.465000
67.872757,52.465000
67.892845,52.465000
67.912721,52.465000
67.932773,52.465000
67.952733,52.465000
67.972682,52.465000
67.992707,52.465000
68.012677,52.465000
68.032763,52.465000
68.052639,52.462000
68.072637,52.462000
68.092677,52.462000
68.112582,52.462000
68.132628,52.462000
68.152553,52.462000
68.172559,52.462000
68.192565,52.462000
68.212612,52.462000
68.232541,52.469000
68.252494,52.469000
68.272570,52.469000
68.292482,52.469000
68.312476,52.469000
68.332572,52.469000
68.352463,52.469000
68.372428,52.469000
68.393472,52.469000
68.412455,52.469000
68.432488,52.474000
68.452383,52.474000
68.473380,52.474000
68.493331,52.474000
68.513302,52.474000
68.533404,52.474000
68.553276,52.474000
68.573287,52.474000
68.593358,52.474000
68.613291,52.474000
68.633392,52.467000
68.653158,52.467000
68.673134,52.467000
68.693178,52.467000
68.713147,52.467000
68.733162,52.467000
68.753106,52.467000
68.773063,52.467000
68.793075,52.467000
68.813082,52.467000
68.833114,52.483000
68.853038,52.483000
68.873009,52.483000
68.893093,52.483000
68.913018,52.483000
68.933087,52.483000
68.952920,52.483000
68.972935,52.483000
68.992941,52.483000
69.012933,52.483000
69.032975,52.480000
69.052890,52.480000
69.072906,52.480000
69.092934,52.480000
69.112868,52.480000
69.132867,52.480000
69.152911,52.480000
69.172792,52.480000
69.192913,52.480000
69.213042,52.480000
69.232884,52.478000
69.252732,52.478000
69.272784,52.478000
69.292770,52.478000
69.312754,52.478000
69.332665,52.478000
69.352681,52.478000
69.372648,52.478000
69.392642,52.478000
69.412604,52.490000
69.432695,52.490000
69.452547,52.490000
69.472521,52.490000
69.492664,52.490000
69.512566,52.490000
69.532562,52.490000
69.552527,52.490000
69.572480,52.490000
69.592538,52.490000
69.612431,52.490000
69.632459,52.493000
69.652429,52.493000
69.672405,52.493000
69.693509,52.493000
69.712492,52.493000
69.733367,52.493000
69.753346,52.493000
69.773332,52.493000
69.793326,52.493000
69.813265,52.480000
69.833281,52.480000
69.853223,52.480000
69.874024,52.480000
69.893276,52.480000
69.913283,52.480000
69.933320,52.480000
69.953233,52.480000
69.973148,52.480000
69.993183,52.480000
70.013168,52.466000
70.033147,52.466000
70.053111,52.466000
70.073075,52.466000
70.093045,52.466000
70.113356,52.466000
70.133063,52.466000
70.153032,52.466000
70.173003,52.466000
70.193007,52.466000
70.212962,52.447000
70.232991,52.447000
70.252971,52.447000
70.272905,52.447000
70.292994,52.447000
70.312936,52.447000
70.332908,52.447000
70.352869,52.447000
70.372847,52.447000
70.392888,52.447000
70.412851,52.428000
70.432855,52.428000
70.452886,52.428000
70.472835,52.428000
70.492862,52.428000
70.512959,52.428000
70.532852,52.428000
70.552790,52.428000
70.572746,52.428000
70.592745,52.428000
70.612699,52.421000
70.632670,52.421000
70.652708,52.421000
70.672656,52.421000
70.692716,52.421000
70.712702,52.421000
70.732722,52.421000
70.752660,52.421000
70.772590,52.421000
70.792546,52.421000
70.812531,52.425000
70.832577,52.425000
70.852476,52.425000
70.872477,52.425000
70.892515,52.425000
70.912488,52.425000
70.932487,52.425000
70.952441,52.425000
70.973763,52.425000
70.992490,52.425000
71.012425,52.425000
71.033521,52.435000
71.052390,52.435000
71.073409,52.435000
71.093473,52.435000
71.113545,52.435000
71.133430,52.435000
71.153369,52.435000
71.173316,52.435000
71.193422,52.435000
71.213299,52.435000
71.233325,52.428000
71.253284,52.428000
71.273221,52.428000
71.293323,52.428000
71.313254,52.428000
71.333317,52.428000
71.353225,52.428000
71.373236,52.428000
71.393301,52.428000
71.413135,52.428000
71.433188,52.409000
71.453135,52.409000
71.473092,52.409000
71.493239,52.409000
71.513193,52.409000
71.533200,52.409000
71.553059,52.409000
71.573096,52.409000
71.593065,52.409000
71.613487,52.409000
71.633087,52.382000
71.652987,52.382000
71.672985,52.382000
71.693031,52.382000
71.712955,52.382000
71.732958,52.382000
71.752925,52.382000
71.772859,52.382000
71.793051,52.382000
71.812903,52.366000
71.832844,52.366000
71.852763,52.366000
71.872849,52.366000
71.892808,52.366000
71.912790,52.366000
71.932866,52.366000
71.952814,52.366000
71.972762,52.366000
71.992826,52.366000
72.012803,52.366000
72.032731,52.351000
72.052763,52.351000
72.072723,52.351000
72.092687,52.351000
72.112661,52.351000
72.132717,52.351000
72.152606,52.351000
72.172603,52.351000
72.192693,52.351000
72.212571,52.351000
72.232586,52.336000
72.252575,52.336000
72.272581,52.336000
72.292549,52.336000
72.312502,52.336000
72.332567,52.336000
72.352496,52.336000
72.372495,52.336000
72.392457,52.336000
72.412489,52.328000
72.433512,52.328000
72.452476,52.328000
72.473402,52.328000
72.492441,52.328000
72.512400,52.328000
72.533492,52.328000
72.553336,52.328000
72.573369,52.328000
72.593382,52.328000
72.613338,52.322000
72.633405,52.322000
72.653353,52.322000
72.673310,52.322000
72.693315,52.322000
72.713269,52.322000
72.733287,52.322000
72.753286,52.322000
72.773240,52.322000
72.793263,52.322000
72.813306,52.314000
72.833279,52.314000
72.853273,52.314000
72.873153,52.314000
72.893162,52.314000
72.913161,52.314000
72.933219,52.314000
72.953103,52.314000
72.973119,52.314000
72.993167,52.314000
73.013076,52.303000
73.033210,52.303000
73.053026,52.303000
73.073034,52.303000
73.093075,52.303000
73.113126,52.303000
73.133064,52.303000
73.153058,52.303000
73.172981,52.303000
73.193034,52.303000
73.213010,52.291000
73.232927,52.291000
73.252951,52.291000
73.272904,52.291000
73.293016,52.291000
73.312945,52.291000
73.332907,52.291000
73.352918,52.291000
73.372835,52.291000
73.392895,52.291000
73.412816,52.285000
73.432831,52.285000
73.452809,52.285000
73.472782,52.285000
73.492870,52.285000
73.512760,52.285000
73.532769,52.285000
73.552730,52.285000
73.572692,52.285000
73.592764,52.285000
73.612665,52.269000
73.632758,52.269000
73.652720,52.269000
73.672679,52.269000
73.692640,52.269000
73.712591,52.269000
73.732653,52.269000
73.752559,52.269000
73.772570,52.269000
73.792598,52.269000
73.812510,52.269000
73.832544,52.260000
73.852542,52.260000
73.872495,52.260000
73.892507,52.260000
73.912476,52.260000
73.932554,52.260000
73.952418,52.260000
73.973444,52.260000
73.993453,52.260000
74.012472,52.260000
74.033449,52.260000
74.053368,52.253000
74.073448,52.253000
74.093382,52.253000
74.113328,52.253000
74.133383,52.253000
74.153296,52.253000
74.173317,52.253000
74.193327,52.253000
74.213265,52.253000
74.233301,52.254000
74.253221,52.254000
74.273271,52.254000
74.293311,52.254000
74.313260,52.254000
74.333303,52.254000
74.353221,52.254000
74.373340,52.254000
74.393196,52.254000
74.413156,52.235000
74.433148,52.235000
74.453105,52.235000
74.473147,52.235000
74.493139,52.235000
74.513137,52.235000
74.533050,52.235000
74.553018,52.235000
74.573030,52.235000
74.593053,52.235000
74.612991,52.211000
74.633103,52.211000
74.652952,52.211000
74.672948,52.211000
74.692955,52.211000
74.712935,52.211000
74.733104,52.211000
74.752928,52.211000
74.772924,52.211000
74.792923,52.211000
74.812877,52.211000
74.832886,52.215000
74.852830,52.215000
74.872790,52.215000
74.892868,52.215000
74.912835,52.215000
74.932745,52.215000
74.952739,52.215000
74.972769,52.215000
74.992794,52.215000
75.012754,52.203000
75.032752,52.203000
75.052671,52.203000
75.072723,52.203000
75.092693,52.203000
75.112600,52.203000
75.132628,52.203000
75.152599,52.203000
75.172616,52.203000
75.192601,52.203000
75.212708,52.190000
75.232581,52.190000
75.252555,52.190000
75.272696,52.190000
75.293579,52.190000
75.312566,52.190000
75.332592,52.190000
75.352476,52.190000
75.372561,52.190000
75.393506,52.190000
75.412463,52.183000
75.432470,52.183000
75.453396,52.183000
75.473414,52.183000
75.493394,52.183000
75.513352,52.183000
75.533398,52.183000
75.553372,52.183000
75.573362,52.183000
75.593435,52.183000
75.613284,52.184000
75.633296,52.184000
75.653217,52.184000
75.673250,52.184000
75.693300,52.184000
75.713255,52.184000
75.733266,52.184000
75.753149,52.184000
75.773159,52.184000
75.793221,52.184000
75.813149,52.194000
75.833180,52.194000
75.853112,52.194000
75.873150,52.194000
75.893187,52.194000
75.913103,52.194000
75.933090,52.194000
75.953010,52.194000
75.973024,52.194000
75.993004,52.194000
76.012959,52.194000
76.032962,52.177000
76.052923,52.177000
76.072927,52.177000
76.092975,52.177000
76.112951,52.177000
76.132978,52.177000
76.152882,52.177000
76.172869,52.177000
76.192855,52.177000
76.212839,52.160000
76.232779,52.160000
76.252752,52.160000
76.272767,52.160000
76.292773,52.160000
76.312748,52.160000
76.332808,52.160000
76.352681,52.160000
76.372704,52.160000
76.392746,52.160000
76.412720,52.149000
76.432695,52.149000
76.452616,52.149000
76.472629,52.149000
76.492602,52.149000
76.512631,52.149000
76.532701,52.149000
76.552636,52.149000
76.572541,52.149000
76.592586,52.149000
76.612512,52.141000
76.632596,52.141000
76.652474,52.141000
76.672490,52.141000
76.692488,52.141000
76.712461,52.141000
76.733450,52.141000
76.752398,52.141000
76.773402,52.141000
76.793404,52.141000
76.813493,52.138000
76.833406,52.138000
76.853340,52.138000
76.873412,52.138000
76.893574,52.138000
76.913328,52.138000
76.933452,52.138000
76.953300,52.138000
76.973268,52.138000
76.993290,52.138000
77.013253,52.138000
77.033289,52.135000
77.053254,52.135000
77.073293,52.135000
77.093362,52.135000
77.113232,52.135000
77.133200,52.135000
77.153233,52.135000
77.173147,52.135000
77.193124,52.135000
77.213108,52.154000
77.233100,52.154000
77.253045,52.154000
77.273118,52.154000
77.293070,52.154000
77.313004,52.154000
77.333071,52.154000
77.352984,52.154000
77.372955,52.154000
77.393036,52.154000
77.412918,52.154000
77.432981,52.163000
77.452919,52.163000
77.472871,52.163000
77.492969,52.163000
77.512826,52.163000
77.532835,52.163000
77.552846,52.163000
77.572872,52.163000
77.592848,52.163000
77.612754,52.163000
77.632800,52.178000
77.652751,52.178000
77.672764,52.178000
77.692802,52.178000
77.712748,52.178000
77.732872,52.178000
77.752684,52.178000
77.772729,52.178000
77.792748,52.178000
77.812636,52.199000
77.832743,52.199000
77.852637,52.199000
77.872663,52.199000
77.892660,52.199000
77.912580,52.199000
77.932606,52.199000
77.952592,52.199000
77.972552,52.199000
77.992592,52.199000
78.012506,52.199000
78.033528,52.198000
78.052470,52.198000
78.072494,52.198000
78.093490,52.198000
78.113462,52.198000
78.133544,52.198000
78.153444,52.198000
78.173449,52.198000
78.193394,52.198000
78.213428,52.232000
78.233402,52.232000
78.253347,52.232000
78.273419,52.232000
78.293336,52.232000
78.313339,52.232000
78.333396,52.232000
78.353317,52.232000
78.373274,52.232000
78.393328,52.232000
78.413286,52.248000
78.433360,52.248000
78.453241,52.248000
78.473234,52.248000
78.493229,52.248000
78.513168,52.248000
78.533231,52.248000
78.553146,52.248000
78.573152,52.248000
78.593170,52.248000
78.613074,52.269000
78.633113,52.269000
78.653110,52.269000
78.673114,52.269000
78.693043,52.269000
78.712972,52.269000
78.733010,52.269000
78.752958,52.269000
78.772949,52.269000
78.792915,52.269000
78.812970,52.290000
78.832965,52.290000
78.852878,52.290000
78.873040,52.290000
78.892891,52.290000
78.914520,52.290000
78.932917,52.290000
78.952824,52.290000
78.972794,52.290000
78.992839,52.290000
79.012779,52.290000
79.032764,52.299000
79.052720,52.299000
79.072694,52.299000
79.092748,52.299000
79.112716,52.299000
79.132699,52.299000
79.152619,52.299000
79.172610,52.299000
79.192659,52.299000
79.212565,52.321000
79.232594,52.321000
79.252552,52.321000
79.272557,52.321000
79.292508,52.321000
79.312505,52.321000
79.333551,52.321000
79.352452,52.321000
79.373527,52.321000
79.393516,52.321000
79.413442,52.321000
79.433526,52.351000
79.453458,52.351000
79.473467,52.351000
79.493526,52.351000
79.513473,52.351000
79.533519,52.351000
79.553354,52.351000
79.573380,52.351000
79.593503,52.351000
79.613419,52.351000
79.633379,52.374000
79.653292,52.374000
79.673251,52.374000
79.693280,52.374000
79.713286,52.374000
79.733490,52.374000
79.753301,52.374000
79.773743,52.374000
79.793238,52.374000
79.813187,52.374000
79.833251,52.391000
79.853143,52.391000
79.873138,52.391000
79.893169,52.391000
79.913123,52.391000
79.933128,52.391000
79.953073,52.391000
79.973063,52.391000
79.993102,52.391000
80.013063,52.391000
80.033146,52.392000
80.053030,52.392000
80.073069,52.392000
80.093006,52.392000
80.113019,52.392000
80.133009,52.392000
80.152928,52.392000
80.172877,52.392000
80.192924,52.392000
80.212905,52.392000
80.232909,52.410000
80.252886,52.410000
80.272954,52.410000
80.292874,52.410000
80.312832,52.410000
80.332806,52.410000
80.352769,52.410000
80.372776,52.410000
80.392793,52.410000
80.412995,52.426000
80.432813,52.426000
80.452733,52.426000
80.472693,52.426000
80.492716,52.426000
80.512680,52.426000
80.532677,52.426000
80.552647,52.426000
80.572814,52.426000
80.592735,52.426000
80.612638,52.438000
80.632622,52.438000
80.652613,52.438000
80.672529,52.438000
80.692549,52.438000
80.712560,52.438000
80.733508,52.438000
80.752451,52.438000
80.773481,52.438000
80.793478,52.438000
80.813465,52.445000
80.833465,52.445000
80.853374,52.445000
80.873367,52.445000
80.894208,52.445000
80.913358,52.445000
80.933350,52.445000
80.953308,52.445000
80.973300,52.445000
80.993341,52.445000
81.013342,52.450000
81.033337,52.450000
81.053253,52.450000
81.073242,52.450000
81.093266,52.450000
81.113278,52.450000
81.133240,52.450000
81.154279,52.450000
81.173201,52.450000
81.193232,52.450000
81.213135,52.453000
81.233881,52.453000
81.253117,52.453000
81.273147,52.453000
81.293156,52.453000
81.313104,52.453000
81.333186,52.453000
81.353090,52.453000
81.373059,52.453000
81.393079,52.453000
81.413022,52.463000
81.433130,52.463000
81.453000,52.463000
81.472957,52.463000
81.492956,52.463000
81.512913,52.463000
81.532912,52.463000
81.552867,52.463000
81.572901,52.463000
81.592856,52.463000
81.612840,52.467000
81.632845,52.467000
81.652798,52.467000
81.675213,52.467000
81.692767,52.467000
81.712783,52.467000
81.732804,52.467000
81.752780,52.467000
81.772777,52.467000
81.792700,52.467000
81.812678,52.454000
81.832703,52.454000
81.852729,52.454000
81.872663,52.454000
81.892634,52.454000
81.912640,52.454000
81.932597,52.454000
81.952601,52.454000
81.973826,52.454000
81.992620,52.454000
82.012550,52.454000
82.032705,52.457000
82.052505,52.457000
82.074549,52.457000
82.093554,52.457000
82.115039,52.457000
82.133531,52.457000
82.153488,52.457000
82.173743,52.457000
82.193525,52.457000
82.213933,52.467000
82.233503,52.467000
82.253657,52.467000
82.273364,52.467000
82.293377,52.467000
82.313362,52.467000
82.333338,52.467000
82.353333,52.467000
82.373333,52.467000
82.393272,52.467000
82.413271,52.484000
82.433294,52.484000
82.453240,52.484000
82.473275,52.484000
82.493300,52.484000
82.513279,52.484000
82.533269,52.484000
82.553258,52.484000
82.573170,52.484000
82.593197,52.484000
82.613154,52.486000
82.633178,52.486000
82.653118,52.486000
82.673092,52.486000
82.693135,52.486000
82.713064,52.486000
82.733126,52.486000
82.753091,52.486000
82.773099,52.486000
82.793111,52.486000
82.813077,52.486000
82.833101,52.506000
82.853029,52.506000
82.873014,52.506000
82.893061,52.506000
82.913366,52.506000
82.933008,52.506000
82.952939,52.506000
82.972961,52.506000
82.992995,52.506000
83.012898,52.506000
83.032904,52.514000
83.052875,52.514000
83.072889,52.514000
83.092975,52.514000
83.112962,52.514000
83.132877,52.514000
83.152852,52.514000
83.172758,52.514000
83.192830,52.514000
83.212803,52.514000
83.232858,52.519000
83.252793,52.519000
83.272741,52.519000
83.292760,52.519000
83.312728,52.519000
83.332783,52.519000
83.352655,52.519000
83.372674,52.519000
83.392664,52.519000
83.412626,52.539000
83.432611,52.539000
83.452585,52.539000
83.472564,52.539000
83.492578,52.539000
83.512549,52.539000
83.533506,52.539000
83.552588,52.539000
83.573505,52.539000
83.593488,52.539000
83.613492,52.545000
83.633429,52.545000
83.653474,52.545000
83.673580,52.545000
83.693420,52.545000
83.713384,52.545000
83.733363,52.545000
83.753391,52.545000
83.773400,52.545000
83.793390,52.545000
83.813318,52.551000
83.834842,52.551000
83.853260,52.551000
83.873265,52.551000
83.893312,52.551000
83.913274,52.551000
83.933259,52.551000
83.953245,52.551000
83.973714,52.551000
83.993225,52.551000
84.013183,52.551000
84.033221,52.548000
84.053094,52.548000
84.073136,52.548000
84.093139,52.548000
84.113219,52.548000
84.133140,52.548000
84.153045,52.548000
84.173070,52.548000
84.193031,52.548000
84.213045,52.538000
84.233032,52.538000
84.252995,52.538000
84.272971,52.538000
84.293062,52.538000
84.313287,52.538000
84.332929,52.538000
84.352876,52.538000
84.372899,52.538000
84.392908,52.538000
84.412875,52.528000
84.432848,52.528000
84.452820,52.528000
84.472827,52.528000
84.492827,52.528000
84.512839,52.528000
84.532829,52.528000
84.552804,52.528000
84.572769,52.528000
84.592774,52.528000
84.612729,52.518000
84.632727,52.518000
84.652658,52.518000
84.672657,52.518000
84.692685,52.518000
84.712625,52.518000
84.732622,52.518000
84.752602,52.518000
84.772622,52.518000
84.792620,52.518000
84.812603,52.508000
84.832597,52.508000
84.852607,52.508000
84.873587,52.508000
84.892624,52.508000
84.913578,52.508000
84.933501,52.508000
84.953450,52.508000
84.973422,52.508000
84.993500,52.508000
85.013517,52.502000
85.033427,52.502000
85.053413,52.502000
85.073369,52.502000
85.093401,52.502000
85.113351,52.502000
85.133847,52.502000
85.153301,52.502000
85.173357,52.502000
85.193307,52.502000
85.213304,52.502000
85.233401,52.521000
85.253306,52.521000
85.273305,52.521000
85.293440,52.521000
85.313308,52.521000
85.333246,52.521000
85.353123,52.521000
85.373129,52.521000
85.393198,52.521000
85.413141,52.524000
85.433230,52.524000
85.453094,52.524000
85.473080,52.524000
85.493073,52.524000
85.513047,52.524000
85.533044,52.524000
85.553024,52.524000
85.573082,52.524000
85.593098,52.524000
85.612978,52.529000
85.632975,52.529000
85.652965,52.529000
85.672909,52.529000
85.692882,52.529000
85.712977,52.529000
85.733061,52.529000
85.753106,52.529000
85.772825,52.529000
85.792832,52.529000
85.812794,52.520000
85.832775,52.520000
85.852780,52.520000
85.872790,52.520000
85.892824,52.520000
85.912752,52.520000
85.932802,52.520000
85.952710,52.520000
85.973231,52.520000
85.992746,52.520000
86.012681,52.520000
86.032702,52.530000
86.052655,52.530000
86.073801,52.530000
86.092612,52.530000
86.112613,52.530000
86.132658,52.530000
86.152595,52.530000
86.174501,52.530000
86.193510,52.530000
86.213524,52.531000
86.233506,52.531000
86.253502,52.531000
86.273539,52.531000
86.293467,52.531000
86.313443,52.531000
86.333812,52.531000
86.353369,52.531000
86.373442,52.531000
86.393707,52.531000
86.413342,52.531000
86.433411,52.539000
86.453304,52.539000
86.473269,52.539000
86.493231,52.539000
86.513340,52.539000
86.533350,52.539000
86.553304,52.539000
86.573290,52.539000
86.593205,52.539000
86.613213,52.524000
86.633204,52.524000
86.653167,52.524000
86.673170,52.524000
86.693982,52.524000
86.713161,52.524000
86.733122,52.524000
86.753091,52.524000
86.773102,52.524000
86.793146,52.524000
86.813013,52.520000
86.833067,52.520000
86.853016,52.520000
86.873054,52.520000
86.893018,52.520000
86.912968,52.520000
86.932940,52.520000
86.952898,52.520000
86.972923,52.520000
86.993007,52.520000
87.012897,52.509000
87.033041,52.509000
87.052820,52.509000
87.072827,52.509000
87.092843,52.509000
87.112814,52.509000
87.132775,52.509000
87.152751,52.509000
87.172838,52.509000
87.192850,52.509000
87.212776,52.491000
87.232789,52.491000
87.252736,52.491000
87.272704,52.491000
87.292670,52.491000
87.312651,52.491000
87.332728,52.491000
87.352659,52.491000
87.372648,52.491000
87.392682,52.491000
87.413601,52.486000
87.432600,52.486000
87.453531,52.486000
87.473810,52.486000
87.493538,52.486000
87.513730,52.486000
87.533591,52.486000
87.553520,52.486000
87.573503,52.486000
87.593512,52.486000
87.613482,52.486000
87.633531,52.482000
87.653448,52.482000
87.673752,52.482000
87.693400,52.482000
87.713410,52.482000
87.733391,52.482000
87.753348,52.482000
87.773671,52.482000
87.793357,52.482000
87.813389,52.482000
87.833292,52.482000
87.853277,52.482000
87.873273,52.482000
87.893283,52.482000
87.913285,52.482000
87.933295,52.482000
87.953332,52.482000
87.973275,52.482000
87.993176,52.482000
88.013236,52.482000
88.033159,52.485000
88.053136,52.485000
88.073130,52.485000
88.093108,52.485000
88.113113,52.485000
88.133106,52.485000
88.153086,52.485000
88.173017,52.485000
88.193080,52.485000
88.213026,52.485000
88.233061,52.471000
88.252978,52.471000
88.272973,52.471000
88.293017,52.471000
88.312967,52.471000
88.332975,52.471000
88.352940,52.471000
88.373111,52.471000
88.392915,52.471000
88.412929,52.471000
88.432953,52.450000
88.452848,52.450000
88.472838,52.450000
88.492868,52.450000
88.512844,52.450000
88.532821,52.450000
88.552818,52.450000
88.572798,52.450000
88.592830,52.450000
88.612794,52.450000
88.632759,52.429000
88.652784,52.429000
88.672720,52.429000
88.693818,52.429000
88.712712,52.429000
88.732686,52.429000
88.755121,52.429000
88.772672,52.429000
88.794171,52.429000
88.813784,52.424000
88.832721,52.424000
88.852598,52.424000
88.872617,52.424000
88.894943,52.424000
88.913625,52.424000
88.933583,52.424000
88.953505,52.424000
88.973536,52.424000
88.993513,52.424000
89.013528,52.420000
89.033567,52.420000
89.053468,52.420000
89.073720,52.420000
89.093423,52.420000
89.113476,52.420000
89.133468,52.420000
89.153445,52.420000
89.173966,52.420000
89.193325,52.420000
89.213383,52.440000
89.233330,52.440000
89.253248,52.440000
89.273264,52.440000
89.293295,52.440000
89.313246,52.440000
89.333311,52.440000
89.353319,52.440000
89.373252,52.440000
89.393326,52.440000
89.413132,52.454000
89.433155,52.454000
89.453128,52.454000
89.473106,52.454000
89.493117,52.454000
89.513137,52.454000
89.533127,52.454000
89.553087,52.454000
89.573143,52.454000
89.593159,52.454000
89.613049,52.479000
89.633039,52.479000
89.652997,52.479000
89.672991,52.479000
89.693037,52.479000
89.712990,52.479000
89.732952,52.479000
89.752962,52.479000
89.772969,52.479000
89.792919,52.479000
89.812909,52.498000
89.832924,52.498000
89.852847,52.498000
89.872863,52.498000
89.892852,52.498000
89.912810,52.498000
89.932931,52.498000
89.952863,52.498000
89.972901,52.498000
89.992742,52.498000
90.013294,52.514000
90.032704,52.514000
90.052809,52.514000
90.072805,52.514000
90.092701,52.514000
90.112742,52.514000
90.132764,52.514000
90.152686,52.514000
90.172586,52.514000
90.192621,52.514000
90.213683,52.527000
90.233582,52.527000
90.253667,52.527000
90.273722,52.527000
90.293569,52.527000
90.313549,52.527000
90.333540,52.527000
90.353582,52.527000
90.373482,52.527000
90.393536,52.527000
90.413526,52.542000
90.433496,52.542000
90.453512,52.542000
90.473409,52.542000
90.493467,52.542000
90.513443,52.542000
90.533475,52.542000
90.553335,52.542000
90.573296,52.542000
90.593288,52.542000
90.614459,52.542000
90.633307,52.559000
90.653227,52.559000
90.673253,52.559000
90.693258,52.559000
90.713766,52.559000
90.733294,52.559000
90.753161,52.559000
90.773257,52.559000
90.793181,52.559000
90.813155,52.559000
90.833192,52.586000
90.853070,52.586000
90.873090,52.586000
90.893092,52.586000
90.913037,52.586000
90.933115,52.586000
90.953083,52.586000
90.973015,52.586000
90.993052,52.586000
91.012971,52.586000
91.032979,52.610000
91.053010,52.610000
91.073037,52.610000
91.092924,52.610000
91.112927,52.610000
91.132972,52.610000
91.152909,52.610000
91.172931,52.610000
91.193227,52.610000
91.212907,52.610000
91.232831,52.636000
91.252848,52.636000
91.272785,52.636000
91.292785,52.636000
91.312777,52.636000
91.332765,52.636000
91.352773,52.636000
91.372730,52.636000
91.392687,52.636000
91.412749,52.659000
91.432737,52.659000
91.452738,52.659000
91.472692,52.659000
91.493693,52.659000
91.513627,52.659000
91.532608,52.659000
91.553626,52.659000
91.573690,52.659000
91.593652,52.659000
91.613667,52.688000
91.633622,52.688000
91.653564,52.688000
91.673787,52.688000
91.693515,52.688000
91.713559,52.688000
91.733513,52.688000
91.753487,52.688000
91.773507,52.688000
91.793504,52.688000
91.813460,52.702000
91.833416,52.702000
91.853498,52.702000
91.873420,52.702000
91.893448,52.702000
91.913389,52.702000
91.933347,52.702000
91.953298,52.702000
91.973323,52.702000
91.993287,52.702000
92.013324,52.702000
92.033314,52.758000
92.053279,52.758000
92.073229,52.758000
92.093352,52.758000
92.113242,52.758000
92.133317,52.758000
92.153252,52.758000
92.173149,52.758000
92.193178,52.758000
92.213178,52.796000
92.233220,52.796000
92.253210,52.796000
92.273567,52.796000
92.293088,52.796000
92.313106,52.796000
92.333047,52.796000
92.353057,52.796000
92.373045,52.796000
92.392993,52.796000
92.413017,52.815000
92.433028,52.815000
92.453052,52.815000
92.473003,52.815000
92.492970,52.815000
92.512954,52.815000
92.532975,52.815000
92.552952,52.815000
92.572880,52.815000
92.592899,52.815000
92.612938,52.839000
92.632953,52.839000
92.652829,52.839000
92.672880,52.839000
92.692858,52.839000
92.712847,52.839000
92.732792,52.839000
92.752720,52.839000
92.772755,52.839000
92.792721,52.839000
92.812727,52.868000
92.832765,52.868000
92.853673,52.868000
92.872634,52.868000
92.892664,52.868000
92.913732,52.868000
92.933617,52.868000
92.953600,52.868000
92.973606,52.868000
92.993562,52.868000
93.013561,52.881000
93.033601,52.881000
93.053528,52.881000
93.073499,52.881000
93.093450,52.881000
93.113450,52.881000
93.133458,52.881000
93.153419,52.881000
93.173411,52.881000
93.193480,52.881000
93.213387,52.897000
93.233339,52.897000
93.253349,52.897000
93.273319,52.897000
93.293295,52.897000
93.313339,52.897000
93.333276,52.897000
93.353252,52.897000
93.373257,52.897000
93.393283,52.897000
93.413328,52.897000
93.433243,52.928000
93.453250,52.928000
93.473169,52.928000
93.493245,52.928000
93.513172,52.928000
93.533117,52.928000
93.553124,52.928000
93.573092,52.928000
93.593146,52.928000
93.613116,52.928000
93.633109,52.939000
93.653043,52.939000
93.673108,52.939000
93.693021,52.939000
93.713033,52.939000
93.732956,52.939000
93.753050,52.939000
93.772977,52.939000
93.792944,52.939000
93.812899,52.965000
93.832941,52.965000
93.852884,52.965000
93.872977,52.965000
93.892883,52.965000
93.912894,52.965000
93.932924,52.965000
93.952866,52.965000
93.972869,52.965000
93.992864,52.965000
94.012789,52.965000
94.033935,52.973000
94.052895,52.973000
94.072839,52.973000
94.092901,52.973000
94.112795,52.973000
94.132803,52.973000
94.153777,52.973000
94.172711,52.973000
94.193694,52.973000
94.212682,52.998000
94.233654,52.998000
94.253650,52.998000
94.273646,52.998000
94.293631,52.998000
94.313698,52.998000
94.333658,52.998000
94.353569,52.998000
94.373617,52.998000
94.393587,52.998000
94.413700,53.021000
94.433632,53.021000
94.453532,53.021000
94.473509,53.021000
94.493475,53.021000
94.513470,53.021000
94.533507,53.021000
94.553409,53.021000
94.573402,53.021000
94.593388,53.021000
94.613410,53.046000
94.633486,53.046000
94.653321,53.046000
94.673625,53.046000
94.693472,53.046000
94.713298,53.046000
94.733430,53.046000
94.753319,53.046000
94.773398,53.046000
94.793302,53.046000
94.813316,53.051000
94.833269,53.051000
94.853221,53.051000
94.873204,53.051000
94.893173,53.051000
