0.259426,-96.478645
0.279420,-96.478645
0.299434,-96.478645
0.319483,-96.478645
0.339560,-96.478645
0.359349,-96.478645
0.379405,-96.478645
0.399340,-96.478645
0.419358,-96.478645
0.439370,-96.478645
0.459445,-96.478645
0.479360,-96.478645
0.499328,-96.478645
0.520395,-96.478645
0.539397,-96.478645
0.560337,-96.478645
0.579257,-96.478645
0.600342,-96.478645
0.620321,-96.478645
0.640349,-96.478645
0.660284,-96.478645
0.680266,-96.478645
0.700341,-96.478645
0.720454,-96.478645
0.740249,-96.478645
0.760265,-96.478645
0.780254,-96.478645
0.800222,-96.478645
0.820318,-96.478645
0.840171,-96.478645
0.860177,-96.478645
0.880271,-96.478645
0.900181,-96.478645
0.920168,-96.478645
0.940145,-96.478645
0.960191,-96.478645
0.980090,-96.478645
1.000146,-96.478645
1.020164,-96.478645
1.040097,-96.478645
1.060108,-96.478645
1.080100,-96.478645
1.100094,-96.478645
1.120168,-96.478645
1.140049,-96.478645
1.160029,-96.478645
1.180102,-96.478645
1.200119,-96.478645
1.220168,-96.478645
1.240039,-96.478645
1.260154,-96.478645
1.280067,-96.478645
1.299988,-96.478645
1.320026,-96.478645
1.340067,-96.478645
1.359964,-96.478645
1.379961,-96.478645
1.399971,-96.478645
1.419987,-96.478645
1.439977,-96.478645
1.460014,-96.478645
1.479961,-96.478644
1.500012,-96.478644
1.519887,-96.478644
1.539909,-96.478644
1.559910,-96.478644
1.579901,-96.478644
1.599882,-96.478644
1.619931,-96.478644
1.639873,-96.478644
1.659849,-96.478644
1.679883,-96.478644
1.699986,-96.478644
1.719873,-96.478644
1.739906,-96.478644
1.759806,-96.478644
1.779852,-96.478644
1.799896,-96.478644
1.819805,-96.478644
1.839800,-96.478644
1.859805,-96.478644
1.879817,-96.478644
1.899776,-96.478644
1.919845,-96.478644
1.939821,-96.478644
1.959743,-96.478644
1.979922,-96.478644
1.999739,-96.478644
2.019740,-96.478644
2.039737,-96.478644
2.059732,-96.478644
2.079721,-96.478644
2.099689,-96.478644
2.119711,-96.478644
2.139755,-96.478644
2.159652,-96.478644
2.179642,-96.478644
2.199707,-96.478644
2.219779,-96.478644
2.239693,-96.478644
2.259605,-96.478644
2.279663,-96.478644
2.299655,-96.478644
2.319639,-96.478644
2.339646,-96.478644
2.359712,-96.478644
2.379577,-96.478644
2.399619,-96.478644
2.419557,-96.478644
2.439558,-96.478644
2.459527,-96.478644
2.479553,-96.478644
2.499630,-96.478644
2.519537,-96.478644
2.539636,-96.478644
2.559504,-96.478644
2.579531,-96.478644
2.599495,-96.478644
2.619551,-96.478644
2.639522,-96.478644
2.659534,-96.478644
2.679455,-96.478644
2.699455,-96.478644
2.719490,-96.478644
2.739459,-96.478644
2.759438,-96.478644
2.779427,-96.478644
2.799468,-96.478644
2.819535,-96.478644
2.839517,-96.478644
2.859445,-96.478644
2.879455,-96.478644
2.899370,-96.478644
2.919378,-96.478644
2.939419,-96.478644
2.959366,-96.478644
2.979397,-96.478644
2.999418,-96.478644
3.019418,-96.478644
3.039372,-96.478644
3.059404,-96.478644
3.079391,-96.478644
3.099366,-96.478644
3.119345,-96.478644
3.139440,-96.478644
3.159382,-96.478644
3.179296,-96.478644
3.199333,-96.478644
3.219307,-96.478644
3.240309,-96.478644
3.259346,-96.478644
3.279289,-96.478644
3.299292,-96.478644
3.320383,-96.478644
3.340237,-96.478644
3.360256,-96.478644
3.380230,-96.478644
3.400290,-96.478644
3.420288,-96.478644
3.440282,-96.478644
3.460336,-96.478644
3.480212,-96.478644
3.500227,-96.478644
3.520249,-96.478644
3.540227,-96.478644
3.560180,-96.478644
3.580316,-96.478644
3.600165,-96.478644
3.620204,-96.478644
3.640306,-96.478644
3.660171,-96.478644
3.680188,-96.478644
3.700125,-96.478644
3.720124,-96.478644
3.740127,-96.478644
3.760128,-96.478644
3.780131,-96.478644
3.800096,-96.478644
3.820127,-96.478644
3.840171,-96.478644
3.860142,-96.478644
3.880050,-96.478644
3.900090,-96.478644
3.920117,-96.478644
3.939992,-96.478644
3.960017,-96.478644
3.980018,-96.478644
4.000092,-96.478644
4.020044,-96.478644
4.040082,-96.478644
4.059969,-96.478644
4.079975,-96.478644
4.099966,-96.478644
4.119973,-96.478644
4.139977,-96.478644
4.160065,-96.478644
4.180009,-96.478644
4.199988,-96.478644
4.219993,-96.478644
4.239867,-96.478644
4.259962,-96.478644
4.279922,-96.478644
4.299944,-96.478644
4.319838,-96.478644
4.339904,-96.478644
4.359837,-96.478644
4.379906,-96.478644
4.399853,-96.478644
4.419854,-96.478644
4.439826,-96.478644
4.459912,-96.478644
4.479843,-96.478644
4.499871,-96.478644
4.519771,-96.478644
4.539816,-96.478644
4.559775,-96.478644
4.579800,-96.478644
4.599808,-96.478644
4.619728,-96.478644
4.639751,-96.478644
4.659713,-96.478644
4.679769,-96.478644
4.699775,-96.478644
4.719687,-96.478644
4.739749,-96.478644
4.759697,-96.478644
4.779704,-96.478644
4.799736,-96.478644
4.819722,-96.478644
4.839699,-96.478644
4.859729,-96.478644
4.879667,-96.478644
4.899658,-96.478644
4.919699,-96.478644
4.939612,-96.478644
4.959637,-96.478644
4.979667,-96.478644
4.999668,-96.478644
5.019637,-96.478644
5.039618,-96.478644
5.059689,-96.478645
5.079599,-96.478645
5.099610,-96.478645
5.119607,-96.478645
5.139632,-96.478645
5.159586,-96.478645
5.179641,-96.478645
5.199598,-96.478645
5.219550,-96.478645
5.239522,-96.478645
5.259500,-96.478645
5.279562,-96.478645
5.299544,-96.478645
5.319536,-96.478645
5.339509,-96.478645
5.359486,-96.478645
5.379517,-96.478645
5.399526,-96.478645
5.419526,-96.478645
5.439467,-96.478645
5.459478,-96.478645
5.479501,-96.478645
5.499474,-96.478645
5.519504,-96.478645
5.539476,-96.478645
5.559481,-96.478645
5.579367,-96.478645
5.599376,-96.478645
5.619430,-96.478645
5.639427,-96.478645
5.659336,-96.478645
5.679383,-96.478645
5.699355,-96.478645
5.719321,-96.478645
5.739319,-96.478645
5.759350,-96.478645
5.779403,-96.478645
5.799331,-96.478645
5.820338,-96.478645
5.839294,-96.478645
5.859360,-96.478646
5.879362,-96.478646
5.900323,-96.478646
5.920291,-96.478646
5.940275,-96.478646
5.960340,-96.478646
5.980281,-96.478646
6.000216,-96.478646
6.020213,-96.478646
6.040256,-96.478646
6.060234,-96.478646
6.080260,-96.478646
6.100222,-96.478646
6.120257,-96.478646
6.140195,-96.478646
6.160188,-96.478646
6.180160,-96.478646
6.200215,-96.478646
6.220174,-96.478646
6.240190,-96.478646
6.260115,-96.478646
6.280171,-96.478646
6.300138,-96.478646
6.320178,-96.478646
6.340129,-96.478646
6.360156,-96.478646
6.380081,-96.478646
6.400123,-96.478646
6.420093,-96.478646
6.440058,-96.478646
6.460143,-96.478647
6.480137,-96.478647
6.500124,-96.478647
6.520077,-96.478647
6.540117,-96.478647
6.560033,-96.478647
6.580130,-96.478647
6.600072,-96.478647
6.620063,-96.478647
6.640004,-96.478647
6.660014,-96.478647
6.680099,-96.478647
6.700022,-96.478647
6.720041,-96.478647
6.740159,-96.478647
6.760032,-96.478647
6.779974,-96.478647
6.799994,-96.478647
6.820026,-96.478647
6.839957,-96.478647
6.859984,-96.478647
6.879913,-96.478647
6.899935,-96.478647
6.919980,-96.478647
6.940009,-96.478647
6.959971,-96.478647
6.979995,-96.478647
7.000022,-96.478647
7.019887,-96.478647
7.039858,-96.478647
7.059856,-96.478647
7.079882,-96.478647
7.099844,-96.478647
7.119799,-96.478647
7.139976,-96.478647
7.159839,-96.478647
7.179887,-96.478647
7.199794,-96.478647
7.219795,-96.478647
7.239835,-96.478647
7.259799,-96.478647
7.279760,-96.478647
7.299808,-96.478647
7.319762,-96.478647
7.339744,-96.478647
7.359730,-96.478647
7.379744,-96.478647
7.399772,-96.478647
7.419690,-96.478647
7.439786,-96.478647
7.459727,-96.478647
7.479729,-96.478647
7.499701,-96.478648
7.519692,-96.478648
7.539655,-96.478648
7.559660,-96.478648
7.579640,-96.478648
7.599661,-96.478648
7.619724,-96.478648
7.639673,-96.478648
7.659685,-96.478648
7.679636,-96.478648
7.699632,-96.478648
7.719576,-96.478648
7.739783,-96.478648
7.759607,-96.478648
7.779565,-96.478648
7.799535,-96.478648
7.819557,-96.478648
7.839631,-96.478648
7.859543,-96.478648
7.879529,-96.478648
7.899522,-96.478648
7.919513,-96.478648
7.939537,-96.478648
7.959577,-96.478648
7.979559,-96.478648
7.999549,-96.478648
8.019532,-96.478648
8.039491,-96.478648
8.059427,-96.478648
8.079424,-96.478648
8.099406,-96.478648
8.119430,-96.478648
8.139447,-96.478648
8.159448,-96.478648
8.179450,-96.478648
8.199400,-96.478648
8.219388,-96.478648
8.239398,-96.478648
8.259444,-96.478649
8.279444,-96.478649
8.299355,-96.478649
8.319345,-96.478649
8.339319,-96.478649
8.359385,-96.478649
8.379347,-96.478649
8.399322,-96.478649
8.420429,-96.478649
8.439325,-96.478649
8.459321,-96.478649
8.479345,-96.478649
8.499383,-96.478649
8.520319,-96.478649
8.539251,-96.478649
8.559216,-96.478649
8.580212,-96.478649
8.600317,-96.478649
8.620260,-96.478649
8.640357,-96.478649
8.660221,-96.478649
8.680201,-96.478649
8.700195,-96.478649
8.720228,-96.478649
8.740222,-96.478649
8.760195,-96.478649
8.780173,-96.478649
8.800189,-96.478649
8.820273,-96.478649
8.840199,-96.478649
8.860175,-96.478649
8.880167,-96.478649
8.900143,-96.478649
8.920165,-96.478649
8.940186,-96.478649
8.960170,-96.478649
8.980039,-96.478649
9.000076,-96.478649
9.020089,-96.478649
9.040151,-96.478649
9.060078,-96.478649
9.080089,-96.478649
9.100075,-96.478649
9.120044,-96.478649
9.140027,-96.478649
9.160081,-96.478649
9.180030,-96.478649
9.199977,-96.478649
9.220004,-96.478649
9.240009,-96.478649
9.260040,-96.478649
9.279986,-96.478649
9.300048,-96.478649
9.320074,-96.478649
9.339966,-96.478649
9.360012,-96.478649
9.379981,-96.478649
9.399904,-96.478649
9.419981,-96.478649
9.439964,-96.478649
9.459909,-96.478649
9.479955,-96.478649
9.499970,-96.478649
9.519878,-96.478649
9.539948,-96.478649
9.559968,-96.478649
9.579858,-96.478649
9.599905,-96.478649
9.619848,-96.478649
9.639828,-96.478649
9.659817,-96.478649
9.679810,-96.478649
9.699769,-96.478649
9.719760,-96.478649
9.739810,-96.478649
9.759742,-96.478649
9.779867,-96.478649
9.799750,-96.478649
9.819772,-96.478649
9.839722,-96.478649
9.859739,-96.478649
9.879719,-96.478649
9.899696,-96.478649
9.919765,-96.478649
9.939668,-96.478649
9.959763,-96.478649
9.979760,-96.478649
9.999738,-96.478649
10.019748,-96.478649
10.039758,-96.478649
10.059648,-96.478649
10.079653,-96.478649
10.099627,-96.478649
10.119714,-96.478649
10.139657,-96.478649
10.159686,-96.478649
10.179605,-96.478649
10.199619,-96.478649
10.219643,-96.478649
10.239622,-96.478649
10.259566,-96.478649
10.279618,-96.478649
10.299557,-96.478649
10.319599,-96.478649
10.339530,-96.478649
10.359528,-96.478649
10.379610,-96.478649
10.399512,-96.478649
10.419498,-96.478649
10.439520,-96.478649
10.459554,-96.478649
10.479563,-96.478649
10.499527,-96.478649
10.519525,-96.478649
10.539493,-96.478649
10.559569,-96.478649
10.579501,-96.478649
10.599460,-96.478649
10.619528,-96.478649
10.639438,-96.478649
10.659501,-96.478649
10.679485,-96.478649
10.699467,-96.478649
10.719487,-96.478649
10.739442,-96.478649
10.759389,-96.478649
10.779372,-96.478649
10.799393,-96.478649
10.819413,-96.478649
10.839372,-96.478649
10.859418,-96.478649
10.879410,-96.478649
10.899327,-96.478649
10.920351,-96.478649
10.939387,-96.478649
10.959332,-96.478649
10.979301,-96.478649
10.999301,-96.478649
11.020273,-96.478649
11.039478,-96.478649
11.059313,-96.478649
11.079309,-96.478649
11.100300,-96.478649
11.120268,-96.478649
11.140266,-96.478649
11.160324,-96.478649
11.180218,-96.478649
11.200289,-96.478649
11.220281,-96.478649
11.240280,-96.478649
11.260264,-96.478649
11.280252,-96.478649
11.300258,-96.478649
11.320288,-96.478649
11.340258,-96.478649
11.360237,-96.478649
11.380247,-96.478649
11.400210,-96.478649
11.420142,-96.478649
11.440171,-96.478649
11.460147,-96.478649
11.480200,-96.478649
11.500137,-96.478649
11.520117,-96.478649
11.540128,-96.478649
11.560205,-96.478649
11.580078,-96.478649
11.600102,-96.478649
11.620130,-96.478649
11.640101,-96.478649
11.660103,-96.478649
11.680072,-96.478649
11.700058,-96.478649
11.720077,-96.478649
11.740158,-96.478649
11.760090,-96.478649
11.780080,-96.478649
11.800049,-96.478649
11.820108,-96.478649
11.840010,-96.478649
11.860041,-96.478649
11.880017,-96.478649
11.899989,-96.478649
11.920011,-96.478649
11.940019,-96.478649
11.959988,-96.478649
11.980048,-96.478649
11.999959,-96.478649
12.020045,-96.478649
12.039986,-96.478649
12.059931,-96.478649
12.079985,-96.478649
12.099915,-96.478649
12.119883,-96.478649
12.139921,-96.478649
12.159866,-96.478649
12.179904,-96.478649
12.199883,-96.478649
12.219955,-96.478649
12.239986,-96.478649
12.259919,-96.478649
12.279919,-96.478649
12.299909,-96.478649
12.319894,-96.478649
12.339890,-96.478649
12.359892,-96.478649
12.379853,-96.478649
12.399813,-96.478649
12.419774,-96.478649
12.439903,-96.478649
12.459763,-96.478649
12.479802,-96.478649
12.499783,-96.478649
12.519787,-96.478649
12.539830,-96.478649
12.559813,-96.478649
12.579879,-96.478649
12.599783,-96.478649
12.619784,-96.478649
12.639991,-96.478649
12.659733,-96.478648
12.679703,-96.478648
12.699809,-96.478648
12.719806,-96.478648
12.739674,-96.478648
12.759698,-96.478648
12.779697,-96.478648
12.799669,-96.478648
12.819706,-96.478648
12.839700,-96.478648
12.859729,-96.478648
12.879717,-96.478648
12.899627,-96.478648
12.919665,-96.478648
12.939657,-96.478648
12.959650,-96.478648
12.979646,-96.478648
12.999670,-96.478648
13.019640,-96.478648
13.039633,-96.478648
13.059597,-96.478648
13.079585,-96.478648
13.099638,-96.478648
13.119516,-96.478648
13.139519,-96.478648
13.159532,-96.478648
13.179512,-96.478648
13.199513,-96.478648
13.219557,-96.478648
13.239530,-96.478648
13.259499,-96.478648
13.279469,-96.478648
13.299467,-96.478648
13.319466,-96.478648
13.339521,-96.478648
13.359473,-96.478648
13.379497,-96.478648
13.399454,-96.478648
13.419427,-96.478648
13.439507,-96.478648
13.459473,-96.478648
13.479395,-96.478648
13.499434,-96.478648
13.519391,-96.478648
13.539350,-96.478648
13.559330,-96.478648
13.579370,-96.478648
13.599341,-96.478648
13.619396,-96.478648
13.639351,-96.478648
13.659311,-96.478648
13.679323,-96.478648
13.699430,-96.478648
13.720289,-96.478648
13.739378,-96.478648
13.759282,-96.478648
13.779286,-96.478648
13.799320,-96.478648
13.819303,-96.478648
13.840276,-96.478648
13.860346,-96.478648
13.879294,-96.478648
13.900237,-96.478648
13.920294,-96.478648
13.940305,-96.478648
13.960308,-96.478648
13.980211,-96.478648
14.000331,-96.478648
14.020190,-96.478648
14.040309,-96.478648
14.060186,-96.478648
14.080223,-96.478648
14.100258,-96.478648
14.120215,-96.478648
14.140208,-96.478648
14.160153,-96.478648
14.180178,-96.478648
14.200157,-96.478648
14.220136,-96.478648
14.240111,-96.478648
14.260112,-96.478648
14.280157,-96.478648
14.300146,-96.478648
14.320134,-96.478648
14.340109,-96.478648
14.360056,-96.478648
14.380056,-96.478648
14.400048,-96.478648
14.420060,-96.478648
14.440034,-96.478648
14.460140,-96.478647
14.480118,-96.478647
14.500074,-96.478647
14.520047,-96.478647
14.540130,-96.478647
14.560061,-96.478647
14.580037,-96.478647
14.600041,-96.478647
14.620051,-96.478647
14.640072,-96.478647
14.660027,-96.478647
14.679993,-96.478647
14.700019,-96.478647
14.720059,-96.478647
14.739968,-96.478647
14.759983,-96.478647
14.779958,-96.478647
14.799942,-96.478647
14.819945,-96.478647
14.839937,-96.478647
14.859947,-96.478647
14.879919,-96.478647
14.899848,-96.478647
14.919933,-96.478647
14.939970,-96.478647
14.959947,-96.478647
14.979890,-96.478647
14.999919,-96.478647
15.019966,-96.478647
15.039853,-96.478647
15.059864,-96.478647
15.079885,-96.478647
15.099856,-96.478647
15.119930,-96.478647
15.139870,-96.478647
15.159889,-96.478647
15.179899,-96.478647
15.199919,-96.478647
15.219911,-96.478647
15.239815,-96.478647
15.259830,-96.478647
15.279776,-96.478647
15.299740,-96.478647
15.319800,-96.478647
15.339734,-96.478647
15.359766,-96.478647
15.379779,-96.478647
15.399741,-96.478647
15.419689,-96.478647
15.439721,-96.478647
15.459748,-96.478647
15.479737,-96.478647
15.499671,-96.478647
15.519674,-96.478647
15.539683,-96.478647
15.559666,-96.478647
15.579648,-96.478647
15.599662,-96.478647
15.619654,-96.478647
15.639645,-96.478647
15.659577,-96.478647
15.679628,-96.478647
15.699649,-96.478647
15.719564,-96.478647
15.739633,-96.478647
15.759659,-96.478647
15.779586,-96.478647
15.799533,-96.478647
15.819640,-96.478647
15.839833,-96.478647
15.859543,-96.478647
15.879519,-96.478647
15.899541,-96.478647
15.919620,-96.478647
15.939595,-96.478647
15.959550,-96.478647
15.979534,-96.478647
15.999493,-96.478647
16.019507,-96.478647
16.039524,-96.478647
16.059502,-96.478647
16.079473,-96.478647
16.099530,-96.478647
16.119470,-96.478647
16.139505,-96.478647
16.159520,-96.478647
16.179436,-96.478647
16.199497,-96.478647
16.219466,-96.478647
16.239420,-96.478647
16.259488,-96.478647
16.279396,-96.478647
16.299450,-96.478647
16.319443,-96.478647
16.339398,-96.478647
16.359407,-96.478647
16.379303,-96.478647
16.399403,-96.478647
16.420367,-96.478647
16.439317,-96.478647
16.459393,-96.478647
16.479294,-96.478647
16.499316,-96.478647
16.520331,-96.478647
16.539284,-96.478647
16.559283,-96.478647
16.579285,-96.478647
16.600245,-96.478647
16.620286,-96.478647
16.640290,-96.478647
16.660296,-96.478647
16.680304,-96.478647
16.700264,-96.478647
16.720304,-96.478647
16.740278,-96.478647
16.760288,-96.478647
16.780292,-96.478647
16.800201,-96.478647
16.820280,-96.478647
16.840477,-96.478647
16.860187,-96.478647
16.880228,-96.478647
16.900112,-96.478647
16.920182,-96.478647
16.940199,-96.478647
16.960068,-96.478647
16.980179,-96.478647
17.000149,-96.478647
17.020254,-96.478647
17.040137,-96.478647
17.060101,-96.478647
17.080120,-96.478647
17.100117,-96.478647
17.120073,-96.478647
17.140169,-96.478647
17.160053,-96.478647
17.180067,-96.478647
17.200054,-96.478647
17.220049,-96.478647
17.240021,-96.478647
17.260060,-96.478647
17.279974,-96.478647
17.300042,-96.478647
17.320018,-96.478647
17.340027,-96.478647
17.359984,-96.478647
17.379988,-96.478647
17.400053,-96.478647
17.419978,-96.478647
17.439985,-96.478647
17.460067,-96.478647
17.479999,-96.478647
17.499988,-96.478647
17.519924,-96.478647
17.539903,-96.478647
17.560012,-96.478647
17.579977,-96.478647
17.599909,-96.478647
17.619941,-96.478647
17.639955,-96.478647
17.659865,-96.478647
17.679850,-96.478647
17.699915,-96.478647
17.719855,-96.478647
17.739800,-96.478647
17.759850,-96.478647
17.779891,-96.478647
17.799796,-96.478647
17.819885,-96.478647
17.839795,-96.478647
17.859812,-96.478647
17.879912,-96.478647
17.899831,-96.478647
17.919874,-96.478647
17.940125,-96.478647
17.959753,-96.478647
17.979747,-96.478647
17.999797,-96.478647
18.019816,-96.478647
18.039737,-96.478647
18.059753,-96.478647
18.079733,-96.478647
18.099707,-96.478647
18.119667,-96.478647
18.139709,-96.478647
18.159630,-96.478647
18.179616,-96.478647
18.199646,-96.478647
18.219647,-96.478647
18.239618,-96.478647
18.259652,-96.478647
18.279657,-96.478647
18.299603,-96.478647
18.319574,-96.478647
18.339642,-96.478647
18.359604,-96.478647
18.379653,-96.478647
18.399566,-96.478647
18.419606,-96.478647
18.439541,-96.478647
18.459616,-96.478647
18.479527,-96.478647
18.499631,-96.478647
18.519592,-96.478647
18.539605,-96.478647
18.559547,-96.478647
18.579511,-96.478647
18.599461,-96.478647
18.619486,-96.478647
18.639463,-96.478647
18.659450,-96.478647
18.679464,-96.478647
18.699440,-96.478647
18.719483,-96.478647
18.739450,-96.478647
18.759423,-96.478647
18.779449,-96.478647
18.799516,-96.478647
18.819433,-96.478647
18.839405,-96.478647
18.859402,-96.478647
18.879431,-96.478647
18.899355,-96.478647
18.919383,-96.478647
18.939386,-96.478647
18.959357,-96.478647
18.979429,-96.478647
18.999348,-96.478647
19.019363,-96.478647
19.039355,-96.478647
19.059358,-96.478647
19.079309,-96.478647
19.099321,-96.478647
19.119321,-96.478647
19.139352,-96.478647
19.159384,-96.478647
19.179378,-96.478647
19.199285,-96.478647
19.219311,-96.478647
19.240302,-96.478647
19.260253,-96.478647
19.280290,-96.478647
19.300296,-96.478647
19.320319,-96.478647
19.340353,-96.478647
19.360242,-96.478647
19.380264,-96.478647
19.400268,-96.478647
19.420262,-96.478647
19.440190,-96.478647
19.460219,-96.478647
19.480306,-96.478647
19.500160,-96.478648
19.520181,-96.478648
19.540140,-96.478648
19.560131,-96.478648
19.580221,-96.478648
19.600129,-96.478648
19.620177,-96.478648
19.640134,-96.478648
19.660101,-96.478648
19.680102,-96.478648
19.700053,-96.478648
19.720089,-96.478648
19.740141,-96.478648
19.760087,-96.478648
19.780050,-96.478648
19.800115,-96.478648
19.820001,-96.478648
19.839996,-96.478648
19.860090,-96.478648
19.880052,-96.478648
19.900044,-96.478648
19.920062,-96.478648
19.940020,-96.478648
19.959972,-96.478648
19.980045,-96.478648
20.000031,-96.478648
20.020030,-96.478648
20.040044,-96.478648
20.059973,-96.478648
20.079952,-96.478648
20.099965,-96.478648
20.119972,-96.478648
20.139966,-96.478648
20.159976,-96.478648
20.179934,-96.478648
20.199908,-96.478648
20.219895,-96.478648
20.239961,-96.478648
20.259898,-96.478648
20.279879,-96.478648
20.299934,-96.478648
20.319888,-96.478648
20.339834,-96.478648
20.359822,-96.478648
20.379823,-96.478648
20.399857,-96.478648
20.419864,-96.478648
20.439829,-96.478648
20.459833,-96.478648
20.479853,-96.478648
20.499821,-96.478648
20.519768,-96.478648
20.539811,-96.478648
20.559840,-96.478648
20.579826,-96.478648
20.599771,-96.478648
20.619843,-96.478648
20.639850,-96.478648
20.659828,-96.478648
20.679881,-96.478648
20.699944,-96.478648
20.719814,-96.478648
20.739751,-96.478648
20.759697,-96.478648
20.779694,-96.478648
20.799681,-96.478648
20.819686,-96.478648
20.839731,-96.478648
20.859693,-96.478648
20.879657,-96.478648
20.899673,-96.478648
20.919678,-96.478648
20.939656,-96.478648
20.959725,-96.478648
20.979609,-96.478648
20.999658,-96.478648
21.019672,-96.478648
21.039615,-96.478648
21.059603,-96.478649
21.079647,-96.478649
21.099559,-96.478649
21.119641,-96.478649
21.139774,-96.478649
21.159540,-96.478649
21.179565,-96.478649
21.199541,-96.478649
21.219595,-96.478649
21.239529,-96.478649
21.259537,-96.478649
21.279557,-96.478649
21.299481,-96.478649
21.319508,-96.478649
21.339455,-96.478649
21.359460,-96.478649
21.379512,-96.478649
21.399555,-96.478649
21.419508,-96.478649
21.439456,-96.478649
21.459535,-96.478649
21.479486,-96.478649
21.499469,-96.478649
21.519502,-96.478649
21.539369,-96.478649
21.559477,-96.478649
21.579407,-96.478649
21.599464,-96.478649
21.619363,-96.478649
21.639406,-96.478649
21.659370,-96.478649
21.679336,-96.478649
21.699399,-96.478649
21.719333,-96.478649
21.739320,-96.478649
21.759299,-96.478649
21.779310,-96.478649
21.799273,-96.478649
21.819430,-96.478649
21.840388,-96.478649
21.859252,-96.478649
21.879315,-96.478649
21.899322,-96.478649
21.919397,-96.478649
21.940234,-96.478649
21.960294,-96.478649
21.980259,-96.478649
22.000257,-96.478649
22.020239,-96.478649
22.040235,-96.478649
22.060273,-96.478649
22.080231,-96.478649
22.100154,-96.478649
22.120210,-96.478649
22.140149,-96.478649
22.160140,-96.478649
22.180159,-96.478649
22.200226,-96.478649
22.220119,-96.478649
22.240162,-96.478649
22.260113,-96.478649
22.280185,-96.478649
22.300092,-96.478649
22.320151,-96.478649
22.340120,-96.478649
22.360205,-96.478649
22.380197,-96.478649
22.400170,-96.478649
22.420094,-96.478649
22.440105,-96.478649
22.460154,-96.478649
22.480117,-96.478649
22.500109,-96.478649
22.520060,-96.478649
22.540126,-96.478649
22.560032,-96.478649
22.580104,-96.478649
22.600039,-96.478649
22.620109,-96.478649
22.640030,-96.478649
22.660010,-96.478649
22.680012,-96.478649
22.700050,-96.478649
22.720016,-96.478649
22.740052,-96.478649
22.760045,-96.478649
22.780077,-96.478649
22.799916,-96.478649
22.820004,-96.478649
22.839963,-96.478649
22.859920,-96.478649
22.879967,-96.478649
22.899947,-96.478649
22.919917,-96.478649
22.939917,-96.478649
22.959946,-96.478649
22.979905,-96.478649
22.999932,-96.478649
23.019936,-96.478649
23.039929,-96.478649
23.059868,-96.478649
23.079875,-96.478649
23.099874,-96.478649
23.119919,-96.478649
23.139847,-96.478649
23.159892,-96.478649
23.179806,-96.478649
23.199907,-96.478649
23.219794,-96.478649
23.239836,-96.478649
23.259825,-96.478649
23.279858,-96.478649
23.299779,-96.478649
23.319824,-96.478649
23.339770,-96.478649
23.359738,-96.478649
23.379801,-96.478649
23.399739,-96.478649
23.419785,-96.478649
23.439778,-96.478649
23.459747,-96.478649
23.479749,-96.478649
23.499782,-96.478649
23.519656,-96.478649
23.539703,-96.478649
23.559683,-96.478649
23.579691,-96.478649
23.599665,-96.478649
23.619739,-96.478649
23.639701,-96.478649
23.659648,-96.478649
23.679680,-96.478649
23.699725,-96.478649
23.719611,-96.478649
23.739682,-96.478649
23.759583,-96.478649
23.779634,-96.478649
23.799588,-96.478649
23.819612,-96.478649
23.839531,-96.478649
23.859532,-96.478649
23.879591,-96.478649
23.899581,-96.478649
23.919554,-96.478649
23.939546,-96.478649
23.959536,-96.478649
23.979527,-96.478649
23.999483,-96.478649
24.019494,-96.478649
24.039543,-96.478649
24.059591,-96.478649
24.079479,-96.478649
24.099468,-96.478649
24.119516,-96.478649
24.139459,-96.478649
24.159546,-96.478649
24.179482,-96.478649
24.199454,-96.478649
24.219505,-96.478649
24.239470,-96.478649
24.259513,-96.478649
24.279449,-96.478649
24.299566,-96.478649
24.319468,-96.478649
24.339429,-96.478649
24.359392,-96.478649
24.379373,-96.478649
24.399437,-96.478649
24.419385,-96.478649
24.439567,-96.478649
24.459400,-96.478649
24.479368,-96.478649
24.499308,-96.478649
24.519301,-96.478649
24.539351,-96.478649
24.559359,-96.478649
24.579448,-96.478649
24.599310,-96.478649
24.619264,-96.478649
24.639266,-96.478649
24.659273,-96.478649
24.679249,-96.478649
24.699334,-96.478649
24.720290,-96.478649
24.740269,-96.478649
24.760283,-96.478649
24.780215,-96.478649
24.800283,-96.478649
24.820250,-96.478649
24.840236,-96.478649
24.860215,-96.478649
24.880183,-96.478649
24.900216,-96.478649
24.920275,-96.478649
24.940186,-96.478649
24.960164,-96.478649
24.980161,-96.478649
25.000199,-96.478649
25.020121,-96.478649
25.040159,-96.478649
25.060107,-96.478649
25.080103,-96.478649
25.100173,-96.478649
25.120135,-96.478649
25.140100,-96.478649
25.160102,-96.478649
25.180094,-96.478649
25.200073,-96.478649
25.220052,-96.478649
25.240063,-96.478649
25.260049,-96.478649
25.280060,-96.478649
25.300073,-96.478649
25.320052,-96.478649
25.340039,-96.478649
25.360088,-96.478649
25.380009,-96.478649
25.399999,-96.478649
25.420056,-96.478649
25.439997,-96.478649
25.460064,-96.478649
25.480011,-96.478649
25.500029,-96.478649
25.520015,-96.478649
25.539907,-96.478649
25.559978,-96.478649
25.580045,-96.478649
25.600042,-96.478649
25.620023,-96.478649
25.639956,-96.478649
25.659945,-96.478649
25.679855,-96.478649
25.699913,-96.478649
25.719994,-96.478649
25.739835,-96.478649
25.759947,-96.478649
25.779865,-96.478649
25.799933,-96.478649
25.819931,-96.478649
25.839843,-96.478649
25.859846,-96.478649
25.879798,-96.478649
25.899853,-96.478649
25.919807,-96.478649
25.939839,-96.478649
25.959832,-96.478649
25.979789,-96.478649
25.999755,-96.478649
26.019772,-96.478649
26.040076,-96.478649
26.059785,-96.478649
26.079744,-96.478649
26.099766,-96.478649
26.119745,-96.478649
26.139734,-96.478649
26.159764,-96.478649
26.179770,-96.478649
26.199819,-96.478649
26.219881,-96.478649
26.239756,-96.478649
26.259715,-96.478649
26.279744,-96.478649
26.299696,-96.478649
26.319677,-96.478649
26.339652,-96.478649
26.359644,-96.478649
26.379651,-96.478649
26.399603,-96.478649
26.419598,-96.478649
26.439608,-96.478649
26.459664,-96.478649
26.479576,-96.478649
26.499613,-96.478649
26.519699,-96.478649
26.539819,-96.478649
26.559527,-96.478649
26.579506,-96.478649
26.599526,-96.478649
26.619529,-96.478649
26.639513,-96.478649
26.659616,-96.478648
26.679527,-96.478648
26.699502,-96.478648
26.719487,-96.478648
26.739474,-96.478648
26.759490,-96.478648
26.779485,-96.478648
26.799453,-96.478648
26.819566,-96.478648
26.839446,-96.478648
26.859403,-96.478648
26.879458,-96.478648
26.899426,-96.478648
26.919442,-96.478648
26.939413,-96.478648
26.959426,-96.478648
26.979363,-96.478648
26.999447,-96.478648
27.019382,-96.478648
27.039415,-96.478648
27.059392,-96.478648
27.079422,-96.478648
27.099426,-96.478648
27.119355,-96.478648
27.139344,-96.478648
27.159317,-96.478648
27.179368,-96.478648
27.199292,-96.478648
27.219289,-96.478648
27.239300,-96.478648
27.259371,-96.478648
27.279345,-96.478648
27.299314,-96.478648
27.319301,-96.478648
27.340304,-96.478648
27.359251,-96.478648
27.379365,-96.478648
27.399250,-96.478648
27.419282,-96.478648
27.440279,-96.478648
27.460330,-96.478648
27.480228,-96.478648
27.500256,-96.478648
27.520281,-96.478648
27.540236,-96.478648
