0.359413,0.297000
0.393828,0.297000
0.527692,0.297000
0.594533,0.297000
0.626969,0.297000
0.659451,0.297000
0.693837,0.297000
0.827682,0.297000
0.894398,0.297000
1.060445,0.297000
1.127511,0.297000
1.194207,0.297000
1.330035,0.297000
1.363598,0.297000
1.398950,0.297000
1.463868,0.297000
1.502364,0.297000
1.536708,0.297000
1.571068,0.297000
1.597548,0.297000
1.632912,0.297000
1.662307,0.297000
1.696782,0.297000
1.731141,0.297000
1.833498,0.297000
1.897315,0.297000
1.931767,0.297000
1.964281,0.297000
2.035210,0.297000
2.066507,0.297000
2.164841,0.297000
2.232760,0.297000
2.365509,0.297000
2.397074,0.297000
2.432411,0.297000
2.464773,0.297000
2.497198,0.297000
2.566138,0.297000
2.697778,0.297000
3.096033,0.297000
3.294708,0.297000
3.429438,0.297000
3.494594,0.297000
3.630073,0.297000
3.662437,0.297000
3.694867,0.297000
3.795252,0.297000
3.962378,0.297000
3.994992,0.297000
4.062828,0.297000
4.163090,0.297000
4.229071,0.297000
4.293921,0.297000
4.495475,0.297000
4.694077,0.297000
4.728647,0.297000
4.762922,0.297000
4.795499,0.297000
4.862139,0.297000
4.894672,0.297000
5.166302,0.297000
5.231026,0.297000
5.370845,0.297000
5.399311,0.297000
5.466066,0.297000
5.500590,0.297000
5.569646,0.297000
5.599841,0.297000
5.634298,0.297000
5.668806,0.297000
5.701281,0.297000
5.731797,0.297000
5.768170,0.297000
5.801638,0.297000
5.866439,0.297000
5.899904,0.297000
5.932308,0.297000
5.966737,0.297000
6.031639,0.297000
6.066170,0.297000
6.100502,0.297000
6.169469,0.297000
6.201927,0.297000
6.267709,0.297000
6.302282,0.297000
6.400381,0.297000
6.432889,0.297000
6.467317,0.297000
6.499732,0.297000
7.164500,0.297000
7.231278,0.297000
7.397503,0.297000
7.464580,0.297000
7.529424,0.297000
7.665085,0.297000
7.697401,0.297000
7.863854,0.297000
8.030032,0.297000
8.064457,0.297000
8.129350,0.297000
8.266284,0.297000
8.297684,0.297000
8.396873,0.297000
8.431340,0.297000
8.463718,0.297000
8.531734,0.297000
8.565134,0.297000
8.664280,0.297000
8.733355,0.297000
8.799129,0.297000
8.931770,0.297000
8.966196,0.297000
8.998663,0.297000
9.032037,0.297000
9.065463,0.297000
9.100937,0.297000
9.203255,0.297000
9.237738,0.297000
9.268243,0.297000
9.308670,0.297000
9.335979,0.297000
9.405978,0.297000
9.436219,0.297000
9.507267,0.297000
9.535801,0.297000
9.603457,0.297000
9.636921,0.297000
9.701739,0.297000
9.736265,0.297000
9.768642,0.297000
9.807209,0.297000
9.836528,0.297000
9.903440,0.297000
9.936916,0.297000
10.003955,0.297000
10.036234,0.297000
10.068877,0.297000
10.103214,0.297000
10.135714,0.297000
10.167961,0.297000
10.202331,0.297000
10.270190,0.297000
10.303714,0.297000
10.435299,0.297000
10.700654,0.297000
10.933778,0.297000
10.966245,0.297000
11.000482,0.297000
11.133368,0.297000
11.233666,0.297000
11.335349,0.297000
11.366535,0.297000
11.399855,0.297000
11.434422,0.297000
11.464713,0.297000
11.632887,0.297000
11.766644,0.297000
11.932894,0.297000
11.967363,0.297000
12.099012,0.297000
12.198221,0.297000
12.232693,0.297000
12.334114,0.297000
12.433373,0.297000
12.767926,0.297000
12.802182,0.297000
12.836622,0.297000
12.875167,0.297000
12.936013,0.297000
13.002824,0.297000
13.037357,0.297000
13.073730,0.297000
13.139708,0.297000
13.172071,0.297000
13.238212,0.297000
13.272335,0.297000
13.339160,0.297000
13.376841,0.297000
13.407175,0.297000
13.440415,0.297000
13.473015,0.297000
13.539804,0.297000
13.574181,0.297000
13.673491,0.297000
13.703928,0.297000
13.738544,0.297000
13.770821,0.297000
13.803210,0.297000
13.839804,0.297000
13.906702,0.297000
13.971558,0.297000
14.038247,0.297000
14.204545,0.297000
14.303920,0.297000
14.404172,0.297000
14.437683,0.297000
14.537016,0.297000
14.569360,0.297000
14.835882,0.297000
14.970504,0.297000
15.000933,0.297000
15.035656,0.297000
15.067808,0.297000
15.169119,0.297000
15.534980,0.297000
15.702246,0.297000
15.734597,0.297000
16.034316,0.297000
16.069780,0.297000
16.234821,0.297000
16.435493,0.297000
16.705055,0.297000
16.772078,0.297000
16.873312,0.514000
16.912001,1.121000
16.976581,1.121000
17.009065,1.121000
17.039326,1.126000
17.073878,1.126000
17.108515,1.126000
17.175310,1.181000
17.205786,1.181000
17.274490,1.218000
17.307002,1.218000
17.374882,1.236000
17.411434,1.236000
17.475141,1.259000
17.511796,1.259000
17.539942,1.267000
17.574413,1.267000
17.608876,1.267000
17.640191,1.268000
17.708242,1.268000
17.774987,1.267000
17.809583,1.267000
17.875398,1.268000
18.008093,1.267000
18.040491,1.268000
18.305961,1.267000
18.670623,1.267000
18.705128,1.267000
18.840003,1.267000
19.005104,1.267000
19.039465,1.267000
19.138940,1.267000
19.238298,1.267000
19.305298,1.267000
19.339544,1.267000
19.370996,1.267000
19.538294,1.267000
19.706426,1.267000
19.840171,1.267000
19.872545,1.267000
19.971836,1.267000
20.039776,1.267000
20.073274,1.267000
