0.243199,30.634433
0.263166,30.634433
0.283184,30.634433
0.303107,30.634433
0.323085,30.634433
0.343129,30.634433
0.363049,30.634433
0.383114,30.634433
0.403063,30.634433
0.423103,30.634433
0.443005,30.634433
0.463008,30.634433
0.483129,30.634433
0.503118,30.634433
0.522907,30.634433
0.543031,30.634433
0.562834,30.634433
0.582984,30.634433
0.602848,30.634433
0.622850,30.634433
0.642886,30.634433
0.662870,30.634433
0.682740,30.634433
0.703784,30.634433
0.722717,30.634433
0.742791,30.634433
0.763828,30.634433
0.783767,30.634433
0.803676,30.634433
0.823779,30.634433
0.843691,30.634433
0.863825,30.634433
0.883591,30.634433
0.903659,30.634433
0.923765,30.634433
0.943559,30.634433
0.963536,30.634433
0.983979,30.634433
1.004112,30.634432
1.023582,30.634433
1.043432,30.634433
1.063507,30.634432
1.084139,30.634432
1.104134,30.634432
1.123463,30.634432
1.143429,30.634432
1.163389,30.634432
1.183417,30.634432
1.203365,30.634432
1.223677,30.634432
1.243271,30.634432
1.263324,30.634432
1.283496,30.634432
1.303314,30.634432
1.323557,30.634432
1.343299,30.634432
1.363385,30.634432
1.383426,30.634432
1.403242,30.634432
1.423275,30.634432
1.443213,30.634432
1.463189,30.634432
1.483154,30.634432
1.503193,30.634432
1.523158,30.634432
1.543214,30.634432
1.563082,30.634432
1.583110,30.634432
1.603057,30.634432
1.623009,30.634432
1.642996,30.634432
1.663213,30.634432
1.682960,30.634432
1.702914,30.634432
1.722917,30.634432
1.742977,30.634432
1.762929,30.634432
1.783067,30.634432
1.802851,30.634432
1.822951,30.634432
1.842856,30.634432
1.862879,30.634432
1.882759,30.634432
1.902941,30.634432
1.923755,30.634432
1.942836,30.634432
1.963862,30.634432
1.983618,30.634432
2.003704,30.634432
2.023915,30.634432
2.043724,30.634432
2.063599,30.634432
2.083632,30.634432
2.103824,30.634432
2.123609,30.634432
2.143676,30.634432
2.163659,30.634432
2.184064,30.634432
2.203585,30.634432
2.223482,30.634432
2.243679,30.634432
2.263436,30.634432
2.283895,30.634432
2.303493,30.634432
2.323394,30.634432
2.343390,30.634432
2.363339,30.634432
2.385092,30.634432
2.403934,30.634432
2.424345,30.634432
2.443572,30.634432
2.463325,30.634432
2.483373,30.634432
2.503342,30.634432
2.523207,30.634432
2.543217,30.634432
2.563132,30.634432
2.583106,30.634432
2.603282,30.634432
2.623150,30.634432
2.643022,30.634432
2.663091,30.634432
2.683108,30.634432
2.703235,30.634432
2.723070,30.634432
2.743004,30.634432
2.762976,30.634432
2.782916,30.634432
2.803000,30.634432
2.823361,30.634432
2.842870,30.634432
2.863064,30.634432
2.882887,30.634432
2.902909,30.634432
2.922987,30.634432
2.943973,30.634432
2.962963,30.634432
2.982789,30.634432
3.002766,30.634432
3.023744,30.634432
3.043863,30.634432
3.063655,30.634432
3.083753,30.634432
3.103616,30.634432
3.123730,30.634432
3.143718,30.634432
3.163738,30.634432
3.183578,30.634432
3.203650,30.634432
3.223634,30.634432
3.243795,30.634432
3.263633,30.634432
3.283530,30.634432
3.303441,30.634432
3.323408,30.634432
3.343525,30.634432
3.363403,30.634432
3.383474,30.634432
3.403457,30.634432
3.423379,30.634432
3.443435,30.634432
3.463492,30.634432
3.483441,30.634432
3.503333,30.634432
3.523377,30.634432
3.543404,30.634432
3.563388,30.634432
3.583234,30.634432
3.603649,30.634432
3.623195,30.634432
3.643283,30.634432
3.663115,30.634432
3.683208,30.634432
3.703271,30.634432
3.723199,30.634432
3.743354,30.634432
3.763068,30.634432
3.783400,30.634432
3.803178,30.634432
3.823366,30.634432
3.843905,30.634432
3.863765,30.634432
3.882926,30.634432
3.902931,30.634432
3.923021,30.634432
3.942824,30.634432
3.962935,30.634432
3.982845,30.634432
4.002842,30.634432
4.022752,30.634432
4.042765,30.634432
4.063927,30.634432
4.083900,30.634432
4.103828,30.634431
4.123657,30.634431
4.143701,30.634431
4.163595,30.634431
4.183694,30.634431
4.203740,30.634431
4.223763,30.634431
4.243572,30.634431
4.263500,30.634431
4.283533,30.634431
4.303690,30.634431
4.323494,30.634430
4.344176,30.634430
4.363619,30.634430
4.383380,30.634430
4.403620,30.634430
4.423796,30.634430
4.443373,30.634430
4.463576,30.634430
4.483426,30.634430
4.503330,30.634430
4.523355,30.634429
4.543380,30.634429
4.563300,30.634429
4.583206,30.634429
4.603462,30.634429
4.624066,30.634429
4.643284,30.634429
4.663174,30.634429
4.683096,30.634428
4.703143,30.634428
4.723472,30.634428
4.743088,30.634428
4.763088,30.634428
4.783361,30.634428
4.803112,30.634428
4.823075,30.634428
4.843017,30.634427
4.863038,30.634427
4.882976,30.634427
4.903072,30.634427
4.922944,30.634427
4.942961,30.634427
4.963027,30.634426
4.983094,30.634426
5.002879,30.634426
5.023993,30.634426
5.042758,30.634426
5.062862,30.634426
5.083787,30.634425
5.103940,30.634425
5.123683,30.634425
5.143705,30.634425
5.163697,30.634425
5.183618,30.634425
5.203809,30.634424
5.223816,30.634424
5.243679,30.634424
5.263714,30.634424
5.283568,30.634424
5.303756,30.634423
5.323568,30.634423
5.343632,30.634423
5.363605,30.634423
5.383652,30.634423
5.403527,30.634422
5.423493,30.634422
5.443423,30.634422
5.463487,30.634422
5.483408,30.634422
5.503314,30.634421
5.523397,30.634421
5.543371,30.634421
5.563396,30.634421
5.583495,30.634421
5.603286,30.634420
5.623255,30.634420
5.643220,30.634420
5.663174,30.634420
5.683273,30.634419
5.703328,30.634419
5.723161,30.634419
5.743684,30.634419
5.763095,30.634418
5.783231,30.634418
5.803090,30.634418
5.823090,30.634418
5.843317,30.634418
5.863076,30.634417
5.883188,30.634417
5.902974,30.634417
5.922988,30.634417
5.943094,30.634416
5.963040,30.634416
5.982964,30.634416
6.002969,30.634416
6.022924,30.634415
6.042959,30.634415
6.062845,30.634415
6.082802,30.634415
6.103945,30.634414
6.122780,30.634414
6.142926,30.634414
6.162834,30.634413
6.183759,30.634413
6.203787,30.634413
6.223868,30.634413
6.243693,30.634412
6.263755,30.634412
6.283828,30.634412
6.304280,30.634412
6.323712,30.634411
6.343765,30.634411
6.363773,30.634411
6.383599,30.634411
6.403549,30.634410
6.423562,30.634410
6.443600,30.634410
6.463578,30.634409
6.483501,30.634409
6.503848,30.634409
6.523909,30.634409
6.543370,30.634408
6.563396,30.634408
6.583448,30.634408
6.603384,30.634407
6.623460,30.634407
6.643656,30.634407
6.663388,30.634407
6.683276,30.634406
6.703498,30.634406
6.723461,30.634406
6.743291,30.634405
6.763377,30.634405
6.783383,30.634405
6.803252,30.634405
6.823247,30.634404
6.843196,30.634404
6.863446,30.634404
6.883250,30.634403
6.903058,30.634403
6.923113,30.634403
6.943281,30.634402
6.963331,30.634402
6.983131,30.634402
7.003169,30.634401
7.023175,30.634401
7.043187,30.634401
7.063154,30.634400
7.082909,30.634400
7.103309,30.634400
7.122903,30.634399
7.142878,30.634399
7.162970,30.634399
7.182792,30.634398
7.202863,30.634398
7.223799,30.634398
7.242709,30.634397
7.262958,30.634397
7.283822,30.634397
7.304122,30.634396
7.323957,30.634396
7.343731,30.634396
7.363718,30.634396
7.383735,30.634395
7.403754,30.634395
7.423979,30.634395
7.444083,30.634394
7.463595,30.634394
7.483658,30.634394
7.503749,30.634393
7.524193,30.634393
7.543759,30.634392
7.563460,30.634392
7.583658,30.634392
7.603493,30.634391
7.623655,30.634391
7.643400,30.634391
7.663509,30.634390
7.683572,30.634390
7.703444,30.634390
7.723391,30.634389
7.743417,30.634389
7.763366,30.634389
7.783441,30.634388
7.803330,30.634388
7.823196,30.634387
7.843145,30.634387
7.863371,30.634387
7.883160,30.634386
7.903143,30.634386
7.923208,30.634386
7.943230,30.634385
7.963094,30.634385
7.983107,30.634385
8.003104,30.634384
8.023038,30.634384
8.043066,30.634383
8.062995,30.634383
8.083148,30.634383
8.102936,30.634382
8.122980,30.634382
8.142968,30.634381
8.162827,30.634381
8.183808,30.634381
8.203151,30.634380
8.222873,30.634380
8.243761,30.634379
8.263849,30.634379
8.283826,30.634379
8.303697,30.634378
8.323870,30.634377
8.343784,30.634377
8.363643,30.634377
8.383626,30.634376
8.403652,30.634376
8.423708,30.634375
8.443566,30.634375
8.463505,30.634375
8.483593,30.634374
8.503541,30.634374
8.523767,30.634373
8.543514,30.634373
8.563441,30.634372
8.583517,30.634372
8.603391,30.634371
8.623549,30.634371
8.643443,30.634371
8.663400,30.634370
8.683424,30.634370
8.703260,30.634369
8.723461,30.634369
8.743400,30.634368
8.763370,30.634368
8.784024,30.634368
8.803382,30.634367
8.823317,30.634367
8.843319,30.634366
8.863130,30.634366
8.883301,30.634365
8.903389,30.634365
8.923250,30.634365
8.943666,30.634364
8.963091,30.634364
8.983208,30.634363
9.003062,30.634363
9.023136,30.634362
9.043600,30.634362
9.063150,30.634362
9.082932,30.634361
9.103014,30.634361
9.123136,30.634361
9.143445,30.634360
9.162895,30.634360
9.182883,30.634359
9.204032,30.634359
9.222930,30.634358
9.244028,30.634358
9.263766,30.634357
9.283769,30.634357
9.303826,30.634357
9.323780,30.634356
9.343610,30.634356
9.363628,30.634355
9.383718,30.634355
9.403617,30.634354
9.423652,30.634354
9.443671,30.634354
9.463640,30.634353
9.483567,30.634353
9.503588,30.634352
9.523590,30.634352
9.543605,30.634351
9.563492,30.634351
9.583447,30.634350
9.603479,30.634350
9.623406,30.634350
9.643404,30.634349
9.663509,30.634349
9.683339,30.634348
9.703398,30.634348
9.723312,30.634347
9.743320,30.634347
9.763330,30.634346
9.783302,30.634346
9.803292,30.634346
9.823407,30.634345
9.843336,30.634345
9.863327,30.634344
9.883294,30.634344
9.903371,30.634343
9.923231,30.634343
9.943154,30.634342
9.963172,30.634342
9.983201,30.634342
10.003285,30.634341
10.023181,30.634341
10.043098,30.634340
10.063075,30.634340
10.083082,30.634339
10.103194,30.634339
10.123020,30.634338
10.142952,30.634338
10.162991,30.634338
10.183160,30.634337
10.202953,30.634337
10.223879,30.634336
10.242780,30.634336
10.263905,30.634335
10.284508,30.634335
10.303904,30.634334
10.323771,30.634334
10.343800,30.634333
10.363812,30.634333
10.383703,30.634333
