0.144297,0.000000
0.177788,0.000000
0.211288,0.000000
0.244695,0.000000
0.277847,0.000000
0.311117,0.000000
0.344525,0.000000
0.377772,0.000000
0.411153,0.000000
0.444504,0.000000
0.477772,0.000000
0.511088,0.000000
0.544557,0.000000
0.577821,0.000000
0.611138,0.000000
0.644541,0.000000
0.677808,0.000000
0.711074,0.000000
0.744462,0.000000
0.777674,0.000000
0.811040,0.000000
0.844470,0.000000
0.877777,0.000000
0.911052,0.000000
0.944499,0.000000
0.977630,0.000000
1.011004,0.000000
1.044366,0.000000
1.077733,0.000000
1.111456,0.000000
1.144577,0.000000
1.177758,0.000000
1.210967,0.000000
1.244490,0.000000
1.277840,0.000000
1.311113,0.000000
1.344347,0.000000
1.377811,0.000000
1.411010,0.000000
1.444515,0.000000
1.477820,0.000000
1.511155,0.000000
1.544468,0.000000
1.577745,0.000000
1.611080,0.000000
1.644455,0.000000
1.677796,0.000000
1.711064,0.000000
1.744431,0.000000
1.777820,0.000000
1.811039,0.000000
1.844515,0.000000
1.877844,0.000000
1.911085,0.000000
1.944500,0.000000
1.977699,0.000000
2.011021,0.000000
2.044433,0.000000
2.077693,0.000000
2.111013,0.000000
2.144445,0.000000
2.177747,0.000000
2.211015,0.000000
2.244394,0.000000
2.277848,0.000000
2.311559,0.000000
2.344446,0.000000
2.377756,0.000000
2.411135,0.000000
2.444556,0.000000
2.477733,0.000000
2.511162,0.000000
2.544485,0.000000
5.028908,3.000000
5.062254,3.000000
5.095543,3.000000
5.128775,3.000000
5.162107,3.000000
5.195421,3.000000
5.228800,3.000000
5.262118,3.000000
5.295402,3.000000
5.328814,3.000000
5.362177,3.000000
5.395465,3.000000
5.428854,3.000000
5.462120,3.000000
5.495571,3.000000
5.528761,3.000000
5.562140,3.000000
5.595502,3.000000
5.628821,3.000000
5.662277,3.000000
5.695438,3.000000
5.729575,3.000000
5.762564,3.000000
5.795988,3.000000
5.828797,3.000000
5.862242,3.000000
5.895457,3.000000
5.928799,3.000000
5.962061,3.000000
5.995527,3.000000
6.028779,3.000000
6.062088,3.000000
6.095429,3.000000
6.128730,3.000000
6.162195,3.000000
6.195421,3.000000
6.228829,3.000000
6.262037,3.000000
6.295527,3.000000
6.328830,3.000000
6.362200,3.000000
6.395555,3.000000
6.428827,3.000000
6.462174,3.000000
6.495524,3.000000
6.528873,3.000000
6.562164,3.000000
6.595411,3.000000
6.628751,3.000000
6.662274,3.000000
6.695478,3.000000
6.728777,3.000000
6.762171,3.000000
6.795592,3.000000
6.828886,3.000000
6.862124,3.000000
6.895584,3.000000
6.928835,3.000000
6.962215,3.000000
6.995481,3.000000
7.028841,3.000000
7.062243,3.000000
7.095574,3.000000
7.128815,3.000000
7.162138,3.000000
7.195544,3.000000
7.228784,3.000000
7.262156,3.000000
7.295569,3.000000
7.328788,3.000000
7.362248,3.000000
7.395533,3.000000
7.428829,3.000000
7.462164,3.000000
7.495506,3.000000
7.528741,3.000000
7.562100,3.000000
7.595445,3.000000
7.628884,3.000000
7.662133,3.000000
7.695472,3.000000
7.728826,3.000000
7.762394,3.000000
7.795518,3.000000
7.828849,3.000000
7.862591,3.000000
7.895877,3.000000
7.928794,3.000000
7.962178,3.000000
7.995448,3.000000
8.028826,3.000000
8.062104,3.000000
8.095524,3.000000
8.128858,3.000000
8.162230,3.000000
8.195434,3.000000
8.228958,3.000000
8.262164,3.000000
8.295558,3.000000
8.328744,3.000000
8.362091,3.000000
8.395388,3.000000
8.428962,3.000000
8.462172,3.000000
8.495459,3.000000
8.528842,3.000000
8.562289,3.000000
8.595701,3.000000
16.249648,6.000000
16.283096,6.000000
16.316334,6.000000
16.349673,6.000000
16.382996,6.000000
16.416271,6.000000
16.449603,6.000000
16.482939,6.000000
16.516383,6.000000
16.549605,6.000000
16.583165,6.000000
16.616280,6.000000
16.649706,6.000000
16.682910,6.000000
16.716281,6.000000
16.749754,6.000000
16.783023,6.000000
16.816333,6.000000
16.849545,6.000000
16.882929,6.000000
16.916215,6.000000
16.949598,6.000000
16.982878,6.000000
17.016283,6.000000
17.049662,6.000000
17.083007,6.000000
17.116244,6.000000
17.149689,6.000000
17.182920,6.000000
17.216245,6.000000
17.249673,6.000000
17.283056,6.000000
17.316274,6.000000
17.349612,6.000000
17.383048,6.000000
17.416378,6.000000
17.449706,6.000000
17.482940,6.000000
17.516262,6.000000
17.549625,6.000000
17.583031,6.000000
17.616328,6.000000
17.649687,6.000000
17.683099,6.000000
17.716364,6.000000
17.749682,6.000000
17.783001,6.000000
17.816254,6.000000
17.849688,6.000000
17.882921,6.000000
17.916253,6.000000
17.949692,6.000000
17.982911,6.000000
18.016257,6.000000
18.049795,6.000000
18.082947,6.000000
18.116279,6.000000
18.149694,6.000000
18.183203,6.000000
18.216308,6.000000
18.249697,6.000000
18.283108,6.000000
18.316308,6.000000
18.349706,6.000000
18.383101,6.000000
18.416419,6.000000
18.449826,6.000000
18.482921,6.000000
18.516295,6.000000
18.549748,6.000000
18.582976,6.000000
18.616394,6.000000
18.649744,6.000000
18.682961,6.000000
18.716269,6.000000
18.749712,6.000000
18.783391,6.000000
18.816271,6.000000
18.849582,6.000000
18.882921,6.000000
18.916303,6.000000
18.949563,6.000000
18.983147,6.000000
19.016334,6.000000
19.049717,6.000000
19.083108,6.000000
19.116263,6.000000
19.149585,6.000000
19.183005,6.000000
19.216280,6.000000
19.249672,6.000000
19.283135,6.000000
19.316306,6.000000
19.349624,6.000000
19.383007,6.000000
19.416411,6.000000
19.449709,6.000000
19.483179,6.000000
19.516280,6.000000
19.549747,6.000000
19.582989,6.000000
19.616275,6.000000
19.649634,6.000000
19.683090,6.000000
19.716285,6.000000
19.749762,6.000000
19.783092,6.000000
19.816456,6.000000
19.849831,6.000000
19.883078,6.000000
19.916362,6.000000
19.949807,6.000000
19.983054,6.000000
20.016324,6.000000
20.049783,6.000000
20.083062,6.000000
20.116288,6.000000
20.149744,6.000000
20.182998,6.000000
20.216357,6.000000
20.249656,6.000000
20.283105,6.000000
20.316287,6.000000
20.349739,6.000000
20.382990,6.000000
20.416389,6.000000
20.450182,6.000000
20.483021,6.000000
20.516322,6.000000
20.549601,6.000000
20.583097,6.000000
20.616282,6.000000
20.649640,6.000000
20.682978,6.000000
20.716283,6.000000
20.749741,6.000000
20.783040,6.000000
20.816253,6.000000
20.849741,6.000000
20.883058,6.000000
20.916214,6.000000
20.949664,6.000000
20.982959,6.000000
21.016245,6.000000
21.049644,6.000000
21.083075,6.000000
21.117030,6.000000
21.149879,6.000000
21.183049,6.000000
21.216379,6.000000
21.249745,6.000000
21.283072,6.000000
21.316425,6.000000
21.349713,6.000000
21.383066,6.000000
21.416331,6.000000
21.449867,6.000000
21.483166,6.000000
21.516459,6.000000
21.549799,6.000000
21.583044,6.000000
21.616453,6.000000
21.649889,6.000000
21.683135,6.000000
21.716473,6.000000
21.749713,6.000000
21.783005,6.000000
21.816355,6.000000
21.849738,6.000000
21.883107,6.000000
21.916301,6.000000
21.949790,6.000000
21.983119,6.000000
22.016383,6.000000
22.049660,6.000000
22.083153,6.000000
22.116298,6.000000
22.149781,6.000000
22.183027,6.000000
22.216319,6.000000
22.249749,6.000000
22.283062,6.000000
22.316297,6.000000
22.349791,6.000000
22.383098,6.000000
22.416342,6.000000
22.449742,6.000000
22.483081,6.000000
22.516396,6.000000
22.549769,6.000000
22.583109,6.000000
22.616319,6.000000
27.059723,0.000000
27.093060,0.000000
27.126714,0.000000
27.159722,0.000000
27.193004,0.000000
27.226367,0.000000
27.259769,0.000000
27.293177,0.000000
27.326503,0.000000
27.359696,0.000000
27.393070,0.000000
27.426423,0.000000
27.459735,0.000000
27.493031,0.000000
27.526443,0.000000
27.559669,0.000000
27.593122,0.000000
27.626442,0.000000
27.659701,0.000000
27.693186,0.000000
27.726418,0.000000
27.759767,0.000000
27.793238,0.000000
27.826421,0.000000
27.859794,0.000000
27.893171,0.000000
27.926512,0.000000
27.959840,0.000000
27.993034,0.000000
28.026528,0.000000
28.059869,0.000000
28.093127,0.000000
28.126456,0.000000
28.159773,0.000000
28.193197,0.000000
28.226356,0.000000
28.259931,0.000000
28.293107,0.000000
28.326440,0.000000
28.359748,0.000000
28.393175,0.000000
28.426409,0.000000
28.459785,0.000000
28.493166,0.000000
28.526553,0.000000
28.559809,0.000000
28.593136,0.000000
28.626518,0.000000
28.659748,0.000000
28.693094,0.000000
28.726501,0.000000
28.759854,0.000000
28.793055,0.000000
28.827199,0.000000
28.859706,0.000000
28.893261,0.000000
28.926533,0.000000
28.959760,0.000000
28.993314,0.000000
29.026532,0.000000
29.059841,0.000000
29.093069,0.000000
29.126478,0.000000
29.159701,0.000000
29.192988,0.000000
29.226450,0.000000
29.259697,0.000000
29.293184,0.000000
29.326344,0.000000
29.359737,0.000000
29.393021,0.000000
29.426428,0.000000
29.459728,0.000000
29.493136,0.000000
29.526446,0.000000
29.559646,0.000000
29.593011,0.000000
29.626945,0.000000
29.659905,0.000000
29.693086,0.000000
29.726360,0.000000
29.759731,0.000000
29.793000,0.000000
29.826378,0.000000
29.859809,0.000000
29.893448,0.000000
29.926808,0.000000
29.959753,0.000000
29.993124,0.000000
30.026403,0.000000
30.059857,0.000000
30.093041,0.000000
30.126545,0.000000
30.159762,0.000000
30.193020,0.000000
30.226446,0.000000
30.260234,0.000000
30.293097,0.000000
30.326649,0.000000
30.359846,0.000000
30.393122,0.000000
30.426793,0.000000
30.459698,0.000000
30.492950,0.000000
30.526456,0.000000
30.559797,0.000000
30.593091,0.000000
30.626435,0.000000
30.659725,0.000000
30.693084,0.000000
30.726354,0.000000
30.759679,0.000000
30.793012,0.000000
30.826467,0.000000
30.859764,0.000000
30.893106,0.000000
30.926897,0.000000
30.960083,0.000000
30.993083,0.000000
31.026625,0.000000
31.059823,0.000000
31.093060,0.000000
31.126505,0.000000
31.159794,0.000000
31.193106,0.000000
31.226491,0.000000
31.259766,0.000000
31.292993,0.000000
31.326356,0.000000
31.359862,0.000000
31.393078,0.000000
31.426433,0.000000
31.459714,0.000000
31.493168,0.000000
31.526455,0.000000
31.559742,0.000000
31.593134,0.000000
31.626442,0.000000
31.659817,0.000000
31.693069,0.000000
31.726297,0.000000
31.759716,0.000000
31.793166,0.000000
31.826495,0.000000
31.859851,0.000000
31.893271,0.000000
31.927063,0.000000
31.959934,0.000000
31.993216,0.000000
32.026643,0.000000
32.059806,0.000000
32.093129,0.000000
32.126666,0.000000
32.159822,0.000000
32.192980,0.000000
32.226909,0.000000
32.260206,0.000000
32.293000,0.000000
32.326378,0.000000
32.359772,0.000000
32.392962,0.000000
32.426289,0.000000
32.459682,0.000000
32.492984,0.000000
32.526491,0.000000
32.559852,0.000000
32.592969,0.000000
32.626431,0.000000
32.659619,0.000000
32.692957,0.000000
32.726667,0.000000
32.759929,0.000000
32.793218,0.000000
32.826679,0.000000
32.859877,0.000000
32.893135,0.000000
32.926562,0.000000
32.959817,0.000000
32.993091,0.000000
33.026479,0.000000
33.059681,0.000000
33.093165,0.000000
33.126540,0.000000
33.159882,0.000000
33.193034,0.000000
33.226419,0.000000
33.259701,0.000000
33.293055,0.000000
33.326408,0.000000
33.359668,0.000000
33.392965,0.000000
33.426413,0.000000
33.459902,0.000000
33.493229,0.000000
33.526533,0.000000
33.559728,0.000000
33.593085,0.000000
33.626536,0.000000
33.659852,0.000000
33.693200,0.000000
33.726751,0.000000
33.759866,0.000000
33.793069,0.000000
33.826621,0.000000
33.859823,0.000000
33.892949,0.000000
33.926381,0.000000
33.959852,0.000000
33.993082,0.000000
34.026431,0.000000
34.059769,0.000000
34.093124,0.000000
34.126499,0.000000
34.159765,0.000000
34.193080,0.000000
34.226387,0.000000
34.259732,0.000000
34.293298,0.000000
34.326465,0.000000
34.359829,0.000000
34.393165,0.000000
34.426430,0.000000
34.460114,0.000000
34.493203,0.000000
34.526883,0.000000
34.559918,0.000000
34.593653,0.000000
34.626547,0.000000
34.659835,0.000000
34.693135,0.000000
34.726614,0.000000
34.759800,0.000000
34.793186,0.000000
34.826522,0.000000
34.859886,0.000000
34.893192,0.000000
34.926565,0.000000
34.959950,0.000000
34.993087,0.000000
35.026862,0.000000
35.059854,0.000000
35.093241,0.000000
35.126564,0.000000
35.159872,0.000000
35.193182,0.000000
35.226817,0.000000
35.259901,0.000000
35.293089,0.000000
35.326624,0.000000
35.359823,0.000000
35.393106,0.000000
35.426562,0.000000
35.459873,0.000000
35.493108,0.000000
35.526699,0.000000
35.559802,0.000000
35.593095,0.000000
35.626647,0.000000
35.659828,0.000000
35.693149,0.000000
35.726578,0.000000
35.759882,0.000000
35.793138,0.000000
35.826334,0.000000
35.859662,0.000000
35.893017,0.000000
35.926534,0.000000
35.959968,0.000000
35.993199,0.000000
36.026554,0.000000
36.060020,0.000000
36.093087,0.000000
36.126456,0.000000
36.159752,0.000000
36.193009,0.000000
36.226389,0.000000
36.259768,0.000000
36.293504,0.000000
36.326929,0.000000
36.359723,0.000000
36.393125,0.000000
36.426354,0.000000
36.459749,0.000000
36.493130,0.000000
36.526685,0.000000
36.559839,0.000000
36.593012,0.000000
36.626788,0.000000
36.659860,0.000000
36.693502,0.000000
36.727951,0.000000
36.759859,0.000000
36.793007,0.000000
36.826384,0.000000
36.859654,0.000000
36.892975,0.000000
36.926417,0.000000
36.959640,0.000000
36.993235,0.000000
37.026640,0.000000
37.059886,0.000000
37.093166,0.000000
37.126610,0.000000
37.159911,0.000000
37.193233,0.000000
37.226861,0.000000
37.259702,0.000000
37.293098,0.000000
37.326561,0.000000
37.359686,0.000000
37.393014,0.000000
37.426357,0.000000
37.459859,0.000000
37.493071,0.000000
37.526519,0.000000
37.559841,0.000000
37.593188,0.000000
37.626510,0.000000
37.659849,0.000000
37.693220,0.000000
37.726446,0.000000
37.759830,0.000000
