0.127313,-96.480640
0.147394,-96.480640
0.167318,-96.480640
0.187432,-96.480640
0.207554,-96.480640
0.227452,-96.480640
0.247521,-96.480640
0.267546,-96.480640
0.287466,-96.480640
0.307762,-96.480640
0.327430,-96.480640
0.347434,-96.480641
0.367595,-96.480641
0.387354,-96.480641
0.407357,-96.480641
0.427349,-96.480641
0.447520,-96.480641
0.467375,-96.480641
0.487530,-96.480641
0.507584,-96.480641
0.528252,-96.480641
0.548267,-96.480641
0.568486,-96.480641
0.588318,-96.480641
0.608189,-96.480641
0.628236,-96.480641
0.648183,-96.480641
0.668156,-96.480641
0.688486,-96.480641
0.708508,-96.480641
0.728258,-96.480642
0.748309,-96.480642
0.767933,-96.480642
0.787923,-96.480642
0.807971,-96.480642
0.827935,-96.480642
0.847945,-96.480642
0.867820,-96.480642
0.887814,-96.480642
0.907812,-96.480642
0.927777,-96.480642
0.947763,-96.480642
0.968042,-96.480642
0.987747,-96.480642
1.007951,-96.480642
1.027784,-96.480642
1.047668,-96.480642
1.067766,-96.480642
1.087739,-96.480642
1.108192,-96.480642
1.128434,-96.480642
1.147890,-96.480642
1.167712,-96.480642
1.187550,-96.480642
1.207692,-96.480642
1.227731,-96.480642
1.247730,-96.480642
1.267624,-96.480642
1.287629,-96.480643
1.307751,-96.480643
1.327721,-96.480643
1.347848,-96.480643
1.367722,-96.480643
1.387544,-96.480643
1.407708,-96.480643
1.427546,-96.480643
1.447580,-96.480643
1.467552,-96.480643
1.487935,-96.480643
1.507724,-96.480643
1.527630,-96.480643
1.547526,-96.480643
1.567424,-96.480643
1.587545,-96.480643
1.607583,-96.480643
1.627408,-96.480643
1.647449,-96.480643
1.667412,-96.480643
1.687389,-96.480643
1.707290,-96.480643
1.727466,-96.480643
1.747596,-96.480643
1.767658,-96.480643
1.787382,-96.480643
1.807275,-96.480643
1.827410,-96.480643
1.847305,-96.480643
1.867242,-96.480643
1.887384,-96.480643
1.907386,-96.480643
1.927352,-96.480643
1.947302,-96.480643
1.967332,-96.480643
1.987180,-96.480643
2.007254,-96.480643
2.027301,-96.480643
2.048290,-96.480643
2.067083,-96.480643
2.087231,-96.480643
2.107253,-96.480643
2.128234,-96.480643
2.148071,-96.480643
2.168221,-96.480643
2.188037,-96.480643
2.208002,-96.480643
2.228184,-96.480643
2.248012,-96.480643
2.268155,-96.480643
2.288239,-96.480643
2.308589,-96.480643
2.328716,-96.480643
2.348384,-96.480643
2.368104,-96.480643
2.388127,-96.480643
2.408082,-96.480643
2.428030,-96.480643
2.448079,-96.480643
2.467972,-96.480643
2.488098,-96.480643
2.507955,-96.480643
2.527939,-96.480643
2.547905,-96.480643
2.567881,-96.480643
2.588015,-96.480643
2.608031,-96.480643
2.627893,-96.480643
2.648354,-96.480643
2.667738,-96.480643
2.687871,-96.480643
2.707880,-96.480643
2.727600,-96.480643
2.747507,-96.480643
2.767505,-96.480643
2.787648,-96.480643
2.807617,-96.480643
2.827745,-96.480643
2.847610,-96.480643
2.867538,-96.480643
2.887621,-96.480643
2.907635,-96.480643
2.927715,-96.480643
2.947761,-96.480643
2.967680,-96.480643
2.987787,-96.480643
3.007580,-96.480643
3.027888,-96.480643
3.047593,-96.480643
3.067532,-96.480643
3.087697,-96.480643
3.107549,-96.480643
3.127529,-96.480643
3.147521,-96.480643
3.167639,-96.480643
3.187463,-96.480643
3.207374,-96.480643
3.227425,-96.480643
3.247570,-96.480643
3.267764,-96.480643
3.287494,-96.480643
3.307400,-96.480643
3.327530,-96.480643
3.347546,-96.480643
3.367503,-96.480643
3.387578,-96.480643
3.407284,-96.480643
3.427386,-96.480643
3.447349,-96.480643
3.467160,-96.480643
3.487416,-96.480643
3.507319,-96.480643
3.527375,-96.480643
3.547277,-96.480643
3.567475,-96.480643
3.587303,-96.480643
3.607539,-96.480643
3.627301,-96.480643
3.647275,-96.480643
3.667331,-96.480643
3.687197,-96.480643
3.707564,-96.480643
3.727152,-96.480643
3.748325,-96.480643
3.767527,-96.480643
3.787177,-96.480643
3.807266,-96.480643
3.828183,-96.480643
3.848312,-96.480643
3.868377,-96.480643
3.888223,-96.480643
3.908184,-96.480643
3.928173,-96.480643
3.948031,-96.480643
3.968265,-96.480643
3.988014,-96.480643
4.008243,-96.480643
4.028212,-96.480643
4.048273,-96.480643
4.068026,-96.480643
4.088333,-96.480643
4.108087,-96.480643
4.128228,-96.480643
4.147930,-96.480643
4.168177,-96.480643
4.188035,-96.480643
4.208078,-96.480643
4.227954,-96.480643
4.248045,-96.480643
4.267844,-96.480643
4.288521,-96.480643
4.307932,-96.480643
4.327880,-96.480643
4.347842,-96.480643
4.367859,-96.480643
4.387756,-96.480643
4.407742,-96.480643
4.427856,-96.480643
4.447868,-96.480643
4.467841,-96.480643
4.487434,-96.480643
4.507473,-96.480643
4.527737,-96.480643
4.547428,-96.480643
4.567515,-96.480643
4.587523,-96.480643
4.607476,-96.480643
4.627457,-96.480643
4.647519,-96.480643
4.667701,-96.480643
4.687430,-96.480643
4.707414,-96.480643
4.727492,-96.480643
4.747272,-96.480643
4.767292,-96.480643
4.787344,-96.480643
4.807519,-96.480643
4.827589,-96.480643
4.847901,-96.480643
4.867532,-96.480643
4.887498,-96.480643
4.907525,-96.480643
4.927606,-96.480643
4.947523,-96.480643
4.967885,-96.480643
4.987565,-96.480643
5.007538,-96.480643
5.027402,-96.480643
5.047537,-96.480643
5.067297,-96.480643
5.087730,-96.480643
5.107501,-96.480643
5.127372,-96.480643
5.147320,-96.480643
5.167181,-96.480643
5.187209,-96.480643
5.207177,-96.480643
5.227125,-96.480643
5.248110,-96.480643
5.267038,-96.480643
5.286973,-96.480643
5.307095,-96.480643
5.327125,-96.480643
5.348018,-96.480643
5.367394,-96.480643
5.387083,-96.480643
5.407422,-96.480643
5.428041,-96.480643
5.448110,-96.480643
5.468114,-96.480643
5.488126,-96.480644
5.508103,-96.480644
5.528269,-96.480644
5.548168,-96.480644
5.568274,-96.480644
5.587902,-96.480644
5.608002,-96.480644
5.627916,-96.480644
5.647930,-96.480644
5.667945,-96.480644
5.687974,-96.480645
5.707952,-96.480645
5.728435,-96.480645
5.748652,-96.480645
5.767824,-96.480645
5.787877,-96.480645
5.807969,-96.480646
5.827752,-96.480646
5.847792,-96.480646
5.867664,-96.480646
5.888006,-96.480646
5.907890,-96.480646
5.928066,-96.480647
5.947666,-96.480647
5.967789,-96.480647
5.987605,-96.480647
6.008029,-96.480648
6.027819,-96.480648
6.047806,-96.480648
6.067801,-96.480648
6.087703,-96.480648
6.107756,-96.480649
6.127977,-96.480649
6.147582,-96.480649
6.167779,-96.480650
6.187585,-96.480650
6.207521,-96.480650
6.227590,-96.480651
6.247545,-96.480651
6.267642,-96.480651
6.287594,-96.480652
6.307486,-96.480652
6.327589,-96.480652
6.347499,-96.480653
6.367572,-96.480653
6.387477,-96.480653
6.407597,-96.480654
6.427515,-96.480654
6.447579,-96.480654
6.467363,-96.480655
6.487391,-96.480655
6.507345,-96.480656
6.527498,-96.480656
6.547496,-96.480656
6.567365,-96.480657
6.587457,-96.480657
6.607289,-96.480658
6.627351,-96.480658
6.647254,-96.480658
6.667397,-96.480659
6.687325,-96.480659
6.707306,-96.480659
6.727273,-96.480660
6.747379,-96.480660
6.767340,-96.480661
6.787794,-96.480661
6.807391,-96.480661
6.827291,-96.480662
6.847250,-96.480662
6.867501,-96.480663
6.887300,-96.480663
6.907066,-96.480664
6.927154,-96.480664
6.947266,-96.480664
6.967206,-96.480665
6.987247,-96.480665
7.007343,-96.480666
7.027328,-96.480666
7.047170,-96.480666
7.067000,-96.480667
7.087241,-96.480667
7.107091,-96.480668
7.126984,-96.480668
7.148091,-96.480668
7.167113,-96.480669
7.187037,-96.480669
7.207159,-96.480670
7.228060,-96.480670
7.247987,-96.480671
7.267905,-96.480671
7.288052,-96.480672
7.307989,-96.480672
7.327890,-96.480672
7.348141,-96.480673
7.367875,-96.480673
7.387796,-96.480674
7.407882,-96.480674
7.427920,-96.480675
7.447833,-96.480675
7.467752,-96.480676
7.487771,-96.480676
7.508146,-96.480677
7.527842,-96.480677
7.548228,-96.480677
7.567666,-96.480678
7.587698,-96.480678
7.607607,-96.480679
7.627638,-96.480679
7.647878,-96.480680
7.667624,-96.480680
7.687638,-96.480680
7.707700,-96.480681
7.727666,-96.480681
7.747980,-96.480682
7.767585,-96.480682
7.787657,-96.480683
7.807656,-96.480683
7.827611,-96.480684
7.847535,-96.480684
7.867690,-96.480684
7.887620,-96.480685
7.907623,-96.480685
7.927474,-96.480686
7.947618,-96.480686
7.967389,-96.480687
7.987436,-96.480687
8.007432,-96.480688
8.027447,-96.480688
8.047530,-96.480688
8.067378,-96.480689
8.087642,-96.480689
8.107485,-96.480690
8.127491,-96.480690
8.147626,-96.480691
8.167286,-96.480691
8.187274,-96.480692
8.207423,-96.480692
8.227509,-96.480693
8.247391,-96.480693
8.267519,-96.480693
8.287226,-96.480694
8.307186,-96.480694
8.327173,-96.480695
8.347456,-96.480695
8.367222,-96.480696
8.387119,-96.480696
8.407191,-96.480697
8.427071,-96.480697
8.447078,-96.480697
8.467037,-96.480698
8.487043,-96.480698
8.507185,-96.480699
8.527133,-96.480699
8.547379,-96.480700
8.567158,-96.480700
8.587141,-96.480701
8.607190,-96.480701
8.627114,-96.480701
8.647375,-96.480702
8.667079,-96.480702
8.687409,-96.480703
8.707447,-96.480703
8.727475,-96.480704
8.747908,-96.480704
8.766963,-96.480705
8.786917,-96.480705
8.806896,-96.480706
8.826835,-96.480706
8.848869,-96.480706
8.866996,-96.480707
8.888011,-96.480707
8.907950,-96.480708
8.928636,-96.480708
8.948795,-96.480709
8.968573,-96.480709
8.987906,-96.480710
9.009408,-96.480710
9.028012,-96.480711
9.047854,-96.480711
9.067719,-96.480712
9.087981,-96.480712
9.107686,-96.480712
9.127682,-96.480713
9.148062,-96.480713
9.167684,-96.480714
9.187883,-96.480714
9.207715,-96.480715
9.227770,-96.480715
9.247710,-96.480716
9.267717,-96.480716
9.287561,-96.480717
9.307596,-96.480717
9.327888,-96.480717
9.347574,-96.480718
9.367600,-96.480718
9.387572,-96.480719
9.407567,-96.480719
9.427649,-96.480720
9.447618,-96.480720
9.467685,-96.480721
9.487532,-96.480721
9.507613,-96.480721
9.527489,-96.480722
9.547586,-96.480722
9.567551,-96.480723
9.587590,-96.480723
9.607661,-96.480724
9.627899,-96.480724
9.647635,-96.480725
9.667538,-96.480725
9.687637,-96.480726
9.707646,-96.480726
9.727541,-96.480726
9.747618,-96.480727
9.767554,-96.480727
9.787514,-96.480728
9.807450,-96.480728
9.827642,-96.480729
9.847446,-96.480729
9.867380,-96.480730
9.887326,-96.480730
9.907212,-96.480731
9.927338,-96.480731
9.947454,-96.480732
9.967437,-96.480732
9.987390,-96.480733
10.007157,-96.480733
10.027270,-96.480733
10.047224,-96.480734
10.067250,-96.480734
10.087148,-96.480735
10.107185,-96.480735
10.127152,-96.480736
10.147266,-96.480736
10.167123,-96.480737
10.187339,-96.480737
10.207173,-96.480737
10.227005,-96.480738
10.246990,-96.480738
10.267089,-96.480739
10.287130,-96.480739
10.307211,-96.480740
10.327225,-96.480740
10.347923,-96.480741
10.366940,-96.480741
10.386931,-96.480741
10.406982,-96.480742
10.427961,-96.480742
10.448096,-96.480743
10.467956,-96.480743
10.487964,-96.480743
10.507931,-96.480744
10.528003,-96.480744
10.548141,-96.480745
10.567867,-96.480745
10.587835,-96.480746
10.607810,-96.480746
10.628046,-96.480747
10.647843,-96.480747
10.667708,-96.480747
10.687838,-96.480748
10.707866,-96.480748
10.727967,-96.480749
10.747947,-96.480749
10.767636,-96.480750
10.787841,-96.480750
10.807749,-96.480751
10.827693,-96.480751
10.847596,-96.480752
10.867906,-96.480752
10.887558,-96.480752
10.907592,-96.480753
10.927920,-96.480753
10.947576,-96.480754
10.967562,-96.480754
10.987548,-96.480755
11.007725,-96.480755
11.027738,-96.480756
11.047670,-96.480756
11.067518,-96.480757
11.088312,-96.480757
11.107917,-96.480758
11.127738,-96.480758
11.147444,-96.480759
11.167617,-96.480759
11.187544,-96.480759
11.207480,-96.480760
11.227521,-96.480760
11.247559,-96.480761
11.267412,-96.480761
11.287659,-96.480762
11.307431,-96.480762
11.327399,-96.480763
11.347519,-96.480763
11.367571,-96.480764
11.387312,-96.480764
11.407357,-96.480764
11.427348,-96.480765
11.447597,-96.480765
11.467339,-96.480766
11.487571,-96.480766
11.507539,-96.480766
11.527597,-96.480767
11.547426,-96.480767
11.567723,-96.480768
11.587179,-96.480768
11.607067,-96.480769
11.627027,-96.480769
11.647126,-96.480769
11.666930,-96.480770
11.686933,-96.480770
11.706957,-96.480771
11.726948,-96.480771
11.746954,-96.480772
11.767401,-96.480772
11.787074,-96.480773
11.807160,-96.480773
11.827451,-96.480773
11.847144,-96.480774
11.867127,-96.480774
11.887447,-96.480775
11.907176,-96.480775
11.927194,-96.480776
11.947720,-96.480776
11.967251,-96.480776
11.987081,-96.480777
12.007102,-96.480777
12.027210,-96.480778
12.047060,-96.480778
12.066944,-96.480779
12.087358,-96.480779
12.107067,-96.480779
12.127105,-96.480780
12.147969,-96.480780
12.166893,-96.480781
12.187100,-96.480781
12.208017,-96.480782
12.227918,-96.480782
12.248277,-96.480782
12.268058,-96.480783
12.287839,-96.480783
12.308108,-96.480784
12.327919,-96.480784
12.347983,-96.480785
12.368400,-96.480785
12.387901,-96.480786
12.407806,-96.480786
12.427768,-96.480787
12.447988,-96.480787
12.467930,-96.480788
12.487867,-96.480788
12.507672,-96.480788
12.527761,-96.480789
12.547374,-96.480789
12.567519,-96.480790
12.587524,-96.480790
12.607629,-96.480791
12.627424,-96.480791
12.647387,-96.480792
12.667480,-96.480792
12.687546,-96.480793
12.707494,-96.480793
12.727580,-96.480793
12.747548,-96.480794
12.767440,-96.480794
12.787583,-96.480795
12.807591,-96.480795
12.827635,-96.480796
12.847459,-96.480796
12.867308,-96.480797
12.887313,-96.480797
12.907408,-96.480797
12.927327,-96.480798
12.947241,-96.480798
12.967304,-96.480799
12.987363,-96.480799
13.007320,-96.480800
13.027474,-96.480800
13.047412,-96.480801
13.067248,-96.480801
13.087217,-96.480802
13.107282,-96.480802
13.127286,-96.480803
13.147235,-96.480803
13.167517,-96.480804
13.187457,-96.480804
13.207283,-96.480804
13.227292,-96.480805
13.247178,-96.480805
13.267257,-96.480806
13.287329,-96.480806
13.307337,-96.480807
13.327150,-96.480807
13.347358,-96.480808
13.367278,-96.480808
13.387182,-96.480809
13.407351,-96.480809
13.427387,-96.480809
13.447209,-96.480810
13.467162,-96.480810
13.487238,-96.480811
13.507098,-96.480811
13.527005,-96.480811
13.547086,-96.480812
13.567135,-96.480812
13.586895,-96.480813
13.606944,-96.480813
13.626903,-96.480814
13.646938,-96.480814
13.666857,-96.480815
13.687106,-96.480815
13.706942,-96.480816
13.726852,-96.480816
13.746794,-96.480816
13.766922,-96.480817
13.786867,-96.480817
13.806744,-96.480818
13.826719,-96.480818
13.847836,-96.480819
13.867034,-96.480819
13.887186,-96.480820
13.907930,-96.480820
13.927818,-96.480820
13.948082,-96.480821
13.967757,-96.480821
13.987995,-96.480822
14.007783,-96.480822
14.027844,-96.480823
14.048025,-96.480823
14.067818,-96.480824
14.088065,-96.480824
14.107935,-96.480824
14.127899,-96.480825
14.147740,-96.480825
14.167882,-96.480826
14.187804,-96.480826
14.207773,-96.480827
14.227873,-96.480827
14.247430,-96.480828
14.267353,-96.480828
14.287376,-96.480828
14.307490,-96.480829
14.327721,-96.480829
14.347668,-96.480830
14.367467,-96.480830
14.387522,-96.480831
14.407496,-96.480831
14.427396,-96.480831
14.447602,-96.480832
14.467453,-96.480832
14.487415,-96.480833
14.507579,-96.480833
14.527444,-96.480833
14.547418,-96.480834
14.567362,-96.480834
14.587402,-96.480835
14.607348,-96.480835
14.627525,-96.480835
14.648152,-96.480836
14.667264,-96.480836
14.687356,-96.480837
14.707203,-96.480837
14.727255,-96.480838
14.747304,-96.480838
14.767319,-96.480839
14.787227,-96.480839
14.807136,-96.480839
14.827209,-96.480840
14.847115,-96.480840
14.867198,-96.480841
14.887183,-96.480841
14.907272,-96.480841
14.927387,-96.480842
14.947111,-96.480842
14.967181,-96.480843
14.987060,-96.480843
15.007187,-96.480844
15.027191,-96.480844
15.046944,-96.480845
15.067035,-96.480845
15.087169,-96.480845
15.107183,-96.480846
15.127013,-96.480846
15.147026,-96.480847
15.166980,-96.480847
15.186927,-96.480848
15.206905,-96.480848
15.227042,-96.480848
15.246953,-96.480849
15.266933,-96.480849
15.286880,-96.480850
15.307010,-96.480850
15.326775,-96.480851
15.346887,-96.480851
15.366614,-96.480852
15.386773,-96.480852
15.406818,-96.480852
15.426803,-96.480853
15.447863,-96.480854
15.466709,-96.480854
15.486815,-96.480854
15.506758,-96.480855
15.527785,-96.480855
15.548281,-96.480856
15.567961,-96.480856
15.587695,-96.480857
15.607658,-96.480857
15.627611,-96.480858
15.647493,-96.480858
15.667536,-96.480859
15.687663,-96.480859
15.707581,-96.480859
15.727572,-96.480860
15.747449,-96.480860
15.767386,-96.480861
15.787451,-96.480861
15.807465,-96.480862
15.827461,-96.480862
15.847409,-96.480862
15.867617,-96.480863
15.887367,-96.480863
15.907281,-96.480864
15.927590,-96.480864
15.947428,-96.480865
15.968006,-96.480865
15.988295,-96.480866
16.007481,-96.480866
16.027263,-96.480867
16.047255,-96.480867
16.067181,-96.480867
16.087311,-96.480868
16.107287,-96.480868
16.127188,-96.480869
16.147360,-96.480869
16.167308,-96.480870
16.187519,-96.480870
16.207485,-96.480871
16.227779,-96.480871
16.247342,-96.480872
16.267271,-96.480872
16.287374,-96.480873
16.307296,-96.480873
16.327247,-96.480873
16.347252,-96.480874
16.367389,-96.480874
16.387142,-96.480875
16.407083,-96.480875
16.426988,-96.480876
16.447049,-96.480876
16.466990,-96.480877
16.486970,-96.480877
16.506961,-96.480878
16.527032,-96.480878
16.547040,-96.480879
16.567136,-96.480879
16.587007,-96.480880
16.607078,-96.480880
16.627040,-96.480881
16.647115,-96.480882
16.666889,-96.480882
16.686989,-96.480883
16.706964,-96.480883
16.726829,-96.480884
16.746931,-96.480884
16.766845,-96.480885
16.786830,-96.480886
16.806934,-96.480886
16.826704,-96.480887
16.846725,-96.480887
16.866743,-96.480888
16.886795,-96.480889
16.906832,-96.480889
16.926662,-96.480890
16.946737,-96.480891
16.966670,-96.480891
16.986762,-96.480892
17.006833,-96.480893
17.026744,-96.480893
17.047653,-96.480894
17.066665,-96.480895
17.086620,-96.480895
17.106701,-96.480896
17.127670,-96.480897
17.147531,-96.480897
17.167567,-96.480898
17.187720,-96.480899
17.207502,-96.480900
17.227550,-96.480900
17.247552,-96.480901
17.267607,-96.480902
17.287499,-96.480903
17.307429,-96.480903
17.327538,-96.480904
17.347610,-96.480905
17.367607,-96.480906
17.387570,-96.480907
17.407456,-96.480907
17.427445,-96.480908
17.447444,-96.480909
17.467610,-96.480910
17.487482,-96.480911
17.507452,-96.480912
17.527295,-96.480913
17.547264,-96.480913
17.567199,-96.480914
17.587243,-96.480915
17.607286,-96.480916
17.627199,-96.480917
17.647574,-96.480918
17.667374,-96.480919
17.687321,-96.480920
17.707211,-96.480921
17.727172,-96.480921
17.747466,-96.480922
17.767156,-96.480923
17.787104,-96.480924
17.807165,-96.480925
17.827252,-96.480926
17.847286,-96.480927
17.867106,-96.480928
17.887221,-96.480929
17.907275,-96.480930
17.927122,-96.480931
17.947135,-96.480932
17.967213,-96.480932
17.987023,-96.480933
18.007021,-96.480934
18.027057,-96.480935
18.047152,-96.480936
18.067041,-96.480937
18.087002,-96.480938
18.107142,-96.480939
18.127120,-96.480940
18.147119,-96.480941
18.167055,-96.480942
18.187063,-96.480943
18.207146,-96.480944
18.227069,-96.480945
18.247139,-96.480946
18.266936,-96.480947
18.287230,-96.480947
18.306867,-96.480948
18.326873,-96.480949
18.346839,-96.480950
18.366772,-96.480951
18.386853,-96.480952
18.406936,-96.480953
18.426836,-96.480954
18.446788,-96.480955
18.466897,-96.480956
18.486756,-96.480957
18.506741,-96.480958
18.526722,-96.480959
18.547050,-96.480960
18.566936,-96.480961
18.586875,-96.480962
18.606893,-96.480963
18.626791,-96.480964
18.646968,-96.480965
18.667756,-96.480965
18.686647,-96.480966
18.707762,-96.480967
18.727660,-96.480968
18.747634,-96.480969
18.767370,-96.480970
18.787073,-96.480971
18.807580,-96.480972
18.827701,-96.480973
18.847437,-96.480974
18.867439,-96.480975
18.887522,-96.480976
18.907469,-96.480977
18.927731,-96.480978
18.947683,-96.480979
18.967392,-96.480980
18.987552,-96.480980
19.007643,-96.480981
19.027750,-96.480982
19.047680,-96.480983
19.067669,-96.480984
19.087611,-96.480985
19.107693,-96.480986
19.127347,-96.480987
19.147527,-96.480988
19.167329,-96.480989
19.187449,-96.480990
19.207595,-96.480991
19.227608,-96.480992
19.247577,-96.480992
19.267487,-96.480993
19.287449,-96.480994
19.307586,-96.480995
19.327499,-96.480996
19.347763,-96.480997
19.367392,-96.480998
19.387408,-96.480999
19.407268,-96.481000
19.427301,-96.481001
19.447463,-96.481002
19.467257,-96.481003
19.487426,-96.481003
19.507283,-96.481004
19.527257,-96.481005
19.547341,-96.481006
19.567303,-96.481007
19.587284,-96.481008
19.607219,-96.481009
19.627406,-96.481010
19.647199,-96.481011
19.667259,-96.481012
19.687201,-96.481012
19.707330,-96.481013
19.727118,-96.481014
19.747014,-96.481015
19.767099,-96.481016
19.787120,-96.481017
19.807145,-96.481018
19.827193,-96.481019
19.847115,-96.481020
19.867123,-96.481020
19.887164,-96.481021
19.907132,-96.481022
19.927258,-96.481023
19.947532,-96.481024
19.967634,-96.481025
19.987112,-96.481026
20.007083,-96.481027
20.027319,-96.481028
20.046952,-96.481029
20.066931,-96.481030
20.087139,-96.481030
20.107125,-96.481031
20.126984,-96.481032
20.146862,-96.481033
20.166839,-96.481034
20.186987,-96.481035
20.206889,-96.481036
20.227019,-96.481037
20.247069,-96.481038
20.266723,-96.481039
20.286866,-96.481039
20.306810,-96.481040
20.326818,-96.481041
20.346853,-96.481042
20.366730,-96.481043
20.386965,-96.481044
20.406713,-96.481045
20.427200,-96.481046
20.448423,-96.481047
20.466777,-96.481048
20.486724,-96.481048
20.506665,-96.481049
20.527065,-96.481050
20.547789,-96.481051
20.566511,-96.481052
20.586590,-96.481053
20.606654,-96.481054
20.627802,-96.481055
20.647464,-96.481055
20.667442,-96.481056
20.687624,-96.481057
20.707445,-96.481058
20.727439,-96.481059
20.747470,-96.481060
20.767605,-96.481061
20.787410,-96.481062
20.807369,-96.481063
20.827545,-96.481063
20.847457,-96.481064
20.867333,-96.481065
20.887604,-96.481066
20.907549,-96.481067
20.927345,-96.481068
20.947362,-96.481069
20.967357,-96.481070
20.987582,-96.481070
21.007357,-96.481071
21.027280,-96.481072
21.047464,-96.481073
21.067273,-96.481074
21.088021,-96.481075
21.107838,-96.481076
21.127807,-96.481077
21.147584,-96.481077
21.167467,-96.481078
21.187489,-96.481079
21.207508,-96.481080
21.227456,-96.481081
21.247627,-96.481082
21.267372,-96.481083
21.287434,-96.481084
21.307320,-96.481084
21.327266,-96.481085
21.347671,-96.481086
21.367324,-96.481087
21.387250,-96.481088
21.407118,-96.481089
21.427219,-96.481090
21.447186,-96.481091
21.467357,-96.481091
21.487508,-96.481092
21.507240,-96.481093
21.527108,-96.481094
21.547089,-96.481095
21.567060,-96.481096
21.587124,-96.481097
21.607199,-96.481098
21.627244,-96.481099
21.647051,-96.481100
21.667125,-96.481100
21.687078,-96.481101
21.707348,-96.481102
21.727294,-96.481103
21.747083,-96.481104
21.767107,-96.481105
21.786965,-96.481106
21.807082,-96.481107
21.827195,-96.481107
21.846962,-96.481108
21.867006,-96.481109
21.886989,-96.481110
21.907147,-96.481111
21.927071,-96.481112
21.947174,-96.481113
21.966886,-96.481114
21.987194,-96.481114
22.006809,-96.481115
22.026929,-96.481116
22.046807,-96.481117
22.066850,-96.481118
22.086869,-96.481119
22.107015,-96.481119
22.127393,-96.481120
22.146736,-96.481121
22.166806,-96.481122
22.186714,-96.481123
22.206762,-96.481124
22.226892,-96.481125
22.246647,-96.481126
22.266736,-96.481126
22.286901,-96.481127
22.306759,-96.481128
22.326789,-96.481129
22.347817,-96.481130
22.366600,-96.481131
22.387136,-96.481132
22.406618,-96.481133
22.427643,-96.481133
22.447725,-96.481134
22.466468,-96.481135
22.487887,-96.481136
22.507477,-96.481137
22.527423,-96.481138
22.547890,-96.481139
22.567628,-96.481139
22.587591,-96.481140
22.607468,-96.481141
22.627589,-96.481142
22.647728,-96.481143
22.667425,-96.481144
22.687487,-96.481145
22.707526,-96.481146
22.727565,-96.481147
22.747434,-96.481147
22.767657,-96.481148
22.787309,-96.481149
22.807144,-96.481150
22.827159,-96.481151
22.847120,-96.481152
22.867017,-96.481152
22.887139,-96.481153
22.907356,-96.481154
22.927376,-96.481155
22.947418,-96.481156
22.967330,-96.481157
22.987387,-96.481158
23.007522,-96.481158
23.027464,-96.481159
23.047255,-96.481160
23.067255,-96.481161
23.087393,-96.481162
23.107374,-96.481163
23.127373,-96.481164
23.147256,-96.481165
23.167366,-96.481165
23.187121,-96.481166
23.207302,-96.481167
23.227137,-96.481168
23.247067,-96.481169
23.267101,-96.481170
23.287237,-96.481171
23.307127,-96.481172
23.327178,-96.481173
23.347315,-96.481173
23.367053,-96.481174
23.386923,-96.481175
23.407255,-96.481176
23.427110,-96.481177
23.447003,-96.481178
23.466856,-96.481178
23.486983,-96.481179
23.506766,-96.481180
23.526755,-96.481181
23.546867,-96.481182
23.566821,-96.481183
23.586654,-96.481184
23.606755,-96.481184
23.626782,-96.481185
23.646806,-96.481186
23.666588,-96.481187
23.686879,-96.481188
23.706801,-96.481189
23.726841,-96.481190
23.746811,-96.481190
23.766662,-96.481191
23.786578,-96.481192
23.806841,-96.481193
23.826749,-96.481194
23.846636,-96.481195
23.866565,-96.481196
23.886501,-96.481197
23.906595,-96.481198
23.926621,-96.481198
23.947520,-96.481199
23.966384,-96.481200
23.986488,-96.481201
24.006471,-96.481202
24.027330,-96.481202
24.047389,-96.481203
24.066425,-96.481204
24.086357,-96.481205
24.107454,-96.481206
24.127480,-96.481207
24.147401,-96.481208
24.167844,-96.481208
24.187440,-96.481209
24.207380,-96.481210
24.227440,-96.481211
24.247316,-96.481212
24.267272,-96.481213
24.287229,-96.481213
24.307379,-96.481214
24.327277,-96.481215
24.347383,-96.481216
24.367454,-96.481217
24.387235,-96.481218
24.407220,-96.481219
24.427285,-96.481219
24.447229,-96.481220
24.467373,-96.481221
24.487215,-96.481222
24.507192,-96.481223
24.527453,-96.481224
24.547081,-96.481224
24.567214,-96.481225
24.587197,-96.481226
24.607059,-96.481227
24.627161,-96.481228
24.647075,-96.481229
24.667132,-96.481229
24.687229,-96.481230
24.707052,-96.481231
24.727048,-96.481232
24.747092,-96.481233
24.767118,-96.481234
24.787171,-96.481234
24.807093,-96.481235
24.827116,-96.481236
24.847229,-96.481237
24.866965,-96.481238
24.887006,-96.481239
24.906862,-96.481239
24.926962,-96.481240
24.946931,-96.481241
24.966916,-96.481242
24.986842,-96.481243
25.006915,-96.481244
25.026954,-96.481244
25.046899,-96.481245
25.066905,-96.481246
25.086897,-96.481247
25.107100,-96.481248
25.126758,-96.481248
25.146908,-96.481249
25.166807,-96.481250
25.186844,-96.481251
25.206821,-96.481252
25.226738,-96.481253
25.246701,-96.481253
25.266896,-96.481254
25.286724,-96.481255
25.306758,-96.481256
25.326977,-96.481257
25.346811,-96.481258
25.367009,-96.481258
25.386719,-96.481259
25.406895,-96.481260
25.426762,-96.481261
25.446802,-96.481262
25.466380,-96.481263
25.486453,-96.481264
25.506387,-96.481264
25.526415,-96.481265
25.546403,-96.481266
25.566367,-96.481267
25.587091,-96.481268
25.607403,-96.481269
25.627848,-96.481270
25.648322,-96.481270
25.667512,-96.481271
25.687706,-96.481272
25.707455,-96.481273
25.727593,-96.481274
25.747708,-96.481274
25.767365,-96.481275
25.787306,-96.481276
25.807304,-96.481277
25.827276,-96.481278
25.847616,-96.481279
25.867324,-96.481279
25.887621,-96.481280
25.907316,-96.481281
25.927372,-96.481282
25.947585,-96.481283
25.967652,-96.481284
25.987556,-96.481284
26.007277,-96.481285
26.027141,-96.481286
26.047019,-96.481287
26.067189,-96.481288
26.087265,-96.481289
26.107160,-96.481289
26.127071,-96.481290
26.147186,-96.481291
26.167015,-96.481292
26.187134,-96.481293
26.207064,-96.481294
26.226990,-96.481294
26.247012,-96.481295
26.267176,-96.481296
26.287125,-96.481297
26.306963,-96.481298
26.326937,-96.481299
26.347127,-96.481299
26.366989,-96.481300
26.387043,-96.481301
26.406939,-96.481302
26.426922,-96.481303
26.446883,-96.481303
26.466835,-96.481304
26.486997,-96.481305
26.506755,-96.481306
26.526675,-96.481307
26.546987,-96.481308
26.566648,-96.481308
26.586751,-96.481309
26.606768,-96.481310
26.626750,-96.481311
26.647025,-96.481312
26.666924,-96.481313
26.686720,-96.481313
26.706700,-96.481314
26.726575,-96.481315
26.746572,-96.481316
26.766494,-96.481317
26.786547,-96.481318
26.806585,-96.481318
26.826642,-96.481319
26.846654,-96.481320
26.866643,-96.481321
26.886579,-96.481322
26.906740,-96.481323
26.926658,-96.481323
26.946568,-96.481324
26.966458,-96.481325
26.986491,-96.481326
27.006615,-96.481327
27.026503,-96.481327
27.046482,-96.481328
27.066496,-96.481329
27.086440,-96.481330
27.106489,-96.481330
27.126541,-96.481331
27.146547,-96.481332
27.166427,-96.481333
27.186347,-96.481334
27.206528,-96.481335
27.227452,-96.481335
27.247484,-96.481336
27.267486,-96.481337
27.287509,-96.481337
27.307464,-96.481338
27.327388,-96.481339
27.347667,-96.481340
27.367710,-96.481341
27.387359,-96.481341
27.407440,-96.481342
27.427547,-96.481343
27.447278,-96.481343
27.467413,-96.481344
27.487251,-96.481345
27.507329,-96.481346
27.527397,-96.481347
27.547308,-96.481347
27.567741,-96.481348
27.587336,-96.481349
27.607254,-96.481349
27.627163,-96.481350
27.647186,-96.481351
27.667114,-96.481351
27.687207,-96.481352
27.707326,-96.481353
27.727206,-96.481354
27.747880,-96.481354
27.767222,-96.481355
27.787255,-96.481356
27.807161,-96.481356
27.827272,-96.481357
27.847224,-96.481358
27.867047,-96.481358
27.887255,-96.481359
27.907058,-96.481360
27.927237,-96.481360
27.947185,-96.481361
27.967296,-96.481362
27.987210,-96.481362
28.007055,-96.481363
28.026973,-96.481363
28.047159,-96.481364
28.066911,-96.481365
28.087066,-96.481365
28.106982,-96.481366
28.127227,-96.481367
28.146882,-96.481367
28.167092,-96.481368
28.187091,-96.481369
28.207255,-96.481369
28.226879,-96.481370
28.247014,-96.481370
28.266864,-96.481371
28.287004,-96.481372
28.307045,-96.481372
28.326972,-96.481373
28.346904,-96.481373
28.366920,-96.481374
28.386836,-96.481375
28.406883,-96.481375
28.426739,-96.481376
28.446780,-96.481376
28.466725,-96.481377
28.486848,-96.481377
28.506888,-96.481378
28.526715,-96.481379
28.546913,-96.481379
28.566777,-96.481380
28.586702,-96.481380
28.606673,-96.481381
28.626722,-96.481381
28.646791,-96.481382
28.666851,-96.481383
28.686639,-96.481383
28.706582,-96.481384
28.726569,-96.481384
28.746425,-96.481385
28.766456,-96.481385
28.786600,-96.481386
28.806400,-96.481386
28.826539,-96.481387
28.846605,-96.481387
28.866417,-96.481388
28.886455,-96.481388
28.906357,-96.481389
28.926477,-96.481390
28.947583,-96.481390
28.967356,-96.481391
28.986330,-96.481391
29.006368,-96.481391
29.027259,-96.481392
29.047627,-96.481393
29.067353,-96.481393
29.087366,-96.481394
29.107590,-96.481394
29.127292,-96.481395
29.147103,-96.481395
29.167261,-96.481396
29.187238,-96.481396
29.207108,-96.481397
29.227339,-96.481397
29.247214,-96.481398
29.267106,-96.481398
29.287043,-96.481399
29.307101,-96.481399
29.327188,-96.481399
29.347083,-96.481400
29.367141,-96.481400
29.387043,-96.481401
29.407130,-96.481401
29.426923,-96.481402
29.446994,-96.481402
29.467061,-96.481403
29.487395,-96.481403
29.507086,-96.481403
29.527363,-96.481404
29.546915,-96.481404
29.566950,-96.481405
29.587059,-96.481405
29.608000,-96.481405
29.627941,-96.481406
29.647371,-96.481406
29.666957,-96.481407
29.686913,-96.481407
29.706861,-96.481407
29.726889,-96.481408
29.746899,-96.481408
29.766802,-96.481408
29.786747,-96.481409
29.807192,-96.481409
29.826926,-96.481409
29.847057,-96.481410
29.867044,-96.481410
29.887117,-96.481410
29.907057,-96.481411
29.926942,-96.481411
29.947043,-96.481411
29.966913,-96.481412
29.986760,-96.481412
30.006604,-96.481412
30.026689,-96.481413
30.046791,-96.481413
30.066799,-96.481413
30.086879,-96.481414
30.106796,-96.481414
30.127048,-96.481414
30.146625,-96.481414
30.166720,-96.481415
30.186739,-96.481415
30.206666,-96.481415
30.226768,-96.481416
30.247482,-96.481416
30.267475,-96.481416
30.286677,-96.481417
30.306814,-96.481417
30.326740,-96.481417
30.346723,-96.481417
30.366989,-96.481418
30.386803,-96.481418
30.406776,-96.481418
30.426522,-96.481419
30.446420,-96.481419
30.466250,-96.481419
30.486334,-96.481419
30.506291,-96.481420
30.526312,-96.481420
30.546391,-96.481420
30.566374,-96.481420
30.586339,-96.481421
30.606175,-96.481421
30.626200,-96.481421
30.647318,-96.481421
30.666275,-96.481421
30.686263,-96.481422
30.707268,-96.481422
30.727184,-96.481422
30.747443,-96.481422
30.767103,-96.481423
30.786275,-96.481423
30.807121,-96.481423
30.827232,-96.481423
30.847132,-96.481423
30.867092,-96.481423
30.887414,-96.481424
30.907022,-96.481424
30.927828,-96.481424
30.948163,-96.481424
30.967336,-96.481424
30.987106,-96.481425
31.007134,-96.481425
31.027029,-96.481425
31.046993,-96.481425
31.067109,-96.481425
31.087126,-96.481425
31.107067,-96.481426
31.126951,-96.481426
31.147079,-96.481426
31.166979,-96.481426
31.187206,-96.481426
31.207134,-96.481426
31.226882,-96.481427
31.246963,-96.481427
31.267037,-96.481427
31.286933,-96.481427
31.306996,-96.481427
31.327049,-96.481427
31.347166,-96.481427
31.366906,-96.481428
31.387006,-96.481428
31.406937,-96.481428
31.426830,-96.481428
31.446769,-96.481428
31.466710,-96.481428
31.486817,-96.481428
31.506723,-96.481429
31.526721,-96.481429
31.546862,-96.481429
31.566819,-96.481429
31.586902,-96.481429
31.606702,-96.481429
31.626838,-96.481429
31.646764,-96.481430
31.666623,-96.481430
31.686511,-96.481430
31.706461,-96.481430
31.726624,-96.481430
31.746579,-96.481430
31.766458,-96.481430
31.786468,-96.481430
31.806642,-96.481430
31.826729,-96.481431
31.846618,-96.481431
31.866669,-96.481431
31.886586,-96.481431
31.906576,-96.481431
31.927046,-96.481431
31.946662,-96.481431
31.966705,-96.481431
31.986574,-96.481432
32.006623,-96.481432
32.026617,-96.481432
32.046649,-96.481432
32.066405,-96.481432
32.086392,-96.481432
32.106484,-96.481432
32.126484,-96.481432
32.146500,-96.481432
32.166546,-96.481432
32.186189,-96.481433
32.206162,-96.481433
32.226980,-96.481433
32.247108,-96.481433
32.267318,-96.481433
32.286197,-96.481433
32.307158,-96.481433
32.327163,-96.481433
32.347115,-96.481433
32.367276,-96.481433
32.387053,-96.481434
32.407083,-96.481434
32.426895,-96.481434
32.446923,-96.481434
32.466968,-96.481434
32.487113,-96.481434
32.506994,-96.481434
32.527088,-96.481434
32.546995,-96.481434
32.567044,-96.481434
32.586823,-96.481434
32.606804,-96.481434
32.626893,-96.481435
32.646751,-96.481435
32.666810,-96.481435
32.686918,-96.481435
32.706833,-96.481435
32.727169,-96.481435
32.747099,-96.481435
32.767102,-96.481435
32.787282,-96.481435
32.807116,-96.481435
32.826993,-96.481435
32.847033,-96.481435
32.867021,-96.481436
32.887079,-96.481436
32.906958,-96.481436
32.927074,-96.481436
32.946946,-96.481436
32.966881,-96.481436
32.987007,-96.481436
33.007017,-96.481436
33.026679,-96.481436
33.046796,-96.481436
33.066870,-96.481436
33.086657,-96.481436
33.106755,-96.481436
33.126895,-96.481436
33.146619,-96.481436
33.166662,-96.481437
33.186633,-96.481437
33.206710,-96.481437
33.226925,-96.481437
33.246819,-96.481437
33.266817,-96.481437
33.286782,-96.481437
33.306509,-96.481437
33.326610,-96.481437
33.346477,-96.481437
33.366538,-96.481437
33.386398,-96.481437
33.406498,-96.481437
33.426468,-96.481437
33.446584,-96.481437
33.466841,-96.481437
33.486467,-96.481437
33.506558,-96.481437
33.526570,-96.481437
33.546908,-96.481437
33.566544,-96.481437
33.586591,-96.481437
33.606618,-96.481438
33.626608,-96.481438
33.646719,-96.481438
33.666346,-96.481438
33.686524,-96.481438
33.706478,-96.481438
33.726540,-96.481438
33.746433,-96.481438
33.766500,-96.481438
33.786284,-96.481438
33.806402,-96.481438
33.826217,-96.481438
33.846256,-96.481438
33.866156,-96.481438
33.886219,-96.481438
33.906109,-96.481438
33.926211,-96.481438
33.947371,-96.481438
33.967297,-96.481438
33.986383,-96.481438
34.006276,-96.481438
34.027100,-96.481438
34.047107,-96.481438
34.067267,-96.481438
34.087273,-96.481438
34.107156,-96.481438
34.127045,-96.481438
34.147173,-96.481438
34.167188,-96.481438
34.187175,-96.481438
34.207140,-96.481438
34.227151,-96.481438
34.247148,-96.481438
34.267045,-96.481438
34.287308,-96.481438
34.307098,-96.481438
34.327114,-96.481438
34.346931,-96.481438
34.367239,-96.481438
34.387455,-96.481438
34.407070,-96.481438
34.426924,-96.481438
34.447079,-96.481438
34.466821,-96.481438
34.486876,-96.481438
34.507773,-96.481438
34.527646,-96.481438
34.547105,-96.481438
34.568489,-96.481438
34.587894,-96.481438
34.607300,-96.481438
34.626898,-96.481438
34.647046,-96.481438
34.666807,-96.481438
34.686902,-96.481438
34.707251,-96.481438
34.727079,-96.481438
34.746834,-96.481438
34.766748,-96.481438
34.786920,-96.481438
34.806972,-96.481438
34.826776,-96.481438
34.846835,-96.481438
34.866991,-96.481438
34.886720,-96.481438
34.906841,-96.481438
34.926795,-96.481438
34.946594,-96.481438
34.966681,-96.481438
34.986595,-96.481438
35.006733,-96.481438
35.026872,-96.481438
35.046814,-96.481438
35.066631,-96.481438
35.086787,-96.481438
35.106588,-96.481438
35.126554,-96.481438
35.146808,-96.481438
35.166567,-96.481438
35.186723,-96.481438
35.206653,-96.481438
35.226827,-96.481438
35.246670,-96.481438
35.266495,-96.481438
35.286720,-96.481438
35.306566,-96.481438
35.326658,-96.481438
35.348929,-96.481438
35.366625,-96.481438
35.386513,-96.481438
35.406786,-96.481438
35.426517,-96.481438
35.446611,-96.481438
35.466402,-96.481438
35.486300,-96.481438
35.506433,-96.481438
35.526673,-96.481438
35.546263,-96.481438
35.566408,-96.481438
35.586483,-96.481438
35.606374,-96.481438
35.626217,-96.481438
35.646366,-96.481438
35.666286,-96.481438
35.686278,-96.481438
35.707270,-96.481438
35.727135,-96.481438
35.747104,-96.481438
35.767592,-96.481438
35.787092,-96.481438
35.807015,-96.481438
35.826897,-96.481438
35.847071,-96.481438
35.866925,-96.481438
35.887055,-96.481438
35.906981,-96.481438
35.927203,-96.481438
35.947245,-96.481438
35.967229,-96.481438
35.987098,-96.481438
36.007370,-96.481438
36.027052,-96.481438
36.047496,-96.481438
36.066915,-96.481438
36.087108,-96.481438
36.106955,-96.481438
36.126754,-96.481438
36.147268,-96.481438
36.166934,-96.481438
36.186770,-96.481438
36.207105,-96.481438
36.226791,-96.481438
36.247001,-96.481438
36.266855,-96.481438
36.287315,-96.481438
36.308072,-96.481438
36.327024,-96.481438
36.346791,-96.481438
36.366683,-96.481438
36.386748,-96.481438
36.406685,-96.481438
36.426616,-96.481438
36.446666,-96.481438
36.466661,-96.481438
36.486614,-96.481438
36.506717,-96.481438
36.526637,-96.481438
36.546779,-96.481438
36.566536,-96.481438
36.586700,-96.481438
36.606561,-96.481438
36.627394,-96.481438
36.647654,-96.481438
36.667060,-96.481438
36.686824,-96.481438
36.707317,-96.481438
36.727861,-96.481438
36.747231,-96.481438
36.766367,-96.481438
36.786398,-96.481438
36.806294,-96.481438
36.826380,-96.481438
36.846423,-96.481438
36.866251,-96.481438
36.886279,-96.481438
36.906308,-96.481438
36.926391,-96.481438
36.946289,-96.481438
36.966409,-96.481438
36.986562,-96.481438
37.006515,-96.481438
37.026424,-96.481438
37.046407,-96.481438
37.066322,-96.481438
37.086453,-96.481438
37.106327,-96.481438
37.126599,-96.481438
37.146404,-96.481438
37.166383,-96.481438
37.186342,-96.481438
37.206420,-96.481438
37.226234,-96.481438
37.246034,-96.481438
37.266072,-96.481438
37.286097,-96.481438
37.306211,-96.481438
37.327215,-96.481438
37.347177,-96.481438
37.367113,-96.481438
37.387059,-96.481438
37.405822,-96.481438
37.427098,-96.481438
37.447018,-96.481438
37.467103,-96.481438
37.487183,-96.481438
37.507127,-96.481438
37.526998,-96.481438
37.547024,-96.481438
37.567081,-96.481438
37.587102,-96.481438
37.606945,-96.481438
37.626882,-96.481438
37.647197,-96.481438
37.667008,-96.481438
37.686842,-96.481438
37.706822,-96.481438
37.726934,-96.481438
37.747078,-96.481438
37.766853,-96.481438
37.786888,-96.481438
37.806873,-96.481438
37.826760,-96.481438
37.846754,-96.481438
37.866873,-96.481438
37.886731,-96.481438
37.906905,-96.481438
37.926771,-96.481438
37.946646,-96.481438
37.966771,-96.481438
37.986576,-96.481438
38.006498,-96.481438
38.026481,-96.481438
38.046479,-96.481438
38.066463,-96.481438
38.086864,-96.481438
38.106699,-96.481438
38.126565,-96.481438
38.146584,-96.481438
38.166468,-96.481438
38.186460,-96.481438
38.206534,-96.481438
38.226565,-96.481438
38.246509,-96.481438
38.266551,-96.481438
38.286441,-96.481438
38.306541,-96.481438
38.326565,-96.481438
38.346560,-96.481438
38.366536,-96.481438
38.386724,-96.481438
38.406398,-96.481438
38.426419,-96.481438
38.446456,-96.481438
38.467642,-96.481438
38.487126,-96.481438
38.506408,-96.481438
38.526416,-96.481438
38.546639,-96.481438
38.566384,-96.481438
38.586389,-96.481438
38.606250,-96.481439
38.626254,-96.481439
38.646733,-96.481439
38.666345,-96.481439
38.686236,-96.481439
38.706261,-96.481439
38.726251,-96.481439
38.746231,-96.481439
38.766262,-96.481439
38.786298,-96.481439
38.806206,-96.481439
38.826113,-96.481439
38.847368,-96.481439
38.867078,-96.481439
38.886173,-96.481439
38.907267,-96.481439
38.927544,-96.481439
38.947273,-96.481439
38.967310,-96.481439
38.987196,-96.481439
39.007225,-96.481439
39.027226,-96.481439
39.047357,-96.481439
39.067180,-96.481439
39.087387,-96.481439
39.107114,-96.481439
39.127230,-96.481439
39.147296,-96.481439
39.167156,-96.481439
39.187292,-96.481439
39.207122,-96.481439
39.227118,-96.481439
39.247259,-96.481439
39.266936,-96.481439
39.286960,-96.481439
39.306975,-96.481439
39.327092,-96.481439
39.346956,-96.481439
39.366959,-96.481439
39.387001,-96.481439
39.407029,-96.481439
39.427417,-96.481439
39.447341,-96.481439
39.467003,-96.481439
39.486854,-96.481439
39.506819,-96.481439
39.526831,-96.481439
39.546924,-96.481439
39.566894,-96.481439
39.586806,-96.481439
39.607001,-96.481439
39.626633,-96.481439
39.646547,-96.481438
39.666441,-96.481438
39.686744,-96.481438
39.706779,-96.481438
39.726783,-96.481439
39.746475,-96.481439
39.766618,-96.481439
39.786813,-96.481439
39.806525,-96.481439
39.826477,-96.481439
39.846586,-96.481439
39.866608,-96.481439
39.886468,-96.481439
39.906494,-96.481439
39.926412,-96.481439
39.946314,-96.481439
39.966712,-96.481439
39.986346,-96.481439
40.006400,-96.481438
40.026317,-96.481438
40.046615,-96.481438
40.066425,-96.481438
40.086443,-96.481438
40.106344,-96.481438
40.126409,-96.481438
40.146356,-96.481438
40.166313,-96.481438
40.186359,-96.481438
40.206289,-96.481438
40.226285,-96.481438
40.246274,-96.481438
40.266177,-96.481438
40.286294,-96.481438
40.306442,-96.481438
40.326373,-96.481438
40.346243,-96.481438
40.366509,-96.481438
40.386108,-96.481438
40.406255,-96.481438
40.426120,-96.481438
40.447289,-96.481438
40.465993,-96.481438
40.485791,-96.481438
40.505906,-96.481438
40.526813,-96.481438
40.546856,-96.481438
40.566853,-96.481438
40.586750,-96.481438
40.606727,-96.481438
40.626757,-96.481438
40.646853,-96.481438
40.666819,-96.481438
40.686932,-96.481438
40.706808,-96.481438
40.726763,-96.481438
40.746709,-96.481438
40.766683,-96.481438
40.786745,-96.481438
40.806727,-96.481438
40.827075,-96.481438
40.846844,-96.481438
40.866800,-96.481438
40.886721,-96.481438
40.906762,-96.481438
40.926726,-96.481438
40.946837,-96.481438
40.966671,-96.481438
40.986701,-96.481438
41.006830,-96.481438
41.026677,-96.481438
41.046971,-96.481438
41.066523,-96.481438
41.086573,-96.481438
41.106809,-96.481438
41.126503,-96.481438
41.146558,-96.481438
41.166648,-96.481438
41.186692,-96.481438
41.206526,-96.481438
41.226520,-96.481438
41.246737,-96.481438
41.266502,-96.481438
41.286597,-96.481438
41.306583,-96.481438
41.327103,-96.481438
41.346450,-96.481438
41.366472,-96.481438
41.386506,-96.481438
41.406396,-96.481438
41.426598,-96.481438
41.446517,-96.481438
41.466447,-96.481438
41.486623,-96.481438
41.506493,-96.481438
41.526610,-96.481438
41.546337,-96.481438
41.566308,-96.481438
41.586518,-96.481438
41.606306,-96.481438
41.626703,-96.481438
41.646358,-96.481438
41.666195,-96.481438
41.686190,-96.481438
41.706179,-96.481438
41.726151,-96.481438
41.746398,-96.481438
41.766191,-96.481438
41.786221,-96.481438
41.806201,-96.481438
41.826189,-96.481438
41.846101,-96.481438
41.866235,-96.481438
41.886047,-96.481438
41.906152,-96.481438
41.926145,-96.481438
41.946122,-96.481438
41.966299,-96.481438
41.986097,-96.481438
42.006109,-96.481438
42.026121,-96.481438
42.046042,-96.481438
42.065938,-96.481438
42.086107,-96.481438
