0.192178,1.587185
0.211945,-1.668378
0.231954,2.012382
0.251958,-2.460293
0.271825,2.461725
0.291922,-2.325140
0.312948,1.715368
0.332224,-0.217811
0.351779,0.520546
0.371942,0.367275
0.391901,-0.603090
0.412753,1.367289
0.432772,-1.586661
0.452701,-0.593211
0.472677,0.572608
0.492826,-1.051627
0.512771,1.351525
0.532749,0.597489
0.552899,-0.328198
0.572639,1.726537
0.592648,-1.688310
0.612782,1.576545
0.632665,2.412031
0.652676,0.469547
0.672729,-1.307711
0.692983,0.128116
0.712980,2.382099
0.732664,-0.181953
0.752892,-0.304824
0.772511,-1.215190
0.792557,-1.539114
0.812557,1.647896
0.832543,2.061431
0.852572,1.289818
0.872603,-0.491107
0.892590,-1.323475
0.912485,-0.998180
0.932432,-0.743834
0.952559,-2.115433
0.972567,-0.601734
0.992506,-0.450022
1.012457,0.834479
1.032488,1.874037
1.052330,1.374419
1.072474,1.714211
1.092296,0.234408
1.112756,1.120949
1.132231,1.153546
1.152223,-1.664666
1.172412,-2.444344
1.192454,-2.185456
1.212324,-2.019025
1.232417,0.591446
1.252318,0.132455
1.272307,0.299791
1.292435,1.624625
1.312380,0.748986
1.332405,-1.945335
1.352170,-2.538030
1.372207,-0.796317
1.392144,-1.883408
1.412289,-0.394938
1.432158,0.042274
1.452189,5.004363
1.472173,0.122957
1.492258,0.190907
1.512252,-1.157221
1.532135,-2.192794
1.552086,-1.822978
1.572225,0.735565
1.592250,-2.557450
1.612466,-0.874535
1.632289,1.806700
1.652263,5.250176
1.672152,2.153245
1.692049,2.133227
1.712059,-0.971656
1.732077,-1.628994
1.752005,-2.795153
1.771996,-1.158235
1.791968,-1.525631
1.812014,-0.252264
1.832042,2.338890
1.851912,2.417290
1.871900,-1.530544
1.891978,2.654115
1.911955,0.422453
1.932137,2.769661
1.952011,-0.389464
1.971884,-1.224670
1.991945,-1.145096
2.012110,2.387518
2.032177,1.118272
2.051931,6.255380
2.071973,2.805952
2.091896,5.201715
2.112032,1.388080
2.132817,0.746543
2.151889,-0.094431
2.171813,2.397259
2.191784,-2.203804
2.212009,-1.445922
2.232882,2.516033
2.251762,0.113464
2.272793,2.490502
2.293035,2.119402
2.312709,3.309508
2.332734,2.823529
2.352794,4.123746
2.372965,-0.825935
2.392681,-2.394050
2.412724,-3.284793
2.432778,-0.313212
2.452738,-0.376844
2.472814,1.906281
2.492832,0.961051
2.512787,3.247463
2.532635,5.142222
2.552574,1.288160
2.572768,1.485285
2.592770,0.348224
2.612846,1.653456
2.632668,-1.957199
2.652642,-5.647129
2.672595,-2.782439
2.692577,-0.187300
2.712704,-0.268496
2.732654,1.519568
2.752637,1.395875
2.772535,1.464462
2.792642,3.008863
2.812645,-2.766420
2.832650,2.498540
2.852464,2.508601
2.872590,-3.306299
2.892450,-4.125194
2.912449,2.414345
2.932502,1.732709
2.952516,1.381861
2.972422,12.079659
2.992420,-6.025414
3.012571,-1.837778
3.032542,-0.117180
3.052542,0.368309
3.072566,-0.090557
3.092492,-0.113332
3.112419,2.137859
3.132388,-1.284591
3.152337,3.948303
3.172399,7.170950
3.192330,3.384790
3.212456,1.646371
3.232328,4.425344
3.252343,-1.032272
3.272270,-3.853734
3.292325,4.943944
3.312400,4.978297
3.332208,3.181551
3.352211,-7.115334
3.372264,0.593041
3.392340,-0.844300
3.412304,1.974646
3.432253,4.980894
3.452163,1.411491
3.472491,4.665565
3.492202,1.858129
3.512526,2.628218
3.532202,2.449900
3.552147,-0.017614
3.572173,8.488767
3.592224,0.986832
3.612091,5.352725
3.632498,-0.228165
3.652170,-9.425794
3.672165,-3.479176
3.692076,5.116973
3.712110,-4.736498
3.732228,-0.682962
3.752125,11.479486
3.771971,-1.343000
3.792166,1.262474
3.812007,-5.372540
3.831933,1.240632
3.852016,-2.699275
3.872081,2.532854
3.891999,3.222932
3.911938,-0.478210
3.932356,-1.365012
3.951950,-2.196941
3.971892,-0.219645
3.992026,-8.258387
4.012015,-5.168713
4.031832,11.576930
4.052797,4.001449
4.072012,6.768759
4.091826,-8.581656
4.112836,4.062366
4.132794,3.149342
4.152792,1.770564
4.172787,0.230709
4.192796,4.701526
4.212935,1.418376
4.232743,2.779802
4.252782,-1.630312
4.272697,4.977392
4.292696,3.649258
4.312848,-6.221642
4.332800,-0.235238
4.352682,2.700447
4.372739,4.551761
4.392721,6.070333
4.412860,2.631922
4.432772,2.609471
4.452818,0.243853
4.472628,0.300242
4.493581,0.017678
4.512839,7.208507
4.532638,7.913667
4.552790,5.369211
4.572619,1.620761
4.592560,10.472941
4.612783,0.817806
4.632653,-0.819463
4.652658,0.674772
4.672561,-1.599204
4.692682,3.396598
4.712942,3.723075
4.732671,6.630039
4.752541,-4.599117
4.772660,2.261020
4.792441,-1.995742
4.812487,5.612662
4.832524,3.834877
4.852579,4.831116
4.872553,-0.250782
4.892440,-2.136166
4.912576,4.135770
4.932467,0.953598
4.952483,6.879030
4.972437,-8.046271
4.992409,1.283593
5.012471,0.440310
5.032619,-9.849840
5.052565,10.647991
5.072348,5.435504
5.092379,3.297497
5.112467,-1.055239
5.132368,3.500921
5.152374,4.702751
5.172407,-1.217353
5.192487,2.342826
5.212381,1.935797
5.232444,0.293730
5.252469,3.985241
5.272306,-3.523924
5.292211,6.218060
5.312323,-3.210812
5.332291,3.405849
5.352377,2.612530
5.372161,-6.290753
5.392231,6.047898
5.412266,6.858807
5.432218,0.147978
5.452170,4.624902
5.472344,-0.500939
5.492201,2.917431
5.512177,1.105359
5.532294,0.626210
5.552226,7.479342
5.572290,5.148031
5.592155,-0.006585
5.612373,7.991940
5.632121,-1.063847
5.652053,-6.162168
5.672366,5.439340
5.692117,6.238564
5.712064,-0.833366
5.732049,6.144117
5.752177,6.791790
5.771974,-4.041770
5.792042,6.621335
5.812251,-1.784767
5.832022,0.874246
5.852003,2.095053
5.871965,-1.494304
5.892051,2.875119
5.912100,1.440824
5.932030,9.087853
5.952129,-2.961533
5.971992,4.459127
5.992041,3.660679
6.012161,5.305672
6.033040,0.198617
6.052089,1.341102
6.072044,3.300068
6.091919,-1.959728
6.112008,4.822677
6.132942,-5.083917
6.151973,-5.145846
6.172881,4.225811
6.192902,-0.350989
6.212866,5.671089
6.232928,3.755800
6.252938,6.053767
6.272824,6.556700
6.293191,-2.963956
6.312873,5.947242
6.332802,4.311948
6.352759,14.900087
6.372705,3.225641
6.392749,5.971959
6.412753,-3.131189
6.432783,7.068159
6.452871,4.538730
6.472762,3.290443
6.492694,6.319542
6.512694,5.227131
6.532768,-3.687289
6.552646,2.741211
6.572627,3.604585
6.592623,0.881365
6.612720,-0.318533
6.633216,1.416246
6.652763,-2.619669
6.672733,4.587079
6.692608,2.849130
6.712580,-1.050075
6.732641,1.858567
6.752576,0.384363
6.772576,2.249150
6.792482,4.160570
6.812632,9.237414
6.832576,-2.590916
6.852510,3.879970
6.872533,9.174630
6.892549,6.886771
6.912627,0.137805
6.932586,-0.097537
6.952646,6.253653
6.972656,0.073254
6.992497,1.286724
7.012596,-1.615132
7.032392,-3.083327
7.052383,3.300362
7.072768,3.828305
7.092510,3.237146
7.112456,3.535923
7.132340,2.414620
7.152399,7.510542
7.172773,2.361081
7.192461,3.372758
7.212409,3.499109
7.232394,6.626842
7.252336,10.523753
7.272371,1.507949
7.292392,-0.407213
7.312364,3.174787
7.332279,-1.748060
7.352353,-0.187732
7.372545,-7.408696
7.392253,-1.667200
7.412343,-5.101281
7.432507,-1.589705
7.452312,-0.138157
7.472254,1.725297
7.492477,-0.548828
7.512319,3.665632
7.532212,2.855326
7.552162,8.983721
7.572178,7.043000
7.592453,6.409571
7.612425,-1.436011
7.632232,5.622579
7.652272,6.974838
7.672250,-5.239364
7.692203,7.314749
7.712113,-0.405304
7.732014,3.441656
7.752041,1.429682
7.772059,-1.888761
7.792005,0.630944
7.812105,-0.391484
7.832147,1.465170
7.852967,-1.174147
7.871973,3.464688
7.892066,1.245073
7.911994,-1.350850
7.932151,8.893515
7.953115,4.839251
7.972365,0.505225
7.991973,2.451828
8.012885,-2.299847
8.032014,7.074725
8.052932,6.418605
8.072988,4.207706
8.092995,-1.684640
8.112948,2.446589
8.133004,15.247091
8.153014,3.482040
8.172948,3.138129
8.192927,3.383570
8.212967,-2.120546
8.232905,3.300331
8.252877,4.909603
8.272803,2.126249
8.292813,1.551206
8.312973,0.691777
8.332797,0.405362
8.352870,9.213031
8.372916,4.613266
8.392885,-0.673016
8.412796,2.186467
8.432791,0.470413
8.452725,10.144798
8.472725,7.685051
8.492682,0.893433
8.512672,-4.514662
8.532649,7.944789
8.552771,-3.091932
8.572789,1.249477
8.592660,-5.673830
8.612703,5.686933
8.632707,-12.777478
8.652647,-4.251991
8.672678,-5.682353
8.692873,8.494625
8.712621,-5.903566
8.732639,-2.248213
8.752601,2.000305
8.772568,-0.543415
8.792586,3.205441
8.812949,-1.273596
8.832630,-4.976699
8.852620,1.306529
8.872718,-9.235116
8.892628,-3.932743
8.912973,-6.683331
8.932535,-0.169151
8.952501,-6.025144
8.972549,-10.806489
8.992636,-2.963847
9.012416,0.777782
9.032554,-5.131892
9.052510,-1.457741
9.072440,-9.387511
9.092568,1.693446
9.112504,-7.603602
9.132551,-2.126347
9.152424,-2.395762
9.172425,-1.765024
9.192511,-5.619473
9.212458,-2.535385
9.232404,-2.758904
9.252362,-3.767820
9.272580,-2.279117
9.292412,-0.389531
9.312475,3.099426
9.332442,-7.346214
9.352433,-4.388084
9.372406,-11.702826
9.392278,-7.329351
9.412271,0.166542
9.432332,-4.216469
9.452414,-1.443962
9.472229,3.024069
9.492303,-0.354513
9.512422,1.132145
9.532366,-8.282576
9.552270,-0.304303
9.572235,-9.817673
9.592207,-2.517298
9.612278,0.232156
9.632325,-2.455552
9.652346,-4.134319
9.672121,-4.934085
9.692241,3.722520
9.712744,-6.549151
9.732179,-8.076118
9.752208,-7.608137
9.772083,-7.046571
9.792203,-7.900451
9.812247,-4.632573
9.832341,-1.771316
9.852208,-1.216521
9.872114,-9.809708
9.892451,-0.537208
9.912056,-4.915671
9.933136,-5.469830
9.952074,-4.063113
9.972123,-6.164428
9.991997,-6.068871
10.012987,-4.346541
10.033030,-6.494967
10.052171,-2.029753
10.073282,-8.804804
10.093143,-1.775934
10.112915,1.060444
10.132930,-14.559685
10.153155,-3.327292
10.172959,-1.151506
10.193115,-3.404347
10.212871,-2.845966
10.233011,-4.766203
10.252910,-7.552846
10.272809,-7.237299
10.292967,-1.789273
10.312777,-2.292612
10.332839,-2.447509
10.352749,-1.982468
10.372884,0.759389
10.392802,-0.505925
10.412757,-6.805953
10.432761,-5.210578
10.452814,-5.698925
10.472930,-6.768377
10.492848,-8.755950
10.512841,-9.995389
10.532914,-10.722684
10.552703,-4.027773
10.572714,-8.890079
10.592920,-2.790526
10.612640,-1.245752
10.632687,-0.976908
10.652648,-4.773076
10.672937,-0.637567
10.692638,-0.916077
10.712655,-0.678791
10.732604,-3.197438
10.752632,-0.714723
10.772604,-2.843183
10.792675,-0.769504
10.812706,-2.526388
10.832649,-2.673314
10.852681,4.994332
10.872532,0.821010
10.892535,-0.895346
10.912723,-5.111114
10.932642,-7.594894
10.952586,-2.640404
10.972514,-0.759001
10.992604,-2.298167
11.012497,-2.763062
11.032580,-5.425017
11.052556,-2.926205
11.072436,-3.458597
11.092620,2.125327
11.112887,5.750011
11.132608,-3.776157
11.152520,-4.909771
11.172528,-4.340322
11.192501,-4.523015
11.212784,-7.686692
11.232427,-8.048276
11.252419,-6.443995
11.272402,-5.917009
11.292320,-3.090375
11.312362,-6.163899
11.332402,-1.664284
11.352364,0.859527
11.372428,-11.588388
11.392291,-0.748324
11.412529,3.034464
11.432549,-4.696901
11.452360,-8.356491
11.472271,-5.905198
11.492322,-4.388952
11.512234,-8.659540
11.532391,-12.632900
11.552295,-10.639727
11.572389,-2.547858
11.592225,-9.111286
11.612340,-7.622766
11.632260,-6.155847
11.652300,-1.799985
11.672204,0.598026
11.692993,-3.535565
11.712337,-4.006194
11.732353,-4.208119
11.752402,-8.492873
11.772999,-9.467206
11.792112,-4.372762
11.812261,-7.565681
11.832168,-1.190051
11.852109,-3.087733
11.872041,1.622041
11.892246,-2.972163
11.912053,-5.014667
11.932147,3.725158
11.952070,-8.542493
11.972091,-1.700134
11.992186,-7.724507
12.013047,-8.522182
12.032053,-5.351786
12.052928,-4.538791
12.073318,-2.772041
12.093289,-7.966095
12.113283,-4.355777
12.132998,-1.569301
12.153040,0.004044
12.173000,-2.712751
12.192855,-7.560040
12.212882,-11.467121
12.232958,-2.399919
12.252818,-2.094174
12.272866,-2.572418
12.292978,-0.823856
12.312947,-7.290196
12.332896,-3.576186
12.352745,-4.658336
12.372810,-3.839459
12.392830,-0.082654
12.412866,-4.830846
12.432760,-5.422242
12.452810,-7.195522
12.472727,-3.817470
12.492757,-0.223544
12.512880,-1.189880
12.532976,-0.305716
12.552778,-3.012090
12.572914,1.062818
12.592732,2.693551
12.612738,-1.839260
12.632689,-3.176983
12.652715,-1.675272
12.672787,-3.640839
12.692727,-5.957396
12.712729,-4.218452
12.732663,-1.418144
12.752583,-4.882545
12.772712,-1.960969
12.792569,-4.030482
12.812643,-3.517272
12.832658,-3.996355
12.852579,-1.183191
12.872583,-4.483326
12.892616,-4.865569
12.912597,-4.700392
12.932986,-4.014961
12.952583,-2.161349
12.972632,-1.569569
12.992816,-1.150786
13.012574,-2.139245
13.032720,-0.741529
13.052552,2.679618
13.072688,1.935960
13.092640,-0.825981
13.112514,-0.990563
13.132396,-5.696382
13.152521,-1.262877
13.172606,3.984095
13.192454,-4.248322
13.212922,-2.074256
13.232486,-3.271163
13.252599,-4.079558
13.272381,-2.192108
13.292420,-3.664738
13.312912,-5.330435
13.332427,-8.207661
13.352487,-8.999192
13.372337,-3.868565
13.392352,4.591924
13.412362,-3.398425
13.432421,-7.251802
13.452445,-5.008723
13.472448,-4.199891
13.492274,-5.490452
13.512452,-0.807056
13.532443,-2.422829
13.552267,-5.854997
13.572251,-8.919609
13.592256,-6.761942
13.612419,-3.396878
13.632299,-2.453316
13.652331,-3.690720
13.672303,-2.544696
13.692209,-4.315388
13.712282,-8.915832
13.732255,-7.565241
13.752161,-4.043498
13.772294,-3.094302
13.792464,0.083370
13.812164,-7.164605
13.833379,-5.581129
13.852268,-9.206943
13.872111,-2.936642
13.892236,-5.912000
13.912193,-5.937770
13.933180,-7.562551
13.952138,-9.981086
13.972224,-6.718327
13.993211,-5.746744
14.013114,-6.517305
14.033031,-7.358026
14.053200,-4.406776
14.073199,-4.238887
14.093097,-4.749063
14.113143,-10.931239
14.133080,-6.021790
14.153058,-4.018765
14.172994,-5.452639
14.192900,-4.473233
14.212995,-4.053410
14.233068,-2.311409
14.252852,-3.929289
14.272840,-0.320337
14.292965,-3.772688
14.313141,0.699047
14.332929,0.075316
14.352940,-4.079727
14.373024,-1.692099
14.393029,0.278532
14.412997,7.789015
14.432896,-0.303384
14.452812,2.968430
14.472785,3.121376
14.493123,-1.271350
14.512729,3.533524
14.532786,3.061375
14.552834,-2.726631
14.572771,-3.595924
14.592995,1.617430
14.612897,4.604984
14.632950,5.889392
14.652831,3.384095
14.672911,2.273868
14.692661,1.807558
14.713081,1.469720
14.732804,-1.237569
14.752674,0.583151
14.772654,6.558727
14.792628,6.255357
14.812817,6.073050
14.832714,4.104535
14.852668,1.753934
14.872812,4.179228
14.892600,0.926242
14.912629,-0.302620
14.932541,-0.391334
14.952650,7.250691
14.972554,-0.748959
14.992742,5.695062
15.012576,1.808563
15.032705,-2.085568
15.052601,-1.204259
15.072520,-4.917997
15.092656,5.305540
15.112666,1.939012
15.132567,0.493716
15.152486,2.327232
15.172704,3.130980
15.192611,0.802950
15.212498,6.686007
15.232639,4.354732
15.252564,0.683523
15.272532,-0.202925
15.292505,4.397821
15.312556,4.450039
15.332399,5.686617
15.352337,14.739455
15.372403,2.577502
15.392476,-0.391304
15.412501,-2.219534
15.432659,-6.049191
15.452367,8.223582
15.472473,0.954679
15.492401,7.771486
15.512974,0.483225
15.532274,6.000583
15.552276,7.492772
15.572381,12.492027
15.592423,14.585613
15.612516,1.105505
15.632332,-0.135039
15.652383,-0.782680
15.672337,6.546337
15.692380,10.324947
15.712207,8.928156
15.732239,4.611126
15.752190,3.888361
15.772224,2.632352
15.792256,3.969406
15.812219,2.566462
15.832339,8.771286
15.852181,3.638328
15.872233,-6.647514
15.892263,10.455470
15.913279,-3.037267
15.932128,7.364615
15.952148,6.415363
15.972243,8.671433
15.992172,9.720153
16.013139,7.681250
16.033081,4.923061
16.053225,5.038043
16.073130,5.298123
16.093124,1.155690
16.113048,-2.989384
16.133284,-4.640394
16.153183,7.874047
16.172987,9.837263
16.193022,8.678293
16.213131,14.347117
16.233067,2.592824
16.253097,0.455769
16.273090,2.126152
16.293002,-0.668778
16.313097,6.176847
16.333020,0.061723
16.352881,2.941686
16.373022,1.235247
16.392966,15.757217
16.412935,-0.477427
16.432900,10.011751
16.452981,7.640539
16.472869,0.948203
16.492964,-0.834853
16.513022,1.146944
16.532941,0.887432
16.552892,6.046391
16.572803,4.832035
16.592934,5.379839
16.612816,4.070694
16.632891,4.506761
16.652903,4.784643
16.672735,9.984009
16.692746,16.441299
16.712700,5.161200
16.732707,6.587365
16.752959,5.591376
16.772725,5.649232
16.792753,5.781130
16.812816,10.727363
16.832702,5.232876
16.852763,1.357142
16.872726,1.151589
16.892885,5.131902
16.912795,2.214758
16.932639,1.274137
16.952869,8.700352
16.972577,4.460682
16.992702,9.431897
17.012520,4.879704
17.032609,1.203688
17.052728,13.258523
17.072685,7.187157
17.092831,13.761148
17.112980,11.637967
17.132679,2.880406
17.152574,9.117462
17.172615,-4.379300
17.192493,3.937740
17.212580,2.240959
17.232603,17.367002
17.252505,2.537817
17.272519,7.638006
17.292460,11.849108
17.312528,7.790982
17.332490,3.572847
17.352459,5.967818
17.372399,3.919767
17.392493,4.782158
17.412385,-0.370838
17.432523,9.879163
17.452414,5.580510
17.472493,6.243108
17.492502,11.211157
17.512374,0.893846
17.532395,-3.086859
17.552428,6.519555
17.572549,7.607356
17.592306,12.066095
17.612473,6.058271
17.632347,3.142807
17.652229,-0.807110
17.672345,5.169266
17.692368,-2.736220
17.712383,-2.043503
17.732305,5.399840
17.752288,6.651309
17.772358,6.494216
17.792364,-1.142259
17.812261,-4.718261
17.833234,2.537400
17.852181,5.868117
17.872320,-9.700365
17.892320,3.873752
17.912516,-2.927412
17.933164,5.140112
17.953133,-4.515995
17.973110,-5.915175
17.993192,-2.904118
18.013189,-7.885292
18.033304,-1.617332
18.053021,1.521295
18.073132,8.922518
18.093025,-2.860774
18.113100,2.318388
18.132987,-3.059828
18.153195,-7.551919
18.172958,-2.585646
18.193039,0.028547
18.212987,-3.888666
18.232920,2.514014
18.253065,-3.515549
18.272921,3.824814
18.293183,1.831211
18.313118,-4.994815
18.332967,-3.400522
18.353014,-2.493363
18.372909,-5.106141
18.392870,7.371125
18.413033,4.622676
18.433002,2.374779
18.452954,-3.445215
18.472992,-11.854126
18.492860,-4.086487
18.512933,4.089900
18.532950,2.042028
18.552831,3.481771
18.572979,0.891367
18.592854,7.793330
18.612889,-3.237122
18.632959,5.520421
18.652720,-1.010437
18.672750,-1.056258
18.692845,1.107611
18.712710,6.800113
18.732798,0.178090
18.752739,-7.415031
18.772766,-1.553449
18.793039,-1.990155
18.812757,8.327888
18.832903,11.644611
18.852674,-7.462930
18.872735,0.101398
18.892715,10.732893
18.912633,-0.834574
18.932534,-4.065508
18.952599,4.890437
18.972672,-5.264648
18.992608,4.729123
19.012629,2.301064
19.032647,1.613595
19.052568,-0.818307
19.072655,6.084898
19.092533,1.559937
19.112612,-0.291567
19.132521,-1.765701
19.152623,-0.238810
19.172487,1.163517
19.192475,2.221148
19.212552,3.476672
19.232414,0.059190
19.252556,-1.062376
19.272472,-10.231628
19.292459,4.860019
19.312992,-0.359699
19.332390,3.203297
19.352618,0.930132
19.372396,-2.750209
19.392358,1.031803
19.412381,-5.425007
19.432600,0.067621
19.452318,5.664569
19.472369,4.398078
19.492559,-1.594636
19.512384,2.509080
19.532446,-4.567695
19.552393,5.335403
19.572295,2.228524
19.592455,-0.293620
19.612396,0.042555
19.632278,-4.043571
19.652362,1.521586
19.672269,-11.407543
19.692276,-8.663659
19.712221,9.430304
19.732204,-17.609459
19.752298,3.589204
19.772250,7.070071
19.792310,7.455219
19.813289,-2.897297
19.832342,2.022433
19.852201,-3.021936
19.872311,7.112996
19.892162,5.302170
19.913211,3.259429
19.933157,11.593012
19.953171,-11.207542
19.973201,-1.602515
19.993222,-4.628836
20.013120,-0.014659
20.033144,-1.350800
20.053197,-5.151495
20.073138,-14.701484
20.093016,12.103904
20.113111,1.888472
20.133150,8.095719
20.153126,2.424641
20.173317,-2.249079
20.193128,-5.396054
20.213133,-3.481444
20.233257,5.527915
20.252997,-14.879811
20.273044,0.426910
20.293283,5.878040
20.313039,0.312630
20.333153,-1.011612
20.353089,-3.208823
20.372944,5.619146
20.393157,-7.008739
20.413055,0.296727
20.432829,1.141045
20.452965,-4.398726
20.473138,4.059666
20.493091,-3.960243
20.512936,-2.970748
20.532854,-0.679045
20.552834,-5.430601
20.572979,-0.008479
20.592825,0.118115
20.613131,3.136584
20.632931,2.285312
20.652950,2.440780
20.672892,3.722918
20.692748,-4.167428
20.712873,-8.889581
20.732931,0.703371
20.752755,-9.027859
20.772948,11.848119
20.792829,-7.762471
20.812810,-14.880639
20.832702,-3.678442
20.852702,-3.400944
20.872902,2.839435
20.892802,-0.125337
20.912877,3.429667
20.932723,5.494146
20.952677,-5.734132
20.972637,-4.131918
20.992639,-3.738183
21.012589,-3.968128
21.032706,1.517714
21.052668,-7.006487
21.072824,-2.229133
21.092606,-6.716951
21.112676,-3.947787
21.132765,3.462010
21.152768,4.645693
21.172693,-2.690222
21.192579,-1.092721
21.212603,0.602089
21.232494,-0.617792
21.252602,-1.903515
21.272531,0.207273
21.292596,7.223237
21.312547,7.870873
21.332515,-4.883355
21.352621,-7.777583
21.372698,19.241962
21.392491,6.867347
21.412752,-3.952836
21.432953,8.161107
21.452600,-6.717427
21.472593,-0.777961
21.492539,1.837779
21.512413,-1.653862
21.532650,2.493581
21.552402,-0.278887
21.572430,-1.818552
21.592476,-4.918350
21.612467,1.390908
21.632371,6.982877
21.652536,1.804990
21.672532,0.496306
21.692430,2.219918
21.712388,-10.238999
21.732435,5.252412
21.752356,-10.268286
21.772341,-0.581057
21.792283,-8.863000
21.812424,-3.832140
21.832488,0.349878
21.852347,-3.532685
21.872353,-3.321469
21.893438,-3.568245
21.912505,6.631222
21.932399,2.864819
21.952270,-7.238235
21.972290,-0.716746
21.993474,-10.686046
22.013189,1.994612
22.032188,8.028221
22.053365,-1.055915
22.073196,2.125288
22.093329,-9.405858
22.113203,1.109145
22.133359,-5.260350
22.153322,5.396094
22.173150,-6.613179
22.193091,2.500201
22.213144,-3.049183
22.233092,-2.645744
22.253238,-3.504285
22.273189,0.702404
22.293311,1.428728
22.313132,1.085349
22.333018,-1.720994
22.353155,-0.389899
22.373329,-3.947273
22.393447,-6.719590
22.413032,-8.697719
22.433104,-4.576162
22.453083,1.116355
22.473077,-1.534187
22.493070,-4.768137
22.513072,-6.870970
22.532988,-4.405822
22.553017,-9.860182
22.572996,-6.140350
22.593037,-7.737368
22.613028,3.367653
22.633157,-3.462054
22.652913,-7.813126
22.672870,-10.440405
22.693269,-2.082273
22.712893,-7.132978
22.733041,0.918847
22.752881,1.229443
22.772858,-6.902673
22.792845,-1.266660
22.812804,-1.997859
22.832772,1.536625
22.852855,-5.032131
22.872866,2.676510
22.892786,-0.046720
22.912871,-1.257355
22.932823,0.062371
22.952906,-6.520524
22.972982,-6.609020
22.992858,-7.726045
23.013008,-5.950280
23.032835,-7.227057
23.052740,-2.902421
23.072786,0.539806
23.092769,-5.380911
23.112724,-4.415063
23.132737,-2.606035
23.152801,5.928266
23.172840,4.524768
23.192631,-6.628153
23.212829,-6.972682
23.232682,-5.548087
23.252688,1.606303
23.272814,-2.576792
23.292720,2.120417
23.312756,-4.744666
23.332781,-3.604517
23.352654,-8.331324
23.372576,-3.927950
23.392505,5.200453
23.412581,-3.649661
23.432694,10.208658
23.452565,-9.942120
23.472466,0.835717
23.492507,2.399656
23.512585,-13.687209
23.532601,2.356920
23.552506,-13.287015
23.572443,-2.923140
23.592634,-17.204920
23.612433,4.082891
23.632802,-5.336770
23.652550,3.130076
23.672509,0.005733
23.692529,-16.730486
23.712538,-4.503490
23.732512,-1.923097
23.752533,-3.918336
23.772459,-11.508798
23.792411,4.734990
23.812433,-1.152257
23.832436,-4.410254
23.852497,-2.942202
23.872347,-3.305548
23.892405,0.699738
23.912343,-0.432469
23.932350,-0.382137
23.952319,3.478883
23.973797,0.779926
23.993465,-0.165579
24.013371,-1.285212
24.033381,-1.149313
24.053241,-0.524196
24.073143,-3.430463
24.093306,-0.716329
24.113147,-0.698642
24.133340,0.573457
24.153394,1.837693
24.173224,-2.144304
24.193101,-1.225462
24.213528,-0.244654
24.233650,-2.199818
24.253123,-0.287994
24.273183,-0.521941
24.293435,5.220926
24.313207,0.590563
24.333094,-1.542956
24.353164,-2.971656
24.373126,-2.716837
24.392988,-3.594747
24.413395,0.129791
24.432953,0.450055
24.453157,-2.541167
24.473172,-1.287029
24.492977,-3.759099
24.513007,-1.202461
24.532996,-1.606954
24.553147,-2.861115
24.573162,-3.868911
24.593015,-1.202876
24.612981,-0.634629
24.633009,-3.501748
24.653155,-3.708691
24.672892,-3.325563
24.692944,-3.183967
24.713016,-4.482156
24.733066,-1.942377
24.753119,-1.323410
24.773036,-0.753830
24.792835,-1.379700
24.813012,-0.096010
24.832792,0.971638
24.852965,1.864725
24.872856,-2.372079
24.892808,-1.756132
24.912770,-0.439164
24.932947,-0.052556
24.952725,-0.281556
24.972732,-3.707184
24.992681,-3.304855
25.012980,-2.549372
25.032832,-2.487034
25.052791,3.107733
25.072664,-1.553881
25.092902,-5.244049
25.112689,-3.391010
25.132842,-2.532676
25.152673,0.522004
25.172698,1.347765
25.192733,3.424959
25.212752,-3.638195
25.232610,-3.295335
25.252585,-6.984916
25.272714,-3.255538
25.292675,2.582012
25.312988,2.346935
25.332605,1.023519
25.352728,0.900922
25.372543,-4.835611
25.392709,-4.758056
25.412494,-4.658118
25.433034,-7.866511
25.452492,1.198194
25.472518,-1.825153
25.492675,-0.057874
25.512674,2.864852
25.532454,1.200551
25.552451,3.497098
25.572641,1.069593
25.592759,-1.506972
25.612421,-1.090055
25.632408,-0.672305
25.652472,1.607188
25.672591,-3.377153
25.692478,7.019260
25.712370,2.638347
25.732551,-4.949220
25.752324,-5.192897
25.772429,-1.674203
25.793495,0.542858
25.812406,-2.503518
25.832436,6.465379
25.852544,-4.630489
25.872454,-11.631344
25.893530,-7.983358
25.912300,-7.676839
25.932541,-7.847722
25.953297,-1.783471
25.973480,2.227942
25.993255,-8.504017
26.013272,-7.308121
26.033332,-8.793319
26.053298,-4.439455
26.073239,-3.490810
26.093293,-1.120144
26.113200,2.586314
26.133191,-0.296112
26.153328,-14.048929
26.173280,-2.961699
26.193316,-2.994850
26.213142,-3.443833
26.233346,-10.496847
26.253139,-5.974020
26.273245,-1.485740
26.293165,-4.314288
26.313124,-4.630887
26.333067,-13.758362
26.353075,-6.194678
26.373144,-4.890495
26.393145,-8.741328
26.413080,-0.395018
26.433026,-8.140075
26.452967,-2.411520
26.473092,-3.701519
26.493429,1.474731
26.513355,-9.991009
26.532955,-5.471481
26.553044,2.330510
26.572982,-5.908313
26.593175,2.854648
26.613135,-3.709002
26.632969,5.322783
26.652913,2.261722
26.673013,1.330906
26.693018,6.479614
26.712939,8.526308
26.733001,6.416992
26.752975,2.143064
26.772878,0.947743
26.792870,5.908149
26.812950,-1.582309
26.832821,7.836953
26.852868,0.093051
26.872884,16.234694
26.892849,6.300447
26.912957,5.986088
26.932683,4.394235
26.952761,5.471013
26.972856,-1.530262
26.992809,11.221197
27.013108,7.048416
27.032976,9.897609
27.052780,4.855152
27.072712,0.766424
27.092744,4.980878
27.112736,1.495862
27.132686,1.517491
27.152643,4.248364
27.172850,4.085377
27.192675,-1.809153
27.213036,8.724653
27.232708,5.266700
27.252591,-0.109368
27.273114,0.863259
27.292687,3.549767
27.313097,-1.861667
27.332757,-0.316052
27.352579,-0.710425
27.372546,1.201128
27.392579,-8.042052
27.412641,3.774274
27.432585,3.894958
27.452471,1.958768
27.472562,-0.268394
27.492696,5.956059
27.512565,6.688146
27.532465,-3.568579
27.552450,0.239445
27.572534,-3.100692
27.592386,-3.783367
27.613546,4.719804
27.632396,-1.603930
27.652419,0.822788
27.672519,-0.664841
27.692357,-2.505284
27.713366,7.338925
27.732466,1.722064
27.752413,3.479526
27.773427,-7.887588
27.792292,0.544482
27.813509,4.257437
27.833316,2.657310
27.852412,-8.200284
27.873277,-8.845164
27.893371,-6.455093
27.913542,3.229558
27.933281,-0.379445
27.953256,0.363988
27.973680,1.611422
27.993280,-15.212584
28.013348,-7.147198
28.033477,-14.030551
28.053192,2.197523
28.073283,0.959287
28.093309,-14.674708
28.113271,4.361116
28.133266,-5.570123
28.153227,4.210322
28.173163,-4.444379
28.193066,-10.025590
28.213132,4.786189
28.233094,-0.448565
28.253098,-2.512483
28.273093,-12.233063
28.293177,3.835909
28.312994,2.178150
28.332999,3.841016
28.353012,12.127668
28.373062,-5.935233
28.393115,-7.250052
28.412963,-0.331705
28.432998,-9.654564
28.453020,-5.373951
28.473055,-2.798487
28.493074,1.186665
28.512961,3.039535
28.532937,0.028099
28.553033,-1.087687
28.573057,-0.813230
28.592911,-3.170611
28.613105,1.196817
28.632960,-4.562091
28.652812,2.410716
28.672871,-4.528534
28.692836,-0.256349
28.712893,-0.074469
28.732954,-7.816841
28.752948,6.167221
28.772933,-22.105669
28.792777,1.279062
28.812886,1.904469
28.832855,-7.185678
28.852799,-9.823103
28.872843,-0.267695
28.892717,-3.727244
28.912763,0.761456
28.932866,10.739757
28.952679,7.161275
28.972723,-6.287370
28.992708,-4.329428
29.012694,-6.462603
29.032732,-3.881596
29.052669,-3.684637
29.072735,-3.679486
29.092724,-8.134485
29.112730,-5.886231
29.132659,6.799437
29.152764,4.763556
29.172698,2.636198
29.192583,-17.069061
29.212660,25.574602
29.232623,-20.892378
29.252602,3.962415
29.272654,3.261502
29.292538,-6.785139
29.312641,-12.426489
29.332594,1.294652
29.352615,-7.806508
29.372471,14.788369
29.392554,-18.345757
29.412514,1.674010
29.432477,6.473434
29.452500,9.102146
29.472571,-17.191690
29.492518,0.701033
29.512493,-6.177201
29.533482,-12.338037
29.552397,-0.155004
29.572433,-11.927579
29.593430,-12.100619
29.612506,-3.636296
29.633351,11.123601
29.653361,4.842734
29.673427,4.189006
29.693415,-6.940798
29.713330,-6.860996
29.733464,10.671700
29.753357,3.772524
29.773375,-1.167374
29.793367,-3.856737
29.813388,-0.888556
29.833386,2.920760
29.853231,7.364832
29.873246,2.151487
29.893425,-4.831161
29.913357,-1.281619
29.933188,-7.245339
29.953204,6.951188
29.973171,0.143996
29.993314,-16.007004
30.013107,7.051323
30.033110,9.260483
30.053206,-0.135367
30.073141,-11.456071
30.093247,7.088326
30.113143,-14.306105
30.133183,2.112190
30.153257,-8.475000
30.173054,-0.335845
30.193190,3.451747
30.213259,0.892697
30.233149,1.400083
30.253124,-12.173584
30.273003,3.640390
30.293006,-14.709968
30.313097,3.316731
30.332954,16.955534
30.352907,-4.911405
30.372918,-9.521255
30.392932,-2.308480
30.413018,9.680076
30.433069,-10.596694
30.452982,-0.901991
30.472911,-0.733825
30.492980,-6.998769
30.512872,7.738751
30.532912,0.830735
30.552946,-2.835186
30.572993,-3.445056
30.592824,-4.626806
30.612971,27.519274
30.632994,2.096765
30.652886,-6.240144
30.672841,-5.389224
30.692836,-4.939332
30.712935,4.731364
30.732834,2.678924
30.752777,-9.641539
30.772822,-2.165288
30.792711,3.289948
30.812729,10.735453
30.832717,-6.047039
30.852667,5.313967
30.872889,-2.918318
30.892810,-23.443808
30.912648,-9.919476
30.932728,7.158843
30.952817,0.073180
30.972697,14.067732
30.992765,6.443472
31.012836,-10.775283
31.032824,5.417996
31.052709,-9.392683
31.072833,4.888660
31.092749,-0.485285
31.112683,6.958362
31.132644,-15.484839
31.152661,1.026520
31.172624,-9.510303
31.192735,-0.048898
31.212689,-0.418561
31.232652,-17.339914
31.252693,20.037792
31.272614,2.598897
31.292611,2.564041
31.312512,-2.121145
31.332436,3.951058
31.352545,-0.395243
31.372518,-8.665422
31.392532,2.964489
31.412596,12.157743
31.432608,-11.478396
31.452396,0.358871
31.472398,-15.260005
31.493448,-2.803359
31.513386,6.741816
31.533417,4.934288
31.553475,24.801308
31.573312,-4.406494
31.593537,-8.907638
31.613498,-5.486851
31.633387,4.812363
31.653430,-15.917871
31.673280,3.992257
31.693313,-6.137804
31.713290,2.172524
31.733286,-0.996624
31.753277,0.426455
31.773215,1.818174
31.793352,-4.639659
31.813272,-7.018151
31.833218,5.260974
31.853238,2.314404
31.873209,-12.700601
31.893243,-3.632850
31.913507,-11.053505
31.933276,18.118423
31.953142,-2.087283
31.973182,31.426867
31.993397,32.721336
32.013159,-37.248772
32.033114,25.870798
32.053268,-14.883656
32.073156,-18.549162
32.093220,5.763610
32.113090,-11.492942
32.133103,-3.796854
32.153187,9.006064
32.173073,-8.431780
32.193057,-12.670384
32.212975,-0.235509
32.233097,-10.220667
32.253139,-11.266623
32.273129,4.886904
32.293270,15.592050
32.313035,-0.237898
32.333066,-10.099497
32.352991,-2.272602
32.373087,-7.348266
32.392915,-14.414058
32.412942,1.928517
32.432921,5.532493
32.452890,-18.080473
32.472820,13.102534
32.492964,-5.432361
32.512975,-10.685858
32.533079,-16.640430
32.553052,14.745937
32.572958,-23.899757
32.592978,0.446749
32.612875,-10.991657
32.633144,2.027114
32.652792,-2.108358
32.672933,-5.537906
32.692717,-7.010674
32.713215,-12.670294
32.732775,-9.030395
32.752791,-7.338873
32.772830,-9.216702
32.792702,1.849415
32.813170,-4.958857
32.832842,-10.307158
32.852696,-5.597838
32.872705,-6.710191
32.892715,-7.919076
32.913027,-7.320344
32.932682,-6.152113
32.952666,-1.458395
32.972714,3.647736
32.992841,-6.749166
33.013973,-8.695560
33.032567,-6.350249
33.052720,7.886621
33.072581,2.395624
33.092657,-6.017599
33.112717,0.364944
33.132641,-10.194898
33.152679,-2.046921
33.172682,-1.044006
33.192642,1.411001
33.212571,-13.636045
33.232600,-7.255877
33.252649,-2.101449
33.272495,-2.818331
33.292493,-5.534649
33.312569,-14.937354
33.333436,0.793820
33.352629,-1.691162
33.372473,-0.791198
33.392546,0.936997
33.413462,-8.627469
33.433410,2.535822
33.453537,1.698777
33.473468,-2.960788
33.493404,-0.359871
33.513484,-2.265277
33.533504,6.466714
33.553401,-6.681247
33.573411,-5.297835
33.593341,7.641896
33.613448,-11.032393
33.633367,5.495245
33.653280,-4.076559
33.673494,1.234373
33.693364,-4.043252
33.713309,-1.930711
33.733236,4.810686
33.753246,-7.427658
33.773249,1.788379
33.793324,-9.730343
33.813351,7.463398
33.833429,-10.630387
33.853225,-4.971898
33.873332,6.616343
33.893242,4.519003
33.913329,-13.713168
33.933564,-7.492762
33.953366,-2.290899
33.973176,-5.796231
33.993398,-0.294667
34.013145,-18.739452
34.033172,-10.440982
34.053123,-2.125494
34.073093,8.201233
34.093448,-1.336502
34.113114,-5.782069
34.133051,0.354909
34.153334,-7.551606
34.173020,1.046069
34.193260,-13.254388
34.215111,-1.165303
34.233119,-12.246328
34.253066,-13.574100
34.273280,-7.750668
34.293163,-0.752589
34.313040,-6.195734
34.333135,11.668660
34.353014,-16.752420
34.373107,-3.266112
34.392955,7.781580
34.412965,-4.938450
34.432905,-3.139081
34.453063,-3.115204
34.473024,-14.432619
34.492935,1.889850
34.513075,0.372241
34.533034,-10.483204
34.552877,-10.237471
34.573046,-2.356135
34.592920,3.002724
34.612884,-6.715357
34.632811,-0.538924
34.652876,-0.717187
34.672992,-3.591846
34.692839,-7.002605
34.712838,5.206248
34.732754,-6.131719
34.752803,-1.581856
34.772927,-3.396786
34.793045,-4.605546
34.812814,-1.989388
34.832760,7.209207
34.852723,7.107892
34.872824,-8.340130
34.893289,1.162854
34.912694,-6.376170
34.932798,0.249522
34.952928,0.050539
34.972721,1.788403
34.992796,-6.628018
35.013132,-1.988536
35.032798,8.266692
35.053341,-2.547398
35.072715,3.038272
35.092671,2.980532
35.112698,-3.800037
35.132783,3.401903
35.152578,-2.599474
35.172663,2.020164
35.192651,-2.824212
35.212762,9.004365
35.232528,-9.936838
35.252612,3.605282
35.272636,0.635049
35.292553,1.785275
35.312674,-1.563487
35.332654,-2.978913
35.352537,-0.256289
35.372712,-0.935001
35.392506,-1.084545
35.413539,1.532771
35.432588,-1.563034
35.452689,-2.152784
35.473638,4.463886
35.493808,0.949385
35.513448,5.850824
35.533479,0.662774
35.553462,7.317963
35.573423,-3.141292
35.593462,0.834388
35.613475,-1.517226
35.633378,7.929363
35.653405,2.021368
35.673333,1.867380
35.693607,-5.995556
35.713459,3.240440
35.733454,-14.412789
35.753512,-9.387195
35.773299,2.742282
35.793357,11.411227
35.813353,3.188812
35.833263,3.412481
35.853411,5.746285
35.873261,-2.807285
35.893268,-1.968513
35.913234,0.546336
35.933361,-1.421927
35.953189,0.574335
35.973256,3.634519
35.993212,2.246208
36.013181,-2.183216
36.033245,-0.849472
36.053272,-4.576960
36.073354,-1.927183
36.093130,4.549201
36.113159,-1.168273
36.133421,4.519842
36.153081,7.909801
36.173152,-4.317449
36.193199,-9.941076
36.213199,-3.066523
36.233111,-4.940095
36.253429,3.322161
36.273365,-4.427385
36.293409,8.377771
36.313082,-0.334727
36.333166,-1.896394
36.353015,2.774718
36.373064,-8.466816
36.393161,-1.555260
36.413348,6.265732
36.433240,4.413609
36.453135,13.888517
36.473103,3.098696
36.493132,-2.188980
36.513187,-4.124168
36.532960,8.404959
36.553103,1.327570
36.573115,-6.445274
36.593031,-2.686334
36.613052,-18.918547
36.633081,9.575273
36.653001,12.406299
36.672990,-11.294165
36.692893,7.850505
36.713049,-1.156842
36.732869,-2.642807
36.752884,7.781937
36.773114,-3.391737
36.792998,8.769398
36.813146,2.925399
36.832944,-7.002309
36.852856,6.155181
36.872814,1.928335
36.892780,21.489965
36.912812,1.247657
36.932914,-1.996223
36.952787,3.176523
36.973297,1.892585
36.992921,-1.197282
37.012858,-1.593923
37.032833,7.140368
37.052683,-5.758967
37.072893,0.256606
37.092890,3.187373
37.112829,-1.947441
37.132763,-4.386805
37.152777,8.690703
37.172718,2.984005
37.192636,-5.151700
37.212671,5.815090
37.233854,12.758789
37.252568,-2.969377
37.272560,1.764089
37.292635,1.966496
37.312686,5.056213
37.334004,5.542820
37.352751,-17.436930
37.372495,1.972281
37.393625,4.453713
37.413610,-5.318289
37.433495,2.100830
37.453473,-5.154348
37.473401,-0.265736
37.493559,-6.824793
37.513418,3.464465
37.533402,-11.819118
37.553556,6.860923
37.573429,5.163016
37.593602,1.409312
37.613417,3.787444
37.633487,8.634823
37.653419,-4.011841
37.673541,-4.033625
37.693699,-13.550784
37.713511,10.922376
37.733454,4.624989
37.753308,-21.726599
37.773324,-4.341515
37.793366,-4.685320
37.813323,7.580917
37.833275,-0.283684
37.853437,6.519506
37.873276,-13.090741
37.893488,-1.102710
37.913278,5.497191
37.933329,-10.955729
37.953204,1.048412
37.973217,5.358680
37.993438,-8.410277
38.013135,-8.913926
38.033203,-4.921364
38.053146,2.398985
38.073105,2.120403
38.093228,9.627662
38.113243,1.974023
38.133239,0.795672
38.153228,9.342126
38.173060,-14.612066
38.193148,-6.772066
38.213169,-4.211394
38.233332,0.168379
38.253265,7.071512
38.272979,-2.169796
38.293114,-1.533312
38.313307,0.059070
38.332956,-3.808187
38.352969,-1.127998
38.373055,-6.027031
38.392926,2.476509
38.412959,1.501311
38.432963,-5.185015
38.452894,-3.279910
38.472982,-3.390717
38.492975,0.749259
38.512910,-2.234944
38.533010,-0.529577
38.552952,-7.393738
38.572976,-1.622749
38.592898,-1.429208
38.612852,-3.627912
38.633041,0.673380
38.653007,-4.003222
38.672905,-3.503249
38.692990,4.898051
38.713389,-0.469941
38.732879,-4.168526
38.752842,-0.798859
38.772954,2.885569
38.792820,-2.919235
38.812922,-4.277068
38.832884,2.180539
38.852805,2.001557
38.872714,-6.086655
38.892840,4.211145
38.912771,-4.270277
38.932909,-7.642678
38.952885,-3.589697
38.972815,1.894096
38.992828,-1.964388
39.012789,-8.435381
39.032833,-7.370900
39.052643,-13.948867
39.072780,-2.346359
39.092786,-1.494957
39.112738,-10.492405
39.132767,-8.304130
39.152698,-5.389414
39.172729,-7.489804
39.192649,-2.753164
39.212787,1.377402
39.232652,-10.865715
39.252668,-7.614531
39.272728,-6.618062
39.292719,-4.501946
39.313584,-4.420393
39.332813,7.072375
39.353600,-13.928690
39.372536,-2.728789
39.393650,3.427137
39.414012,-1.732664
39.433637,6.051174
39.453696,-4.169031
39.473626,-2.142372
39.493590,-12.954062
39.513629,-1.231353
39.533453,1.235759
39.553411,-1.723216
39.573430,-1.872901
39.593549,-0.976652
39.613426,-0.972609
39.633368,-5.241793
39.653394,-4.897993
39.673425,-0.322351
39.693359,-1.787340
39.713480,-0.369092
39.733556,0.672567
39.753413,0.872558
39.773416,1.167768
39.793466,-7.169692
39.813398,-0.803851
39.833276,-0.848025
39.853246,-5.377022
39.873330,-0.402007
39.893381,12.034960
39.913753,-11.316310
39.933219,-4.475528
39.953220,2.180489
39.973229,2.538435
39.993932,-1.435206
40.013207,-13.436189
40.033184,0.584386
40.053139,-6.404765
40.073242,-2.088496
40.093254,-8.182003
40.113292,1.798538
40.133279,0.104808
40.153131,-1.242468
40.173134,-2.449915
40.193137,3.472609
40.213140,-3.313450
40.233194,-7.448051
40.253188,-7.552775
40.273051,-10.387318
40.293102,-2.876162
40.313042,2.653121
40.333031,6.072707
40.353014,-5.285462
40.372969,-5.036565
40.393012,7.728398
40.413141,-8.663048
40.433109,7.362175
40.453043,4.632563
40.473073,-10.917610
40.492979,8.492160
40.513146,2.794496
40.533132,0.300201
40.552990,1.558454
40.572964,-0.795982
40.593062,2.428694
40.612993,-4.441101
40.632901,-0.789023
40.652876,-1.869037
40.673086,-0.350143
40.692927,-0.512409
40.713122,6.136768
40.732955,3.759240
40.752929,0.616624
40.773001,-2.529114
40.792879,1.349877
40.812858,1.836317
40.833089,4.249615
40.852829,4.216839
40.872911,0.117528
40.892798,-6.826769
40.912960,7.731433
40.933008,-6.226869
40.952758,1.831204
40.973009,-0.856907
40.992897,-8.505481
41.013036,-2.740340
41.032794,8.567723
41.052785,3.923728
41.072902,-0.692664
41.092924,-6.289292
41.112833,-12.023060
41.132659,-5.890747
41.152988,3.425218
41.172777,-9.334318
41.192935,-14.316204
41.212782,-13.543599
41.233858,6.889582
41.252895,-2.942728
41.272671,9.914660
41.292688,-22.302166
41.312778,-4.886477
41.333043,-6.455110
41.352703,-5.463048
41.372710,2.588847
41.393538,-3.759475
41.413769,-5.740249
41.432638,8.964738
41.453611,6.497144
41.473697,18.671642
41.493801,7.054783
41.513582,-2.728277
41.533515,7.617391
41.553503,-12.366220
41.573519,-3.290633
41.593507,7.059759
41.613482,-6.227226
41.633643,-4.368937
41.653508,-6.501545
41.673531,-9.266303
41.693744,2.062137
41.713444,-11.519414
41.733847,-17.634520
41.753522,-8.889174
41.773568,8.205904
41.793573,-2.761709
41.813702,-8.930957
41.833477,-12.984761
41.853440,5.204286
41.873389,-2.497851
41.893394,-8.157448
41.913421,9.284781
41.933490,-15.492498
41.953309,-16.849337
41.973308,-13.704796
41.993309,-3.248513
42.013396,5.872701
42.033403,-17.841843
42.053358,1.135377
42.073375,-15.107712
42.093472,-6.837710
42.113260,-6.670326
42.133256,4.313430
42.153274,-4.491829
42.173260,1.500096
42.193500,-5.916642
42.213309,-8.887683
42.233523,-10.391279
42.253182,-1.203087
42.273202,-2.646227
42.293311,-5.405467
42.313176,-3.132914
42.333285,-0.856255
42.353066,-3.716286
42.373128,-6.347209
42.393403,-21.698242
42.413076,-3.481258
42.433147,5.718738
42.453160,5.600682
42.473132,-8.552887
42.493207,-2.067146
42.513072,6.203089
42.533183,-5.187137
42.553018,-3.950014
42.573006,3.984480
42.593073,-1.203657
42.613125,-11.105597
42.632953,-12.589990
42.653058,-5.748216
42.672928,-2.226589
42.693104,-2.943599
42.713651,-1.806102
42.732874,-0.756351
42.753084,0.175725
42.773005,8.131597
42.793075,-6.622501
42.812852,0.849956
42.832888,-8.282434
42.853287,1.738061
42.873017,0.475727
42.892800,-7.256311
42.913117,-2.208449
42.932906,-13.329431
42.952788,2.099081
42.972850,-6.014540
42.992874,3.082422
43.013327,-6.114388
43.032791,-5.524360
43.052732,3.932188
43.072761,-1.486490
43.092693,2.273200
43.112832,-6.845318
43.132859,-1.705572
43.152890,-3.619570
43.172852,-1.071592
43.192668,3.709440
43.213832,-0.157118
43.233771,-3.820339
43.253629,-4.772480
43.273723,-0.388122
43.293611,-1.059557
43.313697,-2.524148
43.333547,-3.579200
43.353664,-9.097407
43.373514,-7.734007
43.393624,0.883192
43.413574,-3.710429
43.433810,-0.070474
43.453810,2.609159
43.473526,-4.274405
43.493625,-1.248496
43.513444,4.449935
43.533521,-3.716323
43.553439,-4.589992
43.573488,2.351143
43.593623,-3.662493
43.613524,1.797183
43.633488,-1.178359
43.653571,3.749731
43.673378,-2.696678
43.693578,-4.326857
43.713547,-5.813223
43.733770,-7.757008
43.753482,-4.951370
43.773343,-2.951274
43.793466,-1.918153
43.813579,-0.600076
43.833440,-0.051433
43.853277,2.380512
43.873296,1.663389
43.893320,1.578988
43.913263,-0.890381
43.933312,-0.456856
43.953312,4.438466
43.973649,-4.584616
43.993499,-0.661208
44.013336,-8.701977
44.033251,3.334651
44.053188,-1.596588
44.073278,-3.460797
44.093335,-3.604509
44.113610,-0.964970
44.133657,0.235619
44.153207,3.098459
44.173145,4.564713
44.193240,-0.560270
44.213268,-0.229859
44.233256,-0.862795
44.253089,1.268921
44.273137,4.053876
44.293086,-6.049568
44.313195,3.706184
44.333066,5.757936
44.353150,-4.201537
44.373104,-3.443090
44.393172,6.161495
44.413093,2.111645
44.433077,-0.947969
44.453041,7.197494
44.473186,-1.771024
44.492948,-1.346357
44.513125,-11.516514
44.533002,-0.805412
44.553018,1.839143
44.573000,0.884968
44.592900,-3.825606
44.613061,1.942901
44.633620,3.546153
44.652940,-1.116606
44.673227,-4.069459
44.692896,2.502691
44.712949,-5.386280
44.732896,-0.473332
44.752871,-0.573115
44.772935,-1.263735
44.792921,2.693939
44.812962,0.833719
44.832867,2.990126
44.853021,1.034900
44.872811,4.510272
44.892825,5.034039
44.912925,-5.044840
44.932944,2.108019
44.952779,8.305131
44.972787,5.986606
44.992738,-5.558358
45.013083,2.384783
45.033941,4.613193
45.052784,1.074248
45.073826,0.925982
45.093886,-0.027049
45.112844,-3.158370
45.133850,-0.826938
45.153680,-0.792836
45.173630,0.783482
45.193743,-1.041245
45.214095,-2.658397
45.233710,1.275843
45.253761,-0.255981
45.273753,-4.913953
45.293825,2.712031
45.313680,5.609602
45.333687,-0.531205
45.353719,1.944406
45.373639,6.478908
45.393666,3.490221
45.413590,4.908285
45.433766,3.258600
45.453585,1.438609
45.473490,-1.807876
45.493647,2.511540
45.513666,-1.703025
45.533546,-5.593565
45.553478,4.291568
45.573624,0.371550
45.593632,1.258837
45.613521,8.565677
45.633656,16.334660
45.653510,3.487621
45.673539,3.600078
45.693492,-2.921026
45.713395,7.200020
45.733519,-3.370137
45.753535,-1.602075
45.773505,4.997373
45.793607,-1.791460
45.813525,3.946049
45.833390,7.065021
45.853333,4.520900
45.873481,4.824344
45.893375,-6.486132
45.913467,3.393373
45.933390,0.515926
45.953447,0.949311
45.973311,-2.773327
45.993524,-3.973914
46.013381,2.001210
46.033361,-1.071436
46.053258,2.320434
46.073420,0.720490
46.093374,-0.669174
46.113180,1.652840
46.133165,4.110250
46.153182,5.540411
46.173233,-4.643676
46.193155,4.043092
46.213197,2.306934
46.233214,-0.248270
46.253332,5.263014
46.273146,-8.540825
46.293337,1.429197
46.313358,-3.247731
46.333113,3.415580
46.353093,0.913977
46.373215,8.111156
46.393131,2.392549
46.413186,-3.254364
46.433118,10.039077
46.453165,-12.632468
46.473102,7.727764
46.492994,0.341875
46.513177,8.964206
46.533062,13.915823
46.553022,-15.535441
46.573109,5.373121
46.592946,-11.605515
46.613155,15.487793
46.632995,4.283228
46.652913,-6.616886
46.672923,15.623547
46.693076,0.811486
46.713016,-5.547430
46.732983,6.430269
46.752941,7.471463
46.773036,-2.742704
46.792886,3.292431
46.813167,-8.156115
46.832832,4.543719
46.852985,10.193106
46.872862,-2.069311
46.892953,1.607875
46.912876,0.553253
46.932765,5.271058
46.953933,-0.062477
46.972809,-2.224741
46.992737,0.544090
47.013810,15.066081
47.032789,-8.272262
47.053705,3.430346
47.073705,-4.558168
47.093686,-9.042541
47.113704,9.977184
47.133852,-0.061197
47.153778,4.877443
47.173780,9.394677
47.193686,-3.102947
47.213975,-1.669942
47.233696,-12.195428
47.253669,2.133998
47.273808,-15.802458
47.293634,-1.312160
47.313751,-7.256161
47.333760,-1.521175
47.353723,-9.914421
47.373553,-4.521253
47.393742,-1.505581
47.413850,7.135889
47.433688,-2.326445
47.453594,1.127203
47.473591,-0.225514
47.493857,-2.735302
47.513574,-5.100186
47.533616,-3.543839
47.553548,4.082842
47.573601,-9.235195
47.593517,0.563465
47.613523,-3.090785
47.633471,-1.809805
47.653502,4.973054
47.673642,-0.554536
47.693464,-9.565858
47.713400,16.485064
47.733375,-9.968573
47.753467,1.725304
47.773353,-6.518080
47.793381,8.645333
47.813498,-11.691408
47.833376,6.029982
47.853446,6.856956
47.873328,9.439758
47.893299,-1.026424
47.913496,-1.711259
47.933339,7.660113
47.953295,4.809656
47.973372,-2.794354
47.993345,12.943372
48.013336,-5.865052
48.033240,-2.060465
48.053384,4.651948
48.073222,2.849988
48.093478,-2.271872
48.113399,-11.761510
48.133256,-4.648542
48.153191,5.543451
48.173136,5.906610
48.193173,-4.027258
48.213368,1.499849
48.233232,10.134595
48.253192,-2.784371
48.273381,5.933885
48.293119,2.014157
48.313156,-4.636158
48.333256,-4.023534
48.353085,3.713936
48.373202,2.332489
48.393215,-2.921533
48.413328,18.954790
48.433247,5.611423
48.453148,8.044394
48.473003,5.668443
48.492984,0.534004
48.513166,5.070011
48.533066,1.834988
48.553087,-2.991787
48.573000,-5.361876
48.592917,-6.298508
48.613155,-3.184098
48.632914,8.484246
48.653093,12.457434
48.673016,2.937517
48.692927,6.794975
48.712909,1.598176
48.733051,17.249300
48.753057,-5.606598
48.772951,1.210554
48.792926,-5.667600
48.813047,4.903631
48.832950,9.240812
48.852880,-0.060580
48.872977,2.196008
48.892920,0.867740
48.913017,3.352510
48.933911,-3.627817
48.952915,-4.549924
48.972797,4.349564
48.992799,-6.850065
49.012886,0.548229
49.033834,-7.538752
49.052883,-0.583423
49.073935,-0.731723
49.093918,10.423596
49.113938,2.859724
49.133737,10.599811
49.153764,-4.324647
49.173729,-4.374192
49.193932,4.011497
49.213796,-10.992404
49.233819,5.475464
49.253873,1.416607
49.273721,8.407894
49.293691,4.704263
49.313651,14.440361
49.333726,-3.099475
49.353669,-2.798695
49.373721,-5.551109
49.393610,-5.948883
49.413766,7.733857
49.433719,13.796042
49.453709,-5.393134
49.473548,0.939677
49.493611,2.462182
49.513803,-2.952299
49.533734,1.421845
49.553643,-9.491442
49.573565,10.736188
49.593810,2.905423
49.613588,6.000385
49.633765,-5.386079
49.653506,-0.529936
49.673469,-0.703670
49.693563,-0.922740
49.713500,2.848364
49.733610,4.424155
49.753445,1.915234
49.773433,7.887371
49.793467,0.121261
49.813438,1.261883
49.834034,2.865074
49.853532,-5.715310
49.873407,3.393013
49.893497,-4.665754
49.913394,10.528314
49.933537,6.765606
49.953341,7.107400
49.973385,1.775307
49.993422,1.879618
50.013752,1.978852
50.033350,3.506762
50.053353,2.573691
50.073456,-1.502253
50.093478,3.568145
50.113368,0.217825
50.133374,1.560397
50.153426,2.754022
50.173301,-0.557357
50.193406,1.993871
50.213301,0.397719
50.233240,1.232441
50.253226,2.848667
50.273206,-2.789118
50.293311,3.742070
50.313133,-2.018944
50.333318,0.866011
50.353286,-7.143769
50.373253,-0.304342
50.393162,1.209810
50.413231,-4.570242
50.433253,3.716602
50.453167,1.270413
50.473164,3.904965
50.493089,-0.041598
50.513079,1.920813
50.533357,-1.621287
50.553164,7.200277
50.573038,-7.791904
50.593009,3.289898
50.613154,-4.939126
50.633248,3.551482
50.653177,-3.822936
50.673050,-2.280508
50.693225,4.443538
50.713166,-10.688234
50.733002,-9.965118
50.753147,3.622813
50.773060,-3.159613
50.793047,-4.535861
50.812961,5.656357
50.833035,-3.604290
50.854026,2.001223
50.872876,0.284079
50.892958,0.400984
50.914059,-1.498771
50.933007,-2.422947
50.953944,-0.212458
50.972902,-0.484624
50.993013,-7.255589
51.014110,-0.708184
51.032885,-2.404927
51.052853,-0.497328
51.072936,-1.083363
51.092804,4.084368
51.113938,-13.908429
51.134241,1.702965
51.153753,1.877371
51.173830,0.724907
51.193792,1.387191
51.213780,3.908932
51.233777,-0.151615
51.253799,-1.003177
51.273723,3.766867
51.293691,1.359861
51.313703,-1.509341
51.333757,2.520367
51.353734,-1.222574
51.373805,-3.504225
51.393686,-1.080354
51.413590,-1.279995
51.433747,-3.410514
51.453618,-0.862812
51.473761,-0.714863
51.493852,0.757535
51.513633,-1.148801
51.533623,-1.705963
51.553714,-2.085022
51.573646,-1.963983
51.593660,-3.083873
51.613644,-3.370775
51.633701,-2.250075
51.653575,-3.577845
51.673637,-6.451478
51.693639,-4.030237
51.713487,-3.341188
51.733486,-2.890304
51.753552,-4.909781
51.773460,-6.783523
51.793653,-4.311410
51.813517,-5.749779
51.833528,-5.340002
51.853415,-5.311909
51.873584,-6.567265
51.893517,-11.169023
51.913448,-3.833638
51.933469,-3.760936
51.953455,-4.971971
51.973590,-6.787769
51.993459,-2.433223
52.013713,-7.195769
52.033342,-6.153950
52.053339,-6.881147
52.073440,-4.289369
52.093431,-3.263582
52.113382,-3.273746
52.133343,-3.901855
52.153427,-3.005231
52.173251,-2.290925
52.193371,-3.162468
52.213337,-1.457208
52.233300,0.789020
52.253257,1.251962
52.273278,-1.474436
52.293359,-2.159828
52.313639,-4.570797
52.333206,-5.638606
52.353155,-5.864757
52.373228,-1.642722
52.393485,-3.968351
52.413291,-2.458237
52.433192,-1.258986
52.453288,-4.908568
52.473112,-4.279826
52.493147,-4.088931
52.513310,-1.690860
52.533215,-3.655887
52.553160,-3.423660
52.573119,-5.057745
52.593047,-3.480043
52.613197,-3.172973
52.633048,-4.212581
52.653151,-2.735437
52.673007,-2.156958
52.693045,-2.826150
52.713331,-2.287533
52.733051,-2.771332
52.753129,-1.801033
52.772994,-2.219546
52.792980,-2.670607
52.813027,-4.438179
52.832951,-5.417981
52.853046,-4.011766
52.872971,-2.103524
52.893036,-1.644128
52.913172,-3.218957
52.934123,-2.848730
52.953128,-1.734739
52.973039,-2.285152
52.993899,-1.175089
53.014071,-1.853092
53.033153,0.091374
53.052986,0.052451
53.072964,0.267795
53.093987,-0.859753
53.113106,0.809624
53.133968,-0.405454
53.152870,0.727778
53.173882,0.150682
53.193806,-0.119480
53.213941,-0.626219
53.233762,-1.812422
53.253864,0.622383
53.273765,-1.665921
53.293884,-1.234957
53.313800,-2.628997
53.333716,0.612387
53.354018,1.489611
53.373690,3.614565
53.393820,-5.108093
53.413717,-4.180319
53.433778,-3.633511
53.453597,0.462434
53.473796,-1.098011
53.493901,-2.732388
53.513610,-6.614658
53.533503,-2.795059
53.553634,-2.787129
53.573743,-1.561395
53.593757,-4.146890
53.613677,-3.404611
53.633545,-1.014113
53.653621,0.013392
53.673700,-1.100701
53.693628,-3.081423
53.713541,-3.095268
53.733738,-3.826687
53.753696,-4.651216
53.773513,-4.513035
53.793707,-4.650258
53.813611,-3.020529
53.833533,2.053440
53.853489,0.513938
53.873600,-1.550228
53.893719,-1.423679
53.913593,-4.882565
53.933579,-1.802214
53.953532,-4.031524
53.973386,-0.610825
53.993654,-1.450242
54.013445,-0.889290
54.033438,-0.595814
54.053386,-0.357101
54.073378,-2.528763
54.093390,-4.071551
54.113533,-2.628048
54.133634,-3.066547
54.153393,-2.573700
54.173324,-5.645959
54.193392,-5.237489
54.213362,-6.421351
54.233383,-3.752507
54.253319,-2.870920
54.273431,-0.844666
54.293340,-1.398670
54.313323,-0.903891
54.333275,-0.736028
54.353261,-2.680664
54.373311,-4.783717
54.393501,-1.953635
54.413270,-0.346016
54.433259,-3.100977
54.453326,-0.231643
54.473298,-7.216916
54.493272,0.416274
54.513249,-0.609387
54.533338,0.995555
54.553306,-0.781662
54.573166,0.679715
54.593238,2.215784
54.613119,1.132758
54.633174,-1.961706
54.653152,-6.115705
54.673231,-18.134462
54.693254,-9.507530
54.713149,-1.823434
54.733137,1.562767
54.753120,-6.860565
54.773171,-3.454775
54.793508,-4.429545
54.813000,-4.424458
54.833193,-1.525555
54.853181,-4.442793
54.873184,-3.762886
54.893163,-6.657402
54.912952,-3.234238
54.932991,2.642683
54.953266,-1.696928
54.972934,-3.487115
54.993946,-0.010279
55.014085,-2.912886
55.032988,-5.174222
55.052927,-5.088283
55.073957,-1.906092
55.092988,-2.589076
55.114618,-4.682755
55.134129,-6.079292
55.153893,-3.806271
55.173945,-5.148095
55.193930,-4.709081
55.213877,-6.474311
55.233835,-5.738067
55.253886,-7.811457
55.273933,-6.068146
55.293908,-2.161862
55.313964,-3.719326
55.333909,-6.050525
55.353796,-3.328688
55.373916,-2.160885
55.393882,-1.668781
55.413891,6.192567
55.434082,-3.693197
55.453903,-2.956913
55.473856,-8.365683
55.493798,-2.482987
55.513844,-3.834696
55.533823,-0.835550
55.553895,-1.540312
55.573711,-1.482446
55.593807,-6.989717
55.613715,-3.993113
55.633712,-7.128772
55.653788,-5.948720
55.673667,-4.427151
55.693848,-4.017838
55.713600,-10.008678
55.733724,-4.061299
55.753860,-5.025809
55.773820,-1.562316
55.793877,-4.982951
55.813654,-4.981651
55.833576,-2.735194
55.853524,-2.609530
55.873695,-1.776032
55.893560,3.827754
55.913585,-4.370232
55.933661,4.259011
55.953535,0.784660
55.973685,-0.624557
55.993494,-2.953758
56.013457,3.177049
56.033654,-0.584774
56.053385,5.639162
56.073461,1.751341
56.093616,3.336393
56.113535,1.406834
56.133584,-5.014272
56.153479,1.834152
56.173463,4.066351
56.193573,2.538164
56.213476,0.773550
56.233605,1.909480
56.253439,4.510467
56.273515,2.516313
56.293567,4.670015
56.313549,3.681544
56.333306,0.639862
56.353325,-3.113649
56.373409,-0.314867
56.393350,5.327752
56.413406,0.303160
56.433452,0.719339
56.453345,-1.629453
56.473267,-1.041425
56.493232,-1.100635
56.513315,3.367960
56.533331,-1.675557
56.553342,-8.411404
56.573355,4.987591
56.593570,1.076432
56.613349,-1.737703
56.633194,2.293024
56.653243,1.521409
56.673440,5.946893
56.693168,6.903125
56.713350,2.406208
56.733173,6.094859
56.753130,3.016416
56.773175,4.012355
56.793169,3.242247
56.813157,-1.836868
56.833227,6.699048
56.853128,-7.472253
56.873176,0.309690
56.893027,1.479053
56.913213,0.688765
56.933103,0.314639
56.953085,-0.011153
56.973078,-0.982468
56.993043,-1.579876
57.013284,4.133724
57.032998,2.835056
57.053015,3.003132
57.072972,4.105006
57.094181,3.596737
57.114035,8.767433
57.133090,4.793005
57.153996,5.511572
57.172995,0.161137
57.194168,7.647044
57.214034,-5.678921
57.234197,-6.248840
57.254137,-4.202335
57.273938,2.204264
57.294008,14.497497
57.314065,3.989392
57.333854,-1.441433
57.354023,5.131615
57.373979,4.642772
57.393807,5.299159
57.413786,-1.980951
57.433871,-0.895297
57.453906,4.908023
57.473854,-4.272266
57.493765,-1.452359
57.513961,3.234099
57.533741,5.086658
57.553802,4.408431
57.573917,6.296060
57.593868,-4.441123
57.613895,6.266316
57.633721,6.225423
57.654429,4.312571
57.673720,0.485755
57.693717,2.697582
57.713602,1.456332
57.733699,2.363865
57.753618,-5.598615
57.773767,1.401545
57.793861,-3.722098
57.813828,-1.665811
57.833654,3.374522
57.853573,4.925127
57.873561,4.495207
57.893667,4.338112
57.913554,-1.865029
57.933635,0.159918
57.953512,-1.110259
57.973547,-3.653376
57.993508,2.334249
58.013665,5.297281
58.033548,3.015436
58.053433,6.845658
58.073572,-6.104914
58.093626,3.472329
58.113637,7.068391
58.133374,-4.171840
58.153541,0.898534
58.173546,5.887528
58.193421,-2.270217
58.213378,0.087047
58.233407,0.386075
58.253391,2.028782
58.273354,2.154716
58.293474,5.435249
58.313425,0.771854
58.333453,1.553795
58.353312,2.150953
58.373298,-3.149144
58.393404,0.104503
58.413413,4.894337
58.433238,2.077261
58.453297,-7.114322
58.473431,-0.123672
58.493200,-5.123089
58.513259,-4.519233
58.533290,-0.900177
58.553230,0.745873
58.573345,4.021052
58.593247,-2.140996
58.613249,1.381364
58.633201,0.422097
58.653132,-0.804008
58.673470,1.177007
58.693178,-4.946746
58.713071,0.638717
58.733103,-0.524533
58.753168,-0.578628
58.773253,0.099575
58.793158,0.681393
58.813294,-3.828709
58.833087,6.610292
58.853132,1.836652
58.873274,1.752377
58.893100,3.483512
58.913011,2.061575
58.933108,-0.206511
58.953084,2.664239
58.973212,1.618279
58.994111,2.567239
59.014092,-7.568747
59.034150,12.682877
59.054025,4.802799
59.074018,3.175350
59.093982,-4.523246
59.113969,-3.113929
59.133957,5.342206
59.154026,2.436639
59.173850,0.733497
59.193869,2.755531
59.214134,-5.550170
59.234047,-2.689563
59.253793,2.045285
59.273872,4.017691
59.293817,6.850598
59.313871,-2.919002
59.333855,2.257340
59.353881,1.696660
59.373853,4.268864
59.393765,-1.517265
59.413977,2.937201
59.434215,6.194436
59.453899,0.448928
59.473770,2.791352
59.493757,1.731944
59.513848,1.125552
59.533797,2.882241
59.553781,1.154378
59.573770,1.905942
59.593772,0.179227
59.613757,1.660214
59.633670,-1.076159
59.653836,-0.480120
59.673651,-0.032679
59.693703,0.137049
59.713647,0.773330
59.733660,-1.840290
59.753647,-0.321215
59.773596,-2.277284
59.793688,0.377247
59.813561,0.592119
59.833518,1.131655
59.853544,-1.909539
59.873655,-0.310191
59.893543,-0.056010
59.913574,-0.222584
59.933635,-0.625168
59.953452,0.289055
59.973663,-0.075972
59.993448,0.703767
60.013562,0.859674
60.033653,2.393422
60.053540,3.544274
60.073593,2.766965
60.093556,4.721966
60.113483,2.870094
60.133495,3.711431
60.153477,4.148243
60.173368,4.488995
60.193470,3.566494
60.213438,3.868329
60.233322,1.296548
60.253348,1.516052
60.273487,2.073886
60.293430,1.245811
60.313461,0.140222
60.333361,-0.036658
60.353406,0.219115
60.373410,1.428172
60.393624,0.877662
60.413347,0.842149
60.433250,0.606094
60.453349,1.719326
60.473260,2.561350
60.493334,2.501977
60.513325,3.265399
60.533218,2.609202
60.553229,1.002106
60.573403,2.407564
60.593320,4.085764
60.613373,3.557605
60.633158,1.348381
60.653192,0.790694
60.673193,1.858331
60.693183,2.558554
60.713345,0.233655
60.733043,-0.973364
60.753117,1.122004
60.773120,0.956774
60.793215,-0.091261
60.813146,0.073288
60.833041,-0.115992
60.853987,-0.306364
60.874264,0.137274
60.894328,0.250299
60.914123,-0.493305
60.934083,-0.142564
60.954029,-0.038980
60.973933,-0.066704
60.994097,-0.165139
61.014040,-1.369968
61.034569,-0.786031
61.053880,-0.370830
61.073867,0.204772
61.094014,-0.109924
61.113848,-1.845081
61.133876,0.003222
61.153932,-0.325678
61.173882,0.080697
61.193837,-0.117345
61.213993,0.942158
61.233829,-0.925478
61.253990,-0.529282
61.273957,-0.682996
61.293909,0.884323
61.313936,0.284067
61.333769,-0.122021
61.354014,-0.591283
61.373790,-0.751921
61.393827,-0.133334
61.413783,0.117953
61.433785,-0.484446
61.453830,-0.784937
61.473905,0.291823
61.494071,-0.286098
61.513795,1.072176
61.533809,-0.007157
61.553799,0.725617
61.573904,-0.714299
61.594000,-0.483889
61.613683,-0.723789
61.633690,1.256449
61.653680,-1.028891
61.673737,1.612254
61.693647,-0.351509
61.713640,1.174158
61.733733,-0.853597
61.753687,-0.101921
61.773623,-0.768555
61.793787,0.034290
61.813768,-0.148858
61.833544,0.258481
61.853652,1.121203
61.873558,0.382463
61.893848,0.236043
61.913845,1.177241
61.933635,1.427703
61.953504,0.559445
61.973624,-0.626378
61.993565,-1.218504
62.013492,-0.956448
62.033514,-1.642573
62.053439,-0.296648
62.073509,1.116697
62.093501,-0.045927
62.113604,0.454135
62.133389,-0.281795
62.153408,-0.531448
62.173395,-0.196470
62.193426,-1.242443
62.213636,-1.782304
62.233363,-1.029018
62.253539,0.697017
62.273509,-0.239596
62.293365,-0.350083
62.313447,-0.390785
62.333308,-1.407403
62.353309,0.550219
62.373537,2.698205
62.393497,1.418514
62.413690,2.153637
62.433447,2.394500
62.453239,3.894982
62.473424,1.836324
62.493424,2.893073
62.513433,1.490628
62.533284,1.853501
62.553309,1.433228
62.573334,0.483931
62.593209,0.916031
62.613169,0.688983
62.633319,-0.627550
62.653311,-0.162743
62.673286,-0.137462
62.693217,-0.564613
62.713128,-2.372896
62.733202,-1.046650
