0.209904,-96.482883
0.229914,-96.482883
0.249897,-96.482883
0.269973,-96.482883
0.289949,-96.482883
0.309901,-96.482883
0.329888,-96.482883
0.349842,-96.482883
0.369820,-96.482883
0.390001,-96.482883
0.409946,-96.482883
0.429795,-96.482883
0.449768,-96.482883
0.469876,-96.482883
0.489819,-96.482883
0.509787,-96.482883
0.529711,-96.482883
0.549749,-96.482883
0.569818,-96.482883
0.589901,-96.482883
0.609822,-96.482883
0.629745,-96.482883
0.649934,-96.482883
0.669652,-96.482883
0.689652,-96.482883
0.709647,-96.482883
0.729694,-96.482883
0.749743,-96.482883
0.769771,-96.482883
0.789802,-96.482883
0.809613,-96.482883
0.829560,-96.482883
0.849553,-96.482883
0.869568,-96.482883
0.889611,-96.482883
0.909588,-96.482883
0.929568,-96.482883
0.949490,-96.482883
0.970570,-96.482883
0.990508,-96.482883
1.010388,-96.482883
1.030460,-96.482883
1.050447,-96.482883
1.070700,-96.482883
1.090406,-96.482883
1.110367,-96.482883
1.130360,-96.482883
1.150316,-96.482883
1.170396,-96.482883
1.190335,-96.482883
1.210366,-96.482883
1.230350,-96.482883
1.250299,-96.482883
1.270304,-96.482883
1.290305,-96.482883
1.310379,-96.482883
1.330205,-96.482883
1.350274,-96.482883
1.370280,-96.482883
1.390256,-96.482883
1.410209,-96.482883
1.430181,-96.482883
1.450233,-96.482884
1.470158,-96.482884
1.490135,-96.482884
1.510309,-96.482884
1.530133,-96.482884
1.550040,-96.482884
1.570128,-96.482884
1.590116,-96.482884
1.610168,-96.482884
1.630049,-96.482884
1.650042,-96.482884
1.670044,-96.482884
1.690017,-96.482886
1.710015,-96.482886
1.729975,-96.482886
1.749980,-96.482886
1.770038,-96.482886
1.789957,-96.482886
1.809934,-96.482886
1.829919,-96.482886
1.849952,-96.482886
1.869900,-96.482889
1.889966,-96.482889
1.909926,-96.482889
1.929880,-96.482889
1.949857,-96.482889
1.969945,-96.482889
1.989816,-96.482889
2.009926,-96.482889
2.029819,-96.482889
2.049820,-96.482894
2.069786,-96.482894
2.089888,-96.482894
2.109895,-96.482894
2.129791,-96.482894
2.149901,-96.482894
2.169909,-96.482894
2.189778,-96.482894
2.209784,-96.482894
2.229698,-96.482894
2.249777,-96.482899
2.269714,-96.482899
2.289840,-96.482899
2.309648,-96.482899
2.329659,-96.482899
2.349754,-96.482899
2.369623,-96.482899
2.389661,-96.482899
2.409595,-96.482899
2.429618,-96.482899
2.449661,-96.482905
2.469596,-96.482905
2.489605,-96.482905
2.509637,-96.482905
2.529513,-96.482905
2.549728,-96.482905
2.569547,-96.482905
2.589488,-96.482905
2.609503,-96.482905
2.629550,-96.482905
2.649674,-96.482905
2.669481,-96.482912
2.689631,-96.482912
2.709402,-96.482912
2.730476,-96.482912
2.750492,-96.482912
2.770570,-96.482912
2.790545,-96.482912
2.810440,-96.482912
2.830480,-96.482912
2.850404,-96.482920
2.870379,-96.482920
2.890421,-96.482920
2.910296,-96.482920
2.930287,-96.482920
2.950340,-96.482920
2.970303,-96.482920
2.990296,-96.482920
3.010293,-96.482920
3.030274,-96.482920
3.050313,-96.482928
3.070291,-96.482928
3.090225,-96.482928
3.110210,-96.482928
3.130282,-96.482928
3.150302,-96.482928
3.170220,-96.482928
3.190235,-96.482928
3.210216,-96.482928
3.230178,-96.482928
3.250182,-96.482938
3.270186,-96.482938
3.290211,-96.482938
3.310102,-96.482938
3.330092,-96.482938
3.350106,-96.482938
3.370136,-96.482938
3.390145,-96.482938
3.410048,-96.482938
3.430018,-96.482938
3.450078,-96.482948
3.470145,-96.482948
3.490066,-96.482948
3.510013,-96.482948
3.529966,-96.482948
3.549988,-96.482948
3.570042,-96.482948
3.590030,-96.482948
3.609963,-96.482948
3.629892,-96.482948
3.650047,-96.482948
3.669963,-96.482958
3.689933,-96.482958
3.709887,-96.482958
3.729999,-96.482958
3.749936,-96.482958
3.769885,-96.482958
3.789883,-96.482958
3.809937,-96.482958
3.829822,-96.482958
3.849782,-96.482969
3.869801,-96.482969
3.889815,-96.482969
3.909744,-96.482969
3.929818,-96.482969
3.949843,-96.482969
3.969690,-96.482969
3.989659,-96.482969
4.009761,-96.482969
4.029670,-96.482969
4.049743,-96.482981
4.069713,-96.482981
4.089692,-96.482981
4.109673,-96.482981
4.129562,-96.482981
4.149723,-96.482981
4.169648,-96.482981
4.189652,-96.482981
4.209615,-96.482981
4.229595,-96.482981
4.249538,-96.482993
4.269557,-96.482993
4.289569,-96.482993
4.309624,-96.482993
4.329523,-96.482993
4.349583,-96.482993
4.370537,-96.482993
4.389472,-96.482993
4.410376,-96.482993
4.430453,-96.482993
4.450480,-96.483005
4.470536,-96.483005
4.490386,-96.483005
4.510490,-96.483005
4.530346,-96.483005
4.550331,-96.483005
4.570391,-96.483005
4.590347,-96.483005
4.610396,-96.483005
4.630404,-96.483005
4.650427,-96.483005
4.670345,-96.483019
4.690307,-96.483019
4.710320,-96.483019
4.730346,-96.483019
4.750296,-96.483019
4.770293,-96.483019
4.790194,-96.483019
4.810257,-96.483019
4.830162,-96.483019
4.850255,-96.483032
4.870240,-96.483032
4.890223,-96.483032
4.910129,-96.483032
4.930104,-96.483032
4.950097,-96.483032
4.970175,-96.483032
4.990092,-96.483032
5.010107,-96.483032
5.030057,-96.483032
5.050030,-96.483046
5.070234,-96.483046
5.090048,-96.483046
5.109991,-96.483046
5.130038,-96.483046
5.150012,-96.483046
5.170044,-96.483046
5.189952,-96.483046
5.209992,-96.483046
5.229928,-96.483046
5.249941,-96.483061
5.270069,-96.483061
5.289990,-96.483061
5.309902,-96.483061
5.330103,-96.483061
5.349917,-96.483061
5.370072,-96.483061
5.389802,-96.483061
5.409822,-96.483061
5.429764,-96.483061
5.449884,-96.483076
5.469839,-96.483076
5.489715,-96.483076
5.509800,-96.483076
5.529747,-96.483076
5.549756,-96.483076
5.569785,-96.483076
5.589721,-96.483076
5.609751,-96.483076
5.629696,-96.483076
5.649680,-96.483076
5.669656,-96.483091
5.689759,-96.483091
5.709653,-96.483091
5.729706,-96.483091
5.749674,-96.483091
5.769648,-96.483091
5.789809,-96.483091
5.809531,-96.483091
5.829633,-96.483091
5.849619,-96.483107
5.869626,-96.483107
5.889552,-96.483107
5.909584,-96.483107
5.929517,-96.483107
5.949544,-96.483107
5.969446,-96.483107
5.989496,-96.483107
6.009540,-96.483107
6.029561,-96.483107
6.049486,-96.483122
6.069546,-96.483122
6.089509,-96.483122
6.109444,-96.483122
6.130495,-96.483122
6.150526,-96.483122
6.170452,-96.483122
6.190469,-96.483122
6.210494,-96.483122
6.230504,-96.483122
6.250483,-96.483139
6.270426,-96.483139
6.290383,-96.483139
6.310292,-96.483139
6.330305,-96.483139
6.350375,-96.483139
6.370406,-96.483139
6.390475,-96.483139
6.410296,-96.483139
6.430472,-96.483139
6.450261,-96.483155
6.470288,-96.483155
6.490174,-96.483155
6.510238,-96.483155
6.530195,-96.483155
6.550220,-96.483155
6.570182,-96.483155
6.590209,-96.483155
6.610212,-96.483155
6.630340,-96.483155
6.650272,-96.483172
6.670224,-96.483172
6.690147,-96.483172
6.710064,-96.483172
6.730199,-96.483172
6.750193,-96.483172
6.770095,-96.483172
6.790053,-96.483172
6.810104,-96.483172
6.830560,-96.483172
6.850056,-96.483190
6.869998,-96.483190
6.890080,-96.483190
6.910063,-96.483190
6.930095,-96.483190
6.950028,-96.483190
6.969944,-96.483190
6.989971,-96.483190
7.010020,-96.483190
7.029995,-96.483190
7.050031,-96.483207
7.069908,-96.483207
7.089898,-96.483207
7.109834,-96.483207
7.129907,-96.483207
7.149902,-96.483207
7.169801,-96.483207
7.189883,-96.483207
7.209853,-96.483207
7.229774,-96.483207
7.249897,-96.483225
7.269824,-96.483225
7.289842,-96.483225
7.309742,-96.483225
7.329726,-96.483225
7.349815,-96.483225
7.369681,-96.483225
7.389777,-96.483225
7.409681,-96.483225
7.429749,-96.483225
7.449706,-96.483243
7.469618,-96.483243
7.489729,-96.483243
7.509664,-96.483243
7.529787,-96.483243
7.549731,-96.483243
7.569556,-96.483243
7.589646,-96.483243
7.609612,-96.483243
7.629600,-96.483243
7.649602,-96.483243
7.669468,-96.483243
7.689624,-96.483261
7.709483,-96.483261
7.729537,-96.483261
7.750433,-96.483261
7.769461,-96.483261
7.790568,-96.483261
7.809398,-96.483261
7.830476,-96.483261
7.850448,-96.483279
7.870391,-96.483279
7.890448,-96.483279
7.910484,-96.483279
7.930465,-96.483279
7.950397,-96.483279
7.970328,-96.483279
7.990444,-96.483279
8.010344,-96.483279
8.030386,-96.483279
8.050354,-96.483297
8.070312,-96.483297
8.090369,-96.483297
8.110302,-96.483297
8.130279,-96.483297
8.150262,-96.483297
8.170222,-96.483297
8.190292,-96.483297
8.210240,-96.483297
8.230255,-96.483297
8.250192,-96.483315
8.270172,-96.483315
8.290157,-96.483315
8.310265,-96.483315
8.330162,-96.483315
8.350195,-96.483315
8.370083,-96.483315
8.390147,-96.483315
8.410087,-96.483315
8.430081,-96.483315
8.450157,-96.483333
8.470074,-96.483333
8.490061,-96.483333
8.510114,-96.483333
8.530101,-96.483333
8.550081,-96.483333
8.569945,-96.483333
8.590049,-96.483333
8.609985,-96.483333
8.629972,-96.483333
8.650065,-96.483333
8.669905,-96.483351
8.690032,-96.483351
8.710033,-96.483351
8.729939,-96.483351
8.749935,-96.483351
8.769889,-96.483351
8.789921,-96.483351
8.809933,-96.483351
8.829900,-96.483351
8.849865,-96.483370
8.869814,-96.483370
8.889948,-96.483370
8.909793,-96.483370
8.929815,-96.483370
8.949867,-96.483370
8.969774,-96.483370
8.989807,-96.483370
9.009750,-96.483370
9.029755,-96.483370
9.049843,-96.483390
9.069744,-96.483390
9.089887,-96.483390
9.109802,-96.483390
9.129754,-96.483390
9.149697,-96.483390
9.169675,-96.483390
9.189833,-96.483390
9.209660,-96.483390
9.229682,-96.483390
9.249664,-96.483409
9.269600,-96.483409
9.289697,-96.483409
9.309664,-96.483409
9.329614,-96.483409
9.349643,-96.483409
9.369608,-96.483409
9.389591,-96.483409
9.409861,-96.483409
9.429629,-96.483409
9.449598,-96.483429
9.469520,-96.483429
9.489572,-96.483429
9.509554,-96.483429
9.529558,-96.483429
9.549602,-96.483429
9.569488,-96.483429
9.589533,-96.483429
9.610524,-96.483429
9.629544,-96.483429
9.649469,-96.483429
9.670449,-96.483450
9.690518,-96.483450
9.710417,-96.483450
9.730447,-96.483450
9.750494,-96.483450
9.770422,-96.483450
9.790495,-96.483450
9.810314,-96.483450
9.830313,-96.483450
9.850377,-96.483471
9.870274,-96.483471
9.890383,-96.483471
9.910391,-96.483471
9.930275,-96.483471
9.950365,-96.483471
9.970268,-96.483471
9.990319,-96.483471
10.010328,-96.483471
10.030316,-96.483471
10.050254,-96.483492
10.070253,-96.483492
10.090288,-96.483492
10.110269,-96.483492
10.130251,-96.483492
10.150245,-96.483492
10.170167,-96.483492
10.190213,-96.483492
10.210206,-96.483492
10.230205,-96.483492
10.250189,-96.483514
10.270075,-96.483514
10.290157,-96.483514
10.310136,-96.483514
10.330045,-96.483514
10.350090,-96.483514
10.370041,-96.483514
10.390121,-96.483514
10.410084,-96.483514
10.430151,-96.483514
10.450107,-96.483536
10.469978,-96.483536
10.490016,-96.483536
10.510077,-96.483536
10.530007,-96.483536
10.550072,-96.483536
10.569959,-96.483536
10.590006,-96.483536
10.609924,-96.483536
10.630002,-96.483536
10.649934,-96.483536
10.669890,-96.483536
10.689953,-96.483558
10.709906,-96.483558
10.729905,-96.483558
10.749930,-96.483558
10.769850,-96.483558
10.789865,-96.483558
10.809873,-96.483558
10.829872,-96.483558
10.849935,-96.483558
10.869727,-96.483581
10.889823,-96.483581
10.909805,-96.483581
10.929784,-96.483581
10.949736,-96.483581
10.969700,-96.483581
10.989757,-96.483581
11.010008,-96.483581
11.029708,-96.483581
11.049813,-96.483604
11.069655,-96.483604
11.089809,-96.483604
11.109760,-96.483604
11.129737,-96.483604
11.149780,-96.483604
11.169597,-96.483604
11.189721,-96.483604
11.209670,-96.483604
11.229731,-96.483604
11.249710,-96.483627
11.269566,-96.483627
11.289706,-96.483627
11.309562,-96.483627
11.329620,-96.483627
11.349611,-96.483627
11.369521,-96.483627
11.389567,-96.483627
11.409597,-96.483627
11.430577,-96.483627
11.450587,-96.483651
11.470422,-96.483651
11.490513,-96.483651
11.510434,-96.483651
11.530456,-96.483651
11.550595,-96.483651
11.570438,-96.483651
11.590486,-96.483651
11.610487,-96.483651
11.630488,-96.483651
11.650358,-96.483651
11.670324,-96.483676
11.690340,-96.483676
11.710258,-96.483676
11.730486,-96.483676
11.750332,-96.483676
11.770232,-96.483676
11.790347,-96.483676
