0.130831,-96.480939
0.150544,-96.480940
0.170546,-96.480940
0.190663,-96.480941
0.210514,-96.480941
0.230577,-96.480942
0.250543,-96.480943
0.270559,-96.480943
0.290767,-96.480944
0.310854,-96.480945
0.330748,-96.480946
0.350601,-96.480946
0.370671,-96.480947
0.390437,-96.480948
0.410527,-96.480948
0.430521,-96.480949
0.450533,-96.480949
0.470556,-96.480950
0.490578,-96.480951
0.510536,-96.480951
0.531152,-96.480952
0.550380,-96.480953
0.570390,-96.480953
0.590416,-96.480954
0.610371,-96.480955
0.630359,-96.480955
0.650304,-96.480956
0.670316,-96.480957
0.690367,-96.480957
0.710294,-96.480958
0.730242,-96.480958
0.750220,-96.480959
0.770394,-96.480960
0.790346,-96.480960
0.810241,-96.480961
0.830225,-96.480961
0.850298,-96.480962
0.870186,-96.480963
0.890205,-96.480963
0.910305,-96.480964
0.930336,-96.480964
0.950238,-96.480965
0.970157,-96.480966
0.990150,-96.480966
1.010178,-96.480967
1.030136,-96.480967
1.050056,-96.480968
1.070137,-96.480968
1.089998,-96.480969
1.110384,-96.480970
1.130161,-96.480970
1.150059,-96.480971
1.170340,-96.480971
1.190150,-96.480972
1.210260,-96.480972
1.230032,-96.480973
1.249964,-96.480973
1.269875,-96.480974
1.289881,-96.480974
1.310009,-96.480975
1.330071,-96.480975
1.349933,-96.480976
1.369980,-96.480976
1.390098,-96.480977
1.409876,-96.480977
1.429879,-96.480978
1.449832,-96.480978
1.469846,-96.480979
1.490736,-96.480979
1.509829,-96.480979
1.529864,-96.480980
1.549738,-96.480980
1.569954,-96.480981
1.590851,-96.480981
1.610876,-96.480982
1.630768,-96.480982
1.650763,-96.480983
1.670720,-96.480983
1.690710,-96.480983
1.710800,-96.480984
1.730804,-96.480984
1.752529,-96.480985
1.770701,-96.480985
1.790794,-96.480985
1.810677,-96.480986
1.830552,-96.480986
1.850520,-96.480986
1.870609,-96.480987
1.890895,-96.480987
1.910550,-96.480987
1.930428,-96.480988
1.950494,-96.480988
1.970398,-96.480988
1.990547,-96.480989
2.010422,-96.480989
2.030557,-96.480989
2.050459,-96.480990
2.070459,-96.480990
2.090614,-96.480990
2.110804,-96.480990
2.130655,-96.480991
2.150379,-96.480991
2.170604,-96.480991
2.190508,-96.480991
2.210486,-96.480992
2.230378,-96.480992
2.250273,-96.480992
2.270390,-96.480992
2.290246,-96.480992
2.310321,-96.480992
2.330461,-96.480993
2.350407,-96.480993
2.370309,-96.480993
2.390322,-96.480993
2.410166,-96.480993
2.430882,-96.480994
2.451679,-96.480994
2.470588,-96.480994
2.490252,-96.480994
2.510284,-96.480994
2.530282,-96.480994
2.550125,-96.480994
2.570259,-96.480994
2.590283,-96.480994
2.610199,-96.480995
2.630191,-96.480995
2.650527,-96.480995
2.670420,-96.480995
2.690281,-96.480995
2.710137,-96.480995
2.730102,-96.480995
2.750042,-96.480995
2.770127,-96.480995
2.789994,-96.480995
2.810135,-96.480995
2.830169,-96.480995
2.850005,-96.480995
2.870200,-96.480995
2.889984,-96.480995
2.909930,-96.480995
2.930098,-96.480995
2.949937,-96.480995
2.970077,-96.480995
2.989910,-96.480995
3.009808,-96.480995
3.029994,-96.480995
3.049807,-96.480995
3.069835,-96.480995
3.090935,-96.480994
3.109777,-96.480994
3.129846,-96.480994
3.149692,-96.480994
3.170713,-96.480994
3.190805,-96.480994
3.209865,-96.480994
3.229718,-96.480994
3.249688,-96.480994
3.270627,-96.480993
3.290616,-96.480993
3.310762,-96.480993
3.330646,-96.480993
3.350637,-96.480993
3.370676,-96.480992
3.390602,-96.480992
3.410642,-96.480992
3.430553,-96.480992
3.450473,-96.480992
3.470461,-96.480991
3.490695,-96.480991
3.510504,-96.480991
3.530565,-96.480990
3.550413,-96.480990
3.570737,-96.480990
3.590480,-96.480990
3.610454,-96.480990
3.630528,-96.480989
3.650408,-96.480989
3.670574,-96.480989
3.690475,-96.480988
3.710500,-96.480988
3.730433,-96.480988
3.750347,-96.480987
3.770368,-96.480987
3.790401,-96.480986
3.810520,-96.480987
3.830369,-96.480986
3.850252,-96.480986
3.870359,-96.480985
3.890401,-96.480985
3.910455,-96.480984
3.930318,-96.480984
3.950187,-96.480984
3.970352,-96.480983
3.990184,-96.480983
4.010223,-96.480983
4.030314,-96.480982
4.050561,-96.480982
4.070126,-96.480981
4.090267,-96.480981
4.110245,-96.480980
4.130261,-96.480980
4.150140,-96.480979
4.170275,-96.480979
4.190142,-96.480978
4.210110,-96.480978
4.230143,-96.480978
4.250082,-96.480977
4.270093,-96.480977
4.290017,-96.480976
4.310172,-96.480976
4.330076,-96.480975
4.349946,-96.480975
4.370133,-96.480974
4.390577,-96.480974
4.410543,-96.480973
4.429955,-96.480973
4.449888,-96.480972
4.469901,-96.480972
4.489846,-96.480971
4.509998,-96.480971
4.529803,-96.480970
4.549694,-96.480969
4.569803,-96.480969
4.590714,-96.480968
4.609846,-96.480968
4.629776,-96.480967
4.649686,-96.480967
4.669735,-96.480966
4.689872,-96.480965
4.709790,-96.480965
4.729605,-96.480964
4.749901,-96.480963
4.770977,-96.480963
4.790647,-96.480962
4.809740,-96.480962
4.829729,-96.480961
4.849592,-96.480961
4.870726,-96.480960
4.890531,-96.480959
4.909672,-96.480959
4.930760,-96.480958
4.950581,-96.480957
4.970727,-96.480957
4.990594,-96.480956
5.010612,-96.480956
5.030489,-96.480955
5.050534,-96.480954
5.070667,-96.480953
5.090548,-96.480953
5.110432,-96.480952
5.130531,-96.480951
5.150365,-96.480951
5.170367,-96.480950
5.190430,-96.480949
5.210390,-96.480948
5.230445,-96.480948
5.250295,-96.480947
5.270544,-96.480947
5.291281,-96.480946
5.310857,-96.480945
5.330328,-96.480944
5.350219,-96.480944
5.370349,-96.480943
5.390361,-96.480942
5.410354,-96.480942
5.430212,-96.480941
5.450249,-96.480940
5.470269,-96.480940
5.490292,-96.480939
5.510238,-96.480938
5.530241,-96.480937
5.550215,-96.480937
5.570355,-96.480936
5.590244,-96.480935
5.610200,-96.480935
5.630310,-96.480934
5.650257,-96.480933
5.670235,-96.480932
5.690267,-96.480932
5.710094,-96.480931
5.730365,-96.480930
5.750146,-96.480929
5.770142,-96.480929
5.790035,-96.480928
5.810074,-96.480927
5.830091,-96.480927
5.849903,-96.480926
5.870090,-96.480925
5.890102,-96.480924
5.909889,-96.480923
5.930053,-96.480923
5.949964,-96.480922
5.970026,-96.480921
5.989938,-96.480920
6.009964,-96.480920
6.030078,-96.480919
6.049955,-96.480918
6.070101,-96.480918
6.089950,-96.480917
6.109756,-96.480916
6.129796,-96.480915
6.149774,-96.480915
6.169708,-96.480914
6.189861,-96.480913
6.210664,-96.480913
6.230563,-96.480912
6.249746,-96.480911
6.269773,-96.480910
6.289586,-96.480910
6.309658,-96.480909
6.329629,-96.480908
6.349558,-96.480907
6.370768,-96.480907
6.390523,-96.480906
6.409774,-96.480905
6.429729,-96.480905
6.450533,-96.480904
6.470757,-96.480903
6.490521,-96.480902
6.510708,-96.480902
6.530479,-96.480901
6.550618,-96.480900
6.570554,-96.480900
6.590611,-96.480899
6.610451,-96.480898
6.630533,-96.480898
6.650448,-96.480897
6.670547,-96.480896
6.690430,-96.480896
6.710551,-96.480895
6.730316,-96.480894
6.750375,-96.480893
6.770498,-96.480893
6.790355,-96.480892
6.810299,-96.480892
6.830371,-96.480891
6.850201,-96.480890
6.870352,-96.480889
6.890414,-96.480889
6.910307,-96.480888
6.931106,-96.480887
6.950545,-96.480887
6.970281,-96.480886
6.990242,-96.480885
7.010457,-96.480885
7.030271,-96.480884
7.050072,-96.480884
7.070297,-96.480883
7.091109,-96.480882
7.111028,-96.480882
7.130147,-96.480881
7.150351,-96.480880
7.170104,-96.480880
7.190050,-96.480879
7.210963,-96.480878
7.230928,-96.480878
7.250260,-96.480877
7.270183,-96.480877
7.290162,-96.480876
7.310227,-96.480876
7.330074,-96.480875
7.349941,-96.480874
7.370211,-96.480874
7.389971,-96.480873
7.410050,-96.480873
7.430047,-96.480872
7.449906,-96.480872
7.470088,-96.480871
7.489949,-96.480871
7.510000,-96.480870
7.529899,-96.480870
7.549852,-96.480869
7.570143,-96.480868
7.589978,-96.480868
7.610035,-96.480867
7.629972,-96.480867
7.649900,-96.480866
7.669935,-96.480866
7.689911,-96.480865
7.709795,-96.480865
7.729917,-96.480864
7.749778,-96.480864
7.769880,-96.480863
7.789807,-96.480863
7.809853,-96.480863
7.829789,-96.480862
7.849880,-96.480862
7.869791,-96.480861
7.889861,-96.480861
7.909836,-96.480860
7.929900,-96.480860
7.949944,-96.480859
7.969909,-96.480859
7.991433,-96.480859
8.010157,-96.480858
8.029690,-96.480858
8.050686,-96.480858
8.070169,-96.480857
8.090616,-96.480857
8.109631,-96.480856
8.129715,-96.480856
8.149569,-96.480856
8.169688,-96.480855
8.189627,-96.480855
8.209542,-96.480855
8.229543,-96.480854
8.249535,-96.480854
8.270493,-96.480854
8.290582,-96.480853
8.310540,-96.480853
8.330519,-96.480853
8.350467,-96.480852
8.370511,-96.480852
8.390402,-96.480852
8.410601,-96.480851
8.430588,-96.480851
8.450420,-96.480851
8.470538,-96.480851
8.490530,-96.480850
8.510553,-96.480850
8.530380,-96.480850
8.550313,-96.480850
8.570369,-96.480849
8.590431,-96.480849
8.610372,-96.480849
8.630428,-96.480849
8.650213,-96.480848
8.670407,-96.480848
8.690440,-96.480848
8.710308,-96.480848
8.730245,-96.480848
8.750149,-96.480848
8.770375,-96.480847
8.790305,-96.480847
8.810435,-96.480847
8.830338,-96.480847
8.850284,-96.480847
8.870201,-96.480847
8.890169,-96.480846
8.910182,-96.480846
8.930282,-96.480846
8.950102,-96.480846
8.970274,-96.480846
8.990043,-96.480846
9.010029,-96.480846
9.030036,-96.480846
9.050047,-96.480846
9.070198,-96.480846
9.090112,-96.480845
9.110027,-96.480845
9.130105,-96.480845
9.150044,-96.480845
9.169980,-96.480845
9.189928,-96.480845
9.210043,-96.480845
9.230040,-96.480845
9.250009,-96.480845
9.270086,-96.480845
9.290049,-96.480845
9.310689,-96.480845
9.330794,-96.480845
9.349964,-96.480845
9.369967,-96.480845
9.389982,-96.480845
9.409906,-96.480845
9.429834,-96.480845
9.449740,-96.480845
9.469756,-96.480845
9.490861,-96.480845
9.509982,-96.480845
9.529708,-96.480846
9.549711,-96.480846
9.569878,-96.480846
9.589629,-96.480846
9.609689,-96.480846
9.629681,-96.480846
9.649706,-96.480846
9.669705,-96.480846
9.689808,-96.480846
9.709609,-96.480847
9.729654,-96.480847
9.749656,-96.480847
9.769726,-96.480847
9.789565,-96.480847
9.809547,-96.480847
9.829701,-96.480847
9.849633,-96.480848
9.869785,-96.480848
9.890728,-96.480848
9.909570,-96.480848
9.929443,-96.480849
9.949500,-96.480849
9.970629,-96.480849
9.990443,-96.480849
10.010707,-96.480849
10.030551,-96.480850
10.050580,-96.480850
10.070789,-96.480850
10.090398,-96.480850
10.110511,-96.480851
10.130354,-96.480851
10.150357,-96.480851
10.170479,-96.480852
10.190432,-96.480852
10.210517,-96.480852
10.230382,-96.480852
10.250333,-96.480853
10.270381,-96.480853
10.290492,-96.480854
10.310289,-96.480854
10.330353,-96.480854
10.350263,-96.480855
10.370214,-96.480855
10.390288,-96.480856
10.410251,-96.480856
10.430233,-96.480856
10.450342,-96.480856
10.470142,-96.480857
10.490202,-96.480857
10.510261,-96.480858
10.530459,-96.480858
10.550215,-96.480859
10.571000,-96.480859
10.590348,-96.480860
10.610220,-96.480860
10.630282,-96.480860
10.649941,-96.480861
10.670094,-96.480861
10.690206,-96.480861
10.710043,-96.480862
10.730089,-96.480862
10.750098,-96.480863
10.770134,-96.480864
10.790038,-96.480864
10.810183,-96.480864
10.829979,-96.480865
10.850006,-96.480865
10.870601,-96.480866
10.890326,-96.480866
10.909889,-96.480867
10.929944,-96.480867
10.949780,-96.480868
10.969837,-96.480869
10.989893,-96.480869
11.009931,-96.480869
11.030010,-96.480870
11.049828,-96.480870
11.069848,-96.480871
11.090833,-96.480872
11.110044,-96.480872
11.129799,-96.480873
11.149841,-96.480873
11.170143,-96.480874
11.189824,-96.480875
11.209878,-96.480875
11.229874,-96.480875
11.249834,-96.480876
11.269749,-96.480877
11.289851,-96.480877
11.309790,-96.480878
11.329668,-96.480879
11.349699,-96.480879
11.369688,-96.480880
11.389569,-96.480880
11.409686,-96.480881
11.429742,-96.480881
11.449682,-96.480882
11.469582,-96.480883
11.489816,-96.480883
11.509579,-96.480884
11.529782,-96.480885
11.549498,-96.480885
11.569498,-96.480886
11.589473,-96.480887
11.609494,-96.480887
11.630165,-96.480888
11.649960,-96.480888
11.669786,-96.480889
11.689504,-96.480890
11.710341,-96.480890
11.730303,-96.480891
11.751297,-96.480892
11.770831,-96.480893
11.790262,-96.480893
11.810576,-96.480894
11.830500,-96.480894
11.850201,-96.480895
11.870201,-96.480896
11.890419,-96.480896
11.910437,-96.480897
11.930532,-96.480898
11.950279,-96.480899
11.970381,-96.480899
11.991037,-96.480900
12.010388,-96.480900
12.030339,-96.480901
12.050180,-96.480902
12.070132,-96.480903
12.090157,-96.480903
12.110099,-96.480904
12.130206,-96.480905
12.150054,-96.480906
12.170162,-96.480906
12.190167,-96.480907
12.210281,-96.480908
12.230180,-96.480908
12.250192,-96.480909
12.270200,-96.480910
12.290107,-96.480911
12.310106,-96.480911
12.330269,-96.480912
12.349984,-96.480913
12.370052,-96.480914
12.389966,-96.480914
12.409927,-96.480915
12.429924,-96.480915
12.450041,-96.480916
12.470038,-96.480917
12.489922,-96.480918
12.510022,-96.480918
12.529869,-96.480919
12.549928,-96.480920
12.569839,-96.480921
12.589832,-96.480922
12.609738,-96.480922
12.629754,-96.480923
12.649870,-96.480923
12.669754,-96.480924
12.689674,-96.480925
12.709797,-96.480926
12.729817,-96.480926
12.749916,-96.480927
12.769930,-96.480928
12.790628,-96.480929
12.809851,-96.480929
12.829661,-96.480930
12.849585,-96.480930
12.869743,-96.480931
12.889591,-96.480932
12.909655,-96.480933
12.929739,-96.480933
12.949649,-96.480934
12.969651,-96.480935
12.989749,-96.480936
13.009676,-96.480936
13.029627,-96.480937
13.049573,-96.480937
13.069597,-96.480938
13.089607,-96.480939
13.109586,-96.480940
13.129541,-96.480940
13.149652,-96.480941
13.169676,-96.480942
13.190508,-96.480942
13.210406,-96.480943
13.229734,-96.480944
13.249596,-96.480944
13.270897,-96.480945
13.290369,-96.480946
13.310884,-96.480946
13.331164,-96.480947
13.350245,-96.480948
13.370251,-96.480948
13.390573,-96.480949
13.410391,-96.480950
13.430315,-96.480950
13.450171,-96.480951
13.470392,-96.480952
13.490276,-96.480952
13.510313,-96.480953
13.530180,-96.480954
13.550199,-96.480954
13.570210,-96.480955
13.590283,-96.480956
13.610351,-96.480956
13.630265,-96.480957
13.650161,-96.480958
13.670281,-96.480958
13.690293,-96.480959
13.710292,-96.480960
13.730492,-96.480960
13.750239,-96.480961
13.770370,-96.480961
13.790162,-96.480962
13.810246,-96.480962
13.830963,-96.480963
13.850866,-96.480964
13.870115,-96.480964
13.890054,-96.480965
13.910095,-96.480965
13.930113,-96.480966
13.949929,-96.480967
13.970857,-96.480967
13.990420,-96.480968
14.009914,-96.480968
14.029954,-96.480969
14.049901,-96.480969
14.069851,-96.480970
14.089793,-96.480971
14.110069,-96.480971
14.129923,-96.480972
14.150145,-96.480972
14.170510,-96.480973
14.190474,-96.480973
14.210073,-96.480974
14.229886,-96.480974
14.249689,-96.480975
14.269876,-96.480975
14.289937,-96.480976
14.309689,-96.480976
14.329871,-96.480977
14.349804,-96.480977
14.369823,-96.480978
14.389673,-96.480978
14.409647,-96.480978
14.429661,-96.480979
14.450746,-96.480979
14.470338,-96.480980
14.489528,-96.480980
14.509596,-96.480981
14.529694,-96.480981
14.549713,-96.480982
14.569624,-96.480982
14.589650,-96.480982
14.609611,-96.480983
14.629576,-96.480983
14.649495,-96.480984
14.669626,-96.480984
14.689701,-96.480985
14.709594,-96.480985
14.729565,-96.480985
14.749579,-96.480986
14.769396,-96.480986
14.789488,-96.480986
14.809550,-96.480987
14.829522,-96.480987
14.849562,-96.480988
14.869387,-96.480988
14.889479,-96.480988
14.910391,-96.480988
14.929343,-96.480989
14.949387,-96.480989
14.969336,-96.480989
14.990381,-96.480990
15.010381,-96.480990
15.030215,-96.480990
15.050342,-96.480991
15.070415,-96.480991
15.090263,-96.480991
15.110335,-96.480991
15.130312,-96.480992
15.150233,-96.480992
15.170266,-96.480992
15.190484,-96.480992
15.210292,-96.480993
15.230231,-96.480993
15.250288,-96.480993
15.270249,-96.480993
15.290231,-96.480994
15.310170,-96.480994
15.330389,-96.480994
15.350224,-96.480994
15.370244,-96.480994
15.390207,-96.480994
15.410136,-96.480995
15.430156,-96.480995
15.450041,-96.480995
15.470130,-96.480995
15.490681,-96.480995
15.510752,-96.480995
15.530199,-96.480995
15.549944,-96.480996
15.570163,-96.480996
15.590005,-96.480996
15.610031,-96.480996
15.630054,-96.480996
15.650006,-96.480996
15.669944,-96.480996
15.690035,-96.480996
15.709904,-96.480996
15.730024,-96.480996
15.750065,-96.480996
15.770013,-96.480996
15.790018,-96.480996
15.810037,-96.480997
15.829899,-96.480997
15.849955,-96.480996
15.869836,-96.480996
15.890765,-96.480996
15.909967,-96.480996
15.929952,-96.480996
15.949704,-96.480996
15.969880,-96.480996
15.989852,-96.480996
16.010607,-96.480996
16.030734,-96.480996
16.049746,-96.480996
16.069735,-96.480996
16.089778,-96.480996
16.109877,-96.480996
16.129750,-96.480996
16.149661,-96.480996
16.169793,-96.480995
16.189582,-96.480995
16.209579,-96.480996
16.229757,-96.480995
16.249559,-96.480995
16.270716,-96.480995
16.290373,-96.480995
16.309571,-96.480995
16.329535,-96.480994
16.349474,-96.480994
16.369543,-96.480994
16.389428,-96.480994
16.409451,-96.480994
16.429548,-96.480994
16.449492,-96.480993
16.469586,-96.480993
16.490429,-96.480993
16.509841,-96.480993
16.529341,-96.480992
16.549423,-96.480992
16.569393,-96.480992
16.589628,-96.480992
16.609365,-96.480992
16.629348,-96.480991
16.649364,-96.480991
16.669292,-96.480991
16.690315,-96.480990
16.710442,-96.480990
16.730431,-96.480990
16.750286,-96.480989
16.770253,-96.480989
16.791264,-96.480989
16.810321,-96.480989
16.830353,-96.480989
16.851183,-96.480988
16.870576,-96.480988
16.890284,-96.480987
16.910164,-96.480987
16.930219,-96.480987
16.950094,-96.480986
16.970120,-96.480986
16.990059,-96.480985
17.010985,-96.480985
17.030442,-96.480985
17.050125,-96.480984
17.070152,-96.480984
17.090142,-96.480983
17.110101,-96.480983
17.130056,-96.480983
17.150056,-96.480982
17.170138,-96.480982
17.190118,-96.480981
17.209993,-96.480981
17.230985,-96.480981
17.251633,-96.480980
17.270113,-96.480980
17.290034,-96.480979
17.309909,-96.480979
17.330060,-96.480978
17.349864,-96.480978
17.369990,-96.480977
17.389973,-96.480977
17.409975,-96.480976
17.430028,-96.480976
17.449824,-96.480975
17.469884,-96.480975
17.490032,-96.480974
17.510033,-96.480974
17.529814,-96.480973
17.549842,-96.480973
17.569845,-96.480972
17.590544,-96.480971
17.609963,-96.480971
17.629658,-96.480971
17.649833,-96.480970
17.669774,-96.480970
17.689665,-96.480969
17.709675,-96.480968
17.729697,-96.480968
17.749581,-96.480967
17.769584,-96.480966
17.789493,-96.480966
17.809693,-96.480966
17.829607,-96.480965
17.849819,-96.480964
17.869622,-96.480964
17.889626,-96.480963
17.909652,-96.480962
17.929606,-96.480962
17.949494,-96.480961
17.969571,-96.480960
17.989496,-96.480960
18.009550,-96.480960
18.029390,-96.480959
18.049437,-96.480958
18.069547,-96.480958
18.089515,-96.480957
18.109554,-96.480956
18.129475,-96.480956
18.149540,-96.480955
18.169343,-96.480954
18.189385,-96.480953
18.209616,-96.480953
18.229809,-96.480953
18.249363,-96.480952
18.269425,-96.480951
18.289612,-96.480950
18.310526,-96.480950
18.329325,-96.480949
18.349513,-96.480948
18.369272,-96.480948
18.390405,-96.480947
18.410163,-96.480947
18.430286,-96.480946
18.451940,-96.480945
18.470423,-96.480944
18.490244,-96.480944
18.510314,-96.480943
18.530263,-96.480942
18.550182,-96.480941
18.570210,-96.480941
18.590211,-96.480940
18.610178,-96.480940
18.630042,-96.480939
18.650010,-96.480938
18.670468,-96.480937
18.690137,-96.480937
18.710176,-96.480936
18.730653,-96.480935
18.750345,-96.480934
18.770678,-96.480934
18.790128,-96.480933
18.810067,-96.480932
18.830012,-96.480932
18.850234,-96.480931
18.870104,-96.480930
18.890131,-96.480929
18.910026,-96.480929
18.929992,-96.480928
18.949964,-96.480927
18.970204,-96.480926
18.990051,-96.480926
19.009987,-96.480925
19.030176,-96.480925
19.049961,-96.480924
19.070131,-96.480923
19.090104,-96.480922
19.109993,-96.480921
19.129983,-96.480921
19.149827,-96.480920
19.169961,-96.480919
19.189831,-96.480918
19.209784,-96.480918
19.229870,-96.480917
19.249722,-96.480917
19.269655,-96.480916
19.289620,-96.480915
19.309622,-96.480914
19.329556,-96.480914
19.350341,-96.480913
19.369668,-96.480912
19.389578,-96.480911
19.409478,-96.480911
19.429638,-96.480910
19.449424,-96.480909
19.469481,-96.480909
19.489471,-96.480908
19.509406,-96.480907
19.529343,-96.480906
19.549419,-96.480906
19.569584,-96.480905
19.589361,-96.480904
19.609454,-96.480904
19.629359,-96.480903
19.649356,-96.480902
19.669244,-96.480902
19.689222,-96.480901
19.709342,-96.480900
19.729455,-96.480899
19.749259,-96.480899
19.769322,-96.480898
19.789305,-96.480897
19.810340,-96.480897
19.829187,-96.480896
19.849225,-96.480895
19.869225,-96.480895
19.889150,-96.480894
19.910124,-96.480893
19.929217,-96.480893
19.950117,-96.480892
19.970289,-96.480891
19.989162,-96.480891
20.010132,-96.480890
20.030167,-96.480889
20.050254,-96.480889
20.070193,-96.480888
20.090049,-96.480887
20.110150,-96.480887
20.130118,-96.480886
20.150017,-96.480886
20.170047,-96.480885
20.190033,-96.480884
20.210172,-96.480884
20.229969,-96.480883
20.250039,-96.480882
20.269984,-96.480882
20.289992,-96.480881
20.309984,-96.480880
20.330129,-96.480880
20.349965,-96.480879
20.369967,-96.480879
20.390794,-96.480878
20.410686,-96.480877
20.430126,-96.480877
20.449800,-96.480876
20.469820,-96.480876
20.489725,-96.480875
20.509721,-96.480875
20.529742,-96.480874
20.549813,-96.480873
20.569811,-96.480873
20.590149,-96.480872
20.609844,-96.480872
20.629833,-96.480871
20.649749,-96.480871
20.669691,-96.480870
20.689807,-96.480870
20.709877,-96.480869
20.729823,-96.480869
20.749782,-96.480868
20.769838,-96.480868
20.789850,-96.480867
20.809715,-96.480867
20.829675,-96.480866
20.849624,-96.480866
20.869684,-96.480865
20.889580,-96.480865
20.909657,-96.480864
20.929696,-96.480864
20.950201,-96.480863
20.969628,-96.480863
20.989657,-96.480863
21.010544,-96.480862
21.029592,-96.480861
21.049640,-96.480861
21.069419,-96.480861
21.089579,-96.480860
21.109554,-96.480860
21.129509,-96.480859
21.149474,-96.480859
21.169568,-96.480859
21.189435,-96.480858
21.209425,-96.480858
21.229482,-96.480858
21.249384,-96.480857
21.269264,-96.480857
21.289315,-96.480856
21.309494,-96.480856
21.329421,-96.480856
21.349411,-96.480856
21.369414,-96.480855
21.389443,-96.480855
21.409444,-96.480854
21.429250,-96.480854
21.449302,-96.480854
21.469238,-96.480854
21.489284,-96.480853
21.510174,-96.480853
21.529345,-96.480853
21.549302,-96.480853
21.569369,-96.480852
21.589062,-96.480852
21.610184,-96.480852
21.630208,-96.480851
21.650134,-96.480851
21.670046,-96.480851
21.690191,-96.480851
21.710137,-96.480851
21.730345,-96.480850
21.750056,-96.480850
21.770100,-96.480850
21.790118,-96.480850
21.810021,-96.480850
21.830226,-96.480849
21.850402,-96.480849
21.870054,-96.480849
21.890043,-96.480849
21.910036,-96.480849
21.930058,-96.480849
21.950198,-96.480849
21.970169,-96.480848
21.990117,-96.480848
22.010029,-96.480848
22.030025,-96.480848
22.049986,-96.480848
22.069932,-96.480848
22.089942,-96.480848
22.110051,-96.480848
22.130133,-96.480848
22.150022,-96.480848
22.169978,-96.480847
22.189991,-96.480847
22.210018,-96.480847
22.229999,-96.480847
22.249961,-96.480847
22.269946,-96.480847
22.289874,-96.480847
22.309868,-96.480847
22.329862,-96.480847
22.350230,-96.480847
22.369955,-96.480847
22.389729,-96.480847
22.409993,-96.480847
22.429900,-96.480847
22.451824,-96.480847
22.469991,-96.480847
22.489612,-96.480847
22.509774,-96.480847
22.529661,-96.480847
22.549674,-96.480847
22.569589,-96.480847
22.589742,-96.480848
22.609527,-96.480847
22.629668,-96.480847
22.649525,-96.480848
22.669532,-96.480848
22.689607,-96.480848
22.709672,-96.480848
22.729531,-96.480848
22.749530,-96.480848
22.769650,-96.480848
22.789582,-96.480849
22.809476,-96.480848
22.829571,-96.480849
22.849447,-96.480849
22.869588,-96.480849
22.889592,-96.480849
22.909541,-96.480849
22.929445,-96.480850
22.949542,-96.480850
22.969559,-96.480850
22.989536,-96.480850
23.009785,-96.480850
23.029328,-96.480851
23.049674,-96.480851
23.069613,-96.480851
23.089780,-96.480851
23.110076,-96.480852
23.130496,-96.480852
23.149545,-96.480852
23.169313,-96.480853
23.189304,-96.480853
23.209343,-96.480853
23.229231,-96.480853
23.249325,-96.480853
23.269215,-96.480854
23.289256,-96.480854
23.310211,-96.480855
23.329401,-96.480855
23.349301,-96.480855
23.369292,-96.480856
23.389091,-96.480856
23.410228,-96.480856
23.429245,-96.480856
23.450086,-96.480857
23.469166,-96.480857
23.490703,-96.480858
23.510633,-96.480858
23.530391,-96.480858
23.549957,-96.480859
23.570026,-96.480859
23.590004,-96.480860
23.610173,-96.480860
23.630035,-96.480860
23.649892,-96.480861
23.669896,-96.480861
23.689974,-96.480862
23.710005,-96.480862
23.730035,-96.480863
23.749891,-96.480863
23.769901,-96.480863
23.790030,-96.480864
23.809890,-96.480864
23.829825,-96.480865
23.849818,-96.480865
23.869849,-96.480866
23.889848,-96.480866
23.909750,-96.480867
23.929748,-96.480867
23.949713,-96.480868
23.969826,-96.480868
23.989692,-96.480869
24.009779,-96.480869
24.029740,-96.480869
24.049792,-96.480870
24.069682,-96.480871
24.089740,-96.480871
24.109711,-96.480872
24.129669,-96.480872
24.150033,-96.480873
24.169686,-96.480873
24.189626,-96.480874
24.209770,-96.480874
24.229826,-96.480875
24.249721,-96.480875
24.270628,-96.480876
24.290562,-96.480877
24.309872,-96.480877
24.329608,-96.480878
24.349489,-96.480879
24.369445,-96.480879
24.389495,-96.480880
24.409398,-96.480880
24.429408,-96.480881
24.449490,-96.480881
24.469550,-96.480882
24.490232,-96.480883
24.509584,-96.480883
24.529396,-96.480884
24.549308,-96.480885
24.569417,-96.480885
24.589448,-96.480886
24.609463,-96.480886
24.629283,-96.480887
24.649344,-96.480888
24.669335,-96.480888
24.689217,-96.480889
24.709386,-96.480890
24.729496,-96.480890
24.749398,-96.480891
24.769206,-96.480892
24.789930,-96.480892
24.809487,-96.480893
24.829229,-96.480893
24.849284,-96.480894
24.869236,-96.480895
24.889208,-96.480895
24.910069,-96.480896
24.930195,-96.480897
24.949314,-96.480898
24.969194,-96.480898
24.989174,-96.480899
25.010304,-96.480899
25.029129,-96.480900
25.049122,-96.480901
25.069055,-96.480902
25.089081,-96.480902
25.110045,-96.480903
25.129015,-96.480904
25.149972,-96.480905
25.169963,-96.480905
25.190228,-96.480906
25.210163,-96.480907
25.230017,-96.480907
25.250005,-96.480908
25.270183,-96.480909
25.289962,-96.480909
25.310268,-96.480910
25.330336,-96.480911
25.349905,-96.480912
25.369990,-96.480912
25.390319,-96.480913
25.410063,-96.480913
25.430014,-96.480914
25.449948,-96.480915
25.470027,-96.480916
25.489899,-96.480916
25.510019,-96.480917
25.530923,-96.480918
25.550230,-96.480919
25.570113,-96.480920
25.590062,-96.480920
25.609872,-96.480921
25.629790,-96.480921
25.649776,-96.480922
25.669797,-96.480923
25.689709,-96.480924
25.710544,-96.480924
25.730560,-96.480925
25.749780,-96.480926
25.769611,-96.480927
25.789666,-96.480927
25.809632,-96.480928
25.829612,-96.480929
25.849507,-96.480929
25.869705,-96.480930
25.889694,-96.480931
25.909768,-96.480932
25.930642,-96.480932
25.950833,-96.480933
25.969715,-96.480934
25.990068,-96.480934
26.009988,-96.480935
26.029745,-96.480936
26.049621,-96.480936
26.069611,-96.480937
26.089451,-96.480938
26.109588,-96.480939
26.129621,-96.480939
26.149480,-96.480940
26.169562,-96.480941
26.189414,-96.480942
26.209604,-96.480942
26.229483,-96.480943
26.249500,-96.480943
26.269456,-96.480944
26.289461,-96.480945
26.309883,-96.480945
26.330103,-96.480946
26.349871,-96.480947
26.369262,-96.480948
26.389261,-96.480948
26.409260,-96.480949
26.429332,-96.480950
26.449457,-96.480950
26.469300,-96.480951
26.489326,-96.480952
26.509271,-96.480952
26.529508,-96.480953
26.549189,-96.480954
26.569299,-96.480954
26.589189,-96.480955
26.609273,-96.480956
26.629205,-96.480956
26.649250,-96.480957
26.669262,-96.480958
26.689142,-96.480958
26.709147,-96.480959
26.729048,-96.480960
26.749160,-96.480960
26.769242,-96.480961
26.788968,-96.480962
26.808978,-96.480962
26.829108,-96.480963
26.849151,-96.480963
26.868984,-96.480964
26.889983,-96.480965
26.910011,-96.480965
26.930053,-96.480966
26.949914,-96.480966
26.970120,-96.480967
26.990886,-96.480967
27.010071,-96.480968
27.029893,-96.480969
27.049782,-96.480969
27.070058,-96.480970
27.089926,-96.480970
27.109929,-96.480971
27.129852,-96.480972
27.149839,-96.480972
27.170156,-96.480973
27.189799,-96.480973
27.209830,-96.480974
27.230034,-96.480974
27.249782,-96.480975
27.269875,-96.480975
27.289792,-96.480976
27.310726,-96.480976
27.330984,-96.480977
27.349801,-96.480977
27.369755,-96.480978
27.390481,-96.480978
27.410623,-96.480979
27.429919,-96.480979
27.449651,-96.480980
27.470520,-96.480980
27.490556,-96.480981
27.509755,-96.480981
27.529800,-96.480982
27.549561,-96.480982
27.569823,-96.480982
27.590351,-96.480983
27.610588,-96.480983
27.629789,-96.480984
27.649575,-96.480984
27.669987,-96.480985
27.689686,-96.480985
27.709630,-96.480985
27.729687,-96.480986
27.749543,-96.480986
27.769433,-96.480987
27.789573,-96.480987
27.809635,-96.480988
27.829534,-96.480988
27.849493,-96.480988
27.869479,-96.480989
27.891356,-96.480989
27.910242,-96.480989
27.929595,-96.480990
27.949590,-96.480990
27.969482,-96.480990
27.989374,-96.480990
28.009452,-96.480991
28.029438,-96.480991
28.049500,-96.480992
28.069491,-96.480992
28.089407,-96.480992
28.109370,-96.480992
28.129430,-96.480993
28.149341,-96.480993
28.169338,-96.480993
28.189300,-96.480993
28.209302,-96.480994
28.229316,-96.480994
28.249289,-96.480994
28.269370,-96.480994
28.289209,-96.480995
28.309255,-96.480995
28.329164,-96.480995
28.349200,-96.480995
28.369207,-96.480995
28.389103,-96.480995
28.409105,-96.480996
28.429092,-96.480996
28.449263,-96.480996
28.469123,-96.480996
28.489117,-96.480996
28.509149,-96.480996
28.529162,-96.480996
28.548948,-96.480996
28.569450,-96.480996
28.589037,-96.480997
28.610100,-96.480997
28.628845,-96.480997
28.648976,-96.480997
28.669971,-96.480997
28.689987,-96.480997
28.710056,-96.480997
28.729919,-96.480997
28.750595,-96.480997
28.770175,-96.480997
28.789869,-96.480997
28.809990,-96.480997
28.829772,-96.480997
28.849778,-96.480997
28.869915,-96.480997
28.889753,-96.480997
28.909809,-96.480997
28.929725,-96.480997
28.949632,-96.480997
28.971467,-96.480997
28.990515,-96.480997
29.009628,-96.480997
29.029774,-96.480997
29.049686,-96.480997
29.069597,-96.480997
29.089807,-96.480997
29.109810,-96.480997
29.129719,-96.480997
29.149624,-96.480996
29.169604,-96.480996
29.189599,-96.480996
29.209621,-96.480996
29.229736,-96.480996
29.249667,-96.480996
29.270492,-96.480996
29.289970,-96.480996
29.309671,-96.480995
29.329686,-96.480995
29.349580,-96.480995
29.369571,-96.480995
29.389605,-96.480995
29.409714,-96.480995
29.429550,-96.480994
29.449434,-96.480994
29.469605,-96.480994
29.489510,-96.480994
29.509460,-96.480993
29.529488,-96.480993
29.549866,-96.480993
29.569418,-96.480993
29.590203,-96.480992
29.609576,-96.480992
29.629530,-96.480992
29.650430,-96.480992
29.669515,-96.480991
29.689483,-96.480991
29.709441,-96.480991
29.729457,-96.480990
29.750036,-96.480990
29.769233,-96.480990
29.789430,-96.480989
29.809394,-96.480989
29.829246,-96.480989
29.849210,-96.480989
29.869236,-96.480988
29.889151,-96.480988
29.909099,-96.480987
29.929107,-96.480987
29.949264,-96.480987
29.969067,-96.480986
29.989169,-96.480986
30.008945,-96.480986
30.030006,-96.480985
30.051801,-96.480985
30.069365,-96.480984
30.089103,-96.480984
30.108928,-96.480983
30.129015,-96.480983
30.148911,-96.480982
30.168940,-96.480982
30.188993,-96.480981
30.210091,-96.480981
30.229016,-96.480981
30.248935,-96.480980
30.269006,-96.480980
30.290095,-96.480979
30.309998,-96.480979
30.330030,-96.480978
30.349822,-96.480978
30.369096,-96.480977
30.390007,-96.480977
30.410112,-96.480977
30.429983,-96.480976
30.449953,-96.480975
30.469755,-96.480975
30.489798,-96.480974
30.509886,-96.480974
30.529834,-96.480973
30.549877,-96.480973
30.569776,-96.480972
30.590094,-96.480971
30.609746,-96.480971
30.629750,-96.480971
30.649802,-96.480970
30.669785,-96.480969
30.689820,-96.480969
30.709835,-96.480968
30.729690,-96.480968
30.749652,-96.480967
30.769663,-96.480966
30.789582,-96.480966
30.809610,-96.480965
30.829721,-96.480965
30.849637,-96.480964
30.869854,-96.480964
30.889688,-96.480963
30.909613,-96.480962
30.929495,-96.480962
30.950457,-96.480961
30.970891,-96.480960
30.989469,-96.480960
31.009789,-96.480959
31.029462,-96.480959
31.049507,-96.480958
31.069633,-96.480957
31.089569,-96.480957
31.109543,-96.480956
31.129509,-96.480955
31.149994,-96.480954
31.169565,-96.480954
31.190115,-96.480953
31.209451,-96.480953
31.229505,-96.480952
31.249699,-96.480951
31.269360,-96.480951
31.289321,-96.480950
31.309243,-96.480949
31.329387,-96.480948
31.349402,-96.480948
31.369270,-96.480947
31.389289,-96.480946
31.409283,-96.480946
31.429220,-96.480945
31.449461,-96.480944
31.469194,-96.480944
31.489185,-96.480943
31.509119,-96.480942
31.529789,-96.480941
31.549912,-96.480941
31.569221,-96.480940
31.588985,-96.480939
31.609203,-96.480939
31.629150,-96.480938
31.649235,-96.480937
31.668980,-96.480937
31.689123,-96.480936
31.708874,-96.480935
31.729151,-96.480934
31.749091,-96.480934
31.769187,-96.480933
31.788934,-96.480932
31.808968,-96.480932
31.829017,-96.480931
31.848971,-96.480930
31.868924,-96.480929
31.888906,-96.480929
31.908925,-96.480928
31.929023,-96.480927
31.948957,-96.480926
31.969043,-96.480925
31.989167,-96.480925
32.010098,-96.480924
32.029910,-96.480924
32.049811,-96.480923
32.069479,-96.480922
32.089813,-96.480921
32.109745,-96.480921
32.129788,-96.480920
32.149757,-96.480919
32.169776,-96.480918
32.189693,-96.480917
32.209734,-96.480917
32.229803,-96.480916
32.249606,-96.480916
32.269738,-96.480915
