0.100174,3.371618
0.119682,3.381284
0.120044,3.381284
0.139582,3.390855
0.140099,3.390855
0.159426,3.400513
0.160062,3.400513
0.179524,3.410035
0.180167,3.410035
0.199435,3.419597
0.200016,3.419597
0.219446,3.429058
0.220037,3.429058
0.239563,3.438523
0.240125,3.438523
0.259681,3.447965
0.260036,3.447965
0.279546,3.457505
0.280137,3.457505
0.299481,3.466988
0.300097,3.466988
0.319706,3.476549
0.320208,3.476549
0.339697,3.486145
0.340207,3.486145
0.359602,3.495738
0.360187,3.495738
0.379656,3.505328
0.380149,3.505328
0.399665,3.515041
0.400141,3.515041
0.419604,3.524572
0.420254,3.524572
0.439676,3.534242
0.440232,3.534242
0.459634,3.543801
0.460146,3.543801
0.479580,3.553408
0.480229,3.553408
0.499640,3.562998
0.500226,3.562998
0.520574,3.572521
0.521282,3.572521
0.540418,3.582080
0.540774,3.582080
0.559683,3.591605
0.560276,3.591605
0.579582,3.601182
0.580046,3.601182
0.599469,3.610625
0.600154,3.610625
0.619595,3.620284
0.620132,3.620284
0.639507,3.629735
0.640053,3.629735
0.659546,3.639341
0.660069,3.639341
0.679662,3.648889
0.680212,3.648889
0.699558,3.658411
0.700162,3.658411
0.719532,3.667989
0.720177,3.667989
0.739644,3.677546
0.740128,3.677546
0.759500,3.687005
0.760155,3.687005
0.779523,3.696491
0.780201,3.696491
0.799530,3.705908
0.800153,3.705908
0.819493,3.715221
0.820133,3.715221
0.839525,3.724690
0.840141,3.724690
0.859645,3.734007
0.860106,3.734007
0.879554,3.743542
0.880115,3.743542
0.899622,3.753065
0.900067,3.753065
0.919639,3.762693
0.920178,3.762693
0.939543,3.772366
0.940188,3.772366
0.959588,3.782092
0.960118,3.782092
0.979686,3.791914
0.980148,3.791914
0.999460,3.801756
1.000035,3.801756
1.019599,3.811627
1.020069,3.811627
1.039747,3.821485
1.040195,3.821485
1.059581,3.831364
1.060122,3.831364
1.079664,3.841218
1.080074,3.841218
1.099576,3.851098
1.100104,3.851098
1.119669,3.860877
1.120095,3.860877
1.139590,3.870813
1.140204,3.870813
1.159510,3.880577
1.160108,3.880577
1.179747,3.890461
1.180138,3.890461
1.199578,3.900276
1.200212,3.900276
1.219596,3.910022
1.220257,3.910022
1.239696,3.919848
1.240268,3.919848
1.259541,3.929679
1.260035,3.929679
1.279766,3.939465
1.280053,3.939465
1.299467,3.949288
1.300040,3.949288
1.319628,3.959111
1.320231,3.959111
1.339566,3.968856
1.340071,3.968856
1.359660,3.978739
1.360126,3.978739
1.379546,3.988556
1.380130,3.988556
1.399589,3.998436
1.400158,3.998436
1.419552,4.008248
1.420069,4.008248
1.439489,4.018170
1.440107,4.018170
1.459588,4.027986
1.460074,4.027986
1.479631,4.037847
1.480083,4.037847
1.499615,4.047710
1.500172,4.047710
1.519513,4.057552
1.520025,4.057552
1.539544,4.067393
1.540085,4.067393
1.559530,4.077267
1.560038,4.077267
1.579482,4.087139
1.580158,4.087139
1.599559,4.096949
1.600068,4.096949
1.619639,4.106863
1.620112,4.106863
1.639598,4.116683
1.640157,4.116683
1.659558,4.126654
1.660068,4.126654
1.679616,4.136482
1.680066,4.136482
1.699559,4.146427
1.700104,4.146427
1.719623,4.156312
1.720101,4.156312
1.739630,4.166209
1.740099,4.166209
1.759434,4.176079
1.760165,4.176079
1.779648,4.185981
1.780207,4.185981
1.799658,4.195839
1.800086,4.195839
1.819520,4.205706
1.820132,4.205706
1.839611,4.215585
1.840107,4.215585
1.859587,4.225475
1.860228,4.225475
1.879651,4.235327
1.880116,4.235327
1.899532,4.245253
1.900079,4.245253
1.919665,4.255117
1.920177,4.255117
1.939666,4.264958
1.940195,4.264958
1.959582,4.274940
1.960048,4.274940
1.979712,4.284713
1.980074,4.284713
1.999553,4.294655
2.000095,4.294655
2.019603,4.304556
2.020090,4.304556
2.039728,4.314480
2.040271,4.314480
2.059679,4.324415
2.060294,4.324415
2.079490,4.334449
2.080250,4.334449
2.099765,4.344382
2.100202,4.344382
2.119692,4.354425
2.120242,4.354425
2.139525,4.364284
2.140162,4.364284
2.159687,4.374175
2.160206,4.374175
2.179660,4.384064
2.180178,4.384064
2.199750,4.393854
2.200284,4.393854
2.219661,4.403660
2.220224,4.403660
2.239608,4.413478
2.240255,4.413478
2.259653,4.423357
2.260129,4.423357
2.279701,4.433257
2.280168,4.433257
2.299626,4.443236
2.300224,4.443236
2.319490,4.453201
2.320299,4.453201
2.339628,4.463165
2.340217,4.463165
2.359614,4.473063
2.360258,4.473063
2.379560,4.483007
2.380209,4.483007
2.399743,4.492860
2.400196,4.492860
2.419813,4.502736
2.420239,4.502736
2.441102,4.512550
2.441364,4.512550
2.460526,4.522402
2.461390,4.522402
2.479760,4.532195
2.480244,4.532195
2.499634,4.542071
2.500246,4.542071
2.519628,4.551888
2.520451,4.551888
2.539667,4.561797
2.540309,4.561797
2.559699,4.571710
2.560196,4.571710
2.579671,4.581702
2.580192,4.581702
2.599520,4.591680
2.600267,4.591680
2.619670,4.601639
2.620290,4.601639
2.639725,4.611665
2.640206,4.611665
2.659693,4.621645
2.660391,4.621645
2.679701,4.631569
2.680344,4.631569
2.699620,4.641448
2.700200,4.641448
2.720191,4.651348
2.720244,4.651348
2.739699,4.661213
2.740255,4.661213
2.759709,4.671086
2.760114,4.671086
2.779658,4.680910
2.780159,4.680910
2.799512,4.690870
2.800294,4.690870
2.819595,4.700616
2.820244,4.700616
2.839653,4.710573
2.840371,4.710573
2.859756,4.720397
2.860125,4.720397
2.879740,4.730264
2.880204,4.730264
2.899830,4.740099
2.900184,4.740099
2.919617,4.749963
2.920241,4.749963
2.939757,4.759739
2.940244,4.759739
2.959710,4.769585
2.960109,4.769585
2.979518,4.779441
2.980293,4.779441
2.999810,4.789354
3.000239,4.789354
3.019822,4.799168
3.020198,4.799168
3.039633,4.809146
3.040230,4.809146
3.059683,4.819055
3.060250,4.819055
3.079666,4.828932
3.080228,4.828932
3.099632,4.838877
3.100242,4.838877
3.119635,4.848718
3.120213,4.848718
3.139542,4.858557
3.140063,4.858557
3.159551,4.868401
3.160027,4.868401
3.179524,4.878217
3.180039,4.878217
3.199533,4.888067
3.199995,4.888067
3.219563,4.897920
3.220168,4.897920
3.239562,4.907714
3.240060,4.907714
3.259423,4.917612
3.260055,4.917612
3.279530,4.927413
3.280162,4.927413
3.299441,4.937196
3.300010,4.937196
3.319529,4.946976
3.320094,4.946976
3.339569,4.956882
3.340038,4.956882
3.359517,4.966587
3.360047,4.966587
3.379615,4.976516
3.380126,4.976516
3.399528,4.986327
3.400150,4.986327
3.419451,4.996122
3.420119,4.996122
3.439563,5.006017
3.440168,5.006017
3.459624,5.015848
3.460039,5.015848
3.479449,5.025666
3.480105,5.025666
3.499487,5.035583
3.500140,5.035583
3.519429,5.045454
3.520058,5.045454
3.539560,5.055294
3.540138,5.055294
3.559692,5.065237
3.560070,5.065237
3.579485,5.075038
3.580096,5.075038
3.599605,5.084989
3.600075,5.084989
3.619640,5.094782
3.620088,5.094782
3.639619,5.104633
3.640138,5.104633
3.659467,5.114428
3.660134,5.114428
3.679486,5.124210
3.680144,5.124210
3.699663,5.133997
3.700162,5.133997
3.719676,5.143786
3.720162,5.143786
3.739678,5.153629
3.740085,5.153629
3.759588,5.163448
3.760108,5.163448
3.779538,5.173303
3.780076,5.173303
3.799653,5.183144
3.800138,5.183144
3.819505,5.192956
3.820128,5.192956
3.839636,5.202883
3.840092,5.202883
3.859691,5.212721
3.860240,5.212721
3.879451,5.222626
3.880108,5.222626
3.899533,5.232541
3.900264,5.232541
3.919661,5.242408
3.920150,5.242408
3.939642,5.252277
3.940076,5.252277
3.959637,5.262208
3.960150,5.262208
3.979561,5.272025
3.980229,5.272025
3.999585,5.281886
4.000140,5.281886
4.019554,5.291726
4.020161,5.291726
4.039587,5.301488
4.040104,5.301488
4.059622,5.311314
4.060078,5.311314
4.079605,5.321099
4.080017,5.321099
4.099472,5.330893
4.100086,5.330893
4.119581,5.340688
4.120124,5.340688
4.139646,5.350589
4.140071,5.350589
4.159481,5.360454
4.160064,5.360454
4.179599,5.370306
4.180210,5.370306
4.199707,5.380191
4.200087,5.380191
4.219618,5.390080
4.220169,5.390080
4.239484,5.399921
4.240115,5.399921
4.259547,5.409815
4.260116,5.409815
4.279648,5.419624
4.280202,5.419624
4.299577,5.429453
4.300089,5.429453
4.319520,5.439145
4.320072,5.439145
4.339532,5.448938
4.340047,5.448938
4.359545,5.458640
4.360166,5.458640
4.379598,5.468436
4.380133,5.468436
4.400661,5.478155
4.400963,5.478155
4.419820,5.487982
4.420403,5.487982
4.439569,5.497783
4.440122,5.497783
4.459565,5.507618
4.460043,5.507618
4.479575,5.517463
4.480124,5.517463
4.499474,5.527358
4.500096,5.527358
4.519500,5.537171
4.520097,5.537171
4.539523,5.547087
4.539984,5.547087
4.559604,5.556892
4.560227,5.556892
4.579550,5.566654
4.580036,5.566654
4.599587,5.576452
4.600105,5.576452
4.619501,5.586185
4.620077,5.586185
4.639538,5.595953
4.640017,5.595953
4.659554,5.605730
4.660075,5.605730
4.679627,5.615478
4.680101,5.615478
4.699618,5.625320
4.700031,5.625320
4.719540,5.635141
4.720081,5.635141
4.739659,5.645058
4.740071,5.645058
4.759653,5.654900
4.760032,5.654900
4.779503,5.664794
4.780161,5.664794
4.799520,5.674657
4.800075,5.674657
4.819477,5.684445
4.820074,5.684445
4.839608,5.694271
4.840073,5.694271
4.859526,5.704030
4.860130,5.704030
4.879584,5.713752
4.880032,5.713752
4.899484,5.723469
4.900017,5.723469
4.919577,5.733217
4.920143,5.733217
4.939516,5.742909
4.940135,5.742909
4.959736,5.752668
4.960185,5.752668
4.979644,5.762445
4.980155,5.762445
4.999582,5.772254
5.000156,5.772254
5.019504,5.782117
5.020202,5.782117
5.039591,5.791890
5.040167,5.791890
5.059566,5.801795
5.060101,5.801795
5.079592,5.811521
5.080077,5.811521
5.099571,5.821280
5.100064,5.821280
5.119430,5.831057
5.120015,5.831057
5.139485,5.840763
5.140129,5.840763
5.159560,5.850576
5.160041,5.850576
5.179580,5.860313
5.180074,5.860313
5.199655,5.870134
5.200216,5.870134
5.219613,5.879848
5.220200,5.879848
5.239706,5.889639
5.240348,5.889639
5.259620,5.899412
5.260184,5.899412
5.279582,5.909136
5.280145,5.909136
5.300569,5.918894
5.301128,5.918894
5.319747,5.928687
5.320294,5.928687
5.339505,5.938484
5.340064,5.938484
5.359606,5.948281
5.360053,5.948281
5.379462,5.958119
5.380004,5.958119
5.399446,5.967829
5.400010,5.967829
5.419477,5.977714
5.420064,5.977714
5.439595,5.987429
5.440150,5.987429
5.459469,5.997241
5.460122,5.997241
5.479474,6.006939
5.480112,6.006939
5.499464,6.016738
5.500108,6.016738
5.519537,6.026478
5.520075,6.026478
5.539518,6.036305
5.540113,6.036305
5.559610,6.046043
5.560260,6.046043
5.579715,6.055834
5.580086,6.055834
5.599678,6.065568
5.600183,6.065568
5.619781,6.075339
5.620226,6.075339
5.639545,6.085117
5.640246,6.085117
5.659856,6.094883
5.660198,6.094883
5.679708,6.104589
5.680226,6.104589
5.699624,6.114356
5.700253,6.114356
5.719892,6.124129
5.720174,6.124129
5.739547,6.133926
5.740136,6.133926
5.759587,6.143742
5.760045,6.143742
5.779516,6.153543
5.780158,6.153543
5.799469,6.163254
5.800049,6.163254
5.819571,6.173079
5.820189,6.173079
5.839566,6.182793
5.840169,6.182793
5.859637,6.192509
5.860068,6.192509
5.879640,6.202375
5.880183,6.202375
5.899650,6.212104
5.900034,6.212104
5.919542,6.221901
5.920109,6.221901
5.939531,6.231656
5.940156,6.231656
5.959720,6.241384
5.960106,6.241384
5.979625,6.251065
5.980092,6.251065
5.999546,6.260808
6.000152,6.260808
6.019485,6.270480
6.020166,6.270480
6.039668,6.280149
6.040228,6.280149
6.059562,0.006648
6.060076,0.006648
6.079651,0.016332
6.080143,0.016332
6.099548,0.026052
6.100058,0.026052
6.119453,0.035795
6.120097,0.035795
6.139537,0.045544
6.140010,0.045544
6.159618,0.055260
6.160102,0.055260
6.179491,0.065071
6.180083,0.065071
6.199484,0.074790
6.200219,0.074790
6.220560,0.084508
6.221065,0.084508
6.239923,0.094293
6.240836,0.094293
6.259596,0.103970
6.260248,0.103970
6.279586,0.113629
6.280076,0.113629
6.299463,0.123328
6.300015,0.123328
6.319572,0.132908
6.320055,0.132908
6.339563,0.142597
6.340052,0.142597
6.359530,0.152236
6.360100,0.152236
6.379474,0.161935
6.380072,0.161935
6.399551,0.171574
6.400043,0.171574
6.419497,0.181376
6.420204,0.181376
6.439522,0.191027
6.440135,0.191027
6.459536,0.200854
6.460116,0.200854
6.479493,0.210573
6.480055,0.210573
6.499596,0.220339
6.500077,0.220339
6.519568,0.229980
6.520141,0.229980
6.539567,0.239689
6.540035,0.239689
6.559579,0.249303
6.560052,0.249303
6.579623,0.259029
6.580103,0.259029
6.599556,0.268679
6.600102,0.268679
6.619516,0.278434
6.620107,0.278434
6.639522,0.288083
6.640024,0.288083
6.659574,0.297880
6.660001,0.297880
6.679566,0.307570
6.680037,0.307570
6.699500,0.317282
6.700075,0.317282
6.719537,0.326920
6.720060,0.326920
6.739621,0.336572
6.740084,0.336572
6.759406,0.346153
6.759973,0.346153
6.779518,0.355827
6.780111,0.355827
6.799584,0.365446
6.800114,0.365446
6.819513,0.375143
6.820068,0.375143
6.839434,0.384825
6.840015,0.384825
6.859562,0.394496
6.860059,0.394496
6.879603,0.404174
6.879974,0.404174
6.899491,0.413764
6.900084,0.413764
6.919483,0.423371
6.920051,0.423371
6.940459,0.433004
6.940949,0.433004
6.959836,0.442607
6.960321,0.442607
6.979496,0.452219
6.980032,0.452219
6.999485,0.461863
7.000073,0.461863
7.019524,0.471470
7.020020,0.471470
7.039479,0.481173
7.040082,0.481173
7.059535,0.490770
7.060053,0.490770
7.080577,0.500430
7.081195,0.500430
7.100770,0.510118
7.101235,0.510118
7.119678,0.519748
7.120192,0.519748
7.139456,0.529393
7.140091,0.529393
7.159508,0.539050
7.160091,0.539050
7.179521,0.548756
7.179986,0.548756
7.199513,0.558429
7.200027,0.558429
7.220656,0.568038
7.221247,0.568038
7.239928,0.577751
7.240621,0.577751
7.259438,0.587451
7.260009,0.587451
7.279632,0.597045
7.280124,0.597045
7.299381,0.606662
7.300024,0.606662
7.319504,0.616142
7.319986,0.616142
7.339500,0.625725
7.340106,0.625725
7.359511,0.635273
7.360060,0.635273
7.379432,0.644821
7.380081,0.644821
7.399480,0.654411
7.400059,0.654411
7.419449,0.664088
7.420187,0.664088
7.439600,0.673663
7.440095,0.673663
7.459574,0.683331
7.460016,0.683331
7.479513,0.692914
7.480099,0.692914
7.499434,0.702574
7.499990,0.702574
7.519459,0.712224
7.520096,0.712224
7.539573,0.721890
7.540134,0.721890
7.559549,0.731475
7.560014,0.731475
7.579519,0.741186
7.580140,0.741186
7.599500,0.750769
7.600063,0.750769
7.619545,0.760392
7.620069,0.760392
7.639537,0.769970
7.639931,0.769970
7.659505,0.779579
7.660053,0.779579
7.679409,0.789074
7.680133,0.789074
7.699379,0.798662
7.700121,0.798662
7.719499,0.808120
7.720065,0.808120
7.739534,0.817686
7.740067,0.817686
7.759543,0.827344
7.760058,0.827344
7.779561,0.836880
7.780126,0.836880
7.799625,0.846624
7.800054,0.846624
7.819625,0.856289
7.820237,0.856289
7.839559,0.865979
7.840080,0.865979
7.859603,0.875726
7.860102,0.875726
7.879653,0.885364
7.880141,0.885364
7.899480,0.894960
7.900072,0.894960
7.919559,0.904657
7.920208,0.904657
7.939598,0.914145
7.940073,0.914145
7.959708,0.923799
7.960175,0.923799
7.980207,0.933304
7.981034,0.933304
8.000567,0.942882
8.001130,0.942882
8.019573,0.952463
8.020488,0.952463
8.040477,0.962007
8.041008,0.962007
8.059906,0.971608
8.060345,0.971608
8.079535,0.981284
8.080076,0.981284
8.099429,0.990773
8.100059,0.990773
8.119508,1.000417
8.120029,1.000417
8.139527,1.009919
8.140039,1.009919
8.159537,1.019518
8.160081,1.019518
8.179545,1.029072
8.180115,1.029072
8.199553,1.038636
8.199963,1.038636
8.219474,1.048207
8.220037,1.048207
8.239536,1.057734
8.240071,1.057734
8.259647,1.067278
8.260062,1.067278
8.279572,1.076865
8.280161,1.076865
8.299569,1.086387
8.300023,1.086387
8.319516,1.095922
8.320005,1.095922
8.339587,1.105461
8.340065,1.105461
8.359664,1.114990
8.360155,1.114990
8.379654,1.124513
8.380094,1.124513
8.399574,1.134085
8.400079,1.134085
8.419695,1.143638
8.420103,1.143638
8.439604,1.153130
8.440150,1.153130
8.459627,1.162707
8.460057,1.162707
8.479452,1.172068
8.480161,1.172068
8.499625,1.181569
8.500195,1.181569
8.519566,1.190949
8.520173,1.190949
8.539735,1.200299
8.540147,1.200299
8.559568,1.209705
8.560168,1.209705
8.579521,1.219083
8.580137,1.219083
8.599548,1.228545
8.600040,1.228545
8.619583,1.238024
8.620085,1.238024
8.639682,1.247551
8.640193,1.247551
8.659600,1.257080
8.660143,1.257080
8.679592,1.266691
8.680139,1.266691
8.699549,1.276229
8.700058,1.276229
8.719535,1.285742
8.720141,1.285742
8.739567,1.295184
8.740124,1.295184
8.759633,1.304662
8.760162,1.304662
8.779671,1.314116
8.780058,1.314116
8.799444,1.323638
8.800159,1.323638
8.819545,1.333037
8.820134,1.333037
8.839601,1.342603
8.840126,1.342603
8.859539,1.352055
8.859961,1.352055
8.879761,1.361489
8.880182,1.361489
8.899659,1.370999
8.900101,1.370999
8.919673,1.380439
8.920226,1.380439
8.939591,1.389868
8.940367,1.389868
8.959627,1.399317
8.960253,1.399317
8.979814,1.408696
8.980190,1.408696
8.999707,1.418122
9.000286,1.418122
9.019653,1.427551
9.020143,1.427551
9.039533,1.436933
9.040139,1.436933
9.059561,1.446421
9.060131,1.446421
9.079660,1.455799
9.080218,1.455799
9.099457,1.465229
9.100060,1.465229
9.119534,1.474663
9.120123,1.474663
9.139553,1.484114
9.140137,1.484114
9.159441,1.493508
9.160027,1.493508
9.179666,1.502996
9.180158,1.502996
9.199547,1.512399
9.200214,1.512399
9.219541,1.521866
9.220211,1.521866
9.239655,1.531339
9.240302,1.531339
9.259571,1.540844
9.260176,1.540844
9.279593,1.550311
9.280110,1.550311
9.299637,1.559789
9.300205,1.559789
9.320336,1.569269
9.321604,1.569269
9.340216,1.578755
9.340691,1.578755
9.359620,1.588212
9.360220,1.588212
9.379515,1.597662
9.380003,1.597662
9.399569,1.607205
9.400044,1.607205
9.419585,1.616671
9.420124,1.616671
9.439501,1.626282
9.439969,1.626282
9.459542,1.635787
9.460078,1.635787
9.480509,1.645370
9.481015,1.645370
9.500484,1.655022
9.501232,1.655022
9.519676,1.664746
9.520286,1.664746
9.539479,1.674401
9.540020,1.674401
9.559529,1.684229
9.560033,1.684229
9.579668,1.693904
9.580014,1.693904
9.599569,1.703719
9.599995,1.703719
9.619544,1.713372
9.620030,1.713372
9.639543,1.722992
9.640062,1.722992
9.659486,1.732490
9.660076,1.732490
9.679608,1.741982
9.680135,1.741982
9.699554,1.751306
9.700072,1.751306
9.719540,1.760674
9.720064,1.760674
9.739644,1.770093
9.740139,1.770093
9.759563,1.779518
9.760146,1.779518
9.779679,1.788927
9.780216,1.788927
9.799671,1.798436
9.800083,1.798436
9.819559,1.807980
9.820192,1.807980
9.839592,1.817468
9.840139,1.817468
9.859653,1.827065
9.860253,1.827065
9.879726,1.836566
9.880124,1.836566
9.899631,1.846143
9.900222,1.846143
9.919545,1.855603
9.920234,1.855603
9.939666,1.865194
9.940257,1.865194
9.959585,1.874647
9.960150,1.874647
9.979799,1.884195
9.980194,1.884195
9.999719,1.893783
10.000249,1.893783
10.019572,1.903350
10.020149,1.903350
10.039658,1.912974
10.040163,1.912974
10.059595,1.922629
10.060150,1.922629
10.079657,1.932285
10.080172,1.932285
10.099722,1.941913
10.100278,1.941913
10.119608,1.951559
10.120202,1.951559
10.139685,1.961208
10.140241,1.961208
10.159657,1.970880
10.160232,1.970880
10.179618,1.980513
10.180142,1.980513
10.199705,1.990139
10.200169,1.990139
10.219649,1.999752
10.220203,1.999752
10.239668,2.009423
10.240314,2.009423
10.259588,2.019019
10.260154,2.019019
10.279653,2.028710
10.280162,2.028710
10.299653,2.038349
10.300122,2.038349
10.319699,2.048099
10.320418,2.048099
10.339665,2.057794
10.340095,2.057794
10.359684,2.067514
10.360217,2.067514
10.379596,2.077241
10.380193,2.077241
10.399685,2.086853
10.400146,2.086853
10.419645,2.096424
10.420228,2.096424
10.439623,2.105986
10.440239,2.105986
10.459767,2.115578
10.460217,2.115578
10.479722,2.125142
10.480111,2.125142
10.499732,2.134881
10.500248,2.134881
10.519601,2.144415
10.520169,2.144415
10.539704,2.154183
10.540201,2.154183
10.560484,2.163868
10.561203,2.163868
10.580600,2.173557
10.581144,2.173557
10.599678,2.183257
10.600245,2.183257
10.619533,2.192960
10.620095,2.192960
10.639472,2.202564
10.640097,2.202564
10.659484,2.212144
10.660039,2.212144
10.679480,2.221706
10.680047,2.221706
10.699478,2.231375
10.700122,2.231375
10.719679,2.240891
10.720074,2.240891
10.739742,2.250571
10.740211,2.250571
10.759536,2.260191
10.760062,2.260191
10.779513,2.269969
10.780155,2.269969
10.799478,2.279695
10.800051,2.279695
10.819508,2.289418
10.820164,2.289418
10.839568,2.299153
10.840102,2.299153
10.860768,2.308896
10.861013,2.308896
10.880721,2.318487
10.881087,2.318487
10.899850,2.328150
10.900332,2.328150
10.919528,2.337683
10.920149,2.337683
10.939493,2.347223
10.940089,2.347223
10.959467,2.356812
10.960041,2.356812
10.979516,2.366328
10.980036,2.366328
10.999489,2.375845
11.000101,2.375845
11.019625,2.385411
11.020143,2.385411
11.039545,2.394915
11.040107,2.394915
11.059631,2.404501
11.060146,2.404501
11.080624,2.414044
11.080920,2.414044
11.100831,2.423681
11.101170,2.423681
11.119696,2.433221
11.120507,2.433221
11.139463,2.442798
11.140121,2.442798
11.159555,2.452473
11.160157,2.452473
11.179584,2.462140
11.180107,2.462140
11.199553,2.471944
11.200064,2.471944
11.219725,2.481600
11.220078,2.481600
11.239713,2.491312
11.240133,2.491312
11.259602,2.500923
11.260024,2.500923
11.279612,2.510567
11.280128,2.510567
11.299775,2.520153
11.300066,2.520153
11.319639,2.529827
11.320135,2.529827
11.339635,2.539400
11.340103,2.539400
11.359566,2.549021
11.360193,2.549021
11.379533,2.558684
11.380162,2.558684
11.399522,2.568314
11.400182,2.568314
11.419441,2.577951
11.420075,2.577951
11.439571,2.587612
11.440071,2.587612
11.459612,2.597207
11.460069,2.597207
11.479629,2.606867
11.480114,2.606867
11.499547,2.616498
11.500149,2.616498
11.519565,2.626060
11.520159,2.626060
11.539655,2.635638
11.540162,2.635638
11.559485,2.645180
11.560190,2.645180
11.579604,2.654773
11.580085,2.654773
11.599635,2.664246
11.600199,2.664246
11.620494,2.673866
11.621090,2.673866
11.640664,2.683365
11.641220,2.683365
11.660212,2.692965
11.660712,2.692965
11.679505,2.702552
11.680137,2.702552
11.699607,2.712169
11.700129,2.712169
11.719525,2.721762
11.720162,2.721762
11.740492,2.731416
11.740926,2.731416
11.760571,2.740958
11.761114,2.740958
11.779773,2.750625
11.780269,2.750625
11.799612,2.760193
11.800123,2.760193
11.819477,2.769798
11.820298,2.769798
11.839434,2.779369
11.840109,2.779369
11.859529,2.788945
11.860044,2.788945
11.879574,2.798450
11.880081,2.798450
11.899528,2.808041
11.900086,2.808041
11.919452,2.817590
11.920017,2.817590
11.939560,2.827202
11.940122,2.827202
11.959481,2.836817
11.960092,2.836817
11.980365,2.846452
11.981002,2.846452
12.000703,2.856080
12.003381,2.856080
12.019622,2.865674
12.020315,2.865674
12.039507,2.875355
12.040075,2.875355
12.059546,2.884914
12.060061,2.884914
12.079519,2.894543
12.080060,2.894543
12.099492,2.904080
12.100077,2.904080
12.119483,2.913716
12.120110,2.913716
12.139563,2.923294
12.140032,2.923294
12.159522,2.932992
12.160101,2.932992
12.179527,2.942606
12.180123,2.942606
12.199576,2.952213
12.200112,2.952213
12.219648,2.961842
12.220088,2.961842
12.239909,2.971554
12.240214,2.971554
12.259482,2.981172
12.260134,2.981172
12.279633,2.990833
12.280070,2.990833
12.299619,3.000394
12.300118,3.000394
12.319648,3.010039
12.320079,3.010039
12.339587,3.019634
12.340130,3.019634
12.359543,3.029229
12.360093,3.029229
12.379572,3.038745
12.380187,3.038745
12.399574,3.048363
12.400191,3.048363
12.419576,3.057833
12.420099,3.057833
12.439573,3.067376
12.440121,3.067376
12.459559,3.076930
12.460134,3.076930
12.479510,3.086502
12.480176,3.086502
12.499676,3.096164
12.500120,3.096164
12.519590,3.105791
12.520036,3.105791
12.539538,3.115414
12.540134,3.115414
12.559573,3.125102
12.560170,3.125102
12.579578,3.134744
12.580079,3.134744
12.599528,3.144326
12.600090,3.144326
12.619526,3.154003
12.620043,3.154003
12.639630,3.163513
12.640087,3.163513
12.659532,3.173143
12.660015,3.173143
12.679561,3.182704
12.680077,3.182704
12.699737,3.192269
12.700128,3.192269
12.719449,3.201899
12.720052,3.201899
12.739550,3.211426
12.740212,3.211426
12.759652,3.221056
12.760327,3.221056
12.780542,3.230635
12.781147,3.230635
12.800320,3.240166
12.800763,3.240166
12.819656,3.249772
12.820084,3.249772
12.839527,3.259322
12.840010,3.259322
12.859559,3.268767
12.859983,3.268767
12.879557,3.278307
12.880112,3.278307
12.899558,3.287741
12.900016,3.287741
12.919680,3.297307
12.920395,3.297307
12.939710,3.306744
12.940220,3.306744
12.959695,3.316255
12.960179,3.316255
12.979627,3.325798
12.980112,3.325798
12.999645,3.335362
13.000153,3.335362
13.019535,3.344937
13.020140,3.344937
13.039742,3.354620
13.040232,3.354620
13.059596,3.364232
13.060198,3.364232
13.079687,3.374032
13.080160,3.374032
13.099609,3.383712
13.100185,3.383712
13.119686,3.393485
13.120152,3.393485
13.139681,3.403208
13.140289,3.403208
13.159623,3.412846
13.160156,3.412846
13.179690,3.422432
13.180194,3.422432
13.199663,3.431843
13.200221,3.431843
13.219637,3.441344
13.220268,3.441344
13.239696,3.450749
13.240213,3.450749
13.259675,3.460155
13.260132,3.460155
13.279543,3.469605
13.280185,3.469605
13.299636,3.479113
13.300297,3.479113
13.320428,3.488776
13.321173,3.488776
13.339907,3.498495
13.340453,3.498495
13.359601,3.508129
13.360068,3.508129
13.379520,3.517971
13.380034,3.517971
13.399617,3.527731
13.400165,3.527731
13.419462,3.537403
13.420067,3.537403
13.439457,3.547014
13.440116,3.547014
13.459507,3.556689
13.460055,3.556689
13.479412,3.566114
13.480032,3.566114
13.499555,3.575721
13.500302,3.575721
13.519653,3.585152
13.520270,3.585152
13.539637,3.594641
13.540186,3.594641
13.559656,3.604078
13.560165,3.604078
13.579733,3.613590
13.580155,3.613590
13.599699,3.623086
13.600098,3.623086
13.619787,3.632624
13.620386,3.632624
13.639706,3.642182
13.640138,3.642182
13.659737,3.651739
13.660157,3.651739
13.679745,3.661317
13.680210,3.661317
13.699539,3.670919
13.700202,3.670919
13.719567,3.680453
13.720194,3.680453
13.739650,3.689920
13.740285,3.689920
13.759660,3.699367
13.760245,3.699367
13.779736,3.708701
13.780206,3.708701
13.799514,3.718131
13.800150,3.718131
13.819591,3.727350
13.820170,3.727350
13.840260,3.736688
13.841134,3.736688
13.860314,3.746068
13.860688,3.746068
13.879694,3.755530
13.880138,3.755530
13.899503,3.764985
13.900133,3.764985
13.919568,3.774615
13.920155,3.774615
13.939510,3.784226
13.940085,3.784226
13.960562,3.793923
13.960948,3.793923
13.980816,3.803608
13.981372,3.803608
13.999614,3.813381
14.000299,3.813381
14.019430,3.823097
14.020133,3.823097
14.039551,3.832935
14.040197,3.832935
14.059602,3.842751
14.060029,3.842751
14.079595,3.852498
14.080120,3.852498
14.099638,3.862399
14.100112,3.862399
14.119633,3.872119
14.120122,3.872119
14.139703,3.881885
14.140295,3.881885
14.159779,3.891628
14.160375,3.891628
14.180149,3.901394
14.181262,3.901394
14.200754,3.911119
14.201455,3.911119
14.219663,3.920880
14.220332,3.920880
14.239529,3.930580
14.240040,3.930580
14.259674,3.940411
14.260102,3.940411
14.279511,3.950163
14.280039,3.950163
14.299585,3.959925
14.300059,3.959925
14.319589,3.969659
14.320032,3.969659
14.339459,3.979385
14.340137,3.979385
14.359482,3.989098
14.360056,3.989098
14.379577,3.998885
14.380148,3.998885
14.399521,4.008586
14.400002,4.008586
14.419521,4.018300
14.420150,4.018300
14.440562,4.028089
14.441097,4.028089
14.460684,4.037764
14.460998,4.037764
14.479714,4.047523
14.480266,4.047523
14.499660,4.057206
14.500183,4.057206
14.519551,4.066981
14.520050,4.066981
14.539538,4.076649
14.540138,4.076649
14.559415,4.086436
14.559997,4.086436
14.579462,4.096120
14.580150,4.096120
14.599576,4.105888
14.600075,4.105888
14.619577,4.115625
14.620038,4.115625
14.639496,4.125423
14.640105,4.125423
14.659513,4.135150
14.660062,4.135150
14.679608,4.144984
14.680123,4.144984
14.699528,4.154653
14.700124,4.154653
14.719514,4.164537
14.720155,4.164537
14.739584,4.174230
14.740117,4.174230
14.759576,4.184040
14.760081,4.184040
14.779618,4.193764
14.780081,4.193764
14.799562,4.203520
14.800226,4.203520
14.819481,4.213181
14.820196,4.213181
14.839454,4.222918
14.840179,4.222918
14.859555,4.232598
14.860094,4.232598
14.879634,4.242364
14.880048,4.242364
14.899694,4.252085
14.900072,4.252085
14.919570,4.261861
14.920049,4.261861
14.939625,4.271619
14.940147,4.271619
14.959685,4.281377
14.960130,4.281377
14.979646,4.291233
14.980076,4.291233
14.999766,4.301028
15.000242,4.301028
15.019597,4.310821
15.020145,4.310821
15.039529,4.320673
15.040157,4.320673
15.059641,4.330362
15.060195,4.330362
15.079466,4.340137
15.080028,4.340137
15.099631,4.349879
15.100140,4.349879
15.119541,4.359565
15.120132,4.359565
15.139575,4.369248
15.140093,4.369248
15.159623,4.378958
15.160139,4.378958
15.179575,4.388667
15.180130,4.388667
15.199603,4.398342
15.200039,4.398342
15.219563,4.408139
15.220161,4.408139
15.239379,4.417856
15.240128,4.417856
15.259585,4.427641
15.260183,4.427641
15.279631,4.437368
15.280100,4.437368
15.299546,4.447125
15.300018,4.447125
15.319631,4.456880
15.320154,4.456880
15.339623,4.466699
15.340173,4.466699
15.359648,4.476425
15.360149,4.476425
15.379576,4.486132
15.380127,4.486132
15.399559,4.495875
15.400156,4.495875
15.419562,4.505571
15.420074,4.505571
15.439559,4.515270
15.440224,4.515270
15.459529,4.524969
15.460175,4.524969
15.479558,4.534657
15.480122,4.534657
15.501259,4.544344
15.501409,4.544344
15.520082,4.554062
15.520639,4.554062
15.539467,4.563725
15.540151,4.563725
15.559560,4.573513
15.560078,4.573513
15.579513,4.583256
15.580001,4.583256
15.599518,4.593006
15.600053,4.593006
15.619414,4.602790
15.620168,4.602790
15.639585,4.612496
15.640058,4.612496
15.659595,4.622220
15.660093,4.622220
15.679683,4.631940
15.680060,4.631940
15.699494,4.641611
15.700118,4.641611
15.719501,4.651311
15.720134,4.651311
15.739581,4.660950
15.740195,4.660950
15.759634,4.670644
15.760105,4.670644
15.779691,4.680274
15.780174,4.680274
15.799570,4.689990
15.800269,4.689990
15.819909,4.699698
15.820190,4.699698
15.839739,4.709389
15.840192,4.709389
15.859553,4.719108
15.860137,4.719108
15.880664,4.728922
15.881093,4.728922
15.900447,4.738564
15.901156,4.738564
15.919744,4.748339
15.920201,4.748339
15.939501,4.757971
15.940145,4.757971
15.959525,4.767698
15.960195,4.767698
15.979468,4.777374
15.980164,4.777374
16.000082,4.787073
16.000752,4.787073
16.020383,4.796847
16.021025,4.796847
16.039784,4.806605
16.040440,4.806605
16.059540,4.816262
16.060148,4.816262
16.079447,4.826094
16.080112,4.826094
16.099534,4.835761
16.100070,4.835761
16.119583,4.845543
16.120206,4.845543
16.139574,4.855264
16.140115,4.855264
16.159658,4.864915
16.160082,4.864915
16.179541,4.874583
16.180118,4.874583
16.199543,4.884233
16.200064,4.884233
16.219594,4.893793
16.220072,4.893793
16.239665,4.903436
16.240129,4.903436
16.260249,4.912953
16.260940,4.912953
16.280885,4.922608
16.281054,4.922608
16.299795,4.932271
16.300278,4.932271
16.319496,4.941827
16.320143,4.941827
16.339639,4.951521
16.340122,4.951521
16.359454,4.961233
16.360111,4.961233
16.379512,4.971015
16.380181,4.971015
16.399555,4.980762
16.400103,4.980762
16.419630,4.990547
16.420094,4.990547
16.439673,5.000293
16.440137,5.000293
16.459457,5.009982
16.460139,5.009982
16.480577,5.019701
16.480858,5.019701
16.501166,5.029296
16.501236,5.029296
16.519859,5.038914
16.520298,5.038914
16.539669,5.048557
16.540128,5.048557
16.559573,5.058194
16.560060,5.058194
16.579607,5.067886
16.580059,5.067886
16.599497,5.077584
16.601443,5.077584
16.619590,5.087283
16.620072,5.087283
16.639481,5.096966
16.640188,5.096966
16.659543,5.106677
16.660083,5.106677
16.679544,5.116353
16.680047,5.116353
16.699628,5.125994
16.700017,5.125994
16.719591,5.135605
16.720175,5.135605
16.739690,5.145200
16.740075,5.145200
16.759670,5.154754
16.760186,5.154754
16.780450,5.164345
16.781034,5.164345
16.800841,5.173975
16.801377,5.173975
16.819653,5.183602
16.820207,5.183602
16.840200,5.193287
16.841005,5.193287
16.860420,5.202980
16.861123,5.202980
16.879878,5.212717
16.880339,5.212717
16.899600,5.222505
16.900014,5.222505
16.919606,5.232335
16.920169,5.232335
16.939578,5.242072
16.940059,5.242072
16.959604,5.251995
16.960025,5.251995
16.979439,5.261759
16.980119,5.261759
17.000484,5.271556
17.001321,5.271556
17.020588,5.281232
17.021173,5.281232
17.039747,5.290924
17.040191,5.290924
17.059619,5.300456
17.060091,5.300456
17.079587,5.310143
17.080132,5.310143
17.099591,5.319670
17.100085,5.319670
17.119523,5.329334
17.120073,5.329334
17.139668,5.338979
17.140130,5.338979
17.159579,5.348683
17.160145,5.348683
17.179706,5.358389
17.180197,5.358389
17.199562,5.368191
17.200147,5.368191
17.219481,5.377804
17.220131,5.377804
17.240674,5.387556
17.240861,5.387556
17.259952,5.397241
17.260449,5.397241
17.279649,5.406890
17.280045,5.406890
17.299649,5.416511
17.300124,5.416511
17.319482,5.426243
17.320036,5.426243
17.339531,5.435818
17.340230,5.435818
17.359517,5.445429
17.360096,5.445429
17.379523,5.454991
17.380059,5.454991
17.399484,5.464656
17.400074,5.464656
17.419704,5.474213
17.420105,5.474213
17.439616,5.483865
17.440186,5.483865
17.459574,5.493504
17.460199,5.493504
17.479685,5.503156
17.480177,5.503156
17.499640,5.512920
17.500170,5.512920
17.519653,5.522650
17.520249,5.522650
17.539629,5.532370
17.540208,5.532370
17.559622,5.542093
17.560322,5.542093
17.580600,5.551786
17.581238,5.551786
17.600653,5.561439
17.601473,5.561439
17.619790,5.571129
17.620349,5.571129
17.639532,5.580745
17.640048,5.580745
17.659564,5.590438
17.660117,5.590438
17.679490,5.600055
17.680069,5.600055
17.699453,5.609679
17.700103,5.609679
17.719584,5.619346
17.720080,5.619346
17.739570,5.629056
17.739991,5.629056
17.759443,5.638721
17.760025,5.638721
17.779610,5.648406
17.780100,5.648406
17.799623,5.658116
17.800155,5.658116
17.819706,5.667763
17.820334,5.667763
17.839743,5.677373
17.840320,5.677373
17.859807,5.687053
17.860249,5.687053
17.879689,5.696606
17.880434,5.696606
17.899630,5.706241
17.900170,5.706241
17.919504,5.715916
17.920167,5.715916
17.939685,5.725442
17.940166,5.725442
17.959621,5.735100
17.960219,5.735100
17.979543,5.744717
17.980262,5.744717
17.999782,5.754344
18.000195,5.754344
18.019635,5.763970
18.020131,5.763970
18.039703,5.773640
18.040146,5.773640
18.059633,5.783295
18.060087,5.783295
18.079557,5.793064
18.080096,5.793064
18.099610,5.802683
18.100069,5.802683
18.119583,5.812319
18.120189,5.812319
18.139630,5.822024
18.140111,5.822024
18.159621,5.831477
18.160137,5.831477
18.179544,5.841133
18.180179,5.841133
18.199614,5.850655
18.200141,5.850655
18.219550,5.860286
18.220083,5.860286
18.239597,5.869977
18.240221,5.869977
18.259518,5.879585
18.260152,5.879585
18.279579,5.889359
18.280056,5.889359
18.299521,5.899040
18.300099,5.899040
18.319637,5.908784
18.320167,5.908784
18.339671,5.918531
18.340272,5.918531
18.359633,5.928182
18.360186,5.928182
18.379557,5.937845
18.380277,5.937845
18.399589,5.947461
18.400162,5.947461
18.419699,5.957039
18.420245,5.957039
18.440785,5.966692
18.441460,5.966692
18.460074,5.976308
18.460869,5.976308
18.479549,5.985915
18.480138,5.985915
18.499594,5.995664
18.500096,5.995664
18.519555,6.005302
18.520162,6.005302
18.539593,6.015069
18.540128,6.015069
18.559592,6.024745
18.560079,6.024745
18.579533,6.034423
18.580052,6.034423
18.599646,6.044153
18.600095,6.044153
18.619523,6.053848
18.620039,6.053848
18.639527,6.063511
18.640062,6.063511
18.659555,6.073227
18.660058,6.073227
18.679594,6.082797
18.680063,6.082797
18.699577,6.092547
18.700083,6.092547
18.720357,6.102156
18.720892,6.102156
18.740320,6.111850
18.740635,6.111850
18.759914,6.121462
18.760788,6.121462
18.780060,6.131154
18.780619,6.131154
18.799669,6.140826
18.800315,6.140826
18.819599,6.150583
18.820170,6.150583
18.839785,6.160361
18.840256,6.160361
18.859637,6.170110
18.860285,6.170110
18.879612,6.179828
18.880202,6.179828
18.899706,6.189609
18.900346,6.189609
18.919556,6.199280
18.920186,6.199280
18.939724,6.208911
18.940250,6.208911
18.959499,6.218613
18.960238,6.218613
18.979764,6.228218
18.980174,6.228218
18.999881,6.237865
19.000247,6.237865
19.019699,6.247542
19.020245,6.247542
19.039598,6.257190
19.040239,6.257190
19.059758,6.266863
19.060281,6.266863
19.079655,6.276602
19.080202,6.276602
19.099755,0.003054
19.100159,0.003054
19.119597,0.012762
19.120230,0.012762
19.139661,0.022435
19.140169,0.022435
19.159672,0.032126
19.160211,0.032126
19.179595,0.041784
19.180289,0.041784
19.199707,0.051518
19.200164,0.051518
19.219610,0.061117
19.220335,0.061117
19.239705,0.070807
19.240099,0.070807
19.259769,0.080505
19.260121,0.080505
19.279656,0.090155
19.280161,0.090155
19.299707,0.099818
19.300112,0.099818
19.319516,0.109476
19.321792,0.109476
19.340773,0.119162
19.341324,0.119162
19.360129,0.128772
19.360816,0.128772
19.379665,0.138550
19.380118,0.138550
19.399436,0.148228
19.400117,0.148228
19.419504,0.157989
19.420017,0.157989
19.439638,0.167728
19.440153,0.167728
19.459648,0.177507
19.459984,0.177507
19.479617,0.187198
19.480099,0.187198
19.499516,0.196960
19.500118,0.196960
19.519451,0.206584
19.520052,0.206584
19.539560,0.216392
19.540082,0.216392
19.559530,0.225991
19.560085,0.225991
19.579603,0.235695
19.580123,0.235695
19.599534,0.245350
19.600028,0.245350
19.619440,0.255084
19.620041,0.255084
19.639427,0.264726
19.640062,0.264726
19.659583,0.274549
19.660076,0.274549
19.679478,0.284257
19.680010,0.284257
19.699548,0.294065
19.700083,0.294065
19.719497,0.303843
19.720037,0.303843
19.739541,0.313566
19.740148,0.313566
19.759499,0.323317
19.760087,0.323317
19.779570,0.332968
19.780081,0.332968
19.799551,0.342583
19.800028,0.342583
19.819547,0.352221
19.820068,0.352221
19.839575,0.361814
19.840175,0.361814
19.859561,0.371458
19.860072,0.371458
19.879575,0.381139
19.879989,0.381139
19.899522,0.390743
19.900102,0.390743
19.919473,0.400515
19.920109,0.400515
19.939466,0.410164
19.940143,0.410164
19.959592,0.419937
19.960082,0.419937
19.979608,0.429626
19.980019,0.429626
19.999506,0.439338
20.000067,0.439338
20.019502,0.449061
20.020074,0.449061
20.039630,0.458704
20.040128,0.458704
20.059524,0.468373
20.060136,0.468373
20.079569,0.478038
20.080184,0.478038
20.099524,0.487713
20.100088,0.487713
20.119526,0.497350
20.120156,0.497350
20.139535,0.507060
20.140114,0.507060
20.160593,0.516659
20.160796,0.516659
20.179669,0.526438
20.180059,0.526438
20.199495,0.536112
20.200042,0.536112
20.219568,0.545892
20.220023,0.545892
20.239456,0.555598
20.240115,0.555598
20.259485,0.565386
20.260127,0.565386
20.279541,0.575079
20.280079,0.575079
20.299456,0.584852
20.300047,0.584852
20.319523,0.594425
20.320173,0.594425
20.339656,0.604154
20.340209,0.604154
20.359507,0.613665
20.360155,0.613665
20.379805,0.623273
20.380176,0.623273
20.400436,0.632866
20.401207,0.632866
20.420118,0.642484
20.420774,0.642484
20.439545,0.652045
20.440174,0.652045
20.459565,0.661721
20.460024,0.661721
20.479487,0.671391
20.480041,0.671391
20.499537,0.681016
20.500072,0.681016
20.519426,0.690681
20.520040,0.690681
20.539623,0.700359
20.540052,0.700359
20.559566,0.710071
20.560130,0.710071
20.579508,0.719758
20.580049,0.719758
20.599497,0.729493
20.600075,0.729493
20.619457,0.739207
20.620099,0.739207
20.639561,0.748969
20.640115,0.748969
20.659588,0.758673
20.660009,0.758673
20.679542,0.768400
20.680012,0.768400
20.699511,0.778074
20.700110,0.778074
20.719518,0.787727
20.720048,0.787727
20.739523,0.797372
20.740094,0.797372
20.759570,0.806981
20.760148,0.806981
20.779547,0.816567
20.780048,0.816567
20.799485,0.826133
20.800022,0.826133
20.819531,0.835752
20.820087,0.835752
20.839624,0.845291
20.840189,0.845291
20.859458,0.854895
20.860130,0.854895
20.879466,0.864518
20.880102,0.864518
20.899544,0.874122
20.900079,0.874122
20.919787,0.883694
20.920167,0.883694
20.939594,0.893390
20.940223,0.893390
20.959780,0.902964
20.960215,0.902964
20.979617,0.912682
20.980362,0.912682
21.000569,0.922327
21.001041,0.922327
21.020671,0.932051
21.021506,0.932051
21.039684,0.941661
21.040236,0.941661
21.059470,0.951319
21.060059,0.951319
21.079436,0.960883
21.080099,0.960883
21.099537,0.970488
21.100055,0.970488
21.119525,0.980026
21.120047,0.980026
21.139519,0.989616
21.140260,0.989616
21.159578,0.999102
21.160223,0.999102
21.179644,1.008758
21.180234,1.008758
21.199600,1.018261
21.200221,1.018261
21.219559,1.027833
21.220013,1.027833
21.239622,1.037463
21.239961,1.037463
21.259521,1.047081
21.260045,1.047081
21.279733,1.056653
21.280071,1.056653
21.299579,1.066335
21.300019,1.066335
21.319473,1.075857
21.320071,1.075857
21.339429,1.085511
21.339959,1.085511
21.359588,1.095157
21.360096,1.095157
21.379487,1.104731
21.380104,1.104731
21.399667,1.114309
21.400147,1.114309
21.419506,1.123810
21.420095,1.123810
21.439561,1.133258
21.440137,1.133258
21.459617,1.142660
21.460012,1.142660
21.479518,1.152142
21.480113,1.152142
21.499565,1.161559
21.500149,1.161559
21.519574,1.171098
21.520090,1.171098
21.539535,1.180586
21.540080,1.180586
21.559609,1.190033
21.560133,1.190033
21.579583,1.199515
21.580100,1.199515
21.599606,1.209048
21.600135,1.209048
21.619860,1.218443
21.620081,1.218443
21.639477,1.227951
21.640056,1.227951
21.659588,1.237394
21.660110,1.237394
21.679490,1.246867
21.680072,1.246867
21.699493,1.256266
21.700090,1.256266
21.719640,1.265807
21.720284,1.265807
21.739592,1.275185
21.740159,1.275185
21.759660,1.284844
21.760222,1.284844
21.779749,1.294324
21.780190,1.294324
21.799616,1.303756
21.800130,1.303756
21.819580,1.313258
21.820128,1.313258
21.839588,1.322761
21.840205,1.322761
21.859641,1.332217
21.860074,1.332217
21.879595,1.341833
21.880250,1.341833
21.899762,1.351287
21.900158,1.351287
21.919705,1.360861
21.920242,1.360861
21.939752,1.370443
21.940318,1.370443
21.959638,1.379887
21.960223,1.379887
21.979656,1.389391
21.980194,1.389391
21.999610,1.398734
22.000202,1.398734
22.019678,1.408088
22.020099,1.408088
22.039665,1.417416
22.040254,1.417416
22.059730,1.426734
22.060282,1.426734
22.079514,1.436088
22.080178,1.436088
22.099670,1.445504
22.100212,1.445504
22.119583,1.454940
22.120143,1.454940
22.139652,1.464455
22.140241,1.464455
22.159596,1.474012
22.160166,1.474012
22.179624,1.483542
22.180138,1.483542
22.199585,1.493126
22.200155,1.493126
22.219683,1.502613
22.220197,1.502613
22.239589,1.512179
22.240160,1.512179
22.259787,1.521609
22.260222,1.521609
22.279543,1.531066
22.280207,1.531066
22.299651,1.540496
22.300068,1.540496
22.319625,1.549948
22.320110,1.549948
22.339633,1.559372
22.340208,1.559372
22.359699,1.568807
22.360256,1.568807
22.379654,1.578257
22.380281,1.578257
22.399733,1.587746
22.400305,1.587746
22.419632,1.597216
22.420179,1.597216
22.440603,1.606759
22.441236,1.606759
22.460726,1.616306
22.461309,1.616306
22.479776,1.625878
22.480297,1.625878
22.499587,1.635494
22.500105,1.635494
22.519496,1.645127
22.520107,1.645127
22.539556,1.654767
22.540055,1.654767
22.559442,1.664376
22.560029,1.664376
22.579451,1.674028
22.580055,1.674028
22.599579,1.683644
22.600078,1.683644
22.619501,1.693337
22.620145,1.693337
22.639562,1.702924
22.640053,1.702924
22.659516,1.712679
22.660106,1.712679
22.679605,1.722316
22.680116,1.722316
22.699588,1.732043
22.700096,1.732043
22.719426,1.741655
22.720124,1.741655
22.739617,1.751288
22.740077,1.751288
22.759471,1.760797
22.760081,1.760797
22.779669,1.770329
22.780066,1.770329
22.799556,1.779762
22.800051,1.779762
22.819514,1.789199
22.820046,1.789199
22.839536,1.798561
22.840136,1.798561
22.859389,1.807934
22.860072,1.807934
22.879530,1.817372
22.880176,1.817372
22.899633,1.826826
22.900172,1.826826
22.919645,1.836285
22.920147,1.836285
22.939707,1.845809
22.940315,1.845809
22.959684,1.855396
22.960185,1.855396
22.979672,1.864950
22.980214,1.864950
22.999666,1.874630
23.000344,1.874630
23.019443,1.884195
23.020133,1.884195
23.039512,1.893895
23.040244,1.893895
23.059852,1.903442
23.060175,1.903442
23.079659,1.913149
23.080188,1.913149
23.100503,1.922810
23.101183,1.922810
23.120739,1.932419
23.120862,1.932419
23.139758,1.942077
23.140473,1.942077
23.159690,1.951859
23.160186,1.951859
23.179418,1.961425
23.180065,1.961425
23.199619,1.971164
23.200055,1.971164
23.219608,1.980817
23.220174,1.980817
23.239533,1.990453
23.240041,1.990453
23.259605,2.000185
23.260036,2.000185
23.279655,2.009749
23.280203,2.009749
23.299536,2.019356
23.300088,2.019356
23.319617,2.029085
23.320123,2.029085
23.339499,2.038719
23.340087,2.038719
23.359669,2.048408
23.360166,2.048408
23.379699,2.058091
23.380070,2.058091
23.399472,2.067749
23.400065,2.067749
23.419517,2.077464
23.420195,2.077464
23.439676,2.087110
23.440163,2.087110
23.459486,2.096809
23.460035,2.096809
23.479599,2.106427
23.480088,2.106427
23.500418,2.116072
23.501121,2.116072
23.520661,2.125681
23.521425,2.125681
23.539672,2.135366
23.540281,2.135366
23.559532,2.145063
23.560170,2.145063
23.579466,2.154821
23.580016,2.154821
23.599462,2.164518
23.600058,2.164518
23.619515,2.174268
23.620056,2.174268
23.639556,2.183977
23.640122,2.183977
23.659467,2.193684
23.660084,2.193684
23.679558,2.203352
23.680083,2.203352
23.699491,2.212996
23.700145,2.212996
23.719492,2.222632
23.720054,2.222632
23.739673,2.232206
23.740052,2.232206
23.759494,2.241737
23.760090,2.241737
23.779514,2.251351
23.779991,2.251351
23.799535,2.260978
23.800030,2.260978
23.819463,2.270558
23.820008,2.270558
23.839556,2.280328
23.840047,2.280328
23.859589,2.290029
23.860109,2.290029
23.879438,2.299842
23.880040,2.299842
23.899494,2.309509
23.899985,2.309509
23.919560,2.319374
23.920094,2.319374
23.939662,2.329074
23.939971,2.329074
23.959480,2.338859
23.960052,2.338859
23.979598,2.348534
23.980017,2.348534
23.999507,2.358193
24.000045,2.358193
24.019496,2.367805
24.020108,2.367805
24.039536,2.377560
24.040020,2.377560
24.059714,2.387154
24.060145,2.387154
24.079653,2.396774
24.080148,2.396774
24.099650,2.406425
24.100180,2.406425
24.119648,2.416087
24.120194,2.416087
24.139597,2.425666
24.140165,2.425666
24.159536,2.435378
24.160151,2.435378
24.179608,2.444956
24.180200,2.444956
24.199527,2.454491
24.200106,2.454491
24.219592,2.464107
24.220169,2.464107
24.239625,2.473626
24.240240,2.473626
24.259615,2.483327
24.260193,2.483327
24.280828,2.492975
24.280857,2.492975
24.300031,2.502582
24.300484,2.502582
24.319430,2.512285
24.320117,2.512285
24.339572,2.521868
24.340094,2.521868
24.359426,2.531542
24.360050,2.531542
24.379443,2.541260
24.380013,2.541260
24.399596,2.550904
24.400125,2.550904
24.419469,2.560589
24.420085,2.560589
24.439612,2.570299
24.440104,2.570299
24.459547,2.579949
24.460090,2.579949
24.480169,2.589578
24.480983,2.589578
24.500558,2.599225
24.501313,2.599225
24.519651,2.608812
24.520216,2.608812
24.539586,2.618426
24.540054,2.618426
24.559508,2.628009
24.560091,2.628009
24.579521,2.637551
24.580020,2.637551
24.599550,2.647181
24.600124,2.647181
24.619570,2.656696
24.620116,2.656696
24.639536,2.666315
24.639984,2.666315
24.659554,2.675900
24.660061,2.675900
24.679569,2.685519
24.680012,2.685519
24.699383,2.695130
24.700020,2.695130
24.719727,2.704757
24.720074,2.704757
24.739651,2.714349
24.740175,2.714349
24.759604,2.723938
24.760071,2.723938
24.780326,2.733497
24.781224,2.733497
24.800773,2.743058
24.801549,2.743058
24.819766,2.752575
24.820482,2.752575
24.839529,2.762157
24.840127,2.762157
24.859615,2.771728
24.860008,2.771728
24.879530,2.781324
24.880167,2.781324
24.899596,2.790900
24.900108,2.790900
24.920634,2.800512
24.921004,2.800512
24.939826,2.809924
24.940523,2.809924
24.959534,2.819654
24.960055,2.819654
24.979630,2.829180
24.980100,2.829180
24.999546,2.838736
25.000022,2.838736
25.019472,2.848388
25.020072,2.848388
25.039551,2.858012
25.040135,2.858012
25.059599,2.867622
25.060066,2.867622
25.079518,2.877336
25.080022,2.877336
25.099530,2.886984
25.100177,2.886984
25.119588,2.896623
25.120275,2.896623
25.139455,2.906330
25.140176,2.906330
25.160215,2.915918
25.160956,2.915918
25.180751,2.925566
25.181165,2.925566
25.199658,2.935262
25.200260,2.935262
25.219529,2.944884
25.220376,2.944884
25.239646,2.954588
25.240061,2.954588
25.259603,2.964164
25.260141,2.964164
25.279608,2.973835
25.280260,2.973835
25.299604,2.983592
25.300120,2.983592
25.319461,2.993222
25.320128,2.993222
25.339584,3.002989
25.340087,3.002989
25.359507,3.012650
25.360155,3.012650
25.379566,3.022350
25.380045,3.022350
25.399588,3.032057
25.400109,3.032057
25.419469,3.041712
25.420033,3.041712
25.439581,3.051345
25.440203,3.051345
25.459548,3.061080
25.460156,3.061080
25.479582,3.070620
25.480134,3.070620
25.499633,3.080216
25.500110,3.080216
25.520607,3.089815
25.521165,3.089815
25.540786,3.099333
25.541553,3.099333
25.559841,3.108932
25.560456,3.108932
25.579540,3.118511
25.580122,3.118511
25.599512,3.128069
25.600125,3.128069
25.619519,3.137703
25.620191,3.137703
25.639521,3.147312
25.640055,3.147312
25.659623,3.156966
25.660183,3.156966
25.679557,3.166648
25.680046,3.166648
25.699486,3.176241
25.700150,3.176241
25.720434,3.185895
25.720942,3.185895
25.739943,3.195471
25.740415,3.195471
25.759468,3.205120
25.760040,3.205120
25.779497,3.214758
25.780063,3.214758
25.799580,3.224421
25.800104,3.224421
25.819528,3.234137
25.820001,3.234137
25.839507,3.243800
25.840132,3.243800
25.859498,3.253416
25.859977,3.253416
25.879615,3.263050
25.880059,3.263050
25.899569,3.272656
25.900107,3.272656
25.919581,3.282189
25.920166,3.282189
25.940365,3.291751
25.941287,3.291751
25.960002,3.301173
25.960412,3.301173
25.979697,3.310750
25.980004,3.310750
26.000568,3.320216
26.000749,3.320216
26.019804,3.329780
26.020407,3.329780
26.039521,3.339326
26.040199,3.339326
26.059624,3.348986
26.060050,3.348986
26.079533,3.358622
26.080090,3.358622
26.099556,3.368345
26.100019,3.368345
26.119562,3.377950
26.120057,3.377950
26.139650,3.387796
26.140167,3.387796
26.159587,3.397476
26.160133,3.397476
26.179645,3.407290
26.180155,3.407290
26.199583,3.416898
26.200041,3.416898
26.219537,3.426657
26.220099,3.426657
26.239583,3.436298
26.240149,3.436298
26.259660,3.445888
26.260303,3.445888
26.279614,3.455583
26.280088,3.455583
26.299485,3.465103
26.300158,3.465103
26.320500,3.474796
26.321000,3.474796
26.340037,3.484417
26.340815,3.484417
26.359648,3.494182
26.360233,3.494182
26.379553,3.504091
26.380079,3.504091
26.399577,3.513855
26.400025,3.513855
26.419546,3.523669
26.420124,3.523669
26.439496,3.533593
26.440062,3.533593
26.459560,3.543225
26.460021,3.543225
26.479481,3.553012
26.480186,3.553012
26.499549,3.562639
26.500004,3.562639
26.519681,3.572175
26.520228,3.572175
26.539634,3.581800
26.540086,3.581800
26.559586,3.591417
26.560073,3.591417
26.579650,3.600964
26.580112,3.600964
26.599647,3.610605
26.600137,3.610605
26.619531,3.620269
26.620107,3.620269
26.639625,3.629866
26.640136,3.629866
26.659592,3.639503
26.660126,3.639503
26.679545,3.649056
26.680046,3.649056
26.699579,3.658713
26.700058,3.658713
26.719503,3.668297
26.720030,3.668297
26.739512,3.677905
26.740049,3.677905
26.759605,3.687505
26.760111,3.687505
26.779582,3.697100
26.780039,3.697100
26.799549,3.706582
26.800106,3.706582
26.819558,3.716197
26.820144,3.716197
26.839565,3.725690
26.840193,3.725690
26.859612,3.735188
26.860070,3.735188
26.879613,3.744685
26.880075,3.744685
26.899629,3.754256
26.900065,3.754256
26.919535,3.763804
26.920151,3.763804
26.939610,3.773395
26.940152,3.773395
26.959582,3.783107
26.960122,3.783107
26.980803,3.792730
26.980899,3.792730
27.000560,3.802461
27.001189,3.802461
27.019663,3.812237
27.020337,3.812237
27.039595,3.822065
27.040109,3.822065
27.059518,3.831910
27.060043,3.831910
27.079538,3.841752
27.080166,3.841752
27.099503,3.851615
27.100078,3.851615
27.119598,3.861551
27.120172,3.861551
27.139514,3.871315
27.140057,3.871315
27.159619,3.881240
27.160125,3.881240
27.179589,3.891099
27.180046,3.891099
27.199531,3.900997
27.200045,3.900997
27.219565,3.910906
27.220161,3.910906
27.239605,3.920739
27.240074,3.920739
27.259626,3.930562
27.260112,3.930562
27.279562,3.940418
27.280070,3.940418
27.300207,3.950268
27.301376,3.950268
27.320785,3.960105
27.321113,3.960105
27.339814,3.969937
27.340399,3.969937
27.359596,3.979734
27.360044,3.979734
27.379546,3.989560
27.380028,3.989560
27.400266,3.999387
27.400919,3.999387
27.420109,4.009323
27.420804,4.009323
27.439645,4.019155
27.440107,4.019155
27.459518,4.029080
27.460048,4.029080
27.480243,4.038942
27.481078,4.038942
27.500318,4.048869
27.500590,4.048869
27.519562,4.058619
27.520066,4.058619
27.539569,4.068453
27.540081,4.068453
27.559490,4.078233
27.559998,4.078233
27.580323,4.088047
27.581315,4.088047
27.600575,4.097789
27.601527,4.097789
27.619853,4.107608
27.620657,4.107608
27.639637,4.117362
27.640241,4.117362
27.659668,4.127221
27.660213,4.127221
27.679734,4.137049
27.680199,4.137049
27.699559,4.146917
27.700161,4.146917
27.719486,4.156839
27.720061,4.156839
27.739580,4.166683
27.740198,4.166683
27.759645,4.176642
27.760096,4.176642
27.779538,4.186469
27.780058,4.186469
27.799559,4.196381
27.800122,4.196381
27.819549,4.206208
27.820156,4.206208
27.839510,4.216056
27.840198,4.216056
27.859512,4.225884
27.860139,4.225884
27.880415,4.235699
27.881085,4.235699
27.900546,4.245493
27.901184,4.245493
27.919932,4.255401
27.920526,4.255401
27.939692,4.265213
27.940070,4.265213
27.959444,4.275138
27.960108,4.275138
27.979575,4.284957
27.980083,4.284957
27.999576,4.294905
28.000144,4.294905
28.019630,4.304763
28.020005,4.304763
28.039474,4.314600
28.040092,4.314600
28.059588,4.324444
28.060169,4.324444
28.079700,4.334252
28.080187,4.334252
28.099694,4.344057
28.100234,4.344057
28.119609,4.353921
28.120129,4.353921
28.139583,4.363781
28.140121,4.363781
28.159608,4.373656
28.160158,4.373656
28.179559,4.383532
28.180091,4.383532
28.199500,4.393393
28.200072,4.393393
28.219420,4.403298
28.220097,4.403298
28.239688,4.413188
28.240254,4.413188
28.259649,4.423153
28.260201,4.423153
28.279534,4.433047
28.280133,4.433047
28.299645,4.442939
28.300079,4.442939
28.319670,4.452837
28.320084,4.452837
28.339550,4.462770
28.340146,4.462770
28.359592,4.472538
28.360032,4.472538
28.379602,4.482438
28.380024,4.482438
28.399595,4.492153
28.400169,4.492153
28.419636,4.501904
28.420259,4.501904
28.439684,4.511650
28.440107,4.511650
28.459451,4.521379
28.460092,4.521379
28.479617,4.531106
28.480114,4.531106
28.499675,4.540898
28.500091,4.540898
28.519484,4.550620
28.520152,4.550620
28.539545,4.560476
28.540184,4.560476
28.559566,4.570273
28.560080,4.570273
28.579437,4.580146
28.580136,4.580146
28.599690,4.590002
28.600122,4.590002
28.619570,4.599854
28.620029,4.599854
28.639558,4.609703
28.640107,4.609703
28.659504,4.619547
28.660028,4.619547
28.679603,4.629365
28.680024,4.629365
28.699546,4.639243
28.700112,4.639243
28.720110,4.649054
28.720272,4.649054
28.740499,4.658899
28.741029,4.658899
28.760591,4.668774
28.760903,4.668774
28.779583,4.678603
28.780183,4.678603
28.799586,4.688459
28.800042,4.688459
28.819492,4.698251
28.820051,4.698251
28.839776,4.708053
28.840135,4.708053
28.859707,4.717817
28.860029,4.717817
28.879591,4.727575
28.880116,4.727575
28.899524,4.737270
28.900124,4.737270
28.919574,4.747082
28.920060,4.747082
28.939511,4.756735
28.940170,4.756735
28.960506,4.766537
28.961155,4.766537
28.980596,4.776237
28.980932,4.776237
28.999856,4.786049
29.000560,4.786049
29.019497,4.795815
29.020064,4.795815
29.039496,4.805711
29.040096,4.805711
29.059481,4.815489
29.060003,4.815489
29.079503,4.825316
29.080220,4.825316
29.099453,4.835254
29.100108,4.835254
29.119521,4.845071
29.120092,4.845071
29.139555,4.854893
29.139990,4.854893
29.159446,4.864703
29.160067,4.864703
29.179603,4.874376
29.180106,4.874376
29.199586,4.884151
29.200163,4.884151
29.219610,4.893855
29.220055,4.893855
29.239672,4.903620
29.240252,4.903620
29.261945,4.913393
29.262005,4.913393
29.280478,4.923177
29.280831,4.923177
29.299565,4.932957
29.300283,4.932957
29.319536,4.942759
29.320099,4.942759
29.339591,4.952502
29.340055,4.952502
29.359504,4.962194
29.360051,4.962194
29.379553,4.972027
29.379965,4.972027
29.399544,4.981780
29.400130,4.981780
29.419486,4.991527
29.420350,4.991527
29.439383,5.001290
29.440046,5.001290
29.459461,5.011008
29.460065,5.011008
29.479576,5.020815
29.480111,5.020815
29.499533,5.030607
29.500133,5.030607
29.519569,5.040384
29.520119,5.040384
29.539507,5.050209
29.540112,5.050209
29.559608,5.060063
29.560159,5.060063
29.580632,5.069886
29.581258,5.069886
29.600707,5.079771
29.601361,5.079771
29.619819,5.089666
29.620291,5.089666
29.640429,5.099542
29.640764,5.099542
29.660259,5.109445
29.661235,5.109445
29.679599,5.119233
29.680274,5.119233
29.699709,5.129030
29.700055,5.129030
29.719637,5.138764
29.720200,5.138764
29.740225,5.148460
29.742064,5.148460
29.759735,5.158162
29.760412,5.158162
29.779544,5.167856
29.780075,5.167856
29.799517,5.177674
29.800087,5.177674
29.819479,5.187387
29.820025,5.187387
29.839477,5.197241
29.840111,5.197241
29.859481,5.207036
29.860024,5.207036
29.879533,5.217035
29.880011,5.217035
29.899567,5.226915
29.900091,5.226915
29.919577,5.236805
29.920048,5.236805
29.939541,5.246635
29.940129,5.246635
29.959570,5.256555
29.960070,5.256555
29.979665,5.266321
29.980103,5.266321
29.999473,5.276252
30.000030,5.276252
30.019508,5.285986
30.020073,5.285986
30.040811,5.295853
30.041245,5.295853
30.059953,5.305620
30.060584,5.305620
30.079578,5.315437
30.080120,5.315437
30.099488,5.325245
30.100003,5.325245
30.119534,5.335088
30.120049,5.335088
30.139527,5.344897
30.140071,5.344897
30.159572,5.354822
30.160044,5.354822
30.179613,5.364682
30.180043,5.364682
30.199561,5.374538
30.200100,5.374538
30.219705,5.384400
30.220125,5.384400
30.239602,5.394133
30.240011,5.394133
30.259635,5.403917
30.260113,5.403917
30.279488,5.413597
30.280159,5.413597
30.299583,5.423267
30.300050,5.423267
30.319667,5.432980
30.320037,5.432980
30.339563,5.442646
30.340100,5.442646
30.359551,5.452288
30.360078,5.452288
30.379592,5.461993
30.380141,5.461993
30.399498,5.471704
30.400177,5.471704
30.419496,5.481514
30.420092,5.481514
30.439480,5.491325
30.440098,5.491325
30.459612,5.501159
30.460107,5.501159
30.479658,5.510937
30.480070,5.510937
30.499637,5.520809
30.500122,5.520809
30.519599,5.530548
30.520230,5.530548
30.539607,5.540378
30.540164,5.540378
30.559692,5.550115
30.560085,5.550115
30.579562,5.559862
30.580249,5.559862
30.599607,5.569607
30.600093,5.569607
30.619611,5.579356
30.620101,5.579356
30.639590,5.589103
30.640135,5.589103
30.659531,5.598919
30.660078,5.598919
30.679557,5.608637
30.680049,5.608637
30.699569,5.618445
30.700084,5.618445
30.719739,5.628247
30.720089,5.628247
30.739542,5.637916
30.740212,5.637916
30.759542,5.647665
30.760152,5.647665
30.779640,5.657371
30.779998,5.657371
30.799571,5.667042
30.800061,5.667042
30.819528,5.676818
30.820220,5.676818
30.839647,5.686475
30.840139,5.686475
30.859446,5.696224
30.860223,5.696224
30.879496,5.705951
30.880151,5.705951
30.899563,5.715711
30.900197,5.715711
30.919520,5.725509
30.920092,5.725509
30.940197,5.735211
30.941406,5.735211
30.960758,5.745014
30.961242,5.745014
30.979841,5.754686
30.980398,5.754686
30.999589,5.764477
31.000224,5.764477
31.019588,5.774178
31.020178,5.774178
31.039593,5.783907
31.040106,5.783907
31.059489,5.793589
31.060085,5.793589
31.079689,5.803395
31.080080,5.803395
31.099591,5.813061
31.100041,5.813061
31.119539,5.822856
31.120149,5.822856
31.139550,5.832557
31.140068,5.832557
31.159660,5.842185
31.160155,5.842185
31.180063,5.851978
31.180955,5.851978
31.200152,5.861632
31.201387,5.861632
31.219569,5.871320
31.220255,5.871320
31.239373,5.881071
31.239980,5.881071
31.259456,5.890818
31.260076,5.890818
31.279497,5.900535
31.280125,5.900535
31.299556,5.910256
31.300048,5.910256
31.319557,5.919908
31.320024,5.919908
31.339495,5.929562
31.340109,5.929562
31.359670,5.939203
31.360103,5.939203
31.379499,5.948890
31.380200,5.948890
31.399602,5.958529
31.400064,5.958529
31.419557,5.968205
31.420110,5.968205
31.439501,5.977888
31.440102,5.977888
31.459523,5.987561
31.460057,5.987561
31.479598,5.997298
31.480119,5.997298
31.499615,6.007085
31.500172,6.007085
31.520544,6.016840
31.521008,6.016840
31.540725,6.026639
31.541290,6.026639
31.559829,6.036379
31.560537,6.036379
31.579468,6.046143
31.580085,6.046143
31.599632,6.055865
31.600198,6.055865
31.619474,6.065590
31.620059,6.065590
31.639531,6.075289
31.640064,6.075289
31.659481,6.084878
31.660101,6.084878
31.679439,6.094551
31.680112,6.094551
31.699591,6.104212
31.700067,6.104212
31.719455,6.113867
31.720042,6.113867
31.739619,6.123643
31.740060,6.123643
31.759562,6.133261
31.760135,6.133261
31.779560,6.143045
31.780076,6.143045
31.799528,6.152756
31.800143,6.152756
31.819446,6.162493
31.820299,6.162493
31.839474,6.172289
31.840085,6.172289
31.859488,6.182007
31.860084,6.182007
31.879595,6.191723
31.880090,6.191723
31.899578,6.201415
31.900158,6.201415
31.919631,6.211089
31.920100,6.211089
31.939654,6.220737
31.940027,6.220737
31.959666,6.230505
31.960396,6.230505
31.979722,6.240116
31.980225,6.240116
31.999768,6.249916
32.000201,6.249916
32.019631,6.259605
32.020137,6.259605
32.040607,6.269358
32.041092,6.269358
32.060569,6.279125
32.061368,6.279125
32.079594,0.005705
32.080323,0.005705
32.099567,0.015468
32.100070,0.015468
32.119472,0.025230
32.120109,0.025230
32.139400,0.034911
32.140019,0.034911
32.159595,0.044637
32.160017,0.044637
32.179420,0.054294
32.180049,0.054294
32.199395,0.064012
32.200063,0.064012
32.219468,0.073641
32.220113,0.073641
32.239399,0.083312
32.240044,0.083312
32.259516,0.093048
32.260017,0.093048
32.279679,0.102697
