0.274889,0.000000
0.311310,0.000000
0.345843,0.000000
0.378307,0.000000
0.414745,0.000000
0.451322,0.000000
0.481763,0.000000
0.518211,0.000000
0.544365,0.000000
0.577015,0.000000
0.611202,0.000000
0.647746,0.000000
0.683197,0.000000
0.718699,0.000000
0.759310,0.000000
0.783455,0.000000
0.817899,0.000000
0.850262,0.000000
0.884740,0.000000
0.919267,0.000000
0.959829,0.000000
0.992185,0.000000
1.083388,0.000000
1.119823,0.000000
1.152230,0.000000
1.186657,0.000000
1.223174,0.000000
1.259684,0.000000
1.289985,0.000000
1.320553,0.000000
1.352935,0.000000
1.385387,0.000000
1.419758,0.000000
1.456241,0.000000
1.490683,0.000000
1.527235,0.000000
1.562624,0.000000
1.589943,0.000000
1.618402,0.000000
1.652822,0.000000
1.689255,0.000000
1.721660,0.000000
1.756091,0.000000
1.786519,0.000000
1.816908,0.000000
1.853347,0.000000
1.889885,0.000000
1.922664,0.000000
1.956747,0.000000
1.989105,0.000000
2.029684,0.000000
2.062370,0.000000
2.092535,0.000000
2.117935,0.000000
2.154198,0.000000
2.186719,0.000000
2.221099,0.000000
2.258644,0.000000
2.293078,0.000000
2.318377,0.000000
2.354829,0.000000
2.385200,0.000000
2.417726,0.000000
2.452008,0.000000
2.488522,0.000000
2.522929,0.000000
2.557470,0.000000
2.584681,0.000000
2.614079,0.000000
2.652733,0.000000
2.687221,0.000000
2.714507,0.000000
2.751929,0.000000
2.792476,0.000000
2.812865,0.000000
2.849139,0.000000
2.883652,0.000000
2.915001,0.000000
2.948443,0.000000
2.984952,0.000000
3.017294,0.000000
3.055829,0.000000
3.085135,0.000000
3.112638,0.000000
3.149010,0.000000
3.181553,0.000000
3.214970,0.000000
3.256387,0.000000
3.288907,0.000000
3.313184,0.000000
3.349493,0.000000
3.382694,0.000000
3.414397,0.000000
3.454967,0.000000
3.487405,0.000000
3.517943,0.000000
3.556159,0.000000
3.584608,0.000000
3.612975,0.000000
3.649409,0.000000
3.683922,0.000000
3.715276,0.000000
3.756835,0.000000
3.788366,0.000000
3.813633,0.000000
3.850039,0.000000
3.884366,0.000000
3.915324,0.000000
3.950369,0.000000
3.985932,0.000000
4.022668,0.000000
4.059809,0.000000
4.087261,0.000000
4.117501,0.000000
4.152053,0.000000
4.188543,0.000000
4.217756,0.000000
4.251257,0.150000
4.291703,0.150000
4.327216,0.150000
4.352623,0.430000
4.387098,0.430000
4.419483,0.430000
4.457941,0.660000
4.494459,0.660000
4.528914,0.660000
4.563282,1.050000
4.600956,1.050000
4.622177,1.050000
4.656484,1.310000
4.688983,1.310000
4.723388,1.310000
4.759923,1.560000
4.798421,1.560000
4.826843,1.560000
4.864336,1.800000
4.889585,1.800000
4.924087,1.800000
4.952321,2.080000
4.993032,2.080000
5.027529,2.080000
5.063856,2.300000
5.128799,2.300000
5.156986,2.660000
5.191416,2.660000
5.225926,2.660000
5.258388,3.080000
5.297192,3.080000
5.327419,3.080000
5.353777,3.340000
5.390001,3.340000
5.424526,3.340000
5.456938,3.620000
5.493432,3.620000
5.525632,3.620000
5.562231,3.950000
5.600656,3.950000
5.630028,3.950000
5.657355,4.180000
5.692008,4.180000
5.724353,4.180000
5.757807,4.540000
5.791104,4.540000
5.829645,4.540000
5.853976,4.770000
5.890381,4.770000
5.922849,4.770000
5.953266,5.100000
5.991706,5.100000
6.028314,5.100000
6.057617,5.280000
6.088983,5.280000
6.123480,5.280000
6.155882,5.620000
6.188318,5.620000
6.223653,5.620000
6.253082,5.810000
6.293664,5.810000
6.330003,5.810000
6.350330,5.940000
6.384703,5.940000
6.419219,5.940000
6.453703,6.000000
6.490029,6.000000
6.524571,6.000000
6.550900,6.350000
6.589341,6.350000
6.619882,6.350000
6.652257,6.510000
6.688729,6.510000
6.723088,6.510000
6.750480,6.820000
6.792161,6.820000
6.819365,6.820000
6.850788,6.930000
6.887439,6.930000
6.919713,6.930000
6.950094,7.110000
6.990544,7.110000
7.024067,7.110000
7.050294,7.250000
7.087763,7.250000
7.118194,7.250000
7.156686,7.460000
7.186993,7.460000
7.221673,7.460000
7.254029,7.550000
7.287438,7.550000
7.319759,7.550000
7.349077,7.750000
7.387707,7.750000
7.418099,7.750000
7.452521,7.900000
7.489944,7.900000
7.525525,7.900000
7.552179,7.960000
7.588526,7.960000
7.618641,7.960000
7.653184,8.190000
7.687857,8.190000
7.724003,8.190000
7.753546,8.250000
7.788009,8.250000
7.821337,8.250000
7.849598,8.510000
7.886255,8.510000
7.920670,8.510000
7.950926,8.590000
7.993577,8.590000
8.030060,8.590000
8.064582,8.860000
8.099085,8.860000
8.123278,8.860000
8.157809,8.820000
8.194478,8.820000
8.230868,8.820000
8.263123,8.890000
8.300787,8.890000
8.332121,8.890000
8.363389,9.060000
8.390811,9.060000
8.427495,9.060000
8.457726,9.170000
8.492191,9.170000
8.532627,9.170000
8.567050,9.490000
8.601617,9.490000
8.627890,9.490000
8.660388,9.520000
8.696722,9.520000
8.735380,9.520000
8.764609,9.570000
8.798096,9.570000
8.832555,9.570000
8.864192,9.700000
8.891394,9.700000
8.925723,9.700000
8.960363,9.740000
8.992697,9.740000
9.033156,9.740000
9.067722,9.660000
9.102005,9.660000
9.132598,9.660000
9.161049,9.750000
9.193223,9.750000
9.233713,9.750000
9.266088,9.740000
9.294594,9.740000
9.332017,9.740000
9.365473,10.040000
9.391738,10.040000
9.428341,10.040000
9.460868,10.040000
9.494149,10.040000
9.530666,10.040000
9.566085,10.080000
9.591403,10.080000
9.627878,10.080000
9.659349,10.140000
9.689574,10.140000
9.728273,10.140000
9.764678,10.160000
9.799140,10.160000
9.827492,10.160000
9.858072,10.450000
9.890280,10.450000
9.924731,10.450000
9.957420,10.550000
9.991549,10.550000
10.026116,10.550000
10.064587,10.470000
10.086832,10.470000
10.125362,10.470000
10.157916,10.630000
10.190701,10.630000
10.222616,10.630000
10.265220,10.450000
10.297753,10.450000
10.328214,10.450000
10.356456,10.180000
10.386933,10.180000
10.425170,10.180000
10.459896,9.770000
10.492265,9.770000
10.528633,9.770000
10.564136,9.430000
10.590394,9.430000
10.623830,9.430000
10.656523,8.990000
10.688651,8.990000
10.725176,8.990000
10.761721,8.890000
10.798309,8.890000
10.835697,8.890000
10.857009,8.650000
10.889406,8.650000
10.923784,8.650000
10.958405,8.350000
10.988671,8.350000
11.027149,8.350000
11.063555,8.050000
11.091887,8.050000
11.124294,8.050000
11.158735,7.690000
11.189117,7.690000
11.227735,7.690000
11.262109,7.500000
11.298839,7.500000
11.333215,7.500000
11.360870,7.120000
11.389934,7.120000
11.426368,7.120000
11.459037,6.670000
11.495264,6.670000
11.533662,6.670000
11.559208,6.370000
11.601568,6.370000
11.635194,6.370000
11.666365,6.040000
11.697884,6.040000
11.732315,6.040000
11.766769,5.640000
11.803298,5.640000
11.841857,5.640000
11.896497,5.310000
11.930966,5.310000
11.969497,4.890000
12.003897,4.890000
12.040604,4.890000
12.072744,4.540000
12.104218,4.540000
12.135702,4.540000
12.166109,4.300000
12.198669,4.300000
12.228977,4.300000
12.269348,3.960000
12.301963,3.960000
12.338516,3.960000
12.405221,3.500000
12.439765,3.500000
12.466022,3.160000
12.502455,3.160000
12.534456,3.160000
12.571359,2.850000
12.602785,2.850000
12.637372,2.850000
12.666625,2.450000
12.699211,2.450000
12.731605,2.450000
12.768032,2.150000
12.802411,2.150000
12.837135,2.150000
12.875276,1.940000
12.905776,1.940000
12.930061,1.940000
12.966530,1.740000
12.999051,1.740000
13.032793,1.740000
13.067982,1.550000
13.104335,1.550000
13.128696,1.550000
13.165253,1.300000
13.197665,1.300000
13.227965,1.300000
13.266497,1.110000
13.300872,1.110000
13.332439,1.110000
13.365733,0.900000
13.398315,0.900000
13.432690,0.900000
13.461106,0.610000
13.499483,0.610000
13.527867,0.610000
13.570394,0.500000
13.600021,0.500000
13.625134,0.500000
13.659673,0.420000
13.694043,0.420000
13.726489,0.420000
13.765052,0.300000
13.801573,0.300000
13.832821,0.300000
13.863176,0.220000
13.896659,0.220000
13.927094,0.220000
13.961553,0.210000
13.998120,0.210000
14.030581,0.210000
14.064887,0.200000
14.099303,0.200000
14.125662,0.200000
14.162356,0.200000
14.198630,0.200000
14.229035,0.200000
14.265527,0.200000
14.301980,0.200000
14.328399,0.200000
14.364115,0.200000
14.404307,0.200000
