0.486016,0.000000
0.520452,0.000000
0.723290,0.000000
0.823457,0.000000
0.889151,0.000000
0.956057,0.000000
1.125381,0.000000
1.223858,0.000000
1.389970,0.000000
1.456877,0.000000
1.524652,0.000000
1.557972,0.000000
1.724603,0.000000
1.756506,0.000000
1.957308,0.000000
1.989695,0.000000
2.056594,0.000000
2.088191,0.000000
2.256265,0.000000
2.321283,0.000000
2.471563,0.000000
2.505051,0.000000
2.538260,0.000000
2.571547,0.000000
2.585495,0.000000
2.604946,0.000000
2.638272,0.000000
2.671600,0.000000
2.687945,0.000000
2.705054,0.000000
2.738339,0.000000
2.754779,0.000000
2.771637,0.000000
2.805234,0.000000
2.838194,0.000000
2.871578,0.000000
2.887690,0.000000
2.905089,0.000000
2.922148,0.000000
2.938527,0.000000
2.971523,0.000000
3.005002,0.000000
3.038269,0.000000
3.071522,0.000000
3.105583,0.000000
3.138500,0.000000
3.154916,0.000000
3.171628,0.000000
3.204927,0.000000
3.224155,0.000000
3.238296,0.000000
3.271547,0.000000
3.305208,0.000000
3.338448,0.000000
3.371608,0.000000
3.388403,0.000000
3.404990,0.000000
3.422546,0.000000
3.438502,0.000000
3.454809,0.000000
3.471588,0.000000
3.504992,0.000000
3.538320,0.000000
3.571854,0.000000
3.604935,0.000000
3.638268,0.000000
3.671712,0.000000
3.705043,0.000000
3.738317,0.000000
3.771520,0.000000
3.805034,0.000000
3.838613,0.000000
3.871532,0.000000
3.905069,0.000000
3.938266,0.000000
3.971723,0.000000
4.004914,0.000000
4.038506,0.000000
4.072686,0.000000
4.105148,0.000000
4.138389,0.000000
4.172405,0.000000
4.205028,0.000000
4.238427,0.000000
4.271544,0.000000
4.304926,0.000000
4.338336,0.000000
4.371720,0.000000
4.405045,0.000000
4.438232,0.000000
4.471599,0.000000
4.505000,0.000000
4.538254,0.000000
4.571514,0.000000
4.605150,0.000000
4.638259,0.000000
4.671554,0.000000
4.705141,0.000000
4.738421,0.000000
4.771638,0.000000
4.804986,0.000000
4.838370,0.000000
4.871556,0.000000
4.905009,0.000000
4.938230,0.000000
4.971529,0.000000
5.005014,0.000000
5.038336,0.000000
5.071644,0.000000
5.104973,0.000000
5.138267,0.000000
5.171584,0.000000
5.205032,0.000000
5.238309,0.000000
5.271618,0.000000
5.304981,0.000000
5.338254,0.000000
5.371831,0.000000
5.405532,0.000000
