0.208071,51.338000
0.228122,51.338000
0.248070,51.338000
0.268070,51.338000
0.288070,51.338000
0.308062,51.338000
0.328061,51.338000
0.348013,51.338000
0.368014,51.347000
0.388064,51.347000
0.408126,51.347000
0.428004,51.347000
0.447965,51.347000
0.467945,51.347000
0.487918,51.347000
0.507922,51.347000
0.527943,51.347000
0.547931,51.347000
0.567938,51.354000
0.587921,51.354000
0.607957,51.354000
0.627876,51.354000
0.647854,51.354000
0.667863,51.354000
0.687916,51.354000
0.707856,51.354000
0.727833,51.354000
0.747797,51.354000
0.767820,51.350000
0.787825,51.350000
0.807966,51.350000
0.827810,51.350000
0.847768,51.350000
0.867790,51.350000
0.887889,51.350000
0.907737,51.350000
0.927842,51.350000
0.947737,51.350000
0.967776,51.350000
0.987744,51.344000
1.008281,51.344000
1.028078,51.344000
1.047833,51.344000
1.067987,51.344000
1.087690,51.344000
1.107816,51.344000
1.127778,51.344000
1.147647,51.344000
1.167647,51.335000
1.188701,51.335000
1.207689,51.335000
1.227607,51.335000
1.247577,51.335000
1.267556,51.335000
1.288512,51.335000
1.307533,51.335000
1.328508,51.335000
1.348529,51.335000
1.368504,51.326000
1.388488,51.326000
1.408476,51.326000
1.428443,51.326000
1.448483,51.326000
1.468442,51.326000
1.488441,51.326000
1.508428,51.326000
1.528451,51.326000
1.548414,51.326000
1.568377,51.321000
1.588445,51.321000
1.608375,51.321000
1.628367,51.321000
1.648376,51.321000
1.668339,51.321000
1.688306,51.321000
1.708334,51.321000
1.728302,51.321000
1.748260,51.321000
1.768312,51.314000
1.788311,51.314000
1.808236,51.314000
1.828238,51.314000
1.848197,51.314000
1.868185,51.314000
1.888213,51.314000
1.908170,51.314000
1.928232,51.314000
1.948238,51.314000
1.968136,51.314000
1.988144,51.314000
2.008123,51.290000
2.028103,51.290000
2.048117,51.290000
2.068120,51.290000
2.088106,51.290000
2.108054,51.290000
2.128091,51.290000
2.148074,51.290000
2.168056,51.290000
2.188001,51.260000
2.208006,51.260000
2.228031,51.260000
2.247986,51.260000
2.267986,51.260000
2.288018,51.260000
2.308010,51.260000
2.328015,51.260000
2.348004,51.260000
2.367979,51.254000
2.387954,51.254000
2.407926,51.254000
2.427907,51.254000
2.447903,51.254000
2.467896,51.254000
2.487925,51.254000
2.507899,51.254000
2.527941,51.254000
2.547872,51.254000
2.567888,51.254000
2.587889,51.234000
2.607847,51.234000
2.627893,51.234000
2.647874,51.234000
2.667849,51.234000
2.687818,51.234000
2.707792,51.234000
2.727809,51.234000
2.747766,51.234000
2.767756,51.234000
2.787759,51.223000
2.808722,51.223000
2.827802,51.223000
2.847758,51.223000
2.867744,51.223000
2.887820,51.223000
2.907745,51.223000
2.930681,51.223000
2.947752,51.223000
2.967818,51.223000
2.987742,51.234000
3.008622,51.234000
3.027699,51.234000
3.047693,51.234000
3.067633,51.234000
3.087654,51.234000
3.108642,51.234000
3.127679,51.234000
3.147561,51.234000
3.167620,51.214000
3.188533,51.214000
3.208595,51.214000
3.228492,51.214000
3.248869,51.214000
3.268652,51.214000
3.288460,51.214000
3.308503,51.214000
3.328449,51.214000
3.348455,51.214000
3.368445,51.195000
3.388454,51.195000
3.408428,51.195000
3.428487,51.195000
3.448365,51.195000
3.468387,51.195000
3.488354,51.195000
3.508372,51.195000
3.528360,51.195000
3.548346,51.195000
3.568308,51.200000
3.588334,51.200000
3.608281,51.200000
3.628294,51.200000
3.648299,51.200000
3.668321,51.200000
3.688367,51.200000
3.708272,51.200000
3.728267,51.200000
3.748255,51.200000
3.768262,51.212000
3.788209,51.212000
3.808225,51.212000
3.828214,51.212000
3.848230,51.212000
3.868226,51.212000
3.888178,51.212000
3.908212,51.212000
3.928162,51.212000
3.948191,51.212000
3.968125,51.212000
3.988142,51.212000
4.008132,51.231000
4.028090,51.231000
4.048099,51.231000
4.068113,51.231000
4.088072,51.231000
4.108065,51.231000
4.128043,51.231000
4.148054,51.231000
4.168065,51.221000
4.188047,51.221000
4.208047,51.221000
4.228050,51.221000
4.248012,51.221000
4.267980,51.221000
4.288005,51.221000
4.308077,51.221000
4.327946,51.221000
4.348034,51.221000
4.367983,51.227000
4.387923,51.227000
4.407952,51.227000
4.427927,51.227000
4.447966,51.227000
4.467947,51.227000
4.487886,51.227000
4.507928,51.227000
4.527868,51.227000
4.547891,51.227000
4.567878,51.227000
4.587871,51.248000
4.607808,51.248000
4.627812,51.248000
4.647821,51.248000
4.667830,51.248000
4.687818,51.248000
4.707741,51.248000
4.727832,51.248000
4.747776,51.248000
4.767745,51.248000
4.787754,51.248000
4.808713,51.248000
4.827744,51.248000
4.848163,51.248000
4.867839,51.248000
4.887715,51.248000
4.908640,51.248000
4.927659,51.248000
4.947738,51.248000
4.967689,51.248000
4.987695,51.248000
5.008545,51.245000
5.027607,51.245000
5.047705,51.245000
5.068636,51.245000
5.087626,51.245000
5.108535,51.245000
5.128588,51.245000
5.148710,51.245000
5.168493,51.245000
5.188593,51.249000
5.208494,51.249000
5.228480,51.249000
5.248523,51.249000
5.268490,51.249000
5.288443,51.249000
5.308457,51.249000
5.328449,51.249000
5.348513,51.249000
5.368460,51.249000
5.388420,51.257000
5.408376,51.257000
5.428387,51.257000
5.448377,51.257000
5.468381,51.257000
5.488505,51.257000
5.508331,51.257000
5.528341,51.257000
5.548389,51.257000
5.568288,51.257000
5.588330,51.274000
5.608755,51.274000
5.628332,51.274000
5.648270,51.274000
5.668334,51.274000
5.688323,51.274000
5.708267,51.274000
5.728212,51.274000
5.748283,51.274000
5.768190,51.282000
5.788189,51.282000
5.808396,51.282000
5.828155,51.282000
5.848140,51.282000
5.868116,51.282000
5.888136,51.282000
5.908117,51.282000
5.928110,51.282000
5.948116,51.282000
5.968098,51.282000
5.988081,51.294000
6.008059,51.294000
6.028049,51.294000
6.048074,51.294000
6.068089,51.294000
6.088073,51.294000
6.108032,51.294000
6.128042,51.294000
6.148043,51.294000
6.167998,51.294000
6.188018,51.297000
6.207988,51.297000
6.227998,51.297000
6.247941,51.297000
6.267983,51.297000
6.287930,51.297000
6.307891,51.297000
6.327944,51.297000
6.347968,51.297000
6.367894,51.297000
6.387873,51.307000
6.407852,51.307000
6.427888,51.307000
6.447876,51.307000
6.467870,51.307000
6.487849,51.307000
6.507848,51.307000
6.527871,51.307000
6.547849,51.307000
6.567809,51.307000
6.587849,51.320000
6.607757,51.320000
6.627777,51.320000
6.647739,51.320000
6.667804,51.320000
6.687770,51.320000
6.708724,51.320000
6.727736,51.320000
6.747761,51.320000
6.767745,51.339000
6.787756,51.339000
6.808753,51.339000
6.827724,51.339000
6.847680,51.339000
6.867759,51.339000
6.887775,51.339000
6.908612,51.339000
6.927675,51.339000
6.947719,51.339000
6.967771,51.339000
6.988615,51.339000
7.008557,51.347000
7.027622,51.347000
7.048548,51.347000
7.068540,51.347000
7.088546,51.347000
7.108508,51.347000
7.128562,51.347000
7.148503,51.347000
7.168532,51.347000
7.188495,51.380000
7.208471,51.380000
7.228484,51.380000
7.248451,51.380000
7.268430,51.380000
7.288441,51.380000
7.308476,51.380000
7.328442,51.380000
7.348397,51.380000
7.368394,51.380000
7.388422,51.404000
7.408371,51.404000
7.428389,51.404000
7.448447,51.404000
7.468421,51.404000
7.488343,51.404000
7.508341,51.404000
7.528284,51.404000
7.548294,51.404000
7.568264,51.404000
7.588305,51.417000
7.608244,51.417000
7.628263,51.417000
7.648223,51.417000
7.668227,51.417000
7.688211,51.417000
7.708234,51.417000
7.728216,51.417000
7.748219,51.417000
7.768204,51.417000
7.788221,51.464000
7.808175,51.464000
7.828155,51.464000
7.848191,51.464000
7.868188,51.464000
7.888181,51.464000
7.908098,51.464000
7.928117,51.464000
7.948126,51.464000
7.968120,51.464000
7.988102,51.464000
8.008228,51.512000
8.028147,51.512000
8.048098,51.512000
8.068060,51.512000
8.088020,51.512000
8.108208,51.512000
8.128242,51.512000
8.148008,51.512000
8.167981,51.512000
8.188015,51.574000
8.207979,51.574000
8.227954,51.574000
8.247980,51.574000
8.267930,51.574000
8.287971,51.574000
8.307928,51.574000
8.327980,51.574000
8.347912,51.574000
8.368017,51.574000
8.387856,51.648000
8.407857,51.648000
