0.244780,3391659.721984
0.256620,3391659.721984
0.264688,3391659.721992
0.276779,3391659.721992
0.284787,3391659.722021
0.296627,3391659.722021
0.304980,3391659.721927
0.316760,3391659.721927
0.324703,3391659.722016
0.336676,3391659.722016
0.344822,3391659.731390
0.356771,3391659.731390
0.364828,3391659.731550
0.376700,3391659.731550
0.384784,3391659.731578
0.396690,3391659.731578
0.404804,3391659.731726
0.416566,3391659.731726
0.424775,3391659.731744
0.436560,3391659.731744
0.444918,3391659.731824
0.456898,3391659.731824
0.464812,3391659.731874
0.476675,3391659.731874
0.484778,3391659.731901
0.496607,3391659.731901
0.504790,3391659.738509
0.516670,3391659.738509
0.524726,3391659.738515
0.536634,3391659.738515
0.544826,3391659.738540
0.556615,3391659.738540
0.564798,3391659.738582
0.576655,3391659.738582
0.584750,3391659.738516
0.596608,3391659.738516
0.604848,3391659.738603
0.617659,3391659.738603
0.625707,3391659.738568
0.637369,3391659.738568
0.645094,3391659.738719
0.656806,3391659.738719
0.664862,3391659.738830
0.676611,3391659.738830
0.684804,3391659.738818
0.696686,3391659.738818
0.704777,3391659.737819
0.716736,3391659.737819
0.724785,3391659.737900
0.737566,3391659.737900
0.746025,3391659.738039
0.757683,3391659.738039
0.765092,3391659.738042
0.776823,3391659.738042
0.784886,3391659.738168
0.796857,3391659.738168
0.804909,3391659.738280
0.816752,3391659.738280
0.824753,3391659.738372
0.836647,3391659.738372
0.844843,3391659.738445
0.856845,3391659.738445
0.865279,3391659.738521
0.876770,3391659.738521
0.884904,3391659.738568
0.896821,3391659.738568
0.904849,3391659.734629
0.916759,3391659.734629
0.924962,3391659.734633
0.936726,3391659.734633
0.944907,3391659.734671
0.956829,3391659.734671
0.964824,3391659.734659
0.976845,3391659.734659
0.984749,3391659.734625
0.996779,3391659.734625
1.004773,3391659.734619
1.016695,3391659.734619
1.024806,3391659.734609
1.036677,3391659.734609
1.044819,3391659.734558
1.056678,3391659.734558
1.064811,3391659.734479
1.076711,3391659.734479
1.084809,3391659.734471
1.096902,3391659.734471
1.104803,3391659.733876
1.116657,3391659.733876
1.124970,3391659.733817
1.136625,3391659.733817
1.144906,3391659.733700
1.156644,3391659.733700
1.164725,3391659.733568
1.176695,3391659.733568
1.184917,3391659.733567
1.196663,3391659.733567
1.204873,3391659.733493
1.216705,3391659.733493
1.224769,3391659.733433
1.236763,3391659.733433
1.244890,3391659.733319
1.256701,3391659.733319
1.264778,3391659.733209
1.276630,3391659.733209
1.284770,3391659.733132
1.296649,3391659.733132
1.304840,3391659.733136
1.316596,3391659.733136
1.324912,3391659.733687
1.336800,3391659.733687
1.344847,3391659.733586
1.356708,3391659.733586
1.364854,3391659.733559
1.376648,3391659.733559
1.384794,3391659.733494
1.396575,3391659.733494
1.404823,3391659.733483
1.416793,3391659.733483
1.424938,3391659.733424
1.436667,3391659.733424
1.444813,3391659.733368
1.456618,3391659.733368
1.464771,3391659.733348
1.476607,3391659.733348
1.484813,3391659.733326
1.496737,3391659.733326
1.504903,3391659.740548
1.516553,3391659.740548
1.524803,3391659.740521
1.536618,3391659.740521
1.544789,3391659.740451
1.556637,3391659.740451
1.564844,3391659.740402
1.577080,3391659.740402
1.584903,3391659.740363
1.596687,3391659.740363
1.604808,3391659.740388
1.616599,3391659.740388
1.624777,3391659.740300
1.636691,3391659.740300
1.644815,3391659.740251
1.656654,3391659.740251
1.664792,3391659.740201
1.676908,3391659.740201
1.684769,3391659.740216
1.696856,3391659.740216
1.704725,3391659.748284
1.716805,3391659.748284
1.724879,3391659.748264
1.736611,3391659.748264
1.744834,3391659.748287
1.756819,3391659.748287
1.764854,3391659.748304
1.776682,3391659.748304
1.784805,3391659.748317
1.796896,3391659.748317
1.804794,3391659.748310
1.816669,3391659.748310
1.825000,3391659.748275
1.836631,3391659.748275
1.844887,3391659.748180
1.856646,3391659.748180
1.864712,3391659.748145
1.876753,3391659.748145
1.884830,3391659.748065
1.896668,3391659.748065
1.904869,3391659.747940
1.916614,3391659.747940
1.924803,3391659.747909
1.936738,3391659.747909
1.944800,3391659.747898
1.956565,3391659.747898
1.964793,3391659.747918
1.976777,3391659.747918
1.984839,3391659.747955
1.996706,3391659.747955
2.004661,3391659.748009
2.016784,3391659.748009
2.024830,3391659.748073
2.036754,3391659.748073
2.044870,3391659.748191
2.056650,3391659.748191
2.064764,3391659.748232
2.076731,3391659.748232
2.084836,3391659.748296
2.096812,3391659.748296
2.104730,3391659.751574
2.116786,3391659.751574
2.124748,3391659.751574
2.136693,3391659.751574
2.144811,3391659.751562
2.156644,3391659.751562
2.164838,3391659.751644
2.176947,3391659.751644
2.184823,3391659.751621
2.196718,3391659.751621
2.204872,3391659.751582
2.216708,3391659.751582
2.224822,3391659.751587
2.236675,3391659.751587
2.244817,3391659.751573
2.256737,3391659.751573
2.264706,3391659.751649
2.276694,3391659.751649
2.284842,3391659.751663
2.296758,3391659.751663
2.304926,3391659.751686
2.316609,3391659.751686
2.324856,3391659.755727
2.336587,3391659.755727
2.344859,3391659.755804
2.356670,3391659.755804
2.364810,3391659.755774
2.376634,3391659.755774
2.384827,3391659.755867
2.396693,3391659.755867
2.404788,3391659.755838
2.416701,3391659.755838
2.424873,3391659.755883
2.436641,3391659.755883
2.444704,3391659.755873
2.456640,3391659.755873
2.464775,3391659.755962
2.476652,3391659.755962
2.484709,3391659.755936
2.496722,3391659.755936
2.504771,3391659.765319
2.516566,3391659.765319
2.524813,3391659.765456
2.536678,3391659.765456
2.544930,3391659.765598
2.556695,3391659.765598
2.564851,3391659.765662
2.576683,3391659.765662
2.584779,3391659.765721
2.596715,3391659.765721
2.604729,3391659.765758
2.616566,3391659.765758
2.624932,3391659.765779
2.636554,3391659.765779
2.644944,3391659.765758
2.656915,3391659.765758
2.664948,3391659.765880
2.676854,3391659.765880
2.684878,3391659.766071
2.696665,3391659.766071
2.705014,3391659.771990
2.716698,3391659.771990
2.724842,3391659.772887
2.736763,3391659.772887
2.744918,3391659.774299
2.756617,3391659.774299
2.764964,3391659.776125
2.776672,3391659.776125
2.784829,3391659.778343
2.796783,3391659.778343
2.804956,3391659.780757
2.816780,3391659.780757
2.824920,3391659.783526
2.836653,3391659.783526
2.844857,3391659.786493
2.856736,3391659.786493
2.864879,3391659.789922
2.876668,3391659.789922
2.884760,3391659.793717
2.896735,3391659.793717
2.904750,3391659.797990
2.916663,3391659.797990
2.924886,3391659.806124
2.936635,3391659.806124
2.944848,3391659.811023
2.956779,3391659.811023
2.964871,3391659.816122
2.977103,3391659.816122
2.984855,3391659.821371
2.996684,3391659.821371
3.004805,3391659.826795
3.016668,3391659.826795
3.024765,3391659.832539
3.036647,3391659.832539
3.044900,3391659.838532
3.056667,3391659.838532
3.064720,3391659.844729
3.076638,3391659.844729
3.084895,3391659.851231
3.096679,3391659.851231
3.104881,3391659.857988
3.116757,3391659.857988
3.124846,3391659.885320
3.136718,3391659.885320
3.144822,3391659.892990
3.156712,3391659.892990
3.164823,3391659.900751
3.176636,3391659.900751
3.184786,3391659.908920
3.196631,3391659.908920
3.204837,3391659.917304
3.216625,3391659.917304
3.224737,3391659.926063
3.236731,3391659.926063
3.244893,3391659.935056
3.256808,3391659.935056
3.264791,3391659.944262
3.276719,3391659.944262
3.284883,3391659.953827
3.296827,3391659.953827
3.304895,3391659.963535
3.316705,3391659.963535
3.324784,3391659.973405
3.336669,3391659.973405
3.344737,3391659.983803
3.356735,3391659.983803
3.364826,3391659.994628
3.376620,3391659.994628
3.384795,3391660.005876
3.396667,3391660.005876
3.404853,3391660.017529
3.416704,3391660.017529
3.424749,3391660.029387
3.436575,3391660.029387
3.444771,3391660.041493
3.456788,3391660.041493
3.464826,3391660.053838
3.476742,3391660.053838
3.484747,3391660.066555
3.496610,3391660.066555
3.504735,3391660.094646
3.516559,3391660.094646
3.524806,3391660.108501
3.536592,3391660.108501
3.544754,3391660.122811
3.556699,3391660.122811
3.564843,3391660.137447
3.576753,3391660.137447
3.584802,3391660.152546
3.596701,3391660.152546
3.604806,3391660.168041
3.616732,3391660.168041
3.624830,3391660.183730
3.636679,3391660.183730
3.644770,3391660.199810
3.656634,3391660.199810
3.664749,3391660.216284
3.676513,3391660.216284
3.684763,3391660.233129
3.697059,3391660.233129
3.704839,3391660.263449
3.716674,3391660.263449
3.724929,3391660.281218
3.736756,3391660.281218
3.744900,3391660.299487
3.756696,3391660.299487
3.764801,3391660.318191
3.776629,3391660.318191
3.784911,3391660.337156
3.796721,3391660.337156
3.804829,3391660.356679
3.816639,3391660.356679
3.824871,3391660.376342
3.836665,3391660.376342
3.844969,3391660.396513
3.856766,3391660.396513
3.864817,3391660.416994
3.876721,3391660.416994
3.884827,3391660.438109
3.896661,3391660.438109
3.904693,3391660.454762
3.916609,3391660.454762
3.924865,3391660.476640
3.936787,3391660.476640
3.944816,3391660.498969
3.956668,3391660.498969
3.964819,3391660.521532
3.976697,3391660.521532
3.984847,3391660.544530
3.996724,3391660.544530
4.004768,3391660.568046
4.016757,3391660.568046
4.024824,3391660.591828
4.036656,3391660.591828
4.044843,3391660.615919
4.056704,3391660.615919
4.064757,3391660.640401
4.076735,3391660.640401
4.084774,3391660.665139
4.096799,3391660.665139
4.104728,3391660.697936
4.116654,3391660.697936
4.124916,3391660.723276
4.136773,3391660.723276
4.144856,3391660.748718
4.156616,3391660.748718
4.164864,3391660.774429
4.176690,3391660.774429
4.184899,3391660.800341
4.196649,3391660.800341
4.204770,3391660.826353
4.216650,3391660.826353
4.224725,3391660.852675
4.236671,3391660.852675
4.244849,3391660.879186
4.256607,3391660.879186
4.264874,3391660.905811
4.276625,3391660.905811
4.284883,3391660.932724
4.296808,3391660.932724
4.304850,3391660.959785
4.316600,3391660.959785
4.324886,3391660.999618
4.336534,3391660.999618
4.344795,3391661.027318
4.356607,3391661.027318
4.364830,3391661.055155
4.376765,3391661.055155
4.384767,3391661.083223
4.396747,3391661.083223
4.404858,3391661.111462
4.416566,3391661.111462
4.424856,3391661.139987
4.436612,3391661.139987
4.444903,3391661.168808
4.456594,3391661.168808
4.464854,3391661.198107
4.476648,3391661.198107
4.484864,3391661.227571
4.496660,3391661.227571
4.504832,3391661.271963
4.516603,3391661.271963
4.524842,3391661.302110
4.536680,3391661.302110
4.544851,3391661.332447
4.556722,3391661.332447
4.564901,3391661.363143
4.576587,3391661.363143
4.584810,3391661.393766
4.596661,3391661.393766
4.604802,3391661.424811
4.616738,3391661.424811
4.624751,3391661.455894
4.636693,3391661.455894
4.644832,3391661.487388
4.656682,3391661.487388
4.664652,3391661.518885
4.676603,3391661.518885
4.684835,3391661.550795
4.696645,3391661.550795
4.704832,3391661.599339
4.716706,3391661.599339
4.724844,3391661.632082
4.736698,3391661.632082
4.744771,3391661.664912
4.756749,3391661.664912
4.764885,3391661.697915
4.776531,3391661.697915
4.784827,3391661.731207
4.796532,3391661.731207
4.804785,3391661.764738
4.816680,3391661.764738
4.824745,3391661.798536
4.836716,3391661.798536
4.844687,3391661.832444
4.856731,3391661.832444
4.864870,3391661.866879
4.876623,3391661.866879
4.884840,3391661.901455
4.896662,3391661.901455
4.904817,3391661.941925
4.916652,3391661.941925
4.924709,3391661.977248
4.936635,3391661.977248
4.944757,3391662.012865
4.956690,3391662.012865
4.964706,3391662.048755
4.977052,3391662.048755
4.984806,3391662.084985
4.996668,3391662.084985
5.004839,3391662.121471
5.016610,3391662.121471
5.024730,3391662.158200
5.036768,3391662.158200
5.044676,3391662.195077
5.056598,3391662.195077
5.064725,3391662.232133
5.076815,3391662.232133
5.084829,3391662.269265
5.096738,3391662.269265
5.104867,3391662.314432
5.116697,3391662.314432
5.124900,3391662.352095
5.136745,3391662.352095
5.144769,3391662.389910
5.156761,3391662.389910
5.164805,3391662.427868
5.176804,3391662.427868
5.184834,3391662.466043
5.196743,3391662.466043
5.204772,3391662.504450
5.216682,3391662.504450
5.224805,3391662.543042
5.236639,3391662.543042
5.244804,3391662.582011
5.256607,3391662.582011
5.265023,3391662.621202
5.276882,3391662.621202
5.284923,3391662.660640
5.296853,3391662.660640
5.304922,3391662.700237
5.316733,3391662.700237
5.324819,3391662.751924
5.336823,3391662.751924
5.344990,3391662.792050
5.356829,3391662.792050
5.364942,3391662.832371
5.376834,3391662.832371
5.384854,3391662.872974
5.397208,3391662.872974
5.404880,3391662.913689
5.416584,3391662.913689
5.424906,3391662.954840
5.436778,3391662.954840
5.444871,3391662.996106
5.456615,3391662.996106
5.464676,3391663.037834
5.476704,3391663.037834
5.484749,3391663.079796
5.496698,3391663.079796
5.504876,3391663.122069
5.516662,3391663.122069
5.524781,3391663.179231
5.536643,3391663.179231
5.544835,3391663.222386
5.556816,3391663.222386
5.564862,3391663.265713
5.576651,3391663.265713
5.584828,3391663.309534
5.596617,3391663.309534
5.604818,3391663.353502
5.616844,3391663.353502
5.624819,3391663.397779
5.636708,3391663.397779
5.644882,3391663.442315
5.656744,3391663.442315
5.664792,3391663.487072
5.676997,3391663.487072
5.684777,3391663.532033
5.696997,3391663.532033
5.704742,3391663.598844
5.716754,3391663.598844
5.724885,3391663.644595
5.736775,3391663.644595
5.744838,3391663.690408
5.756628,3391663.690408
5.764758,3391663.736512
5.776645,3391663.736512
5.784714,3391663.782861
5.796624,3391663.782861
5.804895,3391663.829408
5.816781,3391663.829408
5.824717,3391663.876066
5.836784,3391663.876066
5.844912,3391663.923116
5.856644,3391663.923116
5.864865,3391663.970302
5.876770,3391663.970302
5.884798,3391664.017536
5.896707,3391664.017536
5.904809,3391664.082154
5.916681,3391664.082154
5.924790,3391664.130122
5.936697,3391664.130122
5.944791,3391664.178327
5.956753,3391664.178327
5.964828,3391664.226710
5.976575,3391664.226710
5.984646,3391664.275180
5.996685,3391664.275180
6.004864,3391664.323882
6.016635,3391664.323882
6.024743,3391664.372724
6.036679,3391664.372724
6.044765,3391664.421791
6.056611,3391664.421791
6.064822,3391664.471250
6.076626,3391664.471250
6.084814,3391664.520828
6.096608,3391664.520828
6.104841,3391664.583210
6.116630,3391664.583210
6.124834,3391664.633446
6.136706,3391664.633446
6.144791,3391664.683655
6.156648,3391664.683655
6.164811,3391664.734112
6.176690,3391664.734112
6.184770,3391664.784630
6.196619,3391664.784630
6.204813,3391664.835216
6.216715,3391664.835216
6.224823,3391664.886146
6.236713,3391664.886146
6.244939,3391664.937152
6.256933,3391664.937152
6.264755,3391664.988426
6.276670,3391664.988426
6.284779,3391665.039788
6.296755,3391665.039788
6.304776,3391665.091372
6.317250,3391665.091372
6.325717,3391665.165370
6.337816,3391665.165370
6.345002,3391665.217437
6.356825,3391665.217437
6.364896,3391665.269631
6.376658,3391665.269631
6.384774,3391665.322026
6.396763,3391665.322026
6.404787,3391665.374372
6.416748,3391665.374372
6.424907,3391665.426819
6.436695,3391665.426819
6.444879,3391665.479466
6.456657,3391665.479466
6.464792,3391665.532192
6.476621,3391665.532192
6.484725,3391665.585162
6.496594,3391665.585162
6.504821,3391665.652604
6.516748,3391665.652604
6.524837,3391665.705913
6.536554,3391665.705913
6.544774,3391665.759275
6.556845,3391665.759275
6.564804,3391665.812711
6.576652,3391665.812711
6.584858,3391665.866299
6.596638,3391665.866299
6.604804,3391665.920003
6.616754,3391665.920003
6.624812,3391665.973824
6.636601,3391665.973824
6.644771,3391666.027819
6.656612,3391666.027819
6.664921,3391666.081884
6.676677,3391666.081884
6.684752,3391666.136092
6.696621,3391666.136092
6.704758,3391666.211777
6.716648,3391666.211777
6.724877,3391666.266308
6.736667,3391666.266308
6.744833,3391666.321016
6.756807,3391666.321016
6.764843,3391666.375591
6.776735,3391666.375591
6.784752,3391666.430299
6.796590,3391666.430299
6.804703,3391666.485119
6.816711,3391666.485119
6.824870,3391666.540041
6.836820,3391666.540041
6.844816,3391666.595139
6.856770,3391666.595139
6.864919,3391666.650317
6.876565,3391666.650317
6.884939,3391666.705693
6.896816,3391666.705693
6.904777,3391666.770352
6.916694,3391666.770352
6.924876,3391666.825993
6.936623,3391666.825993
6.944812,3391666.881827
6.956727,3391666.881827
6.964729,3391666.937732
6.976738,3391666.937732
6.984891,3391666.993731
6.996672,3391666.993731
7.004800,3391667.049753
7.016808,3391667.049753
7.024879,3391667.105894
7.036712,3391667.105894
7.044832,3391667.162023
7.056733,3391667.162023
7.064816,3391667.218136
7.076687,3391667.218136
7.084764,3391667.274305
7.096598,3391667.274305
7.104776,3391667.339373
7.116663,3391667.339373
7.124901,3391667.395809
7.136681,3391667.395809
7.144764,3391667.452242
7.156579,3391667.452242
7.164760,3391667.508829
7.176803,3391667.508829
7.184821,3391667.565545
7.196754,3391667.565545
7.204817,3391667.622255
7.216670,3391667.622255
7.224800,3391667.679123
7.236638,3391667.679123
7.244823,3391667.735938
7.256687,3391667.735938
7.264758,3391667.792782
7.276705,3391667.792782
7.284832,3391667.849671
7.296618,3391667.849671
7.304861,3391667.904629
7.316610,3391667.904629
7.324866,3391667.961652
7.336618,3391667.961652
7.344874,3391668.018637
7.356709,3391668.018637
7.364857,3391668.075781
7.376681,3391668.075781
7.384718,3391668.132857
7.396620,3391668.132857
7.404794,3391668.190075
7.416665,3391668.190075
7.424927,3391668.247357
7.436567,3391668.247357
7.444757,3391668.304758
7.456706,3391668.304758
7.464804,3391668.362368
7.476672,3391668.362368
7.484911,3391668.420058
7.496575,3391668.420058
7.504852,3391668.500773
7.516776,3391668.500773
7.524856,3391668.559145
7.536566,3391668.559145
7.544779,3391668.617356
7.556687,3391668.617356
7.564937,3391668.675770
7.576627,3391668.675770
7.584766,3391668.734175
7.596741,3391668.734175
7.604878,3391668.792686
7.616675,3391668.792686
7.624766,3391668.851380
7.636640,3391668.851380
7.644851,3391668.910182
7.656645,3391668.910182
7.664719,3391668.969281
7.676547,3391668.969281
7.684826,3391669.028453
7.696659,3391669.028453
7.704830,3391669.103282
7.716581,3391669.103282
7.724801,3391669.162897
7.736653,3391669.162897
7.744797,3391669.222692
7.756735,3391669.222692
7.764678,3391669.282595
7.776844,3391669.282595
7.784801,3391669.342566
7.796688,3391669.342566
7.804852,3391669.402818
7.816710,3391669.402818
7.824884,3391669.463009
7.836666,3391669.463009
7.844839,3391669.523153
7.856649,3391669.523153
7.864775,3391669.583579
7.876577,3391669.583579
7.884763,3391669.643839
7.896816,3391669.643839
7.904914,3391669.698819
7.916800,3391669.698819
7.924802,3391669.759223
7.936620,3391669.759223
7.944927,3391669.819765
7.956607,3391669.819765
7.964824,3391669.880413
7.976762,3391669.880413
7.984804,3391669.941206
7.996614,3391669.941206
8.004695,3391670.002077
8.016718,3391670.002077
8.024907,3391670.062853
8.036702,3391670.062853
8.044861,3391670.123753
8.056744,3391670.123753
8.064788,3391670.184561
8.076669,3391670.184561
8.084761,3391670.245473
8.096795,3391670.245473
8.104805,3391670.306456
8.116654,3391670.306456
8.124827,3391670.354408
8.136849,3391670.354408
8.144850,3391670.415579
8.156596,3391670.415579
8.164826,3391670.476772
8.176706,3391670.476772
8.184838,3391670.537976
8.196754,3391670.537976
8.204843,3391670.599353
8.216745,3391670.599353
8.224810,3391670.660753
8.236737,3391670.660753
8.244839,3391670.722357
8.256828,3391670.722357
8.264706,3391670.784058
8.276675,3391670.784058
8.284829,3391670.845827
8.296585,3391670.845827
8.304756,3391670.907695
8.316632,3391670.907695
8.324974,3391670.968041
8.336659,3391670.968041
8.344765,3391671.029966
8.356634,3391671.029966
8.364775,3391671.092013
8.376711,3391671.092013
8.384813,3391671.154254
8.396619,3391671.154254
8.404822,3391671.216668
8.416641,3391671.216668
8.424859,3391671.279128
8.436667,3391671.279128
8.444786,3391671.341838
8.456790,3391671.341838
8.464779,3391671.404623
8.476659,3391671.404623
8.484855,3391671.467423
8.496717,3391671.467423
8.504812,3391671.529176
8.516737,3391671.529176
8.524696,3391671.591966
8.536668,3391671.591966
8.544948,3391671.654762
8.556621,3391671.654762
8.564823,3391671.717514
8.576679,3391671.717514
8.584857,3391671.780215
8.596703,3391671.780215
8.604739,3391671.842936
8.616627,3391671.842936
8.624756,3391671.905486
8.636640,3391671.905486
8.644973,3391671.968018
8.656684,3391671.968018
8.664898,3391672.030639
8.676748,3391672.030639
8.684821,3391672.093128
8.696767,3391672.093128
8.704770,3391672.157537
8.716605,3391672.157537
8.724921,3391672.219634
8.736646,3391672.219634
8.744801,3391672.281292
8.756677,3391672.281292
8.764802,3391672.342510
8.776646,3391672.342510
8.784878,3391672.403294
8.796665,3391672.403294
8.804879,3391672.463662
8.816575,3391672.463662
8.824847,3391672.523657
8.836638,3391672.523657
8.844906,3391672.583416
8.856889,3391672.583416
8.864923,3391672.642971
8.876688,3391672.642971
8.884732,3391672.702292
8.896725,3391672.702292
8.904732,3391672.753843
8.916730,3391672.753843
8.924685,3391672.812835
8.936717,3391672.812835
8.944786,3391672.871721
8.956627,3391672.871721
8.964778,3391672.930399
8.976716,3391672.930399
8.984796,3391672.988825
8.996768,3391672.988825
9.004778,3391673.046949
9.016616,3391673.046949
9.024683,3391673.104800
9.036588,3391673.104800
9.044759,3391673.162373
9.056599,3391673.162373
9.064808,3391673.219510
9.076565,3391673.219510
9.084908,3391673.276238
9.096654,3391673.276238
9.104794,3391673.321751
9.116755,3391673.321751
9.124775,3391673.377586
9.136647,3391673.377586
9.144904,3391673.433091
9.156691,3391673.433091
9.164829,3391673.488129
9.176681,3391673.488129
9.184766,3391673.542847
9.196700,3391673.542847
9.204894,3391673.597316
9.216662,3391673.597316
9.224835,3391673.651434
9.236784,3391673.651434
9.244742,3391673.705144
9.256615,3391673.705144
9.264839,3391673.758570
9.276744,3391673.758570
9.284876,3391673.811786
9.296646,3391673.811786
9.304841,3391673.864705
9.316619,3391673.864705
9.324837,3391673.916716
9.336666,3391673.916716
9.344820,3391673.969151
9.356729,3391673.969151
9.364777,3391674.021368
9.376681,3391674.021368
9.384871,3391674.073272
9.396793,3391674.073272
9.404864,3391674.124847
9.416660,3391674.124847
9.424848,3391674.176148
9.436689,3391674.176148
9.444823,3391674.227139
9.456815,3391674.227139
9.464849,3391674.277872
9.476584,3391674.277872
9.484901,3391674.328065
9.496645,3391674.328065
9.504826,3391674.359649
9.516696,3391674.359649
9.524752,3391674.409030
9.536669,3391674.409030
9.544880,3391674.458168
9.556584,3391674.458168
9.564862,3391674.507036
9.576713,3391674.507036
9.584920,3391674.555547
9.596638,3391674.555547
9.604793,3391674.603930
9.616717,3391674.603930
9.624846,3391674.651865
9.636666,3391674.651865
9.644723,3391674.699584
9.656863,3391674.699584
9.664812,3391674.747169
9.676560,3391674.747169
9.684736,3391674.794341
9.696703,3391674.794341
9.704866,3391674.810525
9.716774,3391674.810525
9.724849,3391674.856676
9.736729,3391674.856676
9.744754,3391674.902612
9.756666,3391674.902612
9.764812,3391674.948346
9.776676,3391674.948346
9.784895,3391674.993722
9.796677,3391674.993722
9.804773,3391675.038799
9.816754,3391675.038799
9.824844,3391675.083565
9.836612,3391675.083565
9.844858,3391675.128083
9.856655,3391675.128083
9.864845,3391675.172199
9.876734,3391675.172199
9.884844,3391675.215933
9.896636,3391675.215933
9.904806,3391675.238866
9.916675,3391675.238866
9.924944,3391675.281581
9.936700,3391675.281581
9.944729,3391675.323970
9.956691,3391675.323970
9.964853,3391675.366064
9.976633,3391675.366064
9.984807,3391675.407825
9.996748,3391675.407825
10.004951,3391675.449244
10.016624,3391675.449244
10.024763,3391675.490345
10.036689,3391675.490345
10.044793,3391675.530993
10.056597,3391675.530993
10.064817,3391675.571285
10.076721,3391675.571285
10.084846,3391675.611225
10.096748,3391675.611225
10.104765,3391675.637084
10.116635,3391675.637084
10.124833,3391675.676204
10.136700,3391675.676204
10.144857,3391675.715008
10.156660,3391675.715008
10.164810,3391675.753459
10.176746,3391675.753459
10.184894,3391675.791556
10.196604,3391675.791556
10.204925,3391675.829378
10.216751,3391675.829378
10.224817,3391675.866921
10.236624,3391675.866921
10.244834,3391675.904147
10.256669,3391675.904147
10.264763,3391675.941255
10.276632,3391675.941255
10.284873,3391675.977979
10.296648,3391675.977979
10.304812,3391676.014526
10.316725,3391676.014526
10.324785,3391676.050765
10.336657,3391676.050765
10.344887,3391676.078141
10.356701,3391676.078141
10.364770,3391676.113863
10.376676,3391676.113863
10.384791,3391676.149286
10.396687,3391676.149286
10.404845,3391676.184398
10.416732,3391676.184398
10.424809,3391676.219172
10.436703,3391676.219172
10.444782,3391676.253596
10.456789,3391676.253596
10.464809,3391676.287786
10.476750,3391676.287786
10.484737,3391676.321659
10.496686,3391676.321659
10.504786,3391676.339729
10.516691,3391676.339729
10.524808,3391676.372722
10.536771,3391676.372722
10.544774,3391676.405334
10.556639,3391676.405334
10.564754,3391676.437683
10.576702,3391676.437683
10.584838,3391676.469595
10.596695,3391676.469595
10.604830,3391676.501341
10.616677,3391676.501341
10.624910,3391676.532521
10.636559,3391676.532521
10.644729,3391676.563432
10.656796,3391676.563432
10.664752,3391676.593891
10.676605,3391676.593891
10.684816,3391676.623909
10.696629,3391676.623909
10.704827,3391676.652036
10.716762,3391676.652036
10.724760,3391676.681375
10.736696,3391676.681375
10.744879,3391676.710476
10.756586,3391676.710476
10.764897,3391676.739408
10.776679,3391676.739408
10.784827,3391676.768085
10.796648,3391676.768085
10.804856,3391676.796613
10.816729,3391676.796613
10.824761,3391676.824838
10.836678,3391676.824838
10.844785,3391676.852870
10.856786,3391676.852870
10.864834,3391676.880518
10.876685,3391676.880518
10.884717,3391676.907830
10.896713,3391676.907830
10.904793,3391676.934907
10.916609,3391676.934907
10.924868,3391676.936623
10.936665,3391676.936623
10.944857,3391676.962746
10.956604,3391676.962746
10.964823,3391676.988781
10.976812,3391676.988781
10.984867,3391677.014425
10.996667,3391677.014425
11.004799,3391677.039858
11.016591,3391677.039858
11.024756,3391677.065039
11.036659,3391677.065039
11.044891,3391677.089932
11.056662,3391677.089932
11.064792,3391677.114495
11.076700,3391677.114495
11.084898,3391677.138601
11.096690,3391677.138601
11.104832,3391677.162643
11.116661,3391677.162643
11.124875,3391677.196750
11.136737,3391677.196750
11.144957,3391677.220385
11.156692,3391677.220385
11.164800,3391677.243594
11.176744,3391677.243594
11.184889,3391677.266561
11.196632,3391677.266561
11.204696,3391677.289381
11.216736,3391677.289381
11.224817,3391677.311742
11.236551,3391677.311742
11.244809,3391677.333856
11.256658,3391677.333856
11.264855,3391677.355676
11.276663,3391677.355676
11.284868,3391677.377169
11.296688,3391677.377169
11.304870,3391677.398380
11.316682,3391677.398380
11.324763,3391677.418742
11.336744,3391677.418742
11.344861,3391677.439377
11.356725,3391677.439377
11.364765,3391677.459772
11.376689,3391677.459772
11.384882,3391677.479712
11.396691,3391677.479712
11.404725,3391677.499454
11.416772,3391677.499454
11.424687,3391677.518943
11.436671,3391677.518943
11.444819,3391677.537940
11.456851,3391677.537940
11.464868,3391677.556911
11.476733,3391677.556911
11.484799,3391677.575504
11.496654,3391677.575504
11.504918,3391677.582080
11.516626,3391677.582080
11.524704,3391677.600088
11.536669,3391677.600088
11.544792,3391677.617747
11.556624,3391677.617747
11.564829,3391677.635187
11.576802,3391677.635187
11.584748,3391677.652411
11.596796,3391677.652411
11.604938,3391677.669360
11.616678,3391677.669360
11.625038,3391677.686189
11.636587,3391677.686189
11.644889,3391677.702858
11.656621,3391677.702858
11.664844,3391677.719417
11.676771,3391677.719417
11.684792,3391677.735862
11.696696,3391677.735862
11.704903,3391677.739906
11.716603,3391677.739906
11.724974,3391677.755952
11.736995,3391677.755952
11.744951,3391677.771679
11.756850,3391677.771679
11.764826,3391677.787274
11.776716,3391677.787274
11.784838,3391677.802809
11.796745,3391677.802809
11.804847,3391677.818281
11.816729,3391677.818281
11.824942,3391677.833524
11.836708,3391677.833524
11.844805,3391677.848752
11.856635,3391677.848752
11.864821,3391677.863771
11.876748,3391677.863771
11.884861,3391677.878761
11.896635,3391677.878761
11.904783,3391677.894970
11.916651,3391677.894970
11.924776,3391677.909805
11.936697,3391677.909805
11.944840,3391677.924550
11.956751,3391677.924550
11.964875,3391677.939176
11.976779,3391677.939176
11.984802,3391677.953666
11.996762,3391677.953666
12.004939,3391677.968017
12.016621,3391677.968017
12.024884,3391677.982283
12.036746,3391677.982283
12.044770,3391677.996408
12.056571,3391677.996408
12.064924,3391678.010451
12.076736,3391678.010451
12.084832,3391678.024375
12.096647,3391678.024375
12.104882,3391678.033706
12.116739,3391678.033706
12.124859,3391678.047511
12.136778,3391678.047511
12.144869,3391678.061114
12.156682,3391678.061114
12.164878,3391678.074683
12.176655,3391678.074683
12.184722,3391678.088170
12.196677,3391678.088170
12.204742,3391678.101701
12.216768,3391678.101701
12.224853,3391678.115029
12.236789,3391678.115029
12.244820,3391678.128489
12.256634,3391678.128489
12.264820,3391678.141768
12.276694,3391678.141768
12.284943,3391678.155037
12.296640,3391678.155037
12.304731,3391678.168222
12.316741,3391678.168222
12.324830,3391678.180220
12.336693,3391678.180220
12.344750,3391678.193228
12.356623,3391678.193228
12.364828,3391678.206081
12.376718,3391678.206081
12.384852,3391678.218999
12.396623,3391678.218999
12.404763,3391678.231624
12.416811,3391678.231624
12.424837,3391678.244313
12.436628,3391678.244313
12.444743,3391678.256788
12.456900,3391678.256788
12.467841,3391678.269312
12.477537,3391678.269312
12.485444,3391678.281621
12.496888,3391678.281621
12.504738,3391678.296537
12.516616,3391678.296537
12.524830,3391678.308900
12.536630,3391678.308900
12.544771,3391678.321097
12.556684,3391678.321097
12.564764,3391678.333283
12.576713,3391678.333283
12.584794,3391678.345425
12.596642,3391678.345425
12.604805,3391678.357482
12.616667,3391678.357482
12.624867,3391678.369573
12.636609,3391678.369573
12.644757,3391678.381513
12.656779,3391678.381513
12.664777,3391678.393460
12.676688,3391678.393460
12.684921,3391678.405403
12.696694,3391678.405403
12.704775,3391678.415247
12.716713,3391678.415247
12.724773,3391678.427246
12.736585,3391678.427246
12.744842,3391678.439120
12.756703,3391678.439120
12.764818,3391678.450980
12.776629,3391678.450980
12.784790,3391678.462961
12.796733,3391678.462961
12.804799,3391678.474735
12.816601,3391678.474735
12.824813,3391678.486594
12.837178,3391678.486594
12.844847,3391678.498379
12.856802,3391678.498379
12.864798,3391678.510037
12.876757,3391678.510037
12.884795,3391678.521659
12.896618,3391678.521659
12.904824,3391678.531282
12.916654,3391678.531282
12.924724,3391678.542659
12.936639,3391678.542659
12.944995,3391678.554044
12.956658,3391678.554044
12.964845,3391678.565239
12.976712,3391678.565239
12.984732,3391678.576332
12.996681,3391678.576332
13.004778,3391678.587302
13.016726,3391678.587302
13.024755,3391678.598283
13.036659,3391678.598283
13.044744,3391678.609046
13.056663,3391678.609046
13.064761,3391678.619772
13.076674,3391678.619772
13.084832,3391678.630425
13.096714,3391678.630425
13.104819,3391678.639209
13.116701,3391678.639209
13.124640,3391678.649692
13.136763,3391678.649692
13.144813,3391678.660041
13.156619,3391678.660041
13.164943,3391678.670327
13.176685,3391678.670327
13.184883,3391678.680566
13.196688,3391678.680566
13.204762,3391678.690784
13.216645,3391678.690784
13.224776,3391678.700970
13.236742,3391678.700970
13.244923,3391678.711098
13.256869,3391678.711098
13.264882,3391678.721204
13.276824,3391678.721204
13.284791,3391678.731329
13.296614,3391678.731329
13.304809,3391678.741394
13.316664,3391678.741394
13.324767,3391678.743751
13.336679,3391678.743751
13.344857,3391678.753775
13.356708,3391678.753775
13.364759,3391678.763679
13.376673,3391678.763679
13.384819,3391678.773570
13.396596,3391678.773570
13.404924,3391678.783500
13.416723,3391678.783500
13.424866,3391678.793388
13.436721,3391678.793388
13.444884,3391678.803182
13.456717,3391678.803182
13.464803,3391678.812969
13.476732,3391678.812969
13.484847,3391678.822640
13.496593,3391678.822640
13.504766,3391678.832280
13.516544,3391678.832280
13.524844,3391678.838660
13.536752,3391678.838660
13.544803,3391678.848248
13.556804,3391678.848248
13.564816,3391678.857731
13.576688,3391678.857731
13.584898,3391678.867188
13.596596,3391678.867188
13.604751,3391678.876537
13.616690,3391678.876537
13.624763,3391678.885805
13.636738,3391678.885805
13.644722,3391678.894953
13.656543,3391678.894953
13.664776,3391678.904101
13.676930,3391678.904101
13.684730,3391678.913172
13.696694,3391678.913172
13.704816,3391678.915916
13.716716,3391678.915916
13.724712,3391678.924714
13.736720,3391678.924714
13.744905,3391678.933482
13.756660,3391678.933482
13.764904,3391678.942159
13.776706,3391678.942159
13.784884,3391678.950764
13.796649,3391678.950764
13.804789,3391678.959294
13.816736,3391678.959294
13.824805,3391678.967812
13.836713,3391678.967812
13.844804,3391678.976210
13.856632,3391678.976210
13.864840,3391678.984594
13.876765,3391678.984594
13.884844,3391678.993029
13.896695,3391678.993029
13.904797,3391679.001322
13.916640,3391679.001322
13.924814,3391679.001000
13.936611,3391679.001000
13.944783,3391679.009140
13.956740,3391679.009140
13.964785,3391679.017364
13.976708,3391679.017364
13.984825,3391679.025549
13.996729,3391679.025549
14.004829,3391679.033724
14.016757,3391679.033724
14.024793,3391679.041862
14.036697,3391679.041862
14.044886,3391679.049833
14.056653,3391679.049833
14.064791,3391679.057962
14.076681,3391679.057962
14.084755,3391679.065942
14.096709,3391679.065942
14.104824,3391679.071685
14.116689,3391679.071685
14.124905,3391679.079584
14.136681,3391679.079584
14.144821,3391679.087543
14.156592,3391679.087543
14.164909,3391679.095417
14.176605,3391679.095417
14.184831,3391679.103300
14.196694,3391679.103300
14.204734,3391679.111131
14.216730,3391679.111131
14.224892,3391679.118882
14.236797,3391679.118882
14.244824,3391679.126611
14.256696,3391679.126611
14.264779,3391679.134203
14.276783,3391679.134203
14.284874,3391679.141858
14.296670,3391679.141858
14.304830,3391679.149322
14.316602,3391679.149322
14.324790,3391679.134948
14.336675,3391679.134948
14.344883,3391679.142161
14.356665,3391679.142161
14.364786,3391679.149378
14.376751,3391679.149378
14.384786,3391679.156611
14.396636,3391679.156611
14.404838,3391679.163839
14.416769,3391679.163839
14.424730,3391679.170917
14.436626,3391679.170917
14.444717,3391679.178088
14.456744,3391679.178088
14.464767,3391679.185142
14.476669,3391679.185142
14.484766,3391679.192212
14.496756,3391679.192212
14.504767,3391679.193964
14.516721,3391679.193964
14.524853,3391679.200799
14.536694,3391679.200799
14.544982,3391679.207693
14.556695,3391679.207693
14.564871,3391679.214489
14.576863,3391679.214489
14.584811,3391679.221261
14.596640,3391679.221261
14.604850,3391679.227941
14.616617,3391679.227941
14.624851,3391679.234595
14.636588,3391679.234595
14.644929,3391679.241219
14.656681,3391679.241219
14.664770,3391679.247729
14.676775,3391679.247729
14.684812,3391679.254170
14.696704,3391679.254170
14.704793,3391679.256022
14.716707,3391679.256022
14.724937,3391679.262270
14.736719,3391679.262270
14.744770,3391679.268582
14.756621,3391679.268582
14.764749,3391679.274758
14.776653,3391679.274758
14.784851,3391679.280921
14.796723,3391679.280921
14.804784,3391679.286919
14.816684,3391679.286919
14.824794,3391679.292964
14.836637,3391679.292964
14.844806,3391679.298904
14.856636,3391679.298904
14.864794,3391679.304817
14.876640,3391679.304817
14.884687,3391679.310583
14.896587,3391679.310583
14.904855,3391679.298051
14.916678,3391679.298051
14.924776,3391679.303619
14.936666,3391679.303619
14.944890,3391679.309120
14.956688,3391679.309120
14.964885,3391679.314637
14.976607,3391679.314637
14.984720,3391679.320015
14.996710,3391679.320015
15.004925,3391679.325306
15.016614,3391679.325306
15.024682,3391679.330661
15.036602,3391679.330661
15.044953,3391679.335900
15.056650,3391679.335900
15.064823,3391679.341207
15.076674,3391679.341207
15.084812,3391679.346435
15.096665,3391679.346435
15.104731,3391679.341599
15.116707,3391679.341599
15.124756,3391679.346702
15.136694,3391679.346702
15.144837,3391679.351601
15.156762,3391679.351601
15.164843,3391679.356656
15.176606,3391679.356656
15.184831,3391679.361522
15.196681,3391679.361522
15.204898,3391679.366379
15.216715,3391679.366379
15.224762,3391679.371096
15.236756,3391679.371096
15.244804,3391679.375893
15.256645,3391679.375893
15.264808,3391679.380553
15.276618,3391679.380553
15.284881,3391679.385246
15.296688,3391679.385246
15.304821,3391679.389922
15.316686,3391679.389922
15.324767,3391679.379714
15.336675,3391679.379714
15.344905,3391679.384171
15.356866,3391679.384171
15.364773,3391679.388615
15.376620,3391679.388615
15.384750,3391679.393026
15.396675,3391679.393026
15.404918,3391679.397294
15.416709,3391679.397294
15.424780,3391679.401591
15.436676,3391679.401591
15.444785,3391679.405838
15.456721,3391679.405838
15.464767,3391679.409936
15.476820,3391679.409936
15.484868,3391679.414021
15.496767,3391679.414021
15.504796,3391679.416251
15.516767,3391679.416251
15.524783,3391679.420227
15.536736,3391679.420227
15.544711,3391679.424264
15.556755,3391679.424264
15.564808,3391679.428218
15.576656,3391679.428218
15.584783,3391679.432111
15.596724,3391679.432111
15.604862,3391679.436001
15.616716,3391679.436001
15.624913,3391679.439811
15.636636,3391679.439811
15.644939,3391679.443613
15.657764,3391679.443613
15.665722,3391679.447336
15.677655,3391679.447336
15.685220,3391679.450962
15.697026,3391679.450962
15.704880,3391679.455431
15.716651,3391679.455431
15.724745,3391679.458926
15.736674,3391679.458926
15.744822,3391679.462488
15.756529,3391679.462488
15.764778,3391679.465944
15.776716,3391679.465944
15.784873,3391679.469255
15.796745,3391679.469255
15.804779,3391679.472545
15.816735,3391679.472545
15.824830,3391679.475744
15.836665,3391679.475744
15.844822,3391679.478920
15.856777,3391679.478920
15.864772,3391679.482079
15.876692,3391679.482079
15.884809,3391679.485069
15.896656,3391679.485069
15.904740,3391679.485779
15.916783,3391679.485779
15.924808,3391679.488705
15.936640,3391679.488705
15.944743,3391679.491710
15.956657,3391679.491710
15.964852,3391679.494546
15.976728,3391679.494546
15.984834,3391679.497451
15.996588,3391679.497451
16.004849,3391679.500237
16.016758,3391679.500237
16.024747,3391679.503047
16.036632,3391679.503047
16.044834,3391679.505807
16.056609,3391679.505807
16.064824,3391679.508509
16.076832,3391679.508509
16.084686,3391679.511040
16.096591,3391679.511040
16.104798,3391679.514422
16.116593,3391679.514422
16.124803,3391679.516940
16.136651,3391679.516940
16.144814,3391679.519363
16.156740,3391679.519363
16.164876,3391679.521657
16.176674,3391679.521657
16.184822,3391679.523896
16.196695,3391679.523896
16.204837,3391679.526129
16.216610,3391679.526129
16.224855,3391679.528392
16.237582,3391679.528392
16.245928,3391679.530538
16.257412,3391679.530538
16.265093,3391679.532647
16.276741,3391679.532647
16.285034,3391679.534720
16.296666,3391679.534720
16.304748,3391679.536776
16.316614,3391679.536776
16.324789,3391679.538776
16.336742,3391679.538776
16.344837,3391679.545302
16.356691,3391679.545302
16.364887,3391679.547231
16.376725,3391679.547231
16.384898,3391679.549098
16.396668,3391679.549098
16.404819,3391679.550889
16.416739,3391679.550889
16.424742,3391679.552594
16.436646,3391679.552594
16.444879,3391679.554105
16.456671,3391679.554105
16.464779,3391679.555628
16.476752,3391679.555628
16.484800,3391679.557090
16.496840,3391679.557090
16.504939,3391679.552584
16.516854,3391679.552584
16.524709,3391679.553900
16.536766,3391679.553900
16.545019,3391679.555295
16.556570,3391679.555295
16.564962,3391679.556485
16.576857,3391679.556485
16.584894,3391679.557766
16.596703,3391679.557766
16.604795,3391679.558969
16.616723,3391679.558969
16.624905,3391679.560093
16.636675,3391679.560093
16.644842,3391679.561087
16.656640,3391679.561087
16.664752,3391679.562028
16.676631,3391679.562028
16.684806,3391679.562986
16.696680,3391679.562986
16.704853,3391679.561737
16.716661,3391679.561737
16.724735,3391679.562648
16.736657,3391679.562648
16.744899,3391679.563451
16.756715,3391679.563451
16.764749,3391679.564356
16.776730,3391679.564356
16.784901,3391679.565123
16.796773,3391679.565123
16.804888,3391679.565969
16.816586,3391679.565969
16.824845,3391679.566698
16.836715,3391679.566698
16.844799,3391679.567458
16.856715,3391679.567458
16.864839,3391679.568085
16.876599,3391679.568085
16.884764,3391679.568649
16.896664,3391679.568649
16.904756,3391679.569210
16.916671,3391679.569210
16.924819,3391679.567389
16.936631,3391679.567389
16.944824,3391679.567765
