0.475275,0.000000
0.673888,0.000000
0.708175,0.000000
0.807545,0.000000
1.241581,0.000000
1.444125,0.000000
1.574780,0.000000
1.776544,0.000000
1.807795,0.000000
1.909091,0.000000
1.942539,0.000000
1.976985,0.000000
2.007449,0.000000
2.108783,0.000000
2.142294,0.000000
2.172638,0.000000
2.242721,0.000000
2.308397,0.000000
2.408689,0.000000
2.443135,0.000000
2.477627,0.000000
2.610256,0.000000
2.747002,0.000000
2.947599,0.000000
2.981969,0.000000
3.046840,0.000000
3.079298,0.000000
3.212983,0.000000
3.245463,0.000000
3.279985,0.000000
3.480469,0.000000
3.512932,0.000000
3.746415,0.000000
3.780451,0.000000
4.442904,0.000000
4.477311,0.000000
4.611208,0.000000
4.777359,0.000000
4.811816,0.000000
4.911085,0.000000
4.943584,0.000000
4.977903,0.000000
5.012498,0.000000
5.044924,0.000000
5.079262,0.000000
5.177511,0.000000
5.412621,0.000000
5.444148,0.000000
5.478637,0.000000
5.510808,0.000000
5.579973,0.000000
5.744034,0.000000
5.778390,0.000000
5.844416,0.000000
6.011273,0.000000
6.045004,0.000000
6.315238,0.000000
6.346712,0.000000
6.481288,0.000000
6.515811,0.000000
6.582889,0.021000
6.618252,0.021000
6.748674,0.025000
6.781386,0.029000
6.815638,0.029000
6.848009,0.029000
6.914874,0.042000
6.947368,0.042000
7.083169,0.054000
7.117618,0.054000
7.183407,0.058000
7.316241,0.067000
7.482363,0.067000
7.782311,0.067000
7.849019,0.067000
7.915033,0.079000
8.413448,0.084000
8.479443,0.084000
8.513781,0.084000
8.546281,0.084000
8.578700,0.084000
8.648491,0.084000
8.746680,0.084000
8.779154,0.084000
8.979931,0.088000
9.014375,0.088000
9.046683,0.088000
9.079303,0.088000
9.148004,0.088000
9.214929,0.088000
9.279926,0.084000
9.547197,0.084000
9.614325,0.084000
9.747853,0.088000
9.780538,0.088000
9.814728,0.088000
9.947599,0.088000
10.080257,0.088000
10.181705,0.109000
10.250426,0.109000
10.283026,0.121000
10.483560,0.117000
10.518137,0.117000
10.552474,0.117000
10.619385,0.117000
10.650711,0.117000
10.719573,0.126000
10.753011,0.126000
10.817995,0.121000
10.884861,0.121000
11.084492,0.121000
11.253622,0.126000
11.284146,0.121000
11.318514,0.121000
11.484781,0.117000
11.713618,0.113000
11.752043,0.113000
11.784589,0.117000
11.883881,0.121000
11.950521,0.121000
12.049946,0.117000
12.115772,0.121000
12.250493,0.109000
12.285052,0.117000
12.483541,0.117000
12.515902,0.117000
12.550306,0.117000
12.582935,0.113000
12.649644,0.113000
12.850216,0.113000
12.883834,0.117000
12.949483,0.117000
13.050811,0.121000
13.216023,0.113000
13.249712,0.113000
13.316465,0.126000
13.350889,0.126000
13.383369,0.126000
13.450118,0.126000
13.550402,0.113000
13.715589,0.113000
13.750031,0.113000
13.784714,0.117000
14.118756,0.117000
14.153299,0.117000
14.321400,0.121000
14.355835,0.121000
14.388095,0.121000
14.455040,0.121000
14.488400,0.113000
14.688112,0.126000
14.821844,0.117000
15.253399,0.121000
15.322398,0.117000
15.354646,0.117000
15.718335,0.121000
15.853131,0.117000
16.019326,0.121000
16.051558,0.121000
16.086590,0.121000
16.121565,0.121000
16.150877,0.121000
16.252127,0.121000
16.554037,0.113000
16.653405,0.113000
16.894397,0.113000
16.926077,0.113000
17.024064,0.117000
17.056496,0.117000
17.092909,0.121000
17.392868,0.021000
17.524557,0.021000
17.556987,0.021000
17.591292,0.021000
17.728081,0.021000
