0.185135,6.000000
0.218540,6.000000
0.251878,6.000000
0.285156,6.000000
0.318579,6.000000
0.351938,6.000000
0.385242,6.000000
0.418518,6.000000
0.451906,6.000000
0.485480,6.000000
0.518717,6.000000
0.551775,6.000000
0.585095,6.000000
0.618307,6.000000
0.651837,6.000000
0.685259,6.000000
0.718673,6.000000
0.751853,6.000000
0.785150,6.000000
0.818518,6.000000
0.851800,6.000000
0.885113,6.000000
0.918505,6.000000
0.951802,6.000000
0.985081,6.000000
1.018517,6.000000
1.051785,6.000000
1.085075,6.000000
1.118299,6.000000
1.151711,6.000000
1.184951,6.000000
1.218383,6.000000
1.251732,6.000000
1.285061,6.000000
1.318446,6.000000
1.351929,6.000000
1.385186,6.000000
1.418600,6.000000
1.451972,6.000000
1.485137,6.000000
1.518563,6.000000
1.551973,6.000000
1.585144,6.000000
1.618524,6.000000
1.651953,6.000000
1.685146,6.000000
1.718609,6.000000
1.752034,6.000000
1.785144,6.000000
1.818686,6.000000
1.851834,6.000000
1.885323,6.000000
1.918502,6.000000
1.951808,6.000000
1.985217,6.000000
2.018555,6.000000
2.051833,6.000000
2.085048,6.000000
2.118417,6.000000
2.151852,6.000000
2.185128,6.000000
2.218461,6.000000
2.251853,6.000000
2.285058,6.000000
2.318450,6.000000
2.351861,6.000000
2.385127,6.000000
2.418481,6.000000
2.451774,6.000000
2.485063,6.000000
2.518443,6.000000
2.551730,6.000000
2.585104,6.000000
2.618489,6.000000
2.652038,6.000000
2.685165,6.000000
2.718654,6.000000
2.752001,6.000000
2.785207,6.000000
2.818548,6.000000
2.851970,6.000000
2.885140,6.000000
2.918550,6.000000
2.951891,6.000000
2.985127,6.000000
3.018540,6.000000
3.051932,6.000000
3.085089,6.000000
3.118584,6.000000
3.151953,6.000000
3.185188,6.000000
3.218533,6.000000
3.251826,6.000000
3.285108,6.000000
3.318490,6.000000
3.351933,6.000000
3.385178,6.000000
3.418558,6.000000
3.451951,6.000000
3.485159,6.000000
3.518594,6.000000
3.551886,6.000000
3.585194,6.000000
3.618492,6.000000
3.651997,6.000000
3.685225,6.000000
3.718506,6.000000
3.751857,6.000000
3.785219,6.000000
3.818521,6.000000
3.851824,6.000000
3.885242,6.000000
3.918332,6.000000
3.951654,6.000000
3.985232,6.000000
4.018700,6.000000
4.052086,6.000000
4.085334,6.000000
4.118702,6.000000
4.152024,6.000000
4.185225,6.000000
4.218753,6.000000
4.252069,6.000000
4.285730,6.000000
4.319091,6.000000
4.351945,6.000000
4.385122,6.000000
4.418516,6.000000
4.451843,6.000000
4.485090,6.000000
4.518561,6.000000
4.551926,6.000000
4.585218,6.000000
4.618712,6.000000
4.651796,6.000000
4.685109,6.000000
4.718500,6.000000
4.751948,6.000000
4.785193,6.000000
4.818447,6.000000
4.851907,6.000000
4.885225,6.000000
4.918526,6.000000
4.951927,6.000000
4.985132,6.000000
5.018515,6.000000
5.051744,6.000000
5.085022,6.000000
5.118301,6.000000
5.151698,6.000000
5.184981,6.000000
5.218489,6.000000
5.251768,6.000000
5.285096,6.000000
5.318388,6.000000
5.351793,6.000000
5.385162,6.000000
5.418408,6.000000
5.451822,6.000000
5.485233,6.000000
5.518433,6.000000
5.551741,6.000000
5.585057,6.000000
5.618551,6.000000
5.651916,6.000000
5.685088,6.000000
5.718485,6.000000
5.751845,6.000000
5.785233,6.000000
5.818519,6.000000
5.851981,6.000000
5.885118,6.000000
5.918424,6.000000
5.951978,6.000000
5.985261,6.000000
6.018590,6.000000
6.051917,6.000000
6.085168,6.000000
6.118493,6.000000
6.151907,6.000000
6.185209,6.000000
6.218467,6.000000
6.251826,6.000000
6.285146,6.000000
6.318464,6.000000
6.351956,6.000000
6.385171,6.000000
6.418508,6.000000
6.451906,6.000000
6.485558,6.000000
6.518915,6.000000
6.551903,6.000000
6.585090,6.000000
6.618421,6.000000
6.652531,6.000000
6.685738,6.000000
6.718583,6.000000
6.752163,6.000000
6.785224,6.000000
6.818630,6.000000
6.852067,6.000000
6.885239,6.000000
6.918770,6.000000
6.951926,6.000000
6.985364,6.000000
7.018634,6.000000
7.052160,6.000000
7.085229,6.000000
7.118640,6.000000
7.152034,6.000000
7.185105,6.000000
7.218534,6.000000
7.251909,6.000000
7.285205,6.000000
7.318510,6.000000
7.351872,6.000000
7.385161,6.000000
7.418623,6.000000
7.451863,6.000000
7.485140,6.000000
7.518484,6.000000
7.552029,6.000000
7.585182,6.000000
7.618454,6.000000
7.651954,6.000000
7.685131,6.000000
7.718578,6.000000
7.751958,6.000000
7.785046,6.000000
7.818546,6.000000
7.851929,6.000000
7.885105,6.000000
7.918510,6.000000
7.951796,6.000000
7.985136,6.000000
8.018403,6.000000
8.051962,6.000000
8.085190,6.000000
8.118530,6.000000
8.151895,6.000000
8.185149,6.000000
8.218444,6.000000
8.251784,6.000000
8.285117,6.000000
8.318583,6.000000
8.351975,6.000000
8.385153,6.000000
8.418542,6.000000
8.451881,6.000000
8.485145,6.000000
8.518466,6.000000
8.551911,6.000000
8.585071,6.000000
8.618591,6.000000
8.651910,6.000000
8.685062,6.000000
8.718370,6.000000
8.751920,6.000000
8.785146,6.000000
8.818568,6.000000
8.851825,6.000000
8.885138,6.000000
8.918626,6.000000
8.951942,6.000000
8.985164,6.000000
9.018914,6.000000
9.051956,6.000000
9.085101,6.000000
9.118483,6.000000
9.151938,6.000000
9.185219,6.000000
9.218508,6.000000
9.251969,6.000000
9.285235,6.000000
9.318588,6.000000
9.351870,6.000000
9.385176,6.000000
9.418442,6.000000
9.451875,6.000000
9.485225,6.000000
9.518501,6.000000
9.551846,6.000000
9.585082,6.000000
9.618467,6.000000
9.652547,6.000000
9.685628,6.000000
9.718653,6.000000
9.752094,6.000000
9.785400,6.000000
9.818791,6.000000
9.851990,6.000000
9.885330,6.000000
9.918592,6.000000
9.951954,6.000000
9.985289,6.000000
10.018581,6.000000
10.052153,6.000000
10.085258,6.000000
10.118765,6.000000
10.152166,6.000000
10.185290,6.000000
10.218569,6.000000
10.252054,6.000000
