0.164891,-1.292428
0.184894,-0.040420
0.204821,-2.242218
0.224944,-0.142431
0.244874,-1.469051
0.264901,-0.009305
0.284895,-2.545761
0.304888,-2.304189
0.324872,-1.689424
0.344748,-1.770226
0.364773,-0.771553
0.384979,-2.398740
0.404850,-2.353614
0.424813,-0.202174
0.445207,-1.045052
0.464772,-0.884408
0.484782,-1.966648
0.505480,-0.643268
0.525511,-1.039467
0.544675,-0.669619
0.564650,-1.535001
0.584821,-1.856019
0.604588,-0.119019
0.624623,-1.929917
0.644634,-0.723943
0.664573,-2.288037
0.684563,-1.658732
0.704898,-1.425199
0.724605,0.082888
0.744572,-2.129454
0.764701,-2.743110
0.784726,-1.787307
0.804471,-1.204066
0.824767,-1.121769
0.844489,-1.650744
0.864501,-1.319093
0.884570,-0.276045
0.904522,-0.631935
0.924536,-0.241077
0.944479,-1.826153
0.964402,-2.210681
0.984353,-0.016832
1.004375,-0.997564
1.024584,-2.029756
1.044570,-2.405934
1.064392,-1.186996
1.084456,-0.971526
1.104361,-0.776006
1.124379,-2.937694
1.144258,-2.273382
1.164294,-2.246805
1.184408,-0.723777
1.204379,-1.601927
1.224414,-0.354087
1.244300,-0.107712
1.264238,-1.360322
1.284206,-1.046733
1.304117,-2.519339
1.324225,-2.167655
1.344393,-1.319416
1.364285,-0.710237
1.384460,-2.064149
1.404157,-0.684593
1.424246,-0.440652
1.444232,0.387424
1.464176,-1.987383
1.484148,-1.055254
1.504263,0.212720
1.524234,-1.293613
1.544161,-0.630737
1.564145,-2.861758
1.584225,-0.616272
1.604188,-1.451869
1.624141,-2.192465
1.644138,-0.957763
1.665142,-1.007433
1.684097,-0.853973
1.705184,-1.447319
1.725170,-3.146796
1.744928,0.519924
1.764943,0.499559
1.785127,-3.454185
1.804998,-0.285637
1.825085,-2.507669
1.845054,-0.823690
1.865217,-1.083014
1.884978,-1.323000
1.904899,-1.968676
1.925095,-0.611544
1.945060,-3.138790
1.964813,-0.099421
1.985066,0.409608
2.004950,-1.357731
2.024941,-0.740973
2.045126,-1.364451
2.065127,-0.060583
2.084918,-1.518166
2.104777,-0.956247
2.124841,-2.516690
2.144756,1.179449
2.164716,-3.153867
2.184747,-0.506298
2.204702,-0.052320
2.224706,-2.266992
2.244706,-1.441018
2.264735,-0.866393
2.284810,-1.679170
2.304895,-2.057566
2.325450,-1.830789
2.345709,-1.237508
2.364886,-1.902800
2.384684,-0.986569
2.404636,-0.470261
2.424536,-0.184812
2.444475,-1.177550
2.465279,-0.318533
2.484803,-0.652800
2.504739,-0.956471
2.524627,-1.592988
2.544503,-0.132750
2.564548,-1.809608
2.584592,-1.146821
2.604498,-1.214144
2.624711,-0.264117
2.644440,-2.438715
2.664395,-0.093743
2.684561,0.433701
2.704405,-3.229867
2.724564,-1.322935
2.744393,-0.015084
2.764356,-0.488827
2.784385,-3.073270
2.804410,0.034088
2.824335,0.229761
2.844265,-1.724574
2.864392,-0.441825
2.884360,0.668989
2.904267,-0.965705
2.924271,-4.167974
2.944554,0.152219
2.964218,-0.769754
2.984468,-1.749124
3.004213,-2.640374
3.024379,1.052608
3.044157,0.566532
3.064280,-3.090372
3.084074,-1.684506
3.104115,0.513974
3.124291,-1.878191
3.144474,-2.178665
3.164129,-0.380223
3.184194,0.493415
3.205089,-0.642398
3.224211,-3.058570
3.244134,-0.745012
3.265205,1.842607
3.284075,-1.273414
3.305017,-1.877216
3.324102,-1.607585
3.344169,0.088045
3.365055,0.340987
3.384872,-0.777514
3.405048,-2.517840
3.425104,-0.634621
3.445253,1.305589
3.464988,-0.219127
3.485009,-1.913814
3.505002,-2.714401
3.524916,0.101190
3.544821,0.077822
3.564876,-0.707560
3.584992,-3.393049
3.604857,-0.330242
3.624788,-1.246472
3.644827,1.162812
3.664738,-0.133547
3.684827,-2.889518
3.704803,-0.736519
3.724699,0.874242
3.744786,-1.086627
3.765036,-1.157927
3.784885,-0.673336
3.804630,-1.460550
3.824778,1.375469
3.844686,-0.105291
3.864592,-2.834474
3.884665,-1.829328
3.904996,-0.131809
3.924844,-0.669160
3.944703,-1.571431
3.964559,-1.328505
3.984855,-1.191004
4.004601,0.137360
4.024530,1.393628
4.044680,-1.120178
4.064529,-1.837911
4.084545,-2.622938
4.104520,-0.661045
4.124601,1.280007
4.144611,0.447063
4.164559,-2.080637
4.184486,-1.906920
4.204583,-0.821811
4.224562,0.508581
4.244382,1.916476
4.264522,-0.033913
4.284406,-2.624010
4.304350,-2.897797
4.324360,-0.298681
4.344305,0.292754
4.364285,0.240413
4.384348,-1.153832
4.404461,-1.843497
4.424524,-1.153900
4.444315,-0.055462
4.464321,0.604593
4.484284,-1.324844
4.504344,-1.838214
4.524231,-3.247834
4.544269,-0.223304
4.564162,1.043647
4.584200,0.082038
4.604191,0.030034
4.624285,-3.027089
4.644115,-1.471231
4.664041,-1.147830
4.684102,-0.422560
4.704194,0.289001
4.724070,1.234010
4.744098,-3.323838
4.765096,-1.537467
4.784022,-0.391844
4.804069,0.334032
4.824133,0.211352
4.844244,-1.219286
4.865147,-0.148993
4.883992,-1.252628
4.903887,-1.210417
4.923923,-1.291178
4.943949,0.641266
4.964851,0.708646
4.984876,-0.191601
5.004891,-2.384187
5.025111,-1.755041
5.044941,-1.318206
5.065024,-1.064902
5.084888,1.073135
5.104766,-0.913419
5.124784,-0.060368
5.144830,-0.194919
5.164739,-1.271508
5.184781,-1.173434
5.204690,-2.105497
5.224792,-0.401470
5.244904,0.734340
5.265071,0.344543
5.284781,-1.696170
5.304735,-0.485128
5.324908,-2.073560
5.344670,-1.055017
5.364637,0.252215
5.384644,0.436761
5.404623,0.720433
5.424788,-1.991879
5.444511,-1.612096
5.464511,-2.355247
5.484549,-0.290592
5.504992,-0.029725
5.524614,0.243094
5.544564,1.625435
5.564684,-0.816546
5.584781,-2.334184
5.605392,-2.498937
5.624892,-1.406396
5.645514,-0.758944
5.665364,1.136666
5.684536,-0.933002
5.704499,-0.122483
5.724509,0.026577
5.744456,-2.111957
5.764551,-0.870057
5.784407,-2.406637
5.804438,-0.377312
5.824547,0.389474
5.844419,0.170542
5.864334,-0.076311
5.884357,-1.356697
5.904346,-0.456658
5.924281,-1.919001
5.944320,-0.281177
5.964726,-0.237855
5.984576,0.000445
6.004295,0.036382
6.024310,-0.782331
6.044263,-3.236534
6.064149,-1.107575
6.084309,-0.500176
6.104167,-0.413981
6.124206,2.343218
6.144384,0.061965
6.164272,-1.255485
6.184294,-2.237544
6.204134,-3.047086
6.224199,-1.193858
6.244115,-0.047675
6.264404,0.778503
6.284162,0.756457
6.304368,-1.620816
6.324283,-1.351512
6.344127,-0.916148
6.364267,-1.216647
6.384027,-0.460318
6.404133,-0.449757
6.424107,0.068849
6.443972,-1.230459
6.464106,-2.112869
6.483950,-1.054614
6.503997,-0.388564
6.524032,0.976519
6.543991,1.389590
6.565019,-0.209757
6.585027,-1.648183
6.604909,-2.246580
6.625089,-2.814793
6.644985,-0.967203
6.664862,-0.565843
6.684925,1.813044
6.704921,-0.075729
6.724775,-1.535636
6.744763,-1.384587
6.764737,-2.273671
6.784857,-0.935033
6.804781,-0.008684
6.824823,-0.562599
6.844651,0.561398
6.864730,-0.964554
6.884875,-2.523716
6.904677,-0.930209
6.924627,-1.718965
6.944763,0.847352
6.964628,2.156861
6.984654,-0.622746
7.004539,-1.187419
7.024678,-1.483931
7.044764,-2.292516
7.064512,-0.515215
7.084496,0.371039
7.104718,-0.150473
7.124682,0.962710
7.144750,-2.310308
7.164532,-1.564840
7.184580,-1.895997
7.204524,-0.501169
7.224761,0.831591
7.244541,-0.315710
7.264684,-0.796005
7.284544,-1.921385
7.304428,-0.648502
7.324686,-1.149142
7.344544,-2.122151
7.364771,0.339386
7.384383,1.907242
7.404533,-0.284639
7.424485,-0.891857
7.444286,-1.477568
7.464324,-1.114808
7.484373,0.373329
7.504664,-0.758332
7.524338,-0.119555
7.544295,-1.434614
7.564259,-1.667068
7.584377,-1.541705
7.604231,-0.219069
7.624233,-0.286205
7.644563,0.712518
7.664177,-2.898908
7.684270,-0.971476
7.704400,-0.646911
7.724297,-0.206086
7.744270,1.075838
7.764224,-0.536702
7.784089,-0.417716
7.804225,-2.584239
7.824088,-0.877735
7.844148,-0.564379
7.863990,1.164748
7.884207,-0.001705
7.904137,-1.224507
7.924125,-3.020998
7.944013,-1.157417
7.963969,-0.057579
7.984023,0.211333
8.004049,-0.849746
8.023997,-2.116812
8.044070,-2.791494
8.064056,0.860589
8.083971,1.540559
8.103929,0.189801
8.124129,-0.932895
8.144104,-2.712754
8.163905,-0.226018
8.184863,0.398309
8.204885,0.454391
8.223984,-1.834521
8.245243,-2.337348
8.264810,-2.466698
8.284962,-0.197697
8.304839,1.405472
8.325129,-0.368689
8.344871,-2.489919
8.364840,-1.433339
8.385071,0.090513
8.404870,0.237134
8.424856,0.084892
8.444973,-0.997485
8.464702,-2.913820
8.484803,-1.952435
8.504693,0.767924
8.524693,0.298270
8.544677,-2.385667
8.564638,-0.715962
8.584694,-0.649749
8.604554,0.463110
8.624607,-1.323324
8.644620,-0.723781
8.664547,-1.265754
8.684566,1.683923
8.704839,-1.489112
8.724674,-2.934302
8.744528,-0.936990
8.764490,0.231982
8.784631,-0.491058
8.804613,-2.567105
8.824546,-0.781020
8.844440,-1.840649
8.865090,0.310912
8.884557,-0.784512
8.904534,-1.177239
8.924536,-0.602628
8.944514,1.375038
8.964528,-2.165030
8.984547,-1.779428
9.004487,-0.767147
9.024753,0.016733
9.044678,-1.735222
9.064460,-2.301749
9.084398,-2.462067
9.104335,0.539987
9.124465,-2.010762
9.144273,-2.221765
9.164186,-1.757344
9.184315,1.373652
9.204326,-2.077829
9.224330,-1.029659
9.244395,-0.510460
9.264318,0.682447
9.284188,-2.392193
9.304188,-0.737493
9.324131,1.545393
9.344295,-1.286655
9.364185,-1.857444
9.384161,0.533112
9.404203,-1.081416
9.424163,-2.261508
9.444231,-1.357288
9.464024,-0.838543
9.484053,-1.217962
9.504077,-2.443101
9.524028,-1.389434
9.544136,-2.398184
9.563900,-1.912579
9.583943,-1.126640
9.603966,-0.758585
9.623925,-2.173755
9.643944,-0.525046
9.664318,-0.286491
9.683886,-0.858737
9.703849,-2.105724
9.723897,-0.636039
9.743787,0.077131
9.763887,-2.144275
9.784019,-1.806230
9.803924,0.369148
9.823682,-1.238962
9.843850,-0.625644
9.864834,-2.241543
9.884859,0.090826
9.904762,-3.153135
9.924774,-0.159632
9.944776,-0.408777
9.964936,-0.643514
9.985082,-1.839682
10.004920,0.101051
10.024962,-1.990565
10.044827,-0.982134
10.065174,-1.700408
10.084871,-1.382544
10.104779,-1.709231
10.124856,-2.068985
10.145405,-2.793843
10.164614,0.232765
10.184675,-1.681492
10.204550,-1.742771
10.224474,-0.348284
10.244498,-1.314667
10.264641,-1.503729
10.284544,0.299575
10.304755,-0.369831
10.324601,-1.699592
10.344431,-0.872358
10.364857,-2.529602
10.384485,-0.423523
10.404441,-1.233337
10.424441,-1.301943
10.444831,-1.142002
10.464395,-0.803287
10.484393,-2.114774
10.504440,-1.123379
10.524434,-1.254536
10.544623,-0.739465
10.564584,-2.669941
10.584334,-1.231768
10.604434,-0.260199
10.624613,-1.848249
10.644571,-1.046663
10.664349,-1.361682
10.684298,-0.394632
10.704735,-0.460822
10.724332,-1.331494
10.744324,-1.154596
10.764322,0.196104
10.784362,-0.562975
10.804945,-1.068836
10.824659,-0.293521
10.844250,-1.439632
10.864053,0.942828
10.884062,-2.566297
10.904142,-0.584562
10.924129,-2.531119
10.944313,-1.711566
10.964121,-1.646660
10.984504,-1.783690
11.004328,-1.461078
11.024187,-2.146380
11.044623,-0.679947
11.064465,-1.462740
11.084076,-2.649837
11.104117,-0.210591
11.124091,-1.065615
11.144119,-2.943249
11.164019,-0.099215
11.183985,-1.039696
11.204021,-1.712712
11.223899,-0.949708
11.243923,-0.748258
11.263993,0.199619
11.284067,-2.595992
11.304062,-0.875296
11.323899,-1.120726
11.344076,-1.863193
11.363906,-0.525291
11.383921,-1.493465
11.403916,-0.981586
11.423914,-1.872490
11.444046,-1.024305
11.463817,-2.926120
11.483837,-1.187009
11.503789,-1.323775
11.523883,-0.804263
11.543763,-3.029218
11.564863,-0.394433
11.584957,-1.656844
11.604687,-0.844418
11.624793,-2.066225
11.644744,-1.109445
11.664792,-1.074970
11.684900,-1.363152
11.704716,-1.497638
11.724745,-2.056563
11.744663,0.102007
11.764668,-0.930863
11.784683,-1.767272
11.804693,-0.359289
11.824544,-2.246783
11.844557,0.594104
11.864581,-2.907666
11.884537,-1.389833
11.904606,-3.649435
11.924605,0.213070
11.944532,-2.530830
11.965280,-2.351198
11.985221,-1.257933
12.004480,-0.944229
12.024616,-0.767368
12.044349,-3.949498
12.064503,-1.263739
12.084551,-1.222716
12.104361,-1.543565
12.124427,-2.240264
12.144372,-1.582006
12.164276,-0.466919
12.184290,-2.156267
12.204337,-0.922802
12.224617,-3.101025
12.244495,-1.709201
12.264179,-0.689397
12.284294,-1.389268
12.304318,-1.738032
12.324419,-2.294599
12.344133,0.371525
12.364266,-0.971118
12.384415,-1.105873
12.404245,-2.409204
12.424248,0.587263
12.444188,-2.487628
12.464246,-1.491693
12.484140,-2.190832
12.504132,0.030151
12.524191,-2.286175
12.544360,-1.498119
12.564260,-1.196649
12.584131,-1.738618
12.604199,-1.269304
12.624052,-2.100693
12.644168,-1.201520
12.664448,-2.042568
12.684095,-0.485790
12.704105,-0.192699
12.723906,-2.970332
12.743863,-0.589399
12.764285,-1.774994
12.783900,-0.716932
12.803919,-2.450539
12.823975,-1.325813
12.843871,-0.988005
12.863927,-1.485508
12.883827,-1.808464
12.903934,-1.176905
12.923865,-1.041026
12.943939,-0.842881
12.964018,-1.858260
12.983775,-1.819259
13.003837,-2.016246
13.024104,-1.320986
13.043720,-2.889335
13.063778,-2.463607
13.083881,-0.863764
13.103708,-0.836002
13.123689,-1.600900
13.143790,-2.170857
13.164558,-1.525155
13.184836,0.834838
13.204742,-2.892423
13.224659,0.031896
13.244839,-1.594419
13.264765,-0.213932
13.284646,-1.709864
13.304571,-1.236302
13.324607,-1.083524
13.344840,-1.419621
13.364625,-0.751598
13.384560,-1.356535
13.404964,-0.778855
13.424573,-0.792183
13.444666,-0.487266
13.464800,-1.451768
13.484687,0.335172
13.504581,-1.673357
13.524493,-0.874546
13.544550,-1.850125
13.564413,-0.461749
13.584566,-1.635875
13.604492,-1.767641
13.624514,-1.916887
13.644609,-0.899029
13.665045,-1.112122
13.684879,-1.233144
13.704561,-2.218397
13.724525,-1.589042
13.744469,-0.827450
13.764481,-0.951677
13.784425,-1.019808
13.804551,-1.584293
13.824525,-0.503146
13.844598,-0.017982
13.864384,-1.755723
13.884346,0.018314
13.904351,-3.215651
13.924421,-0.364700
13.944270,-4.301181
13.964249,-0.959049
13.984278,-1.338868
14.004195,-1.696822
14.024239,-1.341681
14.044209,-0.882831
14.064226,-0.999998
14.084417,-0.260771
14.104408,-1.522141
14.124198,-1.068227
14.144631,0.148526
14.164201,-1.377791
14.184123,-0.662393
14.204986,-2.284082
14.224514,0.644105
14.244071,-0.630581
14.263889,-1.338781
14.284008,-0.897728
14.304075,-1.107901
14.323959,-1.147426
14.343912,-1.919750
14.363987,-0.985991
14.384123,-1.296794
14.404019,-1.197236
14.423960,-1.211430
14.443893,-1.261749
14.464022,0.362661
14.483997,-0.831842
14.503852,-0.395209
14.523785,-1.750012
14.543734,-2.114675
14.563743,-1.679013
14.583768,0.589857
14.603832,-3.162394
14.623801,-0.855002
14.643840,-1.761753
14.663792,0.363101
14.683790,-0.530870
14.703801,-1.991510
14.723809,-0.245606
14.743783,-2.191077
14.763819,0.502246
14.784797,-2.738951
14.803680,-1.674210
14.823669,-1.441714
14.843611,-0.232247
14.863594,-1.806943
14.884644,-2.298328
14.904774,0.230613
14.924588,-1.316098
14.944601,-2.704347
14.964519,-2.775240
14.984590,-1.978848
15.004597,0.062270
15.024582,-1.899536
15.044654,-0.871151
15.064513,0.259545
15.084555,-0.739870
15.104781,-1.479214
15.124650,-1.003637
15.144514,-1.095741
15.164542,-1.491100
15.184623,-1.828572
15.204576,-0.741612
15.224505,-2.400751
15.244678,0.164774
15.264565,-0.372257
15.284408,-3.102348
15.304613,-0.728701
15.324810,-1.658608
15.344954,0.521490
15.364494,-2.246152
15.384452,-1.363757
15.404510,-0.930487
15.424433,-1.732639
15.444627,-1.327743
15.464597,-0.858321
15.484307,-1.466237
15.504257,-0.930856
15.524277,-1.971669
15.544139,-2.138721
15.564116,0.088287
15.584185,-1.534096
15.604246,-0.669852
15.624182,-3.247704
15.644165,-0.655069
15.664073,-0.749703
15.684712,-2.366085
15.704189,-1.324668
15.724160,-0.109999
15.744173,-1.861429
15.764131,-0.647312
15.784092,-0.718951
15.803989,-0.703653
15.824176,-0.027736
15.844125,-1.932612
15.864154,-0.661922
15.884230,-1.450376
15.903973,-0.253157
15.923983,-1.385438
15.943910,-0.597083
15.964071,-1.598468
15.983891,-0.604810
16.004094,-2.492105
16.023810,-1.448875
16.044060,-0.811548
16.064273,-3.084113
16.084156,-1.792910
16.103973,0.473270
16.124048,-1.415817
16.143963,-1.335396
16.163920,0.296331
16.183896,-1.512598
16.204005,0.604982
16.224183,-2.049777
16.243944,-0.717460
16.263869,-0.502240
16.284072,-2.223076
16.303848,-1.614021
16.323848,0.587751
16.344136,-1.132809
16.363791,-1.693475
16.383997,-1.424308
16.403806,-0.575675
16.423652,-0.534406
16.443658,-1.938956
16.463709,-1.761300
16.485333,0.130584
16.503741,-1.322208
16.523781,-1.131606
16.543823,0.193423
16.563829,-1.440050
16.584613,-1.521959
16.603585,-1.682691
16.623545,-1.139736
16.643517,-1.918335
16.663599,-0.560767
16.684497,-0.421279
16.704581,-0.428068
16.724437,-1.109235
16.744601,-0.268010
16.764860,-1.622322
16.784501,-0.378248
16.804659,-1.966835
16.824632,-0.369236
16.844855,-1.231485
16.864544,-1.551422
16.884444,-1.363716
16.904546,-0.349321
16.924486,-2.214241
16.944425,-0.072925
16.964372,-0.904547
16.984506,-0.746126
17.004529,-0.194985
17.025785,-1.219890
17.044484,-1.603341
17.064220,-1.376986
17.084391,-1.607295
17.104197,-1.075269
17.124222,-0.702833
17.144139,-1.818852
17.164176,-0.360342
17.184170,-1.337398
17.204089,-1.347201
17.224120,-1.130579
17.245091,-1.250603
17.265023,-1.045348
17.284571,-1.736925
17.304619,-0.712425
17.324436,-0.953527
17.345217,0.276761
17.364337,-2.470409
17.384277,-1.583091
17.404223,-0.007225
17.424253,-0.397735
17.444310,-1.291582
17.464186,-1.485390
17.484213,-0.075841
17.504063,-1.142870
17.524104,-1.813715
17.544118,-0.832860
17.564093,-1.697163
17.584048,-2.347252
17.604207,-0.232109
17.624145,-0.069458
17.644157,-0.790588
17.664143,-1.993635
17.684052,-0.146389
17.704130,-0.483832
17.724138,-3.142287
17.744052,-0.792488
17.763913,0.545972
17.784146,-1.996786
17.803903,-2.898822
17.824028,0.906602
17.843915,-0.740458
17.863842,-1.098157
17.883908,-1.952376
17.903951,0.942477
17.923824,-0.864733
17.943922,-3.230288
17.963888,-0.977644
17.983951,0.742584
18.003870,-1.413307
18.023864,-1.636756
18.043721,-0.267743
18.063677,0.100086
18.083773,-1.865298
18.104448,-1.601240
18.123989,0.576547
18.143832,0.623116
18.163903,-3.553105
18.183582,-1.027093
18.203605,0.207241
18.223657,-1.266699
18.243623,-3.760675
18.263565,-0.652963
18.284719,-0.052763
18.303935,-0.732371
18.323633,-2.253393
18.343646,-0.871415
18.363706,2.081345
18.384542,0.043281
18.403631,-3.006700
18.424506,-1.138273
18.444556,1.156609
18.464522,-1.116721
18.484572,-1.737120
18.504629,-1.950575
18.524558,1.253870
18.544776,-0.048986
18.564541,-2.165478
18.585722,-1.983946
18.604404,0.164623
18.624498,0.898600
18.644392,-2.191862
18.664448,-2.608333
18.684394,0.343624
18.704259,-0.578973
18.724214,-1.909870
18.744266,-1.975226
18.764192,-0.419228
18.784374,0.572370
18.804685,-1.008515
18.824253,-2.790574
18.844379,0.935311
18.864353,0.475634
18.884551,-2.008585
18.904330,-2.632027
18.924209,-0.129020
18.944368,0.092432
18.964170,-0.611688
18.984150,-3.529555
19.004114,0.276014
19.024401,0.276394
19.044231,-0.573623
19.064035,-1.076196
19.084254,-0.735898
19.104254,0.901771
19.124104,-0.780454
19.144161,-1.859803
19.164048,-2.836332
19.184222,0.161934
19.204168,-0.593402
19.224005,0.095977
19.244006,-2.546860
19.264446,0.894901
19.283919,0.209087
19.304000,-1.664807
19.323971,-2.356462
19.343941,-0.334678
19.363999,0.580997
19.384019,-1.021214
19.403915,-3.680089
19.424094,-1.018378
19.443921,0.978800
19.464272,-1.298785
19.483988,-1.076224
19.503873,-0.778002
19.523801,0.443973
19.543793,0.017833
19.564164,-2.447042
19.583935,-2.134333
19.603757,0.176021
19.623909,-0.562361
19.643726,-2.328166
19.663697,-1.722963
19.683765,-0.274881
19.703768,1.074600
19.723771,-2.077020
19.743816,-2.643905
19.763778,0.609827
19.783725,0.923126
19.803634,0.494924
19.823656,-3.690288
19.843711,-1.223811
19.863701,-0.129126
19.883714,0.871274
19.903920,-2.990466
19.923666,-1.228515
19.943519,-1.289281
19.963565,0.739986
19.984595,-0.684700
20.003583,-1.692721
20.023579,-0.544094
20.043499,0.332437
20.064613,0.198651
20.084512,-3.651332
20.104450,-0.876332
20.124402,-0.565738
20.144512,0.161478
20.164590,-3.112921
20.184403,-0.711651
20.204338,-0.210281
20.224557,0.792914
20.244433,-3.007334
20.264393,-2.371698
20.284420,0.790102
20.304361,-0.992962
20.324471,-1.995858
20.345061,-2.283743
20.364369,-0.415442
20.384477,0.717842
20.404413,-2.191342
20.424339,-1.891472
20.444454,-0.222812
20.464496,1.187856
20.484303,-0.722881
20.504210,-2.002218
20.524301,-1.206347
20.544648,1.612309
20.564091,-1.274395
20.584141,-2.265168
20.604286,-1.771054
20.624227,0.796738
20.644093,0.384161
20.664831,-2.659959
20.684215,-1.922935
20.703958,-0.944468
20.723946,-0.076891
20.744012,-1.547135
20.764174,-2.553324
20.784002,-0.379681
20.803933,0.997206
20.824058,-1.650638
20.844031,-1.926176
20.864122,-1.749490
20.883819,0.789952
20.903922,-1.292804
20.924016,-2.322524
20.944020,-1.390787
20.963944,0.853604
20.983971,-0.959007
21.003983,-0.303705
21.024159,-3.215714
21.043882,0.272383
21.063830,0.245601
21.083855,-1.185070
21.103719,-1.614385
21.123725,0.750958
21.143915,0.340005
21.163824,-1.533319
21.183787,-1.413830
21.203703,-1.328716
21.223679,1.794268
21.243609,-2.298325
21.263516,-2.191043
21.283556,-1.584958
21.303692,1.025918
21.323552,-0.837330
21.343732,-2.520175
21.363677,-2.462140
21.383768,-1.469193
21.403622,-1.411672
21.423541,0.643065
21.443756,-2.258137
21.463617,0.267928
21.483584,0.006232
21.503973,-0.103560
21.523656,-1.719260
21.543666,0.957922
21.563592,0.791270
21.584447,-1.022920
21.603480,-2.773783
21.623313,-0.486501
21.643320,0.457590
21.663416,-1.192443
21.684557,-3.100996
21.704333,-1.566850
21.725148,0.874846
21.744625,-1.459631
21.764734,-2.744329
21.784301,-0.319310
21.804328,0.865788
21.824406,-2.603859
21.844197,-2.045215
21.864239,-1.451360
21.884229,0.138233
21.904234,-1.934427
21.924226,-1.283213
21.944234,-0.963022
21.964277,2.074822
21.984164,-1.243616
22.004187,-1.633133
22.024151,0.403906
22.044385,0.224079
22.064134,-0.417183
22.084284,-2.840096
22.104236,-0.366253
22.124302,0.163817
22.144550,-2.392722
22.164287,-2.000932
22.184305,-0.076869
22.204252,0.134983
22.224205,-1.320364
22.244066,-1.160588
22.264722,-0.589475
22.284793,0.869635
22.304052,-1.185467
22.324810,-2.551966
22.345077,0.504039
22.363909,0.312147
22.384001,-3.091113
22.404029,-1.436549
22.423996,0.118954
22.444031,-0.630191
22.463974,-1.885698
22.483925,-1.584511
22.503915,0.070267
22.523953,-1.156890
22.543995,-2.283213
22.564052,0.650930
22.584697,-1.130167
22.604841,-1.643336
22.624088,0.118590
22.643929,-0.410992
22.664503,-0.809913
22.683975,-0.693388
22.703841,-0.335542
22.724585,0.228609
22.743883,-3.577168
22.763744,-0.387278
22.783940,-0.241770
22.803682,-0.211104
22.823848,-3.194331
22.843683,-0.559373
22.863652,-2.394533
22.883708,0.055180
22.903656,-1.260248
22.923753,1.589246
22.944285,-1.015565
22.964154,-1.467598
22.983563,-0.529113
23.003574,0.565374
23.023626,-2.608970
23.043448,-1.667758
23.063766,-1.977119
23.083638,-0.613300
23.103654,-2.440149
23.123500,0.061911
23.143456,-1.402766
23.163473,-0.945669
23.183558,-1.689559
23.203496,-0.745030
23.223600,-0.869098
23.243567,-0.665459
23.264701,-1.095411
23.284547,0.313183
23.303392,-1.249394
23.323379,-1.739936
23.343487,-0.664154
23.364459,-0.914060
23.384312,-1.604336
23.404308,-1.212307
23.424353,-0.602629
23.444354,-2.972456
23.464185,-0.281174
23.484253,-1.062342
23.504276,-1.469973
23.524367,0.032933
23.544266,-0.451011
23.564217,-2.317532
23.584280,0.100387
23.604230,-2.171774
23.624154,-1.475659
23.644356,-1.436942
23.664252,-0.808874
23.684339,-3.417968
23.704137,-0.149118
23.724195,-1.322324
23.744292,-1.659526
23.764423,-1.066114
23.784110,-0.544670
23.804149,-0.791490
23.824138,0.311543
23.844386,-1.473478
23.863976,-1.031556
23.884017,0.279970
23.904165,-2.510057
23.924016,0.026394
23.944013,-2.254663
23.964072,-0.695140
23.983990,-2.292017
24.004066,-1.252832
24.023924,-1.681020
24.043951,-0.500683
24.064012,-2.425511
24.083875,-1.123086
24.103804,0.163545
24.124067,-1.977764
24.143975,-2.200600
24.164768,-0.649977
24.184182,-1.938506
24.203858,-0.380202
24.223953,-1.197962
24.243845,-0.879016
24.263857,-0.086883
24.283795,-1.659013
24.303689,-1.198539
24.323884,-1.476819
24.343782,-0.490175
24.363842,-2.370938
24.383796,-0.302406
24.403841,-1.377129
24.423819,-1.542449
24.443726,-1.867500
24.463723,-0.788001
24.483757,-1.581668
24.503635,-2.635748
24.523801,-1.770998
24.544116,1.273932
24.563615,-1.860183
24.583768,-1.381555
24.603713,0.264519
24.623818,-1.365624
24.643723,-0.596468
24.663680,-2.376818
24.683862,-1.637082
24.703718,-0.725108
24.723762,-0.795287
24.743820,-2.601262
24.764235,0.121952
24.784219,-2.076626
24.803674,-0.851481
24.823491,-1.475800
24.843571,0.004299
24.863465,-0.988109
24.883401,-1.157593
24.903420,-2.259885
24.923612,1.008065
24.943464,-1.040167
24.963458,-1.992263
24.984399,0.355077
25.003387,-3.782894
25.023621,-1.753872
25.043372,-3.056576
25.063393,-0.889107
25.084278,-0.963766
25.104247,-1.578980
25.124437,-2.757237
25.144185,0.207051
25.164247,-1.259694
25.184201,-2.821981
25.204120,-0.937516
25.224159,-0.803479
25.244326,-0.745459
25.264339,-2.345475
25.284243,-1.822319
25.304152,0.037820
25.324143,-1.017600
25.344258,-1.707214
25.364081,-0.208230
25.384027,-2.542253
25.404013,-1.090870
25.424147,-1.917072
25.444007,-1.268882
25.463959,-0.883687
25.484136,-1.488082
25.504117,-2.169969
25.524151,-0.237040
25.544247,-0.801383
25.564062,-3.332261
25.584054,-1.907448
25.604054,-1.062938
25.624019,-1.603537
25.644136,-1.144320
25.664169,-1.584461
25.684011,0.844216
25.704169,-1.821953
25.723988,-1.435796
25.744013,0.709899
25.764041,-2.699142
25.784072,-0.877424
25.803846,-1.399464
25.823887,-2.031936
25.843921,-0.214485
25.863928,-1.826207
25.883967,-1.779991
25.903903,-0.548169
25.924007,-0.880850
25.943887,-2.555101
25.963773,-1.304401
25.983861,-1.268450
26.003866,-1.730850
26.023750,-1.480591
26.043733,-1.297554
26.063718,-0.492417
26.083896,-2.014378
26.103656,-0.538413
26.123785,-0.325940
26.143685,-2.550431
26.163770,-2.127463
26.183764,-0.916238
26.203891,-1.552426
26.223648,-0.282182
26.243683,-2.641355
26.263831,-1.516532
26.283560,-1.022208
26.303880,-0.821643
26.324272,-2.554048
26.344342,-1.377134
26.363542,-1.478660
26.383658,-2.754323
26.403508,0.012060
26.423537,-0.285098
26.443509,-1.006902
26.463516,-1.870745
26.483494,-1.404750
26.503408,-0.682114
26.523317,-1.453164
26.543356,-0.096852
26.563314,-2.538858
26.584516,-0.039147
26.603456,-0.292735
26.623522,-2.249967
26.643470,0.811061
26.663291,-1.700971
26.684412,-2.129195
26.703422,-1.295467
26.723346,-0.491749
26.743277,-1.542129
26.764217,-1.235620
26.784222,-0.987449
26.804303,-0.789420
26.824262,-1.038858
26.844237,-2.014720
26.864237,-2.264852
26.884214,-0.397657
26.904341,-1.884734
26.924122,-1.668239
26.944311,-1.551633
26.964134,-1.898783
26.984242,-2.058080
27.004115,0.579578
27.024292,-2.538060
27.044123,-1.585508
27.064112,-0.137888
27.084169,-1.026189
27.104131,-2.250447
27.124043,-1.858175
27.144189,-1.095455
27.164166,-1.506057
27.183928,-0.555798
27.204123,-0.601989
27.224066,-0.252430
27.244004,-1.048521
27.263993,-0.925732
27.283877,-1.409146
27.304050,-0.221838
27.324041,-2.245163
27.343974,0.390491
27.363975,-1.881710
27.383956,-0.844442
27.403955,-1.053921
27.423842,0.558050
27.443917,-2.219938
27.463805,-0.829626
27.483814,-1.088958
27.503883,-1.307907
27.523798,-2.310955
27.543823,-0.342087
27.563729,-0.658966
27.583871,-1.266482
27.603842,-0.517308
27.623941,-0.123551
27.643766,-1.728859
27.664040,-0.668047
27.683775,-0.950641
27.703726,-1.891590
27.723827,-1.357199
27.743970,-2.420777
27.763786,0.008040
27.783683,-1.626497
27.803672,-1.168880
27.823723,-1.423065
27.843661,0.049131
27.863700,-1.898023
27.883633,-1.172893
27.903597,-1.728556
27.923518,-0.538852
27.943539,-2.250288
27.963362,-0.584677
27.983372,-1.063902
28.003553,-1.061966
28.023391,-1.821718
28.043623,1.311064
28.063673,-2.295470
28.083593,-1.466711
28.103497,-0.586261
28.123461,-0.196428
28.143417,-2.086360
28.163481,-1.980332
28.183565,-1.259817
28.203353,-2.015679
28.223419,-1.356804
28.243393,0.095726
28.263459,-1.613193
28.283375,-1.300769
28.303426,-1.814858
28.323816,-0.880944
28.343478,-0.433661
28.363344,-1.198484
28.384435,0.021277
28.403319,-0.784576
28.423222,-0.645524
28.443196,-0.828313
28.463187,-0.420229
28.484185,-0.110242
28.503087,-1.230706
28.524296,-2.265371
28.543238,-1.080716
28.564242,-0.306146
28.584125,-2.254127
28.604172,0.453308
28.624243,0.796390
28.644176,-2.763941
28.664225,-0.422832
28.684093,-0.264561
28.704055,-2.206581
28.724087,-1.246805
28.744115,-0.875011
28.764125,-1.158740
28.784277,-0.717551
28.804188,-0.822196
28.824104,-0.777289
28.844144,-1.444126
28.864233,-0.873649
28.884077,-2.263016
28.904086,-0.082510
28.923992,-1.767053
28.944012,-3.154854
28.963871,-0.256774
28.984600,-0.143327
29.004225,-2.035154
29.023874,0.022913
29.044051,-1.261625
29.063825,-2.092557
29.084047,-0.930604
29.103791,-0.738330
29.123919,0.652587
29.143980,-0.139578
29.163851,-0.728778
29.184007,-1.276762
29.203664,0.010581
29.223726,-2.789943
29.243640,-2.323847
29.263673,-1.394794
29.283635,-1.109335
29.303605,-2.505192
29.323797,-0.057217
29.343781,-2.080405
29.363591,-1.219917
29.383575,-1.153057
29.403723,-0.705596
29.423622,-0.919689
29.443578,-0.374717
29.464222,-0.315758
29.483721,-0.513510
29.503840,-0.323415
29.523787,-2.738632
29.543642,0.171968
29.563762,-1.263477
29.583514,-1.353631
29.603734,-1.731493
29.623536,-0.277651
29.643706,-2.788583
29.663846,-0.410741
29.683495,-0.899646
29.703691,-0.949605
29.723707,-2.195383
29.743527,-0.045696
29.763426,-1.274111
29.783586,-0.470533
29.803526,-1.483401
29.823439,-1.643131
29.843260,1.038467
29.863235,-2.390038
29.883304,-2.281717
29.903332,-0.131774
29.923510,-1.544288
29.943358,-1.882801
29.963330,0.605423
29.983331,-1.276534
30.003277,-0.800004
30.023307,-1.411825
30.043604,0.702417
30.063282,-1.633035
30.083502,-0.938370
30.103365,-2.476962
30.123360,-1.098501
30.143426,-0.861867
30.163493,-2.069186
30.184351,-1.199071
30.203240,0.357948
30.223324,-1.748800
30.244142,-2.358115
30.264132,-0.388117
30.284119,-2.014734
30.304237,-1.257326
30.324134,-0.026454
30.344152,-0.555322
30.364082,-1.268994
30.384169,-0.340043
30.404042,0.118540
30.424061,-2.219614
30.444334,-0.374898
30.464251,-1.248716
30.484103,-0.902921
30.504160,-0.910401
30.524068,-2.189249
30.544113,-0.387478
30.564090,-1.011504
30.584100,-0.428897
30.604131,-0.652711
30.624009,0.063339
30.644015,-1.888445
30.663924,-1.227240
30.683936,-1.775327
30.703924,-0.454124
30.724214,-2.453080
30.743946,-0.411351
30.764266,-1.390945
30.784016,-0.064180
30.803884,-2.488896
30.823879,0.742552
30.843900,-1.515888
30.864410,-0.332831
30.884696,-1.424105
30.904042,-0.283613
30.923814,-1.730172
30.943824,-1.305222
30.963865,-0.492490
30.983838,-1.880075
31.003882,-2.084823
31.023914,-0.626494
31.043811,-2.410938
31.063840,-0.932561
31.083767,-0.315503
31.103881,-1.280761
31.123674,-0.023403
31.143681,-1.802871
31.163721,-1.193662
31.183691,-0.695851
31.203751,-1.946345
31.223639,-0.043993
31.243636,-0.950423
31.263744,-0.800624
31.283566,-1.242118
31.303635,0.495529
31.323847,-1.894728
31.343685,-1.949058
31.363666,-0.419827
31.383486,-0.795408
31.403609,-1.483453
31.423625,-0.312863
31.443554,0.604424
31.463462,-1.265331
31.483662,-0.525559
31.503531,-2.489954
31.523564,-1.373432
31.543555,-1.110578
31.563534,0.146159
31.583461,-2.125135
31.603436,-0.891795
31.623428,-1.829632
31.643378,0.592060
31.663382,-2.561352
31.683337,0.316296
31.703431,-0.144467
31.723472,-0.463912
31.743407,-1.820236
31.763264,-1.258147
31.783463,-0.712346
31.803346,-1.709724
31.823200,-1.199661
31.843273,0.077909
31.863236,-1.956486
31.883296,-0.817420
31.904474,-1.493653
31.923314,-0.753763
31.943276,-0.383512
31.963230,-1.870605
31.984295,-0.181802
32.003289,-2.231616
32.023308,-0.810929
32.043255,0.499815
32.064513,-1.528415
32.084196,-1.109885
32.104138,-2.559497
32.124085,-0.200418
32.144053,-1.907965
32.164109,-1.409061
32.183985,-0.788524
32.203978,-1.014670
32.223897,-2.472245
32.244015,-0.752892
32.263973,-1.863364
32.283900,-0.707621
32.304768,-1.620040
32.324788,1.369241
32.344434,-1.070790
32.363914,-0.647582
32.384152,-0.016595
32.403791,-0.679240
32.423863,-0.195533
32.444025,-2.444529
32.463878,0.441056
32.483854,-2.836334
32.503820,-1.126197
32.523990,-1.409587
32.543783,-0.777722
32.564466,-1.548937
32.584449,-0.253575
32.604065,-1.373068
32.623782,-0.862884
32.643708,-2.158264
32.663696,0.139714
32.683813,-1.849341
32.703966,-0.193455
32.723607,-1.406207
32.743629,-0.978708
32.763720,-0.022048
32.783597,-0.771504
32.803568,-0.122152
32.823522,-1.368498
32.843539,-1.105279
32.863750,-1.118996
32.883768,-1.803491
32.903629,-1.960102
32.923518,-0.424891
32.943552,-0.755479
32.963553,-2.389229
32.983543,-1.473542
33.004337,-0.290966
33.024490,-1.745900
33.043647,-0.312281
33.063480,-0.451779
33.083453,-1.021088
33.103534,0.071640
33.123500,-2.106971
33.143544,-0.009280
33.163607,-1.733767
33.183677,-1.224086
33.203588,-0.684136
33.223425,-0.738269
33.243578,-1.414477
33.263597,-0.935790
33.283412,-0.802864
33.303305,-1.133931
33.323253,-2.123536
33.343469,-0.266831
33.363274,-0.413441
33.383236,-0.509848
33.403646,-0.493648
33.423578,-1.669169
33.443320,0.157979
33.463259,-2.436244
33.484345,-0.570426
33.503217,-2.006346
33.523231,-0.867744
33.543148,-2.270997
33.563586,-0.863813
33.584277,-1.637637
33.603183,-0.824844
33.623201,-2.122828
33.643090,-0.592647
33.663223,-1.043921
33.684220,0.654834
33.704064,-1.664444
33.724153,-0.164113
33.744388,-0.078609
33.764208,-1.289555
33.784157,-1.004340
33.804073,-0.511879
33.823915,-0.786517
