0.523962,0.000000
0.556394,0.000000
0.591140,0.000000
0.656716,0.000000
0.890672,0.000000
0.988240,0.000000
1.123804,0.000000
1.224226,0.000000
1.324410,0.000000
1.486645,0.000000
1.656046,0.000000
1.822871,0.000000
1.855657,0.000000
1.986981,0.000000
2.021286,0.000000
2.053735,0.000000
2.121560,0.000000
2.153381,0.000000
2.221362,0.000000
2.355190,0.000000
2.421141,0.000000
2.455250,0.000000
2.554535,0.000000
2.587143,0.000000
2.684391,0.000000
2.755268,0.000000
2.822074,0.000000
2.887882,0.000000
2.923321,0.000000
2.984059,0.000000
3.054926,0.000000
3.087619,0.000000
3.121800,0.000000
3.220232,0.000000
3.287903,0.000000
3.322401,0.000000
3.390648,0.000000
3.486829,0.000000
3.555481,0.000000
3.587856,0.000000
3.622211,0.000000
3.654957,0.000000
3.687321,0.000000
3.888344,0.000000
3.958945,0.000000
4.058161,0.000000
4.090746,0.000000
4.158662,0.000000
4.191180,0.000000
4.526304,0.000000
4.591464,0.000000
4.758107,0.000000
4.791702,0.000000
4.858436,0.000000
5.024592,0.000000
5.059154,0.000000
5.091658,0.000000
5.189986,0.000000
5.257625,0.000000
5.391692,0.000000
5.426251,0.000000
5.557496,0.000000
5.689286,0.000000
5.722770,0.000000
5.889942,0.000000
5.922459,0.000000
6.121360,0.000000
