0.210556,0.000000
0.244931,0.000000
0.311798,0.000000
0.676651,0.000000
0.743609,0.000000
0.775927,0.000000
0.809495,0.000000
0.842966,0.000000
1.008963,0.000000
1.076032,0.000000
1.508378,0.000000
1.577255,0.000000
1.609761,0.000000
1.642107,0.000000
1.674871,0.000000
1.709432,0.000000
1.776030,0.000000
1.842939,0.000000
1.876308,0.000000
2.078068,0.000000
2.244284,0.000000
2.410496,0.000000
2.444822,0.000000
2.477242,0.000000
2.645384,0.000000
2.679825,0.000000
2.710223,0.000000
2.778932,0.000000
2.812495,0.000000
2.949389,0.000000
2.981774,0.000000
3.014216,0.000000
3.050614,0.000000
3.087082,0.000000
3.116772,0.000000
3.152303,0.000000
3.184652,0.000000
3.215087,0.000000
3.249461,0.000000
3.283967,0.000000
3.316363,0.000000
3.350779,0.000000
3.383215,0.000000
3.450076,0.000000
3.482457,0.000000
3.514989,0.000000
3.551496,0.000000
3.583971,0.000000
3.750025,0.000000
3.784429,0.000000
3.884698,0.000000
3.950594,0.000000
4.015352,0.000000
4.315459,0.000000
4.348617,0.000000
4.415626,0.000000
4.716379,0.000000
4.780394,0.000000
4.813851,0.000000
4.915146,0.000000
4.982044,0.000000
5.015039,0.000000
5.247357,0.000000
5.281782,0.000000
5.382106,0.000000
5.447931,0.000000
5.482538,0.000000
5.749946,0.000000
5.948475,0.000000
5.983043,0.000000
6.048836,0.000000
6.082268,0.000000
6.183549,0.000000
6.218045,0.000000
6.283228,0.000000
6.317364,0.000000
6.586925,0.000000
6.621290,0.000000
6.689231,0.000000
6.722575,0.000000
6.755725,0.000000
6.789462,0.000000
6.821860,0.000000
6.852437,0.000000
6.890963,0.000000
6.921282,0.000000
6.989273,0.000000
7.020602,0.000000
7.053080,0.000000
7.089545,0.000000
7.121958,0.000000
7.154345,0.000000
7.191000,0.000000
7.220130,0.000000
7.255628,0.000000
7.290078,0.000000
7.322493,0.000000
7.390377,0.000000
7.421782,0.000000
7.553578,0.000000
7.587968,0.000000
7.788690,0.000000
7.821011,0.000000
8.086462,0.000000
8.153274,0.000000
8.321416,0.000000
8.353873,0.000000
8.420706,0.000000
8.485882,0.000000
8.519968,0.000000
8.552414,0.000000
8.584879,0.000000
8.619403,0.000000
8.685362,0.000000
8.753182,0.000000
8.787633,0.000000
8.822265,0.000000
8.854486,0.000000
8.986331,0.000000
9.020601,0.000000
9.053166,0.000000
9.154495,0.000000
9.253690,0.000000
9.286072,0.000000
9.355209,0.000000
9.387456,0.000000
9.419896,0.000000
9.486935,0.000000
9.521177,0.000000
9.754197,0.000000
9.787117,0.000000
9.886998,0.000000
9.989542,0.000000
10.023647,0.000000
10.056050,0.000000
10.088349,0.000000
10.124806,0.000000
10.225206,0.000000
10.256593,0.000000
10.325458,0.000000
10.359922,0.000000
10.392636,0.000000
10.427822,0.000000
10.459209,0.000000
10.526350,0.000000
10.558492,0.000000
10.590800,0.000000
10.625237,0.000000
10.659672,0.000000
10.724633,0.000000
10.759042,0.000000
10.825896,0.000000
10.860397,0.000000
10.893743,0.000000
10.930223,0.000000
10.960630,0.000000
11.025518,0.000000
11.057842,0.000000
11.126791,0.000000
11.159555,0.000000
11.191659,0.000000
11.226214,0.000000
11.258472,0.000000
11.290890,0.000000
11.326776,0.000000
11.358834,0.000000
11.393272,0.000000
11.591797,0.000000
11.924120,0.000000
12.090359,0.000000
12.122794,0.000000
12.157157,0.000000
12.190653,0.000000
12.323351,0.000000
12.358480,0.000000
12.424541,0.000000
12.491359,0.000000
12.557195,0.000000
12.622032,0.000000
12.891340,0.000000
12.992666,0.000000
13.023092,0.000000
13.057805,0.000000
13.159075,0.000000
13.325230,0.000000
13.357527,0.000000
13.493409,0.000000
13.525807,0.000000
13.592579,0.000000
13.624989,0.000000
13.691840,0.000000
13.825642,0.000000
13.995247,0.000000
14.030429,0.000000
14.062886,0.000000
14.097552,0.000000
14.166249,0.000000
14.198614,0.000000
14.261389,0.000000
14.297847,0.000000
14.362683,0.000000
14.397021,0.000000
14.463837,0.000000
14.499283,0.000000
14.529705,0.000000
14.565090,0.000000
14.595634,0.000000
14.628009,0.000000
14.664491,0.000000
14.699029,0.000000
14.764836,0.000000
14.796119,0.000000
14.828581,0.000000
14.862990,0.000000
14.895462,0.000000
14.964353,0.000000
14.997799,0.000000
15.031389,0.000000
15.063676,0.000000
15.098008,0.000000
15.128490,0.000000
15.161394,0.000000
15.296625,0.000000
15.329045,0.000000
15.562096,0.000000
15.728135,0.000000
15.827481,0.000000
15.994539,0.000000
16.062464,0.000000
16.160839,0.000000
16.295331,0.000000
16.360147,0.000000
16.394725,0.000000
16.428087,0.000000
16.460505,0.000000
16.560877,0.000000
16.629789,0.000000
16.828418,0.000000
16.860837,0.000000
16.895967,0.000000
16.961116,0.000000
17.027972,0.000000
17.061431,0.000000
17.097882,0.000000
17.130218,0.000000
17.261928,0.000000
17.296321,0.000000
17.328787,0.000000
17.429128,0.000000
17.462541,0.000000
17.599196,0.000000
17.801872,0.000000
17.832306,0.000000
17.901095,0.000000
17.933625,0.000000
18.003628,0.000000
18.034031,0.000000
18.099818,0.000000
18.134179,0.000000
18.166755,0.000000
18.203246,0.000000
18.233755,0.000000
18.300506,0.000000
18.332810,0.000000
18.399768,0.000000
18.434176,0.000000
18.465650,0.000000
18.501111,0.000000
18.535584,0.000000
18.632930,0.000000
18.667193,0.000000
18.699765,0.000000
18.735259,0.000000
18.935068,0.000000
18.999582,0.000000
19.332936,0.000000
19.432172,0.000000
19.665250,0.000000
19.864813,0.000000
19.897154,0.000000
19.931699,0.000000
20.199057,0.000000
20.266460,0.000000
20.297231,0.000000
20.331243,0.000000
20.431652,0.000000
20.633248,0.000000
20.665686,0.000000
20.800354,0.000000
20.831731,0.000000
20.866233,0.000000
20.898611,0.000000
21.032351,0.000000
21.066798,0.000000
21.099139,0.000000
21.133562,0.000000
21.166054,0.000000
21.267430,0.000000
21.366626,0.000000
21.535834,0.000000
21.575438,0.000000
21.636197,0.000000
21.670763,0.000000
21.740626,0.000000
21.778092,0.000000
21.804388,0.000000
21.844337,0.000000
21.870590,0.000000
21.903059,0.000000
21.937536,0.000000
21.971931,0.000000
22.037824,0.000000
22.072346,0.000000
22.136062,0.000000
22.170655,0.000000
22.271761,0.000000
22.309326,0.000000
22.338746,0.000000
22.371144,0.000000
22.436035,0.000000
22.472542,0.000000
22.537397,0.000000
22.572835,0.000000
22.605360,0.000000
22.637604,0.000000
22.672312,0.000000
22.838402,0.000000
22.905242,0.000000
22.937589,0.000000
22.972074,0.000000
23.004574,0.000000
23.103862,0.000000
23.170748,0.000000
23.371405,0.000000
23.436087,0.000000
23.470550,0.000000
23.636623,0.000000
23.671165,0.000000
23.703571,0.000000
23.837587,0.000000
24.137272,0.000000
24.204148,0.000000
24.271112,0.000000
24.336804,0.000000
24.372416,0.000000
24.439163,0.000000
24.638038,0.068000
24.672659,0.082000
24.704900,0.075000
24.771787,0.071000
24.806289,0.075000
24.838614,0.076000
24.907517,0.078000
24.973588,0.082000
25.141648,0.054000
25.176085,0.032000
25.277302,0.017000
25.310890,0.000000
25.343176,0.000000
25.379750,0.000000
25.416172,0.000000
25.445475,0.000000
25.477894,0.000000
25.510296,0.000000
25.579172,0.000000
25.610638,0.000000
25.678438,0.000000
25.710942,0.000000
25.743320,0.000000
25.778804,0.000000
25.812213,0.000000
25.876969,0.000000
25.914480,0.000000
25.945854,0.000000
25.978297,0.000000
26.012746,0.000000
26.077533,0.000000
26.176767,0.000000
26.211461,0.000000
26.278147,0.000000
26.444327,0.000000
26.643932,0.000000
26.910537,0.000000
27.012014,0.000000
27.044246,0.000000
27.075703,0.000000
27.110249,0.000000
27.176029,0.000000
27.210462,0.000000
27.245014,0.000000
27.345194,0.000000
27.443614,0.000000
27.477859,0.000000
27.576242,0.000000
27.609939,0.000000
27.644123,0.000000
27.711126,0.000000
27.811461,0.000000
27.944207,0.000000
28.211822,0.000000
28.345421,0.000000
28.477052,0.000000
28.515839,0.000000
28.547085,0.000000
28.580571,0.000000
28.650501,0.000000
28.679911,0.000000
28.716174,0.000000
28.750820,0.000000
28.816003,0.000000
28.853171,0.000000
28.881464,0.000000
28.915991,0.000000
28.949342,0.000000
29.018187,0.000000
29.052705,0.000000
29.083034,0.000000
29.117539,0.000000
29.151001,0.000000
29.218837,0.000000
29.249163,0.000000
29.320057,0.000000
29.350459,0.000000
29.418383,0.000000
29.449877,0.000000
29.482388,0.000000
29.516678,0.000000
29.553104,0.000000
29.584632,0.000000
29.816541,0.000000
29.883766,0.000000
30.017017,0.000000
30.050067,0.000000
30.449165,0.000000
30.481578,0.000000
30.514045,0.000000
30.615343,0.000000
30.649755,0.000000
30.714636,0.000000
30.781463,0.000000
30.848322,0.000000
30.949795,0.000000
30.982021,0.000000
31.014470,0.000000
31.047859,0.000000
31.082333,0.000000
31.115792,0.000000
31.215081,0.000000
31.249609,0.000000
31.282040,0.000000
31.482870,0.000000
31.515367,0.000000
31.549694,0.000000
31.581985,0.000000
31.750172,0.000000
31.815031,0.000000
31.850518,0.000000
31.983334,0.000000
32.015742,0.000000
32.150599,0.000000
32.189074,0.000000
32.251918,0.000000
32.353273,0.000000
32.388749,0.000000
32.454678,0.000000
32.487075,0.000000
32.553972,0.000000
32.588575,0.000000
32.661403,0.000000
32.693413,0.000000
32.721093,0.000000
32.754591,0.000000
32.786969,0.000000
32.855832,0.000000
32.888846,0.000000
32.918618,0.000000
32.953060,0.000000
32.988623,0.000000
33.018896,0.000000
33.055484,0.000000
33.087858,0.000000
33.153693,0.000000
33.223534,0.000000
33.255977,0.000000
33.288357,0.000000
33.320806,0.000000
33.553748,0.000000
33.620500,0.000000
33.652981,0.000000
33.786735,0.000000
34.019788,0.111000
34.052163,0.173000
34.150593,0.200000
34.220383,0.195000
34.252774,0.195000
34.287226,0.210000
34.386070,0.257000
34.419021,0.236000
34.485842,0.266000
34.519695,0.261000
34.721142,0.256000
34.787047,0.261000
34.919900,0.246000
34.985665,0.219000
35.020002,0.202000
35.052508,0.218000
35.086942,0.208000
35.121369,0.206000
35.186328,0.158000
35.253158,0.149000
35.287635,0.136000
35.322087,0.123000
35.451995,0.027000
35.520857,0.000000
35.587665,0.000000
35.621075,0.000000
35.755878,0.000000
35.790276,0.000000
35.824759,0.000000
35.856445,0.000000
35.926077,0.000000
35.956404,0.000000
35.994035,0.000000
36.025322,0.000000
36.092234,0.000000
36.124595,0.000000
36.191550,0.000000
36.224979,0.000000
36.294698,0.000000
36.329184,0.000000
36.361557,0.000000
36.391963,0.000000
36.425328,0.000000
36.493167,0.000000
36.525635,0.000000
36.558021,0.000000
36.592465,0.000000
36.626994,0.000000
36.692796,0.000000
36.727244,0.000000
36.857880,0.000000
36.890891,0.000000
36.925753,0.000000
37.358351,0.000000
37.556865,0.000000
37.623734,0.000000
37.858628,0.000000
37.891099,0.000000
38.089813,0.000000
38.125072,0.000000
38.224419,0.000000
38.290239,0.000000
38.458494,0.000000
38.525325,0.000000
38.690434,0.000000
38.725848,0.000000
38.790696,0.000000
38.926734,0.000000
38.990502,0.000000
39.090859,0.000000
39.329968,0.000000
39.362264,0.000000
39.396755,0.000000
39.433363,0.000000
39.467700,0.000000
39.530501,0.000000
39.563040,0.000000
39.630847,0.000000
39.662232,0.000000
39.694968,0.000000
39.731091,0.000000
39.764571,0.000000
39.831383,0.000000
39.863904,0.000000
39.935431,0.000000
39.967278,0.000000
39.995674,0.000000
40.031141,0.000000
40.065608,0.000000
40.131453,0.000000
40.163838,0.000000
40.230722,0.000000
40.330004,0.000000
40.364478,0.000000
40.464877,0.000000
40.497270,0.000000
40.563298,0.000000
40.595748,0.000000
40.895459,0.000000
41.061644,0.000000
41.126938,0.000000
41.226802,0.000000
41.262223,0.000000
41.327080,0.000000
41.361489,0.000000
41.393975,0.000000
41.426538,0.000000
41.495680,0.000000
41.562346,0.000000
41.627395,0.000000
41.728409,0.000000
41.862367,0.000000
41.963535,0.000000
42.029451,0.000000
42.095506,0.000000
42.127644,0.000000
42.227145,0.000000
42.262413,0.000000
42.328344,0.000000
42.362747,0.000000
42.529870,0.000000
42.664708,0.000000
42.830653,0.000000
42.932189,0.000000
42.966661,0.000000
43.001033,0.000000
43.073042,0.000000
43.102355,0.000000
43.167254,0.000000
43.201651,0.000000
43.233055,0.000000
43.268610,0.000000
43.306195,0.000000
43.333462,0.000000
43.367844,0.000000
43.402463,0.000000
43.467243,0.000000
43.501602,0.000000
43.603069,0.000000
43.669854,0.000000
43.703332,0.000000
43.734534,0.000000
43.768198,0.000000
43.868146,0.000000
43.902637,0.000000
44.601712,0.000000
44.699202,0.000000
44.832891,0.000000
44.899752,0.000000
44.966564,0.000000
45.000058,0.000000
45.065810,0.000000
45.134831,0.000000
45.167248,0.000000
45.200753,0.000000
45.234209,0.000000
45.302105,0.000000
45.402261,0.000000
45.567329,0.000000
45.600763,0.000000
45.702187,0.000000
45.735639,0.000000
45.768020,0.000000
46.003214,0.000000
46.102460,0.000000
46.136879,0.000000
46.169222,0.000000
46.339650,0.000000
46.406447,0.000000
46.440801,0.000000
46.505867,0.000000
46.540164,0.000000
46.571836,0.000000
46.608121,0.000000
46.640656,0.000000
46.675469,0.000000
46.709574,0.000000
46.741938,0.000000
46.806784,0.000000
46.841306,0.000000
46.871673,0.000000
46.908079,0.000000
46.940429,0.000000
46.972884,0.000000
47.010482,0.000000
47.040758,0.000000
47.106624,0.000000
47.141070,0.000000
47.173724,0.000000
47.210223,0.000000
47.242529,0.000000
47.372358,0.000000
47.406815,0.000000
47.441169,0.000000
47.540546,0.000000
47.574124,0.000000
47.606507,0.000000
48.072611,0.000000
48.205201,0.000000
48.239677,0.000000
48.373397,0.000000
48.403618,0.000000
48.473027,0.000000
48.638049,0.000000
48.672522,0.000000
48.704941,0.000000
48.905570,0.000000
49.173069,0.000000
49.205380,0.000000
49.339124,0.000000
49.440540,0.000000
49.506485,0.000000
49.641186,0.000000
49.673696,0.000000
49.740487,0.000000
49.775021,0.000000
49.807367,0.000000
49.910784,0.000000
50.045367,0.000000
50.079750,0.000000
50.145665,0.000000
50.181098,0.000000
50.245024,0.000000
50.281328,0.000000
50.313846,0.000000
50.348230,0.000000
50.379633,0.000000
50.447451,0.000000
50.479961,0.000000
50.546820,0.000000
50.582253,0.000000
50.646095,0.000000
50.680526,0.000000
50.747389,0.000000
50.779873,0.000000
50.814406,0.000000
50.946004,0.000000
51.211617,0.000000
51.278433,0.000000
51.378628,0.000000
51.444581,0.000000
51.677650,0.000000
51.742885,0.000000
51.878557,0.000000
51.943376,0.000000
51.977762,0.000000
52.010304,0.000000
52.043828,0.000000
52.142179,0.000000
52.178371,0.000000
52.210877,0.000000
52.277754,0.000000
52.412442,0.000000
52.478258,0.000000
52.512935,0.000000
52.644487,0.000000
52.678797,0.000000
52.711285,0.000000
52.912932,0.000000
52.944373,0.000000
53.043572,0.000000
53.244241,0.000000
53.385989,0.000000
53.418444,0.000000
53.449785,0.000000
53.483239,0.000000
53.515800,0.000000
53.582687,0.000000
53.617081,0.000000
53.683954,0.000000
53.716236,0.000000
53.748724,0.000000
53.783176,0.000000
53.818592,0.000000
53.884544,0.000000
53.918962,0.000000
53.953394,0.000000
53.983806,0.000000
54.017045,0.000000
54.048545,0.000000
54.082938,0.000000
54.118583,0.000000
54.181304,0.000000
54.216844,0.000000
54.249217,0.000000
54.283718,0.000000
54.318182,0.000000
54.384955,0.000000
54.418435,0.000000
54.449854,0.000000
54.484366,0.000000
54.583600,0.000000
54.648548,0.000000
54.682944,0.000000
54.948236,0.000000
55.015119,0.000000
55.180003,0.000000
55.246879,0.000000
55.313778,0.000000
55.347229,0.000000
55.413151,0.000000
55.447523,0.000000
55.548810,0.000000
55.579278,0.000000
55.747046,0.000000
55.815072,0.000000
55.847457,0.000000
55.947786,0.000000
56.048207,0.000000
56.247595,0.000000
56.314614,0.000000
56.380397,0.000000
56.448274,0.000000
56.647770,0.000000
56.715746,0.000000
56.748027,0.000000
56.780404,0.000000
56.950609,0.000000
57.017415,0.000000
57.051865,0.000000
57.119874,0.000000
57.156552,0.000000
57.218374,0.000000
57.252815,0.000000
57.319757,0.000000
57.353153,0.000000
57.419225,0.000000
57.454556,0.000000
57.518305,0.000000
57.554690,0.000000
57.587187,0.000000
57.653021,0.000000
57.718785,0.000000
57.753381,0.000000
57.785721,0.000000
57.818151,0.000000
57.852659,0.000000
57.919676,0.000000
57.954147,0.000000
57.984333,0.000000
58.018973,0.000000
58.053466,0.000000
58.087939,0.000000
58.185160,0.000000
58.219855,0.000000
58.318933,0.000000
58.384889,0.000000
58.485101,0.000000
58.519464,0.000000
58.618939,0.000000
58.684727,0.000000
58.817548,0.000000
58.951234,0.000000
59.016518,0.000000
59.251092,0.000000
59.317097,0.000000
59.350542,0.000000
59.484252,0.000000
59.517624,0.000000
59.552199,0.000000
59.586414,0.000000
59.685767,0.000000
59.785152,0.000000
59.817551,0.000000
59.885446,0.000000
59.917789,0.000000
59.985623,0.000000
60.018149,0.000000
60.052514,0.000000
60.253092,0.000000
60.353664,0.000000
60.485907,0.000000
60.518430,0.000000
60.552950,0.000000
60.619877,0.000000
60.693434,0.000000
60.723047,0.000000
60.757486,0.000000
60.858896,0.000000
60.892450,0.000000
60.957204,0.000000
60.991634,0.000000
61.023021,0.000000
61.057547,0.000000
61.092003,0.000000
61.160932,0.000000
61.201511,0.000000
61.224692,0.000000
61.262249,0.000000
61.290580,0.000000
61.359624,0.000000
61.392126,0.000000
61.460095,0.000000
61.560199,0.000000
61.593370,0.000000
61.659618,0.000000
61.824619,0.000000
61.891516,0.000000
62.057683,0.000000
62.290766,0.000000
62.323283,0.000000
62.391164,0.000000
62.489292,0.000000
62.523833,0.000000
62.556166,0.000000
62.590589,0.000000
62.689969,0.000000
62.723409,0.000000
62.756806,0.000000
62.791242,0.000000
62.823682,0.000000
62.890519,0.000000
63.024243,0.000000
63.089060,0.000000
63.124611,0.000000
63.190430,0.000000
63.257229,0.000000
63.291627,0.000000
63.356587,0.000000
63.524689,0.000000
63.591549,0.000000
63.692509,0.000000
63.724377,0.000000
63.859222,0.000000
63.990939,0.000000
64.059844,0.000000
64.092204,0.000000
64.126819,0.000000
64.229080,0.000000
64.300865,0.000000
64.331274,0.000000
64.362978,0.000000
64.396258,0.000000
64.430801,0.000000
64.494644,0.000000
64.528204,0.000000
64.596895,0.000000
64.629285,0.000000
64.697162,0.000000
64.734728,0.000000
64.761996,0.000000
64.795574,0.000000
64.831935,0.000000
64.864413,0.000000
64.896776,0.000000
64.931209,0.000000
64.961634,0.000000
64.996098,0.000000
65.030573,0.000000
65.060902,0.000000
65.097373,0.000000
65.129809,0.000000
65.231270,0.000000
65.262818,0.000000
65.362686,0.000000
65.728439,0.000000
65.794276,0.000000
66.027275,0.000000
66.127819,0.000000
66.160231,0.000000
66.227116,0.000000
66.260834,0.000000
66.292000,0.000000
66.492576,0.000000
66.527459,0.000000
66.561409,0.000000
66.593760,0.000000
66.628266,0.000000
66.893670,0.000000
66.929374,0.000000
67.061946,0.000000
67.094564,0.000000
67.127798,0.000000
67.292943,0.000000
67.329337,0.000000
67.528033,0.000000
67.662754,0.000000
67.729713,0.000000
67.830043,0.000000
67.937308,0.000000
67.969719,0.000000
68.000205,0.000000
68.031493,0.000000
68.066916,0.000000
68.097247,0.000000
68.131669,0.000000
68.166276,0.000000
68.233004,0.000000
68.266597,0.000000
68.297813,0.000000
68.332273,0.000000
68.366832,0.000000
68.399267,0.000000
68.433800,0.000000
68.470199,0.000000
68.501588,0.000000
68.535007,0.000000
68.567545,0.000000
68.597838,0.000000
68.634413,0.000000
68.666744,0.000000
68.732596,0.000000
68.833845,0.000000
68.868431,0.000000
68.934315,0.000000
69.065972,0.000000
69.100269,0.000000
69.398179,0.000000
69.465324,0.000000
69.830019,0.000000
69.864398,0.000000
69.931266,0.000000
69.964720,0.000000
70.066927,0.000000
70.097313,0.000000
70.197838,0.000000
70.399570,0.000000
70.533198,0.000000
70.599921,0.000000
70.632489,0.000000
70.867442,0.000000
70.932311,0.000000
71.100371,0.000000
71.132785,0.000000
71.268493,0.000000
71.300973,0.000000
71.368806,0.000000
71.403264,0.000000
71.435793,0.000000
71.472237,0.000000
71.508725,0.000000
71.577771,0.000000
71.606007,0.000000
71.638399,0.000000
71.673007,0.000000
71.705267,0.000000
71.773249,0.000000
71.807567,0.000000
71.871511,0.000000
71.905846,0.000000
71.938373,0.000000
71.972955,0.000000
72.005235,0.000000
72.140049,0.000000
72.172628,0.000000
72.206834,0.000000
72.237280,0.000000
72.306374,0.000000
72.337928,0.000000
72.373170,0.000000
72.405420,0.000000
72.472343,0.000000
72.870564,0.000000
72.970914,0.000000
73.137138,0.000000
