0.289466,-96.478760
0.309430,-96.478760
0.329539,-96.478760
0.349464,-96.478760
0.369458,-96.478760
0.389545,-96.478760
0.409371,-96.478760
0.429483,-96.478760
0.449391,-96.478760
0.469473,-96.478760
0.489471,-96.478760
0.509384,-96.478760
0.529358,-96.478760
0.549324,-96.478760
0.569465,-96.478760
0.589290,-96.478760
0.609273,-96.478760
0.629984,-96.478760
0.649373,-96.478760
0.669317,-96.478760
0.689257,-96.478760
0.709212,-96.478760
0.729450,-96.478760
0.749257,-96.478760
0.769285,-96.478760
0.789333,-96.478760
0.809292,-96.478760
0.829217,-96.478760
0.849265,-96.478760
0.869341,-96.478760
0.889351,-96.478760
0.909223,-96.478760
0.929181,-96.478760
0.949363,-96.478760
0.969285,-96.478760
0.989298,-96.478760
1.009496,-96.478760
1.029291,-96.478760
1.049164,-96.478760
1.069110,-96.478760
1.089182,-96.478760
1.109344,-96.478760
1.129145,-96.478760
1.149032,-96.478760
1.169259,-96.478760
1.189046,-96.478760
1.208999,-96.478760
1.229210,-96.478760
1.249018,-96.478760
1.268999,-96.478760
1.288874,-96.478760
1.308863,-96.478760
1.329402,-96.478760
1.349046,-96.478760
1.369015,-96.478760
1.388994,-96.478760
1.408780,-96.478760
1.429065,-96.478760
1.448794,-96.478760
1.468825,-96.478760
1.488870,-96.478760
1.508840,-96.478760
1.528759,-96.478760
1.548775,-96.478760
1.568830,-96.478760
1.588880,-96.478760
1.608741,-96.478760
1.628796,-96.478760
1.648777,-96.478760
1.668906,-96.478760
1.688706,-96.478760
1.708715,-96.478760
1.728823,-96.478760
1.748916,-96.478760
1.768635,-96.478760
1.788733,-96.478760
1.808634,-96.478760
1.829237,-96.478760
1.851372,-96.478760
1.868700,-96.478760
1.889674,-96.478760
1.908596,-96.478760
1.928572,-96.478760
1.948518,-96.478760
1.969739,-96.478760
1.989527,-96.478760
2.008529,-96.478760
2.029582,-96.478760
2.049506,-96.478760
2.069676,-96.478760
2.089592,-96.478760
2.109435,-96.478760
2.129566,-96.478760
2.149419,-96.478760
2.169442,-96.478760
2.189567,-96.478760
2.209515,-96.478760
2.229375,-96.478760
2.249550,-96.478760
2.269397,-96.478760
2.289311,-96.478760
2.309500,-96.478760
2.329339,-96.478760
2.349529,-96.478760
2.369473,-96.478760
2.389400,-96.478760
2.409296,-96.478760
2.429309,-96.478760
2.449332,-96.478760
2.469282,-96.478760
2.489261,-96.478760
2.509257,-96.478760
2.529302,-96.478760
2.549424,-96.478760
2.569279,-96.478760
2.589247,-96.478760
2.609253,-96.478760
2.629222,-96.478760
2.649192,-96.478760
2.669268,-96.478760
2.689195,-96.478760
2.709442,-96.478760
2.729175,-96.478760
2.749336,-96.478760
2.769142,-96.478760
2.789131,-96.478760
2.809195,-96.478760
2.829105,-96.478760
2.849204,-96.478760
2.869224,-96.478760
2.889153,-96.478760
2.909177,-96.478760
2.929161,-96.478761
2.949181,-96.478761
2.969079,-96.478761
2.989018,-96.478761
3.008997,-96.478761
3.029106,-96.478761
3.049099,-96.478761
3.069039,-96.478761
3.088957,-96.478761
3.108956,-96.478761
3.129048,-96.478761
3.148967,-96.478761
3.168931,-96.478761
3.189781,-96.478761
3.209045,-96.478761
3.228897,-96.478761
3.248921,-96.478761
3.268878,-96.478761
3.289047,-96.478761
3.308840,-96.478761
3.328782,-96.478761
3.348879,-96.478761
3.368814,-96.478761
3.388876,-96.478761
3.408847,-96.478761
3.428822,-96.478761
3.448754,-96.478761
3.469212,-96.478761
3.488783,-96.478761
3.508770,-96.478761
3.529494,-96.478761
3.548897,-96.478761
3.569110,-96.478761
3.588678,-96.478761
3.608728,-96.478761
3.628739,-96.478761
3.648657,-96.478761
3.668820,-96.478761
3.688641,-96.478761
3.708689,-96.478761
3.728734,-96.478761
3.748842,-96.478761
3.768660,-96.478761
3.789663,-96.478761
3.808557,-96.478761
3.828618,-96.478761
3.848716,-96.478761
3.868616,-96.478761
3.889601,-96.478761
3.908660,-96.478761
3.928591,-96.478761
3.949542,-96.478761
3.969700,-96.478761
3.989667,-96.478761
4.009537,-96.478761
4.029653,-96.478761
4.049570,-96.478761
4.069433,-96.478761
4.089498,-96.478761
4.109509,-96.478761
4.130206,-96.478761
4.150159,-96.478761
4.170218,-96.478761
4.189490,-96.478761
4.209345,-96.478761
4.229374,-96.478761
4.249503,-96.478761
4.269511,-96.478761
4.289450,-96.478761
4.309694,-96.478761
4.329381,-96.478761
4.349284,-96.478761
4.369356,-96.478761
4.389299,-96.478761
4.409463,-96.478761
4.429279,-96.478761
4.449371,-96.478761
4.469316,-96.478761
4.489363,-96.478761
4.509274,-96.478761
4.529442,-96.478761
4.549215,-96.478761
4.569167,-96.478761
4.589251,-96.478761
4.609160,-96.478761
4.629197,-96.478761
4.649108,-96.478761
4.669098,-96.478761
4.689202,-96.478761
4.709060,-96.478761
4.729106,-96.478761
4.749261,-96.478761
4.769120,-96.478761
4.789052,-96.478761
4.809122,-96.478761
4.828994,-96.478761
4.849241,-96.478761
4.869035,-96.478761
4.889071,-96.478761
4.908988,-96.478761
4.928987,-96.478761
4.949046,-96.478761
4.969233,-96.478761
4.988977,-96.478761
5.009061,-96.478761
5.029085,-96.478761
5.048983,-96.478761
5.069575,-96.478761
5.089238,-96.478761
5.108948,-96.478761
5.128954,-96.478761
5.148916,-96.478761
5.168925,-96.478761
5.188841,-96.478761
5.208833,-96.478761
5.228865,-96.478761
5.248901,-96.478761
5.268913,-96.478761
5.288892,-96.478761
5.308813,-96.478761
5.328884,-96.478761
5.348903,-96.478761
5.368855,-96.478761
5.388829,-96.478761
5.408750,-96.478761
5.428822,-96.478761
5.448971,-96.478761
5.468951,-96.478761
5.488738,-96.478761
5.508793,-96.478761
5.528728,-96.478761
5.548819,-96.478761
5.568786,-96.478761
5.588740,-96.478761
5.608704,-96.478761
5.628783,-96.478761
5.648763,-96.478761
5.668659,-96.478761
5.689600,-96.478761
5.708703,-96.478761
5.728661,-96.478761
5.748550,-96.478761
5.768638,-96.478761
5.789541,-96.478761
5.808535,-96.478761
5.828513,-96.478761
5.849539,-96.478761
5.869717,-96.478761
5.889562,-96.478761
5.909616,-96.478761
5.929626,-96.478761
5.949591,-96.478761
5.969515,-96.478761
5.989407,-96.478761
6.009487,-96.478761
6.029438,-96.478761
6.049458,-96.478761
6.069489,-96.478761
6.089633,-96.478761
6.109401,-96.478761
6.129299,-96.478761
6.149303,-96.478761
6.169455,-96.478761
6.189505,-96.478761
6.209307,-96.478761
6.229349,-96.478761
6.249382,-96.478761
6.269297,-96.478761
6.289226,-96.478761
6.309256,-96.478761
6.329507,-96.478761
6.349234,-96.478761
6.369334,-96.478761
6.389408,-96.478761
6.409357,-96.478761
6.429434,-96.478761
6.449157,-96.478761
6.469165,-96.478761
6.489110,-96.478761
6.509268,-96.478761
6.529086,-96.478761
6.549206,-96.478761
6.569171,-96.478761
6.589075,-96.478761
6.609784,-96.478761
6.629426,-96.478761
6.649558,-96.478761
6.669082,-96.478761
6.689012,-96.478761
6.709008,-96.478761
6.729014,-96.478761
6.748989,-96.478761
6.769084,-96.478761
6.789046,-96.478761
6.808925,-96.478761
6.829026,-96.478761
6.849018,-96.478761
6.869013,-96.478761
6.889259,-96.478761
6.908942,-96.478761
6.928922,-96.478761
6.948884,-96.478761
6.968946,-96.478761
6.988935,-96.478761
7.008878,-96.478761
7.028954,-96.478761
7.049073,-96.478761
7.068786,-96.478761
7.088793,-96.478761
7.108776,-96.478761
7.128833,-96.478761
7.148844,-96.478761
7.168847,-96.478761
7.189836,-96.478761
7.208715,-96.478761
7.228832,-96.478761
7.248756,-96.478761
7.268827,-96.478761
7.289688,-96.478761
7.308824,-96.478761
7.328642,-96.478761
7.348736,-96.478761
7.368724,-96.478761
7.389814,-96.478761
7.408643,-96.478761
7.428609,-96.478761
7.449584,-96.478761
7.469772,-96.478761
7.489649,-96.478761
7.509780,-96.478761
7.530582,-96.478761
7.549732,-96.478761
7.569732,-96.478761
7.589518,-96.478761
7.609643,-96.478761
7.629481,-96.478761
7.649509,-96.478761
7.669492,-96.478761
7.689454,-96.478761
7.709450,-96.478761
7.729405,-96.478761
7.749410,-96.478761
7.769629,-96.478761
7.789411,-96.478761
7.809441,-96.478761
7.829713,-96.478761
7.849510,-96.478761
7.869524,-96.478761
7.889419,-96.478761
7.909369,-96.478761
7.929425,-96.478761
7.949385,-96.478761
7.969382,-96.478761
7.989646,-96.478761
8.009337,-96.478761
8.029311,-96.478761
8.049308,-96.478761
8.069251,-96.478761
8.089255,-96.478761
8.109238,-96.478761
8.129225,-96.478761
8.149339,-96.478761
8.169165,-96.478761
8.189364,-96.478761
8.209229,-96.478761
8.229448,-96.478761
8.249133,-96.478761
8.269134,-96.478761
8.289086,-96.478761
8.309216,-96.478760
8.329859,-96.478760
8.349496,-96.478760
8.369126,-96.478760
8.389164,-96.478760
8.409158,-96.478760
8.429080,-96.478760
8.449085,-96.478760
8.469066,-96.478760
8.489074,-96.478760
8.509102,-96.478760
8.529101,-96.478760
8.549109,-96.478760
8.569512,-96.478760
8.589031,-96.478760
8.609016,-96.478760
8.629009,-96.478760
8.649035,-96.478760
8.668950,-96.478760
8.688919,-96.478760
8.708945,-96.478760
8.728878,-96.478760
8.748899,-96.478760
8.768950,-96.478760
8.788964,-96.478760
8.808877,-96.478760
8.828809,-96.478760
8.848889,-96.478760
8.868932,-96.478760
8.889029,-96.478760
8.908777,-96.478760
8.929638,-96.478760
8.949451,-96.478760
8.968866,-96.478760
8.988838,-96.478760
9.008772,-96.478760
9.028853,-96.478760
9.048692,-96.478760
9.068864,-96.478760
9.088866,-96.478760
9.108843,-96.478760
9.128757,-96.478760
9.148689,-96.478760
9.168696,-96.478760
9.188755,-96.478760
9.208652,-96.478760
9.228657,-96.478760
9.248647,-96.478760
9.268741,-96.478760
9.289671,-96.478760
9.308624,-96.478760
9.328709,-96.478760
9.348732,-96.478760
9.369667,-96.478760
9.389759,-96.478760
9.409675,-96.478759
9.429726,-96.478759
9.449652,-96.478759
9.469536,-96.478759
9.489491,-96.478759
9.509458,-96.478759
9.529461,-96.478759
9.549541,-96.478759
9.569470,-96.478759
9.589400,-96.478759
9.609473,-96.478759
9.629470,-96.478759
9.649531,-96.478759
9.669434,-96.478759
9.689445,-96.478759
9.709417,-96.478759
9.729511,-96.478759
9.749480,-96.478759
9.769797,-96.478759
9.789346,-96.478759
9.809418,-96.478759
9.829385,-96.478759
9.849324,-96.478759
9.869426,-96.478759
9.889330,-96.478759
9.910275,-96.478759
9.929935,-96.478759
9.949303,-96.478759
9.969453,-96.478759
9.989206,-96.478759
10.009290,-96.478759
10.029463,-96.478759
10.049270,-96.478759
10.069284,-96.478759
10.089242,-96.478759
10.109175,-96.478759
10.129184,-96.478759
10.149180,-96.478759
10.169240,-96.478759
10.189266,-96.478759
10.209113,-96.478759
10.229192,-96.478759
10.249193,-96.478759
10.269172,-96.478759
10.289099,-96.478759
10.309051,-96.478759
10.329126,-96.478759
10.349246,-96.478759
10.369091,-96.478759
10.389116,-96.478759
10.409104,-96.478759
10.429163,-96.478759
10.449058,-96.478759
10.469060,-96.478759
10.489042,-96.478759
10.509177,-96.478759
10.528991,-96.478759
10.549184,-96.478759
10.569068,-96.478759
10.588922,-96.478759
10.608948,-96.478759
10.629048,-96.478759
10.649044,-96.478759
10.669220,-96.478759
10.689203,-96.478759
10.708971,-96.478759
10.728873,-96.478759
10.749013,-96.478759
10.768867,-96.478759
10.788957,-96.478759
10.808876,-96.478759
10.828840,-96.478759
10.848861,-96.478759
10.868912,-96.478759
10.888898,-96.478759
10.908859,-96.478759
10.929034,-96.478759
10.948915,-96.478759
10.968885,-96.478759
10.988816,-96.478759
11.008830,-96.478759
11.028858,-96.478759
11.049823,-96.478759
11.068864,-96.478759
11.089740,-96.478759
11.108733,-96.478759
11.129068,-96.478759
11.148731,-96.478759
11.168657,-96.478759
11.189672,-96.478759
11.208597,-96.478759
11.228640,-96.478759
11.248580,-96.478759
11.269626,-96.478759
11.289614,-96.478759
11.309588,-96.478759
11.329487,-96.478759
11.349623,-96.478759
11.369588,-96.478759
11.389492,-96.478759
11.409501,-96.478759
11.430563,-96.478759
11.450366,-96.478759
11.469667,-96.478759
11.489722,-96.478759
11.509544,-96.478759
11.529431,-96.478759
11.549418,-96.478759
11.569470,-96.478759
11.589458,-96.478759
11.609579,-96.478759
11.629437,-96.478759
11.649453,-96.478759
11.669480,-96.478759
11.689436,-96.478759
11.709381,-96.478759
11.729384,-96.478759
11.749580,-96.478759
11.769616,-96.478759
11.789381,-96.478759
11.809330,-96.478759
11.829420,-96.478759
11.849318,-96.478759
11.869246,-96.478759
11.889406,-96.478759
11.909360,-96.478759
11.929226,-96.478759
11.949188,-96.478759
11.969348,-96.478759
11.989223,-96.478759
12.009404,-96.478759
12.029281,-96.478759
12.049203,-96.478759
12.069280,-96.478759
12.089093,-96.478759
12.109166,-96.478759
12.129116,-96.478759
12.149198,-96.478759
12.169175,-96.478759
12.189129,-96.478759
12.209120,-96.478759
12.229057,-96.478759
12.249273,-96.478759
12.269145,-96.478759
12.289041,-96.478759
12.309161,-96.478759
12.329105,-96.478759
12.349112,-96.478759
12.369175,-96.478759
12.388933,-96.478759
12.409066,-96.478759
12.428984,-96.478759
12.448912,-96.478759
12.468975,-96.478759
12.488918,-96.478759
12.508886,-96.478759
12.528958,-96.478759
12.549986,-96.478759
12.569305,-96.478759
12.589264,-96.478759
12.608849,-96.478759
12.629115,-96.478759
12.649558,-96.478759
12.669055,-96.478759
12.688911,-96.478759
12.708817,-96.478759
12.728827,-96.478759
12.749592,-96.478759
12.769698,-96.478759
12.788883,-96.478759
12.808988,-96.478759
12.828728,-96.478759
12.848839,-96.478759
12.868734,-96.478759
12.888889,-96.478759
12.908703,-96.478759
12.928688,-96.478759
12.948788,-96.478759
12.968717,-96.478759
12.989662,-96.478759
13.008635,-96.478759
13.028707,-96.478759
13.048764,-96.478759
13.069761,-96.478759
13.089677,-96.478759
13.110187,-96.478759
13.128971,-96.478759
13.149677,-96.478759
13.169791,-96.478759
13.189595,-96.478759
13.209679,-96.478759
13.229527,-96.478759
13.249616,-96.478759
13.269630,-96.478759
13.289559,-96.478759
13.309506,-96.478759
13.329565,-96.478759
13.349505,-96.478759
13.369501,-96.478759
13.389462,-96.478759
13.409542,-96.478759
13.429522,-96.478759
13.449600,-96.478759
13.469504,-96.478759
13.489463,-96.478759
13.509447,-96.478759
13.529499,-96.478759
13.549613,-96.478759
13.569427,-96.478759
13.589583,-96.478759
13.609481,-96.478759
13.629568,-96.478759
13.649449,-96.478759
13.669572,-96.478759
13.689419,-96.478759
13.709511,-96.478759
13.729295,-96.478759
13.749824,-96.478759
13.769439,-96.478759
13.789293,-96.478759
13.809398,-96.478759
13.829311,-96.478759
13.849224,-96.478759
13.869257,-96.478759
13.889229,-96.478759
13.909279,-96.478759
13.929167,-96.478759
13.949180,-96.478759
13.969217,-96.478759
13.989348,-96.478759
14.009145,-96.478759
14.029217,-96.478759
14.049124,-96.478759
14.069160,-96.478759
14.089076,-96.478759
14.109160,-96.478759
14.129117,-96.478759
14.149089,-96.478759
14.169097,-96.478759
14.189127,-96.478759
14.209057,-96.478759
14.229135,-96.478759
14.249064,-96.478759
14.268995,-96.478759
14.289015,-96.478759
14.309181,-96.478759
14.329057,-96.478759
14.349183,-96.478759
14.368950,-96.478759
14.389048,-96.478759
14.408983,-96.478759
14.429093,-96.478759
14.449166,-96.478759
14.469182,-96.478759
14.488963,-96.478759
14.508959,-96.478759
14.528901,-96.478759
14.549202,-96.478759
14.569067,-96.478759
14.588890,-96.478759
14.609021,-96.478759
14.628886,-96.478759
14.648919,-96.478759
14.668875,-96.478759
14.688863,-96.478759
14.709033,-96.478759
14.728859,-96.478759
14.748841,-96.478759
14.768882,-96.478759
14.788876,-96.478759
14.808796,-96.478759
14.828801,-96.478759
14.848744,-96.478759
14.868835,-96.478759
14.888880,-96.478759
14.908777,-96.478759
14.928728,-96.478759
14.948798,-96.478759
14.968871,-96.478759
14.988705,-96.478759
15.008676,-96.478759
15.028710,-96.478759
15.049751,-96.478759
15.069684,-96.478759
15.089634,-96.478759
15.109662,-96.478759
15.129663,-96.478759
15.149633,-96.478759
15.169667,-96.478759
15.189665,-96.478759
15.209679,-96.478759
15.229638,-96.478759
