0.172314,-96.478772
0.192160,-96.478772
0.212167,-96.478772
0.232177,-96.478772
0.252350,-96.478772
0.272229,-96.478772
0.292100,-96.478772
0.312410,-96.478772
0.332834,-96.478772
0.352453,-96.478772
0.372067,-96.478772
0.392045,-96.478772
0.412371,-96.478772
0.431979,-96.478772
0.452106,-96.478772
0.471976,-96.478772
0.492086,-96.478772
0.512013,-96.478772
0.532101,-96.478772
0.552096,-96.478772
0.571959,-96.478772
0.592057,-96.478772
0.611919,-96.478772
0.631990,-96.478772
0.651921,-96.478772
0.671996,-96.478772
0.692067,-96.478772
0.711940,-96.478772
0.732022,-96.478772
0.751798,-96.478772
0.771906,-96.478772
0.791859,-96.478772
0.811903,-96.478772
0.831855,-96.478772
0.852968,-96.478772
0.871873,-96.478772
0.891837,-96.478772
0.912963,-96.478772
0.932935,-96.478772
0.952859,-96.478772
0.972774,-96.478772
0.992837,-96.478772
1.012761,-96.478772
1.032795,-96.478772
1.052758,-96.478772
1.072815,-96.478772
1.092675,-96.478772
1.112712,-96.478772
1.132679,-96.478772
1.152734,-96.478772
1.172561,-96.478772
1.192559,-96.478772
1.213069,-96.478772
1.232636,-96.478772
1.252656,-96.478772
1.272516,-96.478772
1.293444,-96.478772
1.312986,-96.478772
1.332668,-96.478772
1.352592,-96.478772
1.372558,-96.478772
1.392754,-96.478772
1.412484,-96.478772
1.432491,-96.478772
1.452459,-96.478772
1.472490,-96.478772
1.492507,-96.478772
1.512421,-96.478772
1.532588,-96.478772
1.552502,-96.478772
1.572460,-96.478772
1.592631,-96.478772
1.612404,-96.478772
1.632371,-96.478772
1.652377,-96.478772
1.672337,-96.478772
1.692418,-96.478772
1.712430,-96.478772
1.732311,-96.478772
1.752562,-96.478772
1.772385,-96.478772
1.792386,-96.478772
1.812290,-96.478772
1.832369,-96.478772
1.852299,-96.478772
1.872261,-96.478772
1.892179,-96.478772
1.912159,-96.478772
1.932168,-96.478772
1.952115,-96.478772
1.972395,-96.478772
1.992330,-96.478772
2.012069,-96.478772
2.032206,-96.478772
2.052052,-96.478772
2.072032,-96.478772
2.092126,-96.478772
2.112103,-96.478772
2.132154,-96.478772
2.152139,-96.478772
2.172089,-96.478772
2.192116,-96.478772
2.212058,-96.478772
2.232009,-96.478772
2.252061,-96.478772
2.272158,-96.478772
2.292136,-96.478772
2.312384,-96.478772
2.332011,-96.478772
2.352123,-96.478772
2.372065,-96.478772
2.392069,-96.478772
2.411959,-96.478772
2.432050,-96.478772
2.451837,-96.478772
2.471924,-96.478772
2.491872,-96.478772
2.511943,-96.478772
2.531827,-96.478772
2.551944,-96.478772
2.571763,-96.478772
2.591866,-96.478772
2.611824,-96.478772
2.631912,-96.478772
2.652725,-96.478772
2.672722,-96.478772
2.692758,-96.478772
2.712824,-96.478772
2.732741,-96.478772
2.753912,-96.478772
2.773924,-96.478772
2.793042,-96.478772
2.812800,-96.478772
2.832886,-96.478772
2.852964,-96.478772
2.872779,-96.478772
2.892866,-96.478772
2.912756,-96.478772
2.932638,-96.478772
2.952656,-96.478772
2.972717,-96.478772
2.992944,-96.478772
3.012838,-96.478772
3.032768,-96.478772
3.052675,-96.478772
3.072634,-96.478772
3.092747,-96.478772
3.112561,-96.478772
3.132511,-96.478772
3.152648,-96.478772
3.172650,-96.478772
3.192613,-96.478772
3.212448,-96.478772
3.232535,-96.478772
3.252520,-96.478772
3.272520,-96.478772
3.292543,-96.478772
3.312574,-96.478772
3.332518,-96.478772
3.352495,-96.478772
3.372421,-96.478772
3.392367,-96.478772
3.412435,-96.478772
3.432316,-96.478772
3.452299,-96.478772
3.472586,-96.478772
3.492414,-96.478772
3.512433,-96.478773
3.532265,-96.478773
3.552460,-96.478773
3.572434,-96.478773
3.592427,-96.478773
3.612284,-96.478773
3.632293,-96.478773
3.652386,-96.478773
3.672269,-96.478773
3.692717,-96.478773
3.712265,-96.478773
3.732193,-96.478773
3.753423,-96.478773
3.773445,-96.478773
3.793071,-96.478773
3.812372,-96.478773
3.832417,-96.478773
3.852221,-96.478773
3.872325,-96.478773
3.892193,-96.478773
3.912686,-96.478773
3.932114,-96.478773
3.952183,-96.478773
3.972158,-96.478773
3.992179,-96.478773
4.012086,-96.478773
4.032130,-96.478773
4.052117,-96.478773
4.071997,-96.478773
4.092136,-96.478773
4.112273,-96.478772
4.131988,-96.478772
4.152042,-96.478772
4.172007,-96.478772
4.192107,-96.478772
4.212127,-96.478772
4.231961,-96.478772
4.252069,-96.478772
4.272106,-96.478772
4.291946,-96.478772
4.312046,-96.478773
4.331865,-96.478773
4.351960,-96.478773
4.371991,-96.478773
4.391840,-96.478773
4.411857,-96.478773
4.431911,-96.478773
4.451891,-96.478773
4.471866,-96.478773
4.491888,-96.478772
4.511922,-96.478772
4.532813,-96.478772
4.552780,-96.478772
4.572690,-96.478772
4.592746,-96.478772
4.612673,-96.478772
4.632714,-96.478772
4.652770,-96.478772
4.672702,-96.478772
4.692756,-96.478772
4.712673,-96.478772
4.732755,-96.478772
4.752830,-96.478772
4.772624,-96.478772
4.792707,-96.478772
4.812709,-96.478772
4.832644,-96.478772
4.852717,-96.478772
4.872642,-96.478772
4.892625,-96.478772
4.912809,-96.478772
4.932474,-96.478772
4.952605,-96.478772
4.972563,-96.478772
4.992622,-96.478772
5.012660,-96.478772
5.033198,-96.478772
5.053310,-96.478772
5.072873,-96.478772
5.092489,-96.478772
5.112574,-96.478772
5.132476,-96.478772
5.152491,-96.478772
5.172485,-96.478772
5.192452,-96.478772
5.212452,-96.478772
5.232482,-96.478772
5.252385,-96.478772
5.272388,-96.478772
5.292477,-96.478772
5.312414,-96.478772
5.332541,-96.478772
5.352464,-96.478772
5.372303,-96.478772
5.392445,-96.478772
5.412315,-96.478772
5.432257,-96.478772
5.452274,-96.478772
5.472239,-96.478772
5.492275,-96.478772
5.512407,-96.478773
5.532285,-96.478773
5.552260,-96.478773
5.572178,-96.478773
5.592181,-96.478773
5.612227,-96.478773
5.632163,-96.478773
5.652239,-96.478773
5.672241,-96.478773
5.692130,-96.478773
5.712333,-96.478773
5.732118,-96.478773
5.752192,-96.478773
5.772191,-96.478773
5.792158,-96.478773
5.812169,-96.478773
5.832110,-96.478773
5.852191,-96.478773
5.872097,-96.478773
5.892055,-96.478773
5.912097,-96.478773
5.932057,-96.478773
5.952153,-96.478773
5.972314,-96.478773
5.991997,-96.478773
6.011972,-96.478773
6.031982,-96.478773
6.052122,-96.478773
6.072062,-96.478773
6.091971,-96.478773
6.111951,-96.478773
6.131938,-96.478773
6.151920,-96.478773
6.172232,-96.478773
6.192066,-96.478773
6.211917,-96.478773
6.231836,-96.478773
6.252927,-96.478773
6.271961,-96.478773
6.291849,-96.478773
6.311981,-96.478773
6.332024,-96.478773
6.352961,-96.478773
6.371820,-96.478773
6.391925,-96.478773
6.413034,-96.478773
6.432689,-96.478773
6.452858,-96.478773
6.472839,-96.478773
6.492869,-96.478773
6.512853,-96.478773
6.532806,-96.478773
6.552745,-96.478773
6.572781,-96.478773
6.592811,-96.478773
6.612822,-96.478773
6.632766,-96.478773
6.652723,-96.478773
6.672786,-96.478773
6.692806,-96.478773
6.712672,-96.478773
6.732687,-96.478773
6.752741,-96.478773
6.772616,-96.478773
6.792729,-96.478773
6.812641,-96.478773
6.832541,-96.478773
6.852632,-96.478773
6.872656,-96.478773
6.892488,-96.478773
6.912546,-96.478773
6.932503,-96.478773
6.952671,-96.478773
6.972492,-96.478773
6.993011,-96.478773
7.012749,-96.478773
7.032529,-96.478773
7.052512,-96.478773
7.072473,-96.478773
7.092590,-96.478773
7.112482,-96.478773
