0.157462,50.842000
0.177536,50.842000
0.197443,50.842000
0.217461,50.842000
0.237446,50.842000
0.257388,50.842000
0.277416,50.842000
0.297454,50.842000
0.317286,50.842000
0.337338,50.842000
0.357335,50.842000
0.377394,50.837000
0.397325,50.837000
0.417292,50.837000
0.437322,50.837000
0.457238,50.837000
0.477294,50.837000
0.497262,50.837000
0.517231,50.837000
0.537303,50.837000
0.557206,50.837000
0.577169,50.824000
0.597197,50.824000
0.617224,50.824000
0.637194,50.824000
0.657131,50.824000
0.677330,50.824000
0.697197,50.824000
0.717124,50.824000
0.737194,50.824000
0.757131,50.816000
0.777136,50.816000
0.797155,50.816000
0.817331,50.816000
0.837039,50.816000
0.857148,50.816000
0.877066,50.816000
0.897048,50.816000
0.917041,50.816000
0.937067,50.816000
0.956999,50.816000
0.976999,50.800000
0.997077,50.800000
1.017004,50.800000
1.036987,50.800000
1.056945,50.800000
1.076858,50.800000
1.096919,50.800000
1.116968,50.800000
1.136901,50.800000
1.156896,50.801000
1.176938,50.801000
1.196858,50.801000
1.216888,50.801000
1.236777,50.801000
1.256858,50.801000
1.276779,50.801000
1.296851,50.801000
1.316756,50.801000
1.336790,50.801000
1.356709,50.801000
1.376744,50.781000
1.396765,50.781000
1.416759,50.781000
1.436704,50.781000
1.457635,50.781000
1.476708,50.781000
1.497658,50.781000
1.517727,50.781000
1.537665,50.781000
1.557647,50.789000
1.577610,50.789000
1.597610,50.789000
1.617597,50.789000
1.637615,50.789000
1.657524,50.789000
1.677553,50.789000
1.697525,50.789000
1.717493,50.789000
1.737559,50.789000
1.757730,50.802000
1.777485,50.802000
1.797522,50.802000
1.817546,50.802000
1.837490,50.802000
1.857443,50.802000
1.877449,50.802000
1.897424,50.802000
1.917402,50.802000
1.937341,50.802000
1.957415,50.797000
1.977349,50.797000
1.997328,50.797000
2.017284,50.797000
2.037294,50.797000
2.057293,50.797000
2.077356,50.797000
2.097330,50.797000
2.117325,50.797000
2.137311,50.797000
2.157454,50.791000
2.177316,50.791000
2.197306,50.791000
2.217265,50.791000
2.237256,50.791000
2.257275,50.791000
2.277256,50.791000
2.297140,50.791000
2.317159,50.791000
2.337127,50.791000
2.357197,50.791000
2.377101,50.796000
2.397188,50.796000
2.417085,50.796000
2.437099,50.796000
2.457107,50.796000
2.477069,50.796000
2.497061,50.796000
2.517061,50.796000
2.537061,50.796000
2.557097,50.770000
2.576995,50.770000
2.597094,50.770000
2.617057,50.770000
2.637037,50.770000
2.657069,50.770000
2.677072,50.770000
2.696986,50.770000
2.716974,50.770000
2.736963,50.770000
2.756894,50.749000
2.776865,50.749000
2.796905,50.749000
2.816868,50.749000
2.836900,50.749000
2.856872,50.749000
2.876826,50.749000
2.896880,50.749000
2.916741,50.749000
2.936735,50.749000
2.956825,50.719000
2.976697,50.719000
2.996811,50.719000
3.017837,50.719000
3.036820,50.719000
3.056790,50.719000
3.076758,50.719000
3.096735,50.719000
3.117678,50.719000
3.137640,50.719000
3.157740,50.719000
3.177583,50.680000
3.197667,50.680000
3.217594,50.680000
3.237674,50.680000
3.257629,50.680000
3.277563,50.680000
3.297670,50.680000
3.317710,50.680000
3.337594,50.680000
3.357552,50.680000
3.377525,50.680000
3.397525,50.661000
3.417463,50.661000
3.437476,50.661000
3.457553,50.661000
3.477415,50.661000
3.497497,50.661000
3.517416,50.661000
3.537448,50.661000
3.557479,50.661000
3.577424,50.637000
3.597410,50.637000
3.617325,50.637000
3.637401,50.637000
3.657397,50.637000
3.677345,50.637000
3.697411,50.637000
3.717342,50.637000
3.737261,50.637000
3.757372,50.637000
3.777432,50.621000
3.797318,50.621000
3.817312,50.621000
3.837265,50.621000
3.857260,50.621000
3.877215,50.621000
3.897227,50.621000
3.917292,50.621000
3.937235,50.621000
3.957128,50.621000
3.977138,50.571000
3.997205,50.571000
4.017116,50.571000
4.037136,50.571000
4.057489,50.571000
4.077207,50.571000
4.097441,50.571000
4.117137,50.571000
4.137161,50.571000
4.157192,50.526000
4.177186,50.526000
4.197022,50.526000
4.217044,50.526000
4.237043,50.526000
4.257002,50.526000
4.276950,50.526000
4.297024,50.526000
4.317059,50.526000
4.337013,50.526000
4.357075,50.526000
4.377101,50.498000
4.396975,50.498000
4.416901,50.498000
4.436888,50.498000
4.456869,50.498000
4.476891,50.498000
4.496935,50.498000
4.516872,50.498000
4.536846,50.498000
4.556852,50.455000
4.576791,50.455000
4.596861,50.455000
4.616801,50.455000
4.636844,50.455000
4.656806,50.455000
4.676827,50.455000
4.696824,50.455000
4.716775,50.455000
4.736826,50.455000
4.756845,50.422000
4.776723,50.422000
4.796774,50.422000
4.816714,50.422000
4.837718,50.422000
4.856681,50.422000
4.877720,50.422000
4.897765,50.422000
4.917659,50.422000
4.937580,50.422000
4.957662,50.382000
4.977591,50.382000
4.997592,50.382000
5.017613,50.382000
5.037635,50.382000
5.057600,50.382000
5.077591,50.382000
5.097600,50.382000
5.117554,50.382000
5.137977,50.382000
5.157486,50.329000
5.177678,50.329000
5.197510,50.329000
5.217529,50.329000
5.237499,50.329000
5.257743,50.329000
5.277373,50.329000
5.297558,50.329000
5.317429,50.329000
5.337432,50.329000
5.357438,50.329000
5.377358,50.329000
5.397350,50.308000
5.417329,50.308000
5.437371,50.308000
5.457404,50.308000
5.477250,50.308000
5.497314,50.308000
5.517283,50.308000
5.537245,50.308000
5.557285,50.282000
5.577284,50.282000
5.597439,50.282000
5.617296,50.282000
5.637231,50.282000
5.657280,50.282000
5.677236,50.282000
5.697389,50.282000
5.717222,50.282000
5.737152,50.282000
5.757206,50.282000
5.777200,50.236000
5.797197,50.236000
5.817119,50.236000
5.837078,50.236000
5.857110,50.236000
5.877235,50.236000
5.897154,50.236000
5.917032,50.236000
5.937035,50.236000
5.957075,50.236000
5.977114,50.192000
5.997031,50.192000
6.017032,50.192000
6.037049,50.192000
6.057046,50.192000
6.077060,50.192000
6.097124,50.192000
6.116968,50.192000
6.136910,50.192000
6.156949,50.192000
6.176966,50.149000
6.196896,50.149000
6.216934,50.149000
6.236953,50.149000
6.256928,50.149000
6.276904,50.149000
6.296847,50.149000
6.316873,50.149000
6.336855,50.149000
6.356878,50.149000
6.376800,50.088000
6.396819,50.088000
6.416845,50.088000
6.436795,50.088000
6.456810,50.088000
6.476797,50.088000
6.496732,50.088000
6.516699,50.088000
6.537762,50.088000
6.557770,50.088000
6.576761,50.024000
6.597755,50.024000
6.616644,50.024000
6.637672,50.024000
6.657635,50.024000
6.677776,50.024000
6.697627,50.024000
6.717680,50.024000
6.737644,50.024000
6.757773,50.024000
6.777660,49.958000
6.797584,49.958000
6.817525,49.958000
6.837594,49.958000
6.857621,49.958000
6.877554,49.958000
6.897569,49.958000
6.917529,49.958000
6.937589,49.958000
6.957512,49.901000
6.977476,49.901000
6.997600,49.901000
7.017490,49.901000
7.037477,49.901000
7.057450,49.901000
7.077541,49.901000
7.097541,49.901000
7.117435,49.901000
7.137433,49.901000
7.157507,49.884000
7.177554,49.884000
7.197409,49.884000
7.217382,49.884000
7.237321,49.884000
7.257332,49.884000
7.277413,49.884000
7.297424,49.884000
7.317267,49.884000
7.337281,49.884000
7.357381,49.884000
7.377290,49.892000
7.397294,49.892000
7.417222,49.892000
7.437227,49.892000
7.457266,49.892000
7.477328,49.892000
7.497326,49.892000
7.517188,49.892000
7.537164,49.892000
7.557234,49.945000
7.577175,49.945000
7.597357,49.945000
7.617267,49.945000
7.637194,49.945000
7.657161,49.945000
7.677244,49.945000
7.697155,49.945000
7.717067,49.945000
7.737104,49.945000
7.757147,49.970000
7.777110,49.970000
7.797138,49.970000
7.817035,49.970000
7.837121,49.970000
7.857017,49.970000
7.877228,49.970000
7.897074,49.970000
7.917034,49.970000
7.937047,49.970000
7.957050,49.987000
7.977050,49.987000
7.997053,49.987000
8.016995,49.987000
8.037194,49.987000
8.056987,49.987000
8.076984,49.987000
8.097074,49.987000
8.117440,49.987000
8.136897,49.987000
8.156851,49.986000
8.176941,49.986000
8.196910,49.986000
8.216830,49.986000
8.236851,49.986000
8.256910,49.986000
8.276854,49.986000
8.296858,49.986000
8.316791,49.986000
8.336852,49.986000
8.356764,49.986000
8.376819,50.016000
8.396826,50.016000
8.416813,50.016000
8.436692,50.016000
8.457750,50.016000
8.477817,50.016000
8.496770,50.016000
8.517718,50.016000
8.536709,50.016000
8.556659,50.016000
8.577744,50.026000
8.596699,50.026000
8.617602,50.026000
8.637645,50.026000
8.657645,50.026000
8.677636,50.026000
8.697626,50.026000
8.717541,50.026000
8.737565,50.026000
8.757681,50.053000
8.777562,50.053000
8.797656,50.053000
8.817486,50.053000
8.837564,50.053000
8.857559,50.053000
8.877528,50.053000
8.897482,50.053000
8.917491,50.053000
8.937461,50.053000
8.957387,50.053000
8.977486,50.077000
8.997497,50.077000
9.017354,50.077000
9.037415,50.077000
9.057417,50.077000
9.077456,50.077000
9.097539,50.077000
9.117306,50.077000
9.137330,50.077000
9.157331,50.077000
9.177394,50.077000
9.197328,50.077000
9.217268,50.077000
9.237319,50.077000
9.257321,50.077000
9.277311,50.077000
9.297300,50.077000
9.317232,50.077000
9.337262,50.077000
9.357257,50.077000
9.377176,50.077000
9.397209,50.094000
9.417120,50.094000
9.437123,50.094000
9.457133,50.094000
9.477168,50.094000
9.497206,50.094000
9.517105,50.094000
9.537136,50.094000
9.557137,50.094000
9.577207,50.116000
9.597173,50.116000
9.617050,50.116000
9.637123,50.116000
9.657096,50.116000
9.677098,50.116000
9.697036,50.116000
9.717025,50.116000
9.737063,50.116000
9.757090,50.155000
9.777025,50.155000
9.796980,50.155000
9.816925,50.155000
9.836922,50.155000
9.856943,50.155000
9.877012,50.155000
9.896874,50.155000
9.916816,50.155000
9.936898,50.155000
9.956879,50.155000
9.976821,50.179000
9.996833,50.179000
10.016888,50.179000
10.036796,50.179000
10.056865,50.179000
10.076883,50.179000
10.096824,50.179000
10.116784,50.179000
10.136725,50.179000
10.156723,50.211000
10.176749,50.211000
10.196793,50.211000
10.216699,50.211000
10.236640,50.211000
10.256698,50.211000
10.277781,50.211000
10.297737,50.211000
10.317636,50.211000
10.337661,50.211000
10.357686,50.211000
10.377720,50.239000
10.397659,50.239000
10.417593,50.239000
10.437635,50.239000
10.457653,50.239000
10.477598,50.239000
10.497543,50.239000
10.517568,50.239000
10.537557,50.239000
10.557601,50.239000
10.577654,50.246000
10.597477,50.246000
10.617458,50.246000
10.637470,50.246000
10.657473,50.246000
10.677582,50.246000
10.697501,50.246000
10.717387,50.246000
10.737521,50.246000
10.757423,50.267000
10.777425,50.267000
10.797506,50.267000
10.817341,50.267000
10.837430,50.267000
10.857388,50.267000
10.877518,50.267000
10.897401,50.267000
10.917266,50.267000
10.937291,50.267000
10.957227,50.303000
10.977366,50.303000
10.997312,50.303000
11.017179,50.303000
11.037289,50.303000
11.057292,50.303000
11.077214,50.303000
11.097210,50.303000
11.117161,50.303000
11.137153,50.303000
11.157236,50.333000
11.177238,50.333000
11.197212,50.333000
11.217156,50.333000
11.237167,50.333000
11.257146,50.333000
11.277142,50.333000
11.297147,50.333000
11.317063,50.333000
11.337109,50.333000
11.357074,50.333000
11.377103,50.333000
11.397049,50.333000
11.417239,50.343000
11.437113,50.343000
11.457067,50.343000
11.477066,50.343000
11.497124,50.343000
11.516937,50.343000
11.536974,50.343000
11.556961,50.343000
11.577032,50.382000
11.596859,50.382000
11.616866,50.382000
11.636954,50.382000
11.656845,50.382000
11.676786,50.382000
11.696834,50.382000
11.716850,50.382000
11.736839,50.382000
11.756844,50.382000
11.776876,50.387000
11.796966,50.387000
11.816863,50.387000
11.836867,50.387000
11.856872,50.387000
11.876903,50.387000
11.896807,50.387000
11.916798,50.387000
