0.318033,0.000000
0.352149,0.000000
0.452612,0.000000
0.486090,0.000000
0.518548,0.000000
0.552897,0.000000
0.818382,0.000000
0.852690,0.000000
0.948218,0.000000
1.019079,0.000000
1.152740,0.000000
1.219674,0.000000
1.383876,0.000000
1.551881,0.000000
1.651167,0.000000
1.786202,0.000000
1.884434,0.000000
1.950423,0.000000
2.018020,0.000000
2.084097,0.000000
2.149793,0.000000
2.249141,0.000000
2.264123,0.200000
2.297418,0.200000
2.330829,0.200000
2.364352,0.200000
2.385179,0.200000
2.397634,0.200000
2.432697,0.200000
2.464301,0.200000
2.484355,0.200000
2.497590,0.200000
2.530862,0.200000
2.564274,0.200000
2.597609,0.200000
2.630821,0.200000
2.650353,0.200000
2.664335,0.200000
2.697591,0.200000
2.730892,0.200000
2.764214,0.200000
2.786468,0.200000
2.797340,0.200000
2.830666,0.200000
2.850874,0.200000
2.864094,0.200000
2.884354,0.200000
2.897451,0.200000
2.930767,0.200000
2.964251,0.200000
2.984646,0.200000
2.997480,0.200000
3.030849,0.200000
3.064055,0.200000
3.097532,0.200000
3.131011,0.200000
3.164420,0.200000
3.184608,0.200000
3.197705,0.200000
3.230991,0.200000
3.251054,0.200000
3.264173,0.200000
3.297510,0.200000
3.330780,0.200000
3.364185,0.200000
3.397589,0.200000
3.431101,0.200000
3.464468,0.200000
3.497386,0.200000
3.530757,0.200000
3.564260,0.200000
3.597523,0.200000
3.630850,0.200000
3.664326,0.200000
3.697505,0.200000
3.730752,0.200000
3.765125,0.200000
3.797553,0.200000
3.830869,0.200000
3.864296,0.200000
3.897508,0.200000
3.930822,0.200000
3.964085,0.200000
3.997479,0.200000
4.030719,0.200000
4.064261,0.200000
4.097582,0.200000
4.131140,0.200000
4.164458,0.200000
4.197679,0.200000
4.231316,0.200000
4.264532,0.200000
4.297793,0.200000
4.331281,0.200000
4.364489,0.200000
4.397691,0.200000
4.430912,0.200000
4.464317,0.200000
4.497582,0.200000
4.530829,0.200000
4.564365,0.200000
4.597766,0.200000
4.630977,0.200000
4.664145,0.200000
4.697430,0.200000
4.731992,0.200000
4.764427,0.200000
4.797641,0.200000
4.830965,0.200000
4.864426,0.200000
4.897679,0.200000
4.930915,0.200000
4.964169,0.200000
4.997450,0.200000
5.030853,0.200000
5.064311,0.200000
5.097508,0.200000
5.130838,0.200000
5.164137,0.200000
5.197441,0.200000
5.230779,0.200000
5.264204,0.200000
5.297494,0.200000
5.330668,0.200000
5.364324,0.200000
5.397472,0.200000
5.430720,0.200000
5.464209,0.200000
5.497529,0.200000
5.530874,0.200000
5.564381,0.200000
5.597600,0.200000
5.630831,0.200000
5.664367,0.200000
5.697579,0.200000
5.730927,0.200000
5.764293,0.200000
5.797624,0.200000
5.830782,0.200000
5.864471,0.200000
5.897604,0.200000
5.930944,0.200000
5.964205,0.200000
5.997398,0.200000
6.030801,0.000000
6.064266,0.000000
6.097622,0.000000
6.130781,0.000000
6.164331,0.000000
6.197501,0.000000
6.230818,0.000000
6.264208,0.000000
6.297546,0.000000
6.330738,0.000000
6.364202,0.000000
6.397419,0.000000
6.430809,0.000000
