0.175260,30.630093
0.195246,30.630093
0.215114,30.630093
0.235147,30.630093
0.255145,30.630093
0.275138,30.630093
0.295090,30.630093
0.315023,30.630093
0.334960,30.630093
0.354983,30.630093
0.375935,30.630093
0.394996,30.630093
0.414955,30.630093
0.436212,30.630093
0.455929,30.630093
0.476051,30.630093
0.495950,30.630093
0.516025,30.630093
0.535963,30.630093
0.556005,30.630093
0.576085,30.630093
0.595991,30.630093
0.615833,30.630093
0.635937,30.630093
0.655675,30.630093
0.676027,30.630093
0.695734,30.630093
0.715722,30.630093
0.735639,30.630093
0.755639,30.630093
0.775553,30.630093
0.795661,30.630093
0.815546,30.630093
0.835668,30.630093
0.855724,30.630093
0.875593,30.630093
0.895385,30.630093
0.915470,30.630093
0.935428,30.630093
0.955889,30.630093
0.975484,30.630093
0.995360,30.630093
1.015321,30.630093
1.035314,30.630093
1.055535,30.630093
1.075299,30.630093
1.095379,30.630093
1.115186,30.630093
1.135472,30.630093
1.155200,30.630093
1.175246,30.630093
1.195149,30.630093
1.215073,30.630093
1.235078,30.630093
1.255166,30.630093
1.275052,30.630093
1.295055,30.630093
1.315056,30.630093
1.335020,30.630093
1.355963,30.630093
1.374979,30.630093
1.395945,30.630093
1.416056,30.630093
1.436017,30.630093
1.455856,30.630093
1.476068,30.630093
1.495818,30.630093
1.515846,30.630093
1.535966,30.630093
1.555708,30.630093
1.575758,30.630093
1.595609,30.630093
1.615848,30.630093
1.635576,30.630093
1.655750,30.630093
1.675686,30.630093
1.695538,30.630093
1.715513,30.630093
1.735562,30.630093
1.755653,30.630093
1.775433,30.630093
1.795487,30.630093
1.815551,30.630093
1.835690,30.630093
1.855326,30.630093
1.875308,30.630093
1.895343,30.630093
1.915291,30.630093
1.935422,30.630093
1.955403,30.630093
1.975217,30.630093
1.995301,30.630093
2.015126,30.630093
2.035128,30.630093
2.055178,30.630093
2.075050,30.630093
2.095267,30.630093
2.115184,30.630093
2.135109,30.630092
2.154985,30.630092
2.175074,30.630092
2.195027,30.630092
2.215002,30.630092
2.235009,30.630092
2.254870,30.630092
2.274993,30.630092
2.295835,30.630092
2.314806,30.630092
2.334830,30.630092
2.354875,30.630092
2.375759,30.630092
2.395787,30.630092
2.415720,30.630092
2.435890,30.630092
2.455686,30.630092
2.475992,30.630092
2.495738,30.630092
2.515678,30.630092
2.535779,30.630091
2.555670,30.630091
2.575606,30.630091
2.595722,30.630091
2.615569,30.630091
2.635730,30.630091
2.655572,30.630091
2.675440,30.630091
2.695532,30.630091
2.715443,30.630091
2.735456,30.630091
2.755581,30.630091
2.775353,30.630091
2.795337,30.630090
2.815502,30.630090
2.835445,30.630090
2.855376,30.630090
2.875316,30.630090
2.895197,30.630090
2.915224,30.630090
2.935223,30.630090
2.955476,30.630090
2.975164,30.630090
2.995219,30.630089
3.015131,30.630089
3.035062,30.630089
3.055067,30.630089
3.075295,30.630089
3.094990,30.630089
3.115118,30.630089
3.135005,30.630088
3.154894,30.630088
3.174961,30.630088
3.194868,30.630088
3.215183,30.630088
3.234941,30.630088
3.254857,30.630087
3.276010,30.630087
3.294868,30.630087
3.314797,30.630087
3.335860,30.630087
3.355822,30.630087
3.375678,30.630086
3.395844,30.630086
3.415757,30.630086
3.436014,30.630086
3.456108,30.630086
3.475658,30.630085
3.495598,30.630085
3.515721,30.630085
3.535573,30.630085
3.555600,30.630085
3.575499,30.630084
3.595609,30.630084
3.615593,30.630084
3.635390,30.630084
3.656390,30.630083
3.676187,30.630083
3.695371,30.630083
3.715391,30.630083
3.735250,30.630083
3.755456,30.630082
3.775209,30.630082
3.795249,30.630082
3.815266,30.630082
3.835326,30.630081
3.855106,30.630081
3.875126,30.630081
3.895069,30.630081
3.915115,30.630080
3.935063,30.630080
3.955188,30.630080
3.975043,30.630080
3.995041,30.630079
4.014944,30.630079
4.035026,30.630079
4.054924,30.630079
4.074944,30.630078
4.094869,30.630078
4.114894,30.630078
4.134856,30.630078
4.155913,30.630077
4.174779,30.630077
4.194787,30.630077
4.214763,30.630076
4.234750,30.630076
4.255758,30.630076
4.275900,30.630075
4.295652,30.630075
4.315701,30.630075
4.335630,30.630075
4.355569,30.630074
4.375625,30.630074
4.395645,30.630074
4.415499,30.630074
4.435549,30.630073
4.455719,30.630073
4.475337,30.630073
4.495354,30.630072
4.515435,30.630072
4.535421,30.630072
4.555481,30.630071
4.575345,30.630071
4.595270,30.630071
4.615309,30.630070
4.635225,30.630070
4.655181,30.630070
4.675220,30.630070
4.695214,30.630069
4.715173,30.630069
4.735126,30.630069
4.755145,30.630068
4.775085,30.630068
4.795061,30.630068
4.814998,30.630067
4.835004,30.630067
4.854970,30.630067
4.874962,30.630066
4.894969,30.630066
4.914912,30.630066
4.935115,30.630065
4.954966,30.630065
4.975307,30.630065
4.995126,30.630064
5.015322,30.630064
5.034859,30.630063
5.054937,30.630063
5.074794,30.630063
5.094765,30.630062
5.114851,30.630062
5.135782,30.630062
5.155827,30.630061
5.175901,30.630061
5.195827,30.630061
5.215705,30.630060
5.235595,30.630060
5.256128,30.630060
5.275605,30.630059
5.295603,30.630059
5.315708,30.630059
5.335603,30.630058
5.355637,30.630058
5.375662,30.630058
5.395639,30.630057
5.415416,30.630057
5.435523,30.630057
5.455440,30.630057
5.475496,30.630056
5.495524,30.630056
5.515358,30.630056
5.535378,30.630056
5.555289,30.630055
5.575231,30.630055
5.595233,30.630055
5.615272,30.630054
5.635328,30.630054
5.655540,30.630054
5.675180,30.630054
5.695088,30.630054
5.715171,30.630054
5.735102,30.630053
5.756443,30.630053
5.775753,30.630053
5.795019,30.630053
5.815027,30.630052
5.834996,30.630052
5.855292,30.630052
5.875140,30.630052
5.895265,30.630051
5.914988,30.630051
5.934847,30.630051
5.955027,30.630051
5.974811,30.630050
5.995073,30.630050
6.015828,30.630050
6.034688,30.630050
6.054788,30.630050
6.074728,30.630049
6.094618,30.630049
6.115652,30.630049
6.135626,30.630049
6.156024,30.630049
6.175708,30.630048
6.195503,30.630048
6.215617,30.630048
6.235652,30.630048
6.255570,30.630048
6.275687,30.630047
6.295614,30.630047
6.315562,30.630047
6.335476,30.630047
6.355608,30.630046
6.375349,30.630046
6.395397,30.630046
6.415427,30.630046
6.435469,30.630045
6.455262,30.630045
6.475310,30.630045
6.495244,30.630045
6.515224,30.630045
6.535340,30.630045
6.555373,30.630044
6.575197,30.630044
6.595318,30.630044
6.615311,30.630044
6.635175,30.630043
6.655134,30.630043
6.675100,30.630043
6.695291,30.630043
6.715067,30.630043
6.735069,30.630042
6.755353,30.630042
6.775033,30.630042
6.794978,30.630042
6.814968,30.630041
6.834963,30.630041
6.854916,30.630041
6.875000,30.630041
6.894882,30.630041
6.914898,30.630040
6.934807,30.630040
6.954935,30.630040
6.974919,30.630040
6.994832,30.630040
7.014873,30.630039
7.034698,30.630039
7.055863,30.630039
7.078662,30.630039
7.096555,30.630039
7.115820,30.630039
7.135727,30.630038
7.155601,30.630038
7.175619,30.630038
7.195584,30.630038
7.215453,30.630037
7.235533,30.630037
7.255396,30.630037
7.275345,30.630037
7.295373,30.630037
7.315441,30.630037
7.335518,30.630036
7.355326,30.630036
7.375516,30.630036
7.395438,30.630036
7.415283,30.630036
7.435394,30.630035
7.455347,30.630035
7.475244,30.630035
7.495269,30.630035
7.515153,30.630035
7.535120,30.630034
7.555212,30.630034
7.575145,30.630034
7.595110,30.630034
7.615078,30.630033
7.635074,30.630033
7.655312,30.630033
7.675023,30.630033
7.695039,30.630033
7.715046,30.630033
7.734980,30.630032
7.755018,30.630032
7.774910,30.630032
7.795063,30.630032
7.814808,30.630032
7.835051,30.630032
7.854811,30.630031
7.874904,30.630031
7.895013,30.630031
7.914769,30.630031
7.934681,30.630030
7.954705,30.630030
7.974687,30.630030
7.995622,30.630030
8.015571,30.630030
8.035814,30.630030
8.055668,30.630029
8.075676,30.630029
8.095543,30.630029
8.115556,30.630029
8.135760,30.630028
8.155575,30.630028
8.175488,30.630028
8.195774,30.630028
8.215518,30.630028
8.235413,30.630027
8.255712,30.630027
8.275493,30.630027
8.295308,30.630027
8.315292,30.630027
8.335559,30.630026
8.355266,30.630026
8.375346,30.630026
8.395267,30.630026
8.415279,30.630026
8.435175,30.630025
8.455364,30.630025
8.475211,30.630025
8.495076,30.630025
8.515180,30.630024
8.535099,30.630024
8.555210,30.630024
8.575124,30.630024
8.595138,30.630024
8.615010,30.630024
8.634959,30.630023
8.654878,30.630023
8.674952,30.630023
8.694891,30.630023
8.714950,30.630022
8.734964,30.630022
8.754967,30.630022
8.775136,30.630022
8.794875,30.630022
8.814813,30.630022
8.835001,30.630022
8.854769,30.630021
8.874919,30.630021
8.894770,30.630021
8.914711,30.630021
8.934692,30.630021
8.955152,30.630020
8.975587,30.630020
8.994597,30.630020
9.015664,30.630020
9.034563,30.630020
9.055824,30.630019
9.075729,30.630019
9.095480,30.630019
9.115596,30.630019
9.135474,30.630019
9.155647,30.630019
9.175488,30.630018
9.195405,30.630018
9.215384,30.630018
9.235708,30.630018
9.255380,30.630018
9.275520,30.630018
9.295453,30.630017
9.315300,30.630017
9.335252,30.630017
9.355160,30.630017
9.375477,30.630017
9.395333,30.630016
9.415082,30.630016
9.435197,30.630016
9.455073,30.630016
9.475173,30.630016
9.495171,30.630016
9.515088,30.630016
9.535025,30.630015
9.555046,30.630015
9.574991,30.630015
9.594958,30.630015
9.614984,30.630015
9.635683,30.630015
9.655937,30.630015
9.675089,30.630015
9.694842,30.630014
9.714967,30.630014
9.734836,30.630014
9.754912,30.630014
9.774905,30.630014
9.795095,30.630014
9.814694,30.630014
9.834668,30.630013
9.854968,30.630013
9.874711,30.630013
9.894642,30.630013
9.914870,30.630013
9.934754,30.630012
9.955763,30.630012
9.974548,30.630012
9.994593,30.630012
10.014483,30.630012
10.035500,30.630012
10.056246,30.630011
10.076045,30.630011
10.095428,30.630011
10.115576,30.630011
10.135378,30.630011
10.155395,30.630011
10.175297,30.630011
10.195403,30.630010
10.215505,30.630010
10.235362,30.630010
10.255265,30.630010
10.275275,30.630010
10.295217,30.630010
10.315238,30.630010
10.335358,30.630010
10.355120,30.630010
10.375641,30.630009
10.395195,30.630009
10.415080,30.630009
10.435292,30.630009
10.455123,30.630009
10.475083,30.630009
10.495009,30.630008
10.515069,30.630008
10.535206,30.630008
10.555462,30.630008
10.575028,30.630008
10.595017,30.630008
10.614938,30.630008
10.634959,30.630007
10.654837,30.630007
10.674817,30.630007
10.694993,30.630007
10.714770,30.630007
