0.255100,-10.121673
0.275126,-9.097304
0.295066,-9.439834
0.315125,-9.703834
0.335074,-9.143729
0.355123,-9.721857
0.375060,-9.276999
0.395059,-8.722301
0.415020,-9.754177
0.435149,-8.890313
0.455012,-8.122252
0.474978,-9.705578
0.495259,-10.330245
0.515127,-7.465806
0.535146,-10.143126
0.555089,-8.155507
0.575011,-6.331323
0.595027,-10.816028
0.614854,-8.097312
0.634982,-10.560675
0.654920,-9.953272
0.675080,-10.735650
0.694931,-10.505915
0.715215,-12.149636
0.734889,-11.599533
0.754817,-10.701414
0.774979,-11.693493
0.794815,-8.004266
0.814789,-10.260264
0.834761,-7.936821
0.854904,-10.527047
0.874843,-7.644550
0.894793,-10.393172
0.914706,-6.789466
0.934752,-10.766320
0.954887,-6.899173
0.974852,-10.998523
0.994791,-7.624850
1.014692,-11.478481
1.034733,-9.182804
1.054632,-11.326826
1.074686,-8.990934
1.094675,-10.254591
1.114621,-10.358995
1.134626,-9.139187
1.154717,-12.143730
1.174667,-7.713808
1.194774,-11.302517
1.214564,-7.972244
1.234618,-9.777730
1.254773,-10.127853
1.274662,-7.381176
1.294824,-11.336536
1.314709,-8.662969
1.334475,-9.651142
1.354799,-11.500431
1.374650,-8.612547
1.394458,-10.650135
1.414487,-10.647894
1.434508,-9.622633
1.454367,-10.432268
1.474419,-10.513187
1.494402,-9.144143
1.514545,-10.216522
1.534384,-11.754637
1.554347,-9.062269
1.574335,-9.014431
1.594447,-8.593431
1.614356,-10.608835
1.634472,-10.274246
1.655460,-7.744551
1.674380,-8.970358
1.694530,-7.928441
1.714234,-9.235024
1.734278,-9.668573
1.755257,-9.396994
1.775385,-9.200108
1.794173,-10.478529
1.815213,-8.381136
1.835202,-10.033043
1.855425,-7.142641
1.875276,-9.405178
1.895181,-6.791802
1.915443,-11.734118
1.935275,-7.937992
1.955142,-11.959814
1.975365,-9.224436
1.995090,-9.830884
2.015066,-10.525939
2.035307,-9.714907
2.055407,-10.175661
2.075089,-7.947539
2.095194,-11.391175
2.115049,-10.115058
2.134985,-10.371868
2.155271,-9.922489
2.174940,-7.309928
2.195146,-12.857418
2.215119,-10.134946
2.235052,-10.663627
2.255137,-8.784713
2.275069,-6.287685
2.295024,-9.588817
2.314895,-9.158187
2.334896,-6.995868
2.354949,-12.599957
2.375048,-8.825252
2.394937,-9.320863
2.415005,-10.357252
2.434925,-9.408076
2.454901,-9.026212
2.475181,-8.097800
2.494879,-6.811634
2.514832,-7.785904
2.534854,-7.788805
2.555033,-7.600720
2.575085,-12.394741
2.594822,-10.104383
2.614851,-7.073234
2.634786,-13.128685
2.654745,-11.613442
2.674665,-8.768969
2.694729,-10.161137
2.714825,-10.032949
2.734725,-8.486877
2.754817,-12.724665
2.774647,-9.840686
2.794692,-9.487644
2.814744,-11.824189
2.834897,-8.982327
2.854759,-8.525744
2.874790,-10.689233
2.894804,-9.707775
2.915076,-9.997830
2.934650,-11.387173
2.954802,-9.037529
2.974727,-9.760236
2.994584,-11.594904
3.014591,-8.135504
3.034509,-8.390051
3.054693,-11.038048
3.074657,-9.196793
3.094609,-9.257302
3.114539,-11.905783
3.134542,-10.370260
3.154517,-10.408192
3.174584,-11.021040
3.194554,-9.132600
3.214428,-8.978121
3.234380,-9.605806
3.254457,-7.433510
3.274360,-9.910714
3.294444,-10.504471
3.314595,-8.932163
3.334532,-8.837730
3.354802,-10.233368
3.374493,-8.239858
3.394325,-7.985591
3.414435,-8.749392
3.434376,-7.715737
3.455475,-8.136862
3.474629,-9.592918
3.494348,-8.180725
3.514415,-8.786209
3.534447,-10.527292
3.555510,-8.419159
3.574477,-8.874578
3.594904,-10.460286
3.614622,-7.326166
3.634457,-7.731126
3.655280,-9.597193
3.675231,-7.772787
3.695343,-6.617766
3.715252,-9.457995
3.735528,-8.757917
3.755193,-8.437705
3.775221,-11.039980
3.795192,-10.086223
3.815300,-7.562111
3.835364,-11.803085
3.855199,-11.099247
3.875251,-9.201862
3.895224,-11.780713
3.915103,-10.040865
3.935241,-7.390925
3.955124,-10.460582
3.975050,-10.183109
3.995144,-7.099893
4.015090,-9.274353
4.035257,-8.227850
4.055232,-7.382604
4.075080,-10.690325
4.095194,-9.713739
4.115061,-7.409626
4.135006,-11.328840
4.155172,-9.309822
4.175316,-7.710152
4.195567,-9.224936
4.215164,-9.055762
4.235054,-10.880863
4.254963,-11.393431
4.274935,-9.163857
4.295051,-8.980982
4.315074,-8.699404
4.335058,-6.778878
4.355053,-9.357048
4.374844,-11.508537
4.394900,-8.818237
4.414947,-9.594000
4.434909,-10.753870
4.454827,-7.037326
4.474936,-10.502891
4.495033,-12.132457
4.515186,-7.840319
4.535041,-7.834576
4.554755,-10.221706
4.574792,-10.545447
4.594899,-10.502578
4.614739,-9.236834
4.634669,-10.030652
4.654715,-9.638082
4.674692,-12.870800
4.694831,-12.328009
4.714862,-9.412556
4.734980,-7.912631
4.754702,-10.598171
4.774668,-9.629148
4.794932,-7.573193
4.814644,-8.831554
4.834646,-9.320217
4.854812,-9.203405
4.874776,-11.032063
4.894763,-9.672458
4.914703,-7.136821
4.934571,-11.719591
4.954713,-9.314306
4.974627,-5.951309
4.994492,-10.218311
5.014640,-10.148245
5.034677,-7.549931
5.054774,-9.273129
5.074559,-9.502867
5.094478,-8.415207
5.114527,-9.601412
5.134504,-9.662806
5.154575,-9.562114
5.174677,-11.353813
5.194613,-8.393448
5.214465,-11.489403
5.234531,-10.917948
5.254856,-8.815355
5.274510,-9.529890
5.294478,-11.523631
5.314456,-10.240178
5.334394,-9.489527
5.354430,-11.212282
5.374429,-11.455297
5.394386,-9.642286
5.415580,-9.634440
5.434558,-12.291493
5.455398,-10.073840
5.474380,-8.587011
5.494369,-11.089741
5.515569,-9.440948
5.534580,-6.489490
5.555423,-9.414941
5.574604,-11.433851
5.595606,-8.267118
5.615378,-10.680242
5.635317,-11.896677
5.655670,-8.097155
5.675179,-10.090144
5.695161,-10.973398
5.715229,-7.053876
5.735193,-11.749790
5.755353,-9.865739
5.775251,-6.363608
5.795151,-12.567154
5.815280,-8.799971
5.835301,-7.179933
5.855086,-11.768252
5.875141,-8.227524
5.895080,-9.758335
5.915234,-9.782001
5.935005,-8.606619
5.954997,-9.862205
5.975363,-8.929982
5.995303,-10.191896
6.015008,-8.090033
6.035354,-11.437108
6.055172,-8.191176
6.075200,-9.602707
6.095041,-12.831348
6.114967,-8.711863
6.135184,-10.923843
6.155092,-10.998168
6.175629,-11.296350
6.194866,-9.054874
6.214964,-9.093433
6.235044,-9.812420
6.254897,-10.606710
6.275260,-8.860432
6.294949,-10.897566
6.315124,-8.437277
6.334929,-8.775400
6.355145,-9.412245
6.374949,-8.349989
6.395171,-9.086317
6.414916,-7.438984
6.435055,-10.333390
6.454973,-9.454916
6.474908,-7.136221
6.495206,-10.294636
6.514785,-10.607029
6.534774,-9.329878
6.554829,-9.033771
6.574787,-11.313579
6.594922,-11.016167
6.614860,-9.911314
6.634693,-9.365084
6.654850,-10.414724
6.674850,-8.593808
6.694820,-9.319983
6.714931,-8.878918
6.734816,-9.439587
6.754628,-9.341318
6.774697,-8.589187
6.794767,-8.598352
6.814557,-10.030102
6.834761,-9.194790
6.854673,-7.738923
6.874654,-10.015802
6.894588,-11.467884
6.914521,-10.935673
6.934673,-10.358687
6.954651,-11.008718
6.974506,-11.550508
6.994456,-9.906178
7.014491,-8.313527
7.034562,-12.140998
7.054609,-12.471464
7.074766,-11.679409
7.094502,-9.579126
7.114565,-11.745407
7.134477,-10.475765
7.154640,-10.653240
7.174432,-9.414194
7.194614,-11.332632
7.214669,-10.790348
7.234367,-10.606247
7.255378,-9.654459
7.274401,-12.957513
7.294284,-9.747515
7.315459,-11.494938
7.334388,-8.097443
7.355583,-10.571822
7.374308,-8.934008
7.395320,-9.891581
7.415388,-7.463092
7.435386,-11.107411
7.455284,-9.093153
7.475333,-9.805128
7.495214,-9.213248
7.515295,-9.972181
7.535558,-9.411141
7.555172,-10.357734
7.575155,-8.205124
7.595223,-10.206355
7.615164,-9.172338
7.635153,-14.001575
7.655284,-8.951650
7.675385,-10.097883
7.695142,-8.554449
7.715181,-6.312265
7.735264,-7.859747
7.755112,-10.318369
7.775284,-8.849052
7.795166,-9.041237
7.815042,-8.815132
7.835151,-9.841751
7.855188,-9.006332
7.875064,-9.454928
7.895080,-10.096634
7.915088,-10.963193
7.935098,-9.485872
7.955228,-7.601458
7.974924,-9.300056
7.995248,-9.945315
8.015122,-10.640828
8.034953,-9.289263
8.054923,-10.823187
8.075009,-10.626984
8.094904,-11.060265
8.114915,-10.930678
8.134940,-12.077291
8.155121,-10.258785
8.175058,-10.274916
8.194893,-9.122725
8.215042,-10.171293
8.234966,-8.356730
8.254840,-8.215572
8.274982,-6.589810
8.295064,-6.854286
8.315041,-7.925271
8.334984,-9.024282
8.354793,-8.548098
8.374871,-10.797297
8.394816,-9.341884
8.414742,-9.462590
8.434833,-8.978518
8.454749,-10.604630
8.474923,-10.334285
8.494826,-8.993761
8.514739,-12.536812
8.534795,-12.400042
8.554705,-11.933455
8.574686,-11.006170
8.594689,-11.820118
8.614694,-11.196398
8.634849,-11.020054
8.654842,-8.852772
8.674632,-10.634307
8.694580,-10.102346
8.714943,-8.139868
8.734559,-8.741602
8.754643,-11.149311
8.774698,-9.166177
8.794624,-10.227060
8.814595,-8.869095
8.834631,-9.853027
8.854485,-8.754298
8.874699,-8.160729
8.894519,-9.368031
8.914524,-8.531565
8.934564,-10.093096
8.954704,-7.965001
8.974627,-10.883539
8.994575,-10.312398
9.014508,-10.430652
9.034436,-10.216970
9.054583,-11.322959
9.074439,-10.493027
9.094374,-9.305729
9.114551,-8.842115
9.134407,-10.192837
9.155304,-9.999647
9.174355,-9.022868
9.194561,-8.885619
9.215336,-10.163567
9.235450,-9.111088
9.255678,-8.180071
9.275333,-8.804609
9.295269,-9.324020
9.315721,-8.006498
9.335464,-11.057995
9.355434,-10.370417
9.375499,-10.320705
9.395622,-9.361265
9.415348,-9.198381
9.435433,-12.224081
9.455239,-11.392071
9.475485,-12.709802
9.495362,-10.523294
9.515264,-12.067915
9.535302,-12.115919
9.555316,-10.848290
9.575287,-9.437113
9.595410,-10.029207
9.615252,-9.298208
9.635187,-10.333160
9.655096,-8.409711
9.675118,-10.045122
9.695061,-9.681953
9.715112,-7.926519
9.735241,-7.856858
9.755095,-8.981106
9.775175,-8.470599
9.795151,-9.091753
9.815075,-7.876486
9.835032,-10.520020
9.855112,-10.349958
9.875026,-9.980633
9.895146,-8.167963
9.915170,-10.636437
9.934994,-9.049868
9.954951,-8.380530
9.974966,-10.377838
9.995144,-11.327475
10.014977,-10.106577
10.034940,-6.816181
10.054915,-10.562071
10.074892,-12.400529
10.095020,-11.518389
10.114888,-10.747812
10.134866,-11.197914
10.154854,-10.226660
10.175143,-10.326262
10.194774,-8.371948
10.214788,-9.422182
10.234932,-8.868864
10.254906,-8.348597
10.274907,-8.094481
10.295059,-11.507483
10.314947,-12.462385
10.334897,-9.778565
10.354872,-8.189129
10.374917,-9.597033
10.394813,-9.662430
10.414941,-9.439449
10.434699,-7.657472
10.454914,-8.992410
10.474742,-8.199310
10.494640,-10.690238
10.514685,-9.966200
10.534760,-11.145592
10.554797,-8.919565
10.574926,-9.671704
10.594638,-6.827198
10.614747,-9.106808
10.634607,-9.740463
10.654584,-10.086821
10.674583,-7.253557
10.694500,-8.335339
10.714643,-9.775425
10.734696,-12.155449
10.754657,-9.429545
10.774550,-9.281555
10.794505,-10.155301
10.814548,-8.718222
10.834422,-7.389386
10.854446,-9.773403
10.874560,-6.675543
10.894470,-6.730460
10.914454,-10.111629
10.934405,-10.973780
10.954669,-9.271543
10.974437,-7.188138
10.994368,-10.964012
11.014541,-9.162411
11.034396,-6.645422
11.055394,-7.774973
11.074515,-9.936237
11.094445,-11.876127
11.114500,-10.299578
11.134310,-8.852684
11.155407,-9.891434
11.175769,-10.892883
11.195389,-10.648545
11.215282,-7.766860
11.235244,-10.606674
11.255348,-10.272102
11.275299,-8.944416
11.295218,-10.267082
11.315266,-9.926353
11.335183,-8.608509
11.355185,-9.265175
11.375196,-8.403009
11.395204,-9.982183
11.415161,-11.872535
11.435153,-12.420328
11.455252,-8.947517
11.475209,-11.652664
11.495113,-10.716594
11.515196,-11.230039
11.535100,-10.004928
11.555255,-9.882232
11.575021,-9.750059
11.594996,-11.500473
11.615016,-8.515270
11.635058,-11.963033
11.654986,-11.514240
11.674986,-8.441650
11.695099,-8.495697
11.715750,-10.010944
11.735137,-10.380159
11.755121,-10.098707
11.774892,-7.484505
11.794904,-5.969883
11.815049,-7.567587
11.835092,-9.272490
11.854905,-9.278851
11.875032,-9.270438
11.894986,-8.108709
11.914984,-8.392723
11.934902,-9.626034
11.954851,-10.198355
11.974870,-9.407696
11.994879,-7.677445
12.014826,-10.015636
12.034874,-11.404126
12.054844,-11.828202
12.074811,-8.829946
12.094773,-8.530998
12.114727,-10.939402
12.134780,-10.294491
12.154798,-9.259555
12.174712,-11.352543
12.194639,-10.073396
12.214722,-10.805249
12.234842,-7.959589
12.255358,-12.268234
12.275035,-11.043080
12.294892,-11.039471
12.314667,-9.165908
12.334580,-12.070585
12.354736,-10.590928
12.374715,-11.440521
12.394721,-7.369508
12.414639,-8.894871
12.434596,-10.091994
12.454584,-11.663477
12.474709,-9.565548
12.494603,-11.510448
12.514513,-11.198604
12.534521,-10.101416
12.554725,-11.093153
12.574527,-12.373761
12.594488,-12.808210
12.615416,-9.835617
12.634510,-10.105061
12.655389,-10.550526
12.674509,-8.795076
12.694440,-10.098167
12.715127,-8.709407
12.734476,-10.088171
12.755369,-10.249605
12.774379,-10.526428
12.794431,-8.102205
12.814301,-8.764778
12.835505,-9.522506
12.855345,-9.088161
12.875462,-8.603292
12.895392,-9.120430
12.915302,-7.910928
12.935331,-7.776869
12.955317,-8.827826
12.975235,-9.910373
12.995296,-10.043383
13.015468,-9.118261
13.035624,-9.462485
13.055231,-8.012411
13.075228,-9.204901
13.095228,-6.982002
13.115257,-8.097028
13.135144,-8.603836
13.155194,-9.114437
13.175509,-7.055367
13.195289,-7.916319
13.215206,-11.219233
13.235266,-7.304167
13.255497,-9.300774
13.275265,-9.799704
13.295218,-9.437021
13.315129,-9.023609
13.335120,-7.723781
13.355102,-11.501460
13.375045,-9.679933
13.395224,-11.381189
13.415252,-8.403964
13.435313,-10.353759
13.455124,-12.834595
13.475049,-7.212591
13.495012,-10.078116
13.515002,-9.650305
13.535168,-11.123426
13.554938,-8.544598
13.574908,-6.722335
13.595099,-10.528098
13.614958,-9.787486
13.634892,-10.631945
13.655268,-8.672859
13.675159,-9.717962
13.695266,-12.520895
13.715059,-8.262293
13.734930,-7.979825
13.755094,-9.723883
13.774860,-10.695415
13.794914,-10.399811
13.815075,-7.401832
13.834907,-10.076464
13.854786,-10.740522
13.874968,-7.858656
13.894870,-8.306252
13.914727,-10.421723
13.934809,-10.625414
13.954764,-12.679691
13.974872,-8.095110
13.994808,-7.696361
14.014734,-12.246785
14.034833,-9.129378
14.054778,-7.986927
14.074827,-11.681155
14.094676,-8.610218
14.114777,-12.989117
14.134607,-11.679579
14.154580,-9.879487
14.174621,-11.289184
14.194808,-12.324203
14.214712,-7.835171
14.234568,-10.674211
14.254622,-11.485219
14.274510,-7.306447
14.294526,-8.862891
14.314622,-12.245218
14.334583,-8.404235
14.354827,-10.897449
14.374620,-10.898585
14.394655,-11.346078
14.414581,-12.599386
14.434413,-11.853812
14.454660,-6.676914
14.475090,-12.013373
14.494497,-13.372828
14.514370,-9.094762
14.534389,-9.998227
14.555468,-11.529339
14.574359,-9.326516
14.594347,-10.997707
14.614455,-11.496919
14.635378,-7.135590
14.655333,-8.566625
14.675495,-10.585322
14.695427,-7.924866
14.715379,-6.730331
14.735315,-10.370759
14.755440,-6.884933
14.775690,-9.649909
14.795412,-11.877626
14.815234,-8.704252
14.835231,-9.691514
14.855343,-11.559010
14.875157,-8.614679
14.895293,-11.722971
14.915231,-8.911201
14.935251,-10.830649
14.955127,-10.548808
14.975249,-8.821275
14.995308,-10.282880
15.015211,-9.444165
15.035148,-12.222945
15.055261,-11.535778
15.075257,-10.926129
15.095088,-7.934813
15.115062,-9.898031
15.135095,-9.445567
15.155116,-11.749828
15.175250,-9.205664
15.195100,-5.758427
15.215053,-8.371611
15.234974,-10.383069
15.254963,-9.205114
15.275045,-9.724018
15.294983,-10.373304
15.314926,-11.546300
15.334960,-10.731641
15.355251,-8.611826
15.375073,-9.583756
15.394951,-8.643086
15.414990,-9.621861
15.435037,-10.242763
15.454888,-8.727528
15.474922,-9.991075
15.495019,-8.191627
15.514875,-8.588470
15.535024,-10.212039
15.554870,-10.457825
15.574852,-9.908684
15.594881,-5.893969
15.614855,-8.303449
15.634836,-7.352105
15.655318,-9.625806
15.675036,-14.299882
15.694819,-9.934210
15.714702,-10.462306
15.734755,-13.547082
15.754720,-9.751464
15.774877,-6.785855
15.794867,-12.061900
15.814771,-11.840985
15.835066,-9.073835
15.854785,-9.724130
15.874854,-9.384484
15.894703,-11.980334
15.914653,-9.672664
15.934774,-7.185302
15.954775,-10.246680
15.974595,-10.691603
15.994883,-9.528581
16.014582,-11.137591
16.034653,-12.243859
16.054685,-8.623498
16.074556,-10.985452
16.094803,-9.301562
16.114529,-9.514623
16.134477,-14.100063
16.154770,-11.137975
16.174516,-7.574749
16.194431,-11.374841
16.214535,-11.064740
16.234609,-12.267314
16.255524,-9.771926
16.274581,-12.361646
16.294557,-9.230597
16.314591,-7.781704
16.335409,-10.432331
16.355597,-8.812402
16.374571,-9.879104
16.394471,-11.059852
16.415476,-10.293664
16.435425,-11.231307
16.455381,-10.638251
16.475415,-12.510209
16.495291,-8.605634
16.515558,-11.021426
16.535415,-12.302993
16.555217,-12.159291
16.575434,-10.790609
16.595303,-10.272730
16.615420,-10.569492
16.635341,-10.371614
16.655236,-6.304618
16.675259,-7.862365
16.695360,-11.311407
16.715431,-10.659860
16.735229,-8.002386
16.755138,-8.902475
16.775168,-10.834457
16.795301,-9.867227
16.815226,-8.389233
16.835269,-11.443163
16.855112,-12.693485
16.875115,-10.581888
16.895097,-10.275467
16.915196,-10.455115
16.935197,-8.881006
16.955249,-10.544037
16.974978,-8.665878
16.994988,-8.681152
17.015121,-9.442230
17.034999,-10.141525
17.055003,-11.564418
17.075050,-10.597183
17.095425,-10.297909
17.115043,-7.768227
17.135136,-11.479387
17.155064,-11.461142
17.175007,-12.944547
17.195111,-10.047224
17.215126,-9.141282
17.235059,-9.209143
17.254943,-8.571406
17.274998,-13.459591
17.295157,-11.152895
17.314861,-8.361691
17.335042,-9.460989
17.354815,-8.797958
17.375038,-11.849752
17.394980,-11.676387
17.414835,-10.935578
17.435046,-9.222779
17.454739,-8.020577
17.474801,-9.887553
17.494738,-9.288866
17.514851,-10.930879
17.534720,-9.663688
17.554767,-11.117062
17.574803,-6.913551
17.594731,-8.529117
17.614669,-5.979626
17.634727,-9.304416
17.654793,-9.873851
17.674723,-11.591146
17.694847,-9.369213
17.714600,-11.432586
17.734613,-8.558327
17.754640,-9.089282
17.774742,-7.998747
17.794603,-9.402417
17.814578,-10.671526
17.834696,-8.598298
17.855010,-10.351976
17.874532,-11.606598
17.894594,-9.710622
17.914830,-14.123765
17.934640,-10.962898
17.954521,-10.066998
17.974512,-11.059497
17.994662,-8.281947
18.014477,-12.505371
18.034520,-10.194089
18.055616,-10.760797
18.074727,-7.490652
18.094509,-9.676937
18.114495,-8.204894
18.134492,-8.529302
18.155666,-8.305718
18.174543,-8.574308
18.194506,-9.137364
18.215557,-10.731333
18.234497,-7.318766
18.255380,-7.641908
18.275566,-8.704186
18.295342,-12.006910
18.315358,-10.003383
18.335301,-8.220891
18.355412,-6.746795
18.375479,-8.443339
18.395506,-11.196197
18.415289,-12.946422
18.435262,-13.449017
18.455334,-12.122983
18.475546,-9.229482
18.495533,-7.716871
18.515375,-7.275206
18.535389,-5.288758
18.555516,-6.513159
18.575363,-9.236738
18.595196,-11.351409
18.615364,-12.836302
18.635335,-12.907340
18.655176,-13.590037
18.675540,-10.225631
18.695099,-9.777476
18.715635,-11.325929
18.735193,-12.731859
18.755211,-13.376225
18.775128,-11.367548
18.795193,-6.955792
18.815136,-8.485177
18.835083,-8.833534
18.855147,-10.973781
18.875237,-9.583860
18.895123,-6.249749
18.915179,-8.032708
18.935257,-12.889607
18.955008,-10.098312
18.975315,-6.227592
18.995049,-8.929976
19.014999,-11.366058
19.035192,-6.663603
19.054910,-9.505968
19.075140,-13.172819
19.094982,-9.363406
19.114951,-9.082634
19.134946,-10.690554
19.154941,-9.465326
19.175195,-8.249605
19.194995,-12.456833
19.214926,-5.632711
19.234885,-11.577280
19.254915,-10.621832
19.274880,-8.818087
19.294888,-11.307211
19.314942,-7.672984
19.334835,-11.767024
19.354829,-8.941691
19.374898,-9.471312
19.394764,-12.081184
19.414921,-6.669724
19.434891,-11.431588
19.454727,-5.710057
19.474869,-12.349498
19.494968,-6.953786
19.514937,-11.546624
19.534887,-6.731000
19.554819,-10.287031
19.574705,-7.899887
19.594828,-11.211984
19.614644,-7.657890
19.634741,-11.355157
19.654677,-9.054121
19.674854,-9.733788
19.694663,-12.160591
19.714702,-9.072811
19.734573,-11.591171
19.754787,-11.222595
19.774838,-8.839075
19.794626,-12.677524
19.814592,-9.163061
19.834652,-9.739937
19.854600,-12.569289
19.874542,-9.570073
19.894662,-10.320430
19.914518,-11.509350
19.934468,-10.351733
19.954605,-9.717183
19.974533,-11.845845
19.994534,-10.845609
20.014551,-9.567013
20.034689,-9.918490
20.054363,-9.455985
20.075528,-8.876113
20.095479,-10.101407
20.115475,-9.342229
20.135630,-8.867622
20.155674,-9.346295
20.175646,-9.824376
20.195367,-10.073351
20.215329,-10.208604
20.235633,-10.938292
20.255353,-10.155063
20.275317,-10.513198
20.295429,-9.637907
20.315310,-8.888659
20.335303,-8.013386
20.355264,-8.512588
20.375408,-8.901376
20.395315,-8.840716
20.415251,-9.366005
20.435424,-9.237961
20.455393,-9.084626
20.475820,-9.172183
20.495393,-9.076959
20.515314,-8.805442
20.535516,-8.617494
20.555479,-8.385127
20.575311,-7.907951
20.595268,-8.869228
20.615201,-9.260127
20.635236,-9.868353
20.655295,-11.019838
20.675258,-10.494579
20.695289,-10.413177
20.715453,-10.985511
20.735119,-9.261938
20.755139,-9.136018
20.775261,-9.078190
20.795315,-8.998164
20.815083,-9.544173
20.835305,-10.641410
20.855092,-9.542775
20.875069,-10.414506
20.895103,-9.711732
20.914999,-9.665004
20.935088,-9.711291
20.955086,-10.291566
20.975030,-9.971135
20.994995,-10.476402
21.015189,-9.214646
21.035028,-9.219499
21.055015,-9.402868
21.075050,-9.294549
21.095037,-10.261580
21.115160,-8.976330
21.135002,-9.217349
21.154902,-9.844850
21.175266,-9.294950
21.194898,-10.641046
21.214990,-9.304286
21.234986,-8.954226
21.254882,-9.408680
21.274955,-8.952601
21.294842,-10.206964
21.314973,-9.625677
21.334991,-8.828330
21.354842,-9.972009
21.375001,-9.536431
21.394864,-11.051602
21.414844,-9.930588
21.434915,-9.103531
21.454827,-10.304508
21.474822,-9.733075
21.494754,-11.223897
21.514736,-9.810084
21.534736,-9.149318
21.554831,-9.765296
21.574779,-9.268769
21.594831,-10.322869
21.614796,-9.688366
21.634712,-9.149364
21.654771,-9.673974
21.674805,-8.946351
21.694789,-10.363816
21.714615,-9.861914
21.734598,-9.437615
21.754784,-9.949983
21.774546,-9.196055
21.794538,-10.295354
21.814509,-9.808562
21.834641,-9.153136
21.854536,-9.761996
21.875512,-9.008410
21.894532,-10.256042
21.914526,-9.938773
21.935553,-9.464759
21.954502,-10.103122
21.975633,-9.259398
21.994565,-9.991113
22.014397,-10.504128
22.035479,-9.367723
22.054537,-10.182527
22.075696,-9.580913
22.094459,-9.932027
22.114437,-10.850501
22.135590,-9.477628
22.155357,-10.108291
22.175487,-9.625224
22.195473,-10.003117
22.215474,-11.024959
22.235412,-9.651093
22.255365,-10.133801
22.275463,-9.545983
22.295536,-9.816470
22.315515,-10.983532
22.335297,-10.056230
22.355360,-10.242164
22.375351,-9.863153
22.395383,-9.190864
22.415318,-9.992132
22.435209,-10.163278
22.455411,-10.029107
22.475388,-10.655205
22.495255,-9.055651
22.515187,-9.499145
22.535237,-9.802098
22.555252,-9.090411
