0.192928,-96.484766
0.212829,-96.484766
0.232889,-96.484766
0.252801,-96.484766
0.272758,-96.484766
0.293820,-96.484766
0.312714,-96.484766
0.332817,-96.484766
0.352760,-96.484766
0.372686,-96.484766
0.392673,-96.484766
0.412688,-96.484766
0.432687,-96.484766
0.452656,-96.484766
0.472847,-96.484766
0.492620,-96.484766
0.513613,-96.484766
0.533668,-96.484766
0.552709,-96.484766
0.573624,-96.484766
0.593602,-96.484766
0.613558,-96.484766
0.633649,-96.484766
0.653572,-96.484766
0.673504,-96.484766
0.693538,-96.484766
0.713693,-96.484766
0.733536,-96.484766
0.753587,-96.484766
0.773468,-96.484766
0.793613,-96.484766
0.813478,-96.484766
0.833393,-96.484766
0.853446,-96.484766
0.873433,-96.484766
0.893363,-96.484765
0.913328,-96.484765
0.933388,-96.484765
0.953373,-96.484765
0.973383,-96.484765
0.993442,-96.484765
1.013350,-96.484765
1.033295,-96.484765
1.053391,-96.484765
1.073302,-96.484765
1.093287,-96.484765
1.113318,-96.484765
1.133166,-96.484765
1.153201,-96.484765
1.173174,-96.484765
1.193161,-96.484765
1.213173,-96.484765
1.233119,-96.484765
1.253250,-96.484765
1.273200,-96.484765
1.293170,-96.484765
1.313174,-96.484765
1.333120,-96.484765
1.353096,-96.484765
1.373081,-96.484765
1.393135,-96.484765
1.413043,-96.484765
1.433143,-96.484765
1.452972,-96.484765
1.473069,-96.484765
1.492924,-96.484765
1.513118,-96.484765
1.532951,-96.484765
1.552916,-96.484765
1.572942,-96.484765
1.592946,-96.484765
1.612893,-96.484765
1.632873,-96.484765
1.652930,-96.484765
1.672830,-96.484765
1.692863,-96.484765
1.712933,-96.484765
1.732844,-96.484765
1.752976,-96.484765
1.773176,-96.484765
1.793239,-96.484765
1.812724,-96.484765
1.832814,-96.484765
1.852765,-96.484765
1.872771,-96.484765
1.892700,-96.484765
1.912705,-96.484765
1.932610,-96.484765
1.952727,-96.484765
1.972809,-96.484765
1.993631,-96.484765
2.013679,-96.484765
2.033582,-96.484765
2.053649,-96.484765
2.073697,-96.484765
2.093796,-96.484765
2.113701,-96.484765
2.133587,-96.484765
2.153636,-96.484765
2.173561,-96.484765
2.193579,-96.484765
2.213501,-96.484765
2.233481,-96.484765
2.253473,-96.484765
2.273428,-96.484765
2.293450,-96.484765
2.313419,-96.484765
2.333385,-96.484764
2.353427,-96.484764
2.373392,-96.484764
2.393452,-96.484764
2.413385,-96.484763
2.433429,-96.484763
2.453388,-96.484763
2.473364,-96.484762
2.493331,-96.484762
2.513314,-96.484761
2.533284,-96.484761
2.553300,-96.484760
2.573387,-96.484760
2.593212,-96.484760
2.613366,-96.484759
2.633234,-96.484759
2.653165,-96.484758
2.673178,-96.484758
2.693196,-96.484757
2.713376,-96.484756
2.733119,-96.484756
2.753217,-96.484755
2.773125,-96.484755
2.793086,-96.484754
2.813112,-96.484753
2.833200,-96.484753
2.853094,-96.484752
2.872983,-96.484751
2.893010,-96.484751
2.912973,-96.484750
2.932985,-96.484749
2.953018,-96.484749
2.973076,-96.484748
2.993083,-96.484747
3.012987,-96.484747
3.033065,-96.484746
3.053037,-96.484745
3.073029,-96.484744
3.093055,-96.484743
3.112971,-96.484743
3.132910,-96.484742
3.152817,-96.484741
3.172822,-96.484740
3.192819,-96.484739
3.212806,-96.484738
3.232908,-96.484737
3.252807,-96.484736
3.272778,-96.484735
3.292798,-96.484734
3.312776,-96.484733
3.332750,-96.484732
3.352815,-96.484731
3.373713,-96.484730
3.392677,-96.484729
3.412695,-96.484728
3.433653,-96.484727
3.453775,-96.484725
3.473725,-96.484724
3.493642,-96.484723
3.513637,-96.484722
3.533630,-96.484721
3.553726,-96.484720
3.573634,-96.484718
3.593531,-96.484717
3.613543,-96.484716
3.633487,-96.484715
3.653448,-96.484714
3.673524,-96.484712
3.693505,-96.484711
3.713458,-96.484710
3.733407,-96.484708
3.753406,-96.484707
3.773467,-96.484706
3.793582,-96.484704
3.813435,-96.484703
3.833387,-96.484702
3.853413,-96.484700
3.873324,-96.484699
3.893287,-96.484697
3.913256,-96.484696
3.933287,-96.484694
3.953242,-96.484693
3.973240,-96.484692
3.993287,-96.484690
4.013229,-96.484689
4.033166,-96.484687
4.053182,-96.484686
4.073220,-96.484684
4.093188,-96.484683
4.113136,-96.484681
4.133121,-96.484679
4.153097,-96.484678
4.173158,-96.484676
4.193160,-96.484675
4.213156,-96.484673
4.233111,-96.484672
4.253114,-96.484670
4.273158,-96.484668
4.293082,-96.484667
4.313181,-96.484665
4.333079,-96.484664
4.352971,-96.484662
4.373120,-96.484660
4.393043,-96.484659
4.413030,-96.484657
4.433050,-96.484655
4.452956,-96.484654
4.472935,-96.484652
4.492898,-96.484650
4.512859,-96.484649
4.533000,-96.484647
4.552892,-96.484645
4.572835,-96.484643
4.592852,-96.484642
4.612864,-96.484640
4.632896,-96.484638
4.652777,-96.484636
4.672790,-96.484635
4.692761,-96.484633
4.712754,-96.484631
4.733754,-96.484629
4.752817,-96.484627
4.772740,-96.484625
4.792739,-96.484623
4.813794,-96.484622
4.833629,-96.484620
4.853717,-96.484618
4.873698,-96.484616
4.893611,-96.484614
4.913656,-96.484612
4.933635,-96.484611
4.953790,-96.484609
4.973682,-96.484607
4.993591,-96.484605
5.013568,-96.484603
5.033590,-96.484601
5.053530,-96.484599
5.073464,-96.484597
5.093430,-96.484595
5.113484,-96.484593
5.133593,-96.484591
5.153443,-96.484589
5.173430,-96.484587
5.193394,-96.484585
5.213486,-96.484583
5.233387,-96.484581
5.253435,-96.484579
5.273472,-96.484577
5.293479,-96.484575
5.313368,-96.484573
5.333359,-96.484571
5.353350,-96.484568
5.373250,-96.484566
5.393304,-96.484564
5.413277,-96.484562
5.433229,-96.484560
5.453265,-96.484558
5.473240,-96.484556
5.493390,-96.484554
5.513216,-96.484551
5.533180,-96.484549
5.553203,-96.484547
5.573511,-96.484545
5.593218,-96.484542
5.613179,-96.484540
5.633343,-96.484538
5.653159,-96.484536
5.673148,-96.484534
5.693078,-96.484531
5.713096,-96.484529
5.733044,-96.484527
5.753070,-96.484524
5.773181,-96.484522
5.793097,-96.484520
5.813058,-96.484518
5.832992,-96.484515
5.853061,-96.484513
5.872966,-96.484511
5.893077,-96.484509
5.913043,-96.484506
5.932934,-96.484504
5.952955,-96.484502
5.972903,-96.484500
5.992974,-96.484497
6.012786,-96.484495
6.032831,-96.484493
6.052919,-96.484490
6.072797,-96.484488
6.092789,-96.484486
6.112865,-96.484483
6.132764,-96.484481
6.152753,-96.484479
6.172779,-96.484476
6.193055,-96.484474
6.212780,-96.484472
6.233865,-96.484469
6.253264,-96.484467
6.274232,-96.484464
6.294005,-96.484462
6.313877,-96.484460
6.333799,-96.484457
6.353681,-96.484455
6.373634,-96.484453
6.393567,-96.484450
6.413689,-96.484448
6.433614,-96.484445
6.453630,-96.484443
6.473555,-96.484440
6.493695,-96.484438
6.513522,-96.484436
6.533604,-96.484433
6.553594,-96.484431
6.573549,-96.484429
6.593597,-96.484426
6.613449,-96.484424
6.633554,-96.484421
6.653414,-96.484419
6.673399,-96.484416
6.693575,-96.484413
6.713302,-96.484411
6.733343,-96.484408
6.753303,-96.484406
6.773319,-96.484403
6.793314,-96.484401
6.813294,-96.484398
6.833265,-96.484396
6.853288,-96.484393
6.873342,-96.484390
6.893256,-96.484388
6.913275,-96.484385
6.933240,-96.484383
6.953156,-96.484380
6.973223,-96.484378
6.993168,-96.484375
7.013097,-96.484373
7.033064,-96.484370
7.053132,-96.484367
7.073104,-96.484365
7.093136,-96.484362
7.113096,-96.484359
7.132995,-96.484356
7.153029,-96.484354
7.173035,-96.484351
7.193372,-96.484348
7.213020,-96.484346
7.232953,-96.484343
7.252956,-96.484340
7.273000,-96.484338
7.292945,-96.484335
7.312905,-96.484332
7.332871,-96.484329
7.352910,-96.484326
7.372843,-96.484324
7.393000,-96.484321
7.412937,-96.484318
7.432791,-96.484316
7.452783,-96.484313
7.472813,-96.484310
7.493767,-96.484307
7.512982,-96.484305
7.532794,-96.484302
7.552784,-96.484299
7.573012,-96.484297
7.593996,-96.484294
7.613671,-96.484291
7.633810,-96.484288
7.653680,-96.484286
7.673712,-96.484283
7.692673,-96.484280
7.713810,-96.484277
7.733636,-96.484275
7.753610,-96.484272
7.773613,-96.484269
7.793591,-96.484266
7.813603,-96.484263
7.833707,-96.484261
7.853609,-96.484258
7.873590,-96.484255
7.893638,-96.484252
7.913623,-96.484249
7.933607,-96.484246
7.953509,-96.484243
7.973517,-96.484241
7.993649,-96.484238
8.013434,-96.484235
8.033593,-96.484232
8.053577,-96.484229
8.073560,-96.484226
8.093472,-96.484223
8.113489,-96.484220
8.133424,-96.484217
8.153483,-96.484214
8.173406,-96.484212
8.193370,-96.484209
8.213489,-96.484206
8.233465,-96.484203
8.253295,-96.484200
8.273363,-96.484197
8.293422,-96.484194
8.313289,-96.484191
8.333343,-96.484188
8.353428,-96.484185
8.373250,-96.484182
8.393337,-96.484179
8.413259,-96.484176
8.433276,-96.484173
8.453229,-96.484170
8.473347,-96.484167
8.493184,-96.484164
8.513206,-96.484161
8.534355,-96.484158
8.553159,-96.484155
8.573153,-96.484152
8.593122,-96.484149
8.613076,-96.484146
8.633125,-96.484143
8.653069,-96.484140
8.673056,-96.484137
8.693039,-96.484135
8.713019,-96.484132
8.733067,-96.484129
8.752998,-96.484126
8.773019,-96.484123
8.793054,-96.484120
8.816078,-96.484117
8.832976,-96.484114
8.853068,-96.484111
8.873036,-96.484108
8.892914,-96.484105
8.913225,-96.484102
8.933086,-96.484099
8.952914,-96.484096
8.972958,-96.484092
8.992853,-96.484089
9.012928,-96.484086
9.032842,-96.484083
9.052890,-96.484080
9.072849,-96.484077
9.092834,-96.484074
9.114356,-96.484071
9.132832,-96.484068
9.152768,-96.484065
9.172786,-96.484062
9.193706,-96.484059
9.213693,-96.484056
9.233791,-96.484052
9.253658,-96.484049
9.273690,-96.484046
9.293670,-96.484043
9.313577,-96.484040
9.333660,-96.484036
9.353649,-96.484033
9.373605,-96.484030
9.393667,-96.484027
9.413589,-96.484024
9.433698,-96.484021
9.453562,-96.484018
9.473727,-96.484015
9.493543,-96.484011
9.513573,-96.484008
9.533507,-96.484005
9.553508,-96.484002
9.573447,-96.483999
9.593420,-96.483995
9.613498,-96.483992
9.633500,-96.483989
9.653435,-96.483986
9.673457,-96.483983
9.693392,-96.483980
9.713447,-96.483977
9.733657,-96.483973
9.753676,-96.483970
9.773537,-96.483967
9.793573,-96.483964
9.813337,-96.483961
9.833378,-96.483957
9.853484,-96.483954
9.873354,-96.483951
9.893308,-96.483948
9.913284,-96.483945
9.933268,-96.483942
9.953294,-96.483938
9.973202,-96.483935
9.993172,-96.483932
10.013307,-96.483929
10.033238,-96.483925
10.053240,-96.483922
10.073428,-96.483919
10.093141,-96.483915
10.113113,-96.483913
10.133142,-96.483909
10.153072,-96.483906
10.173110,-96.483903
10.193159,-96.483900
10.213177,-96.483896
10.233095,-96.483893
10.253057,-96.483890
10.273002,-96.483886
10.293127,-96.483883
10.313255,-96.483880
10.332993,-96.483877
10.353059,-96.483874
10.373193,-96.483870
10.393853,-96.483867
10.412986,-96.483864
10.432941,-96.483861
10.452877,-96.483857
10.472946,-96.483854
10.492966,-96.483851
10.512945,-96.483847
10.532859,-96.483844
10.552875,-96.483840
10.572976,-96.483837
10.592852,-96.483834
10.612793,-96.483830
10.632815,-96.483827
10.652892,-96.483824
10.673793,-96.483820
10.692749,-96.483817
10.712869,-96.483814
10.732755,-96.483810
10.753847,-96.483807
10.773915,-96.483804
10.793784,-96.483800
10.813719,-96.483797
10.833948,-96.483793
10.853924,-96.483790
10.873718,-96.483787
10.893649,-96.483783
10.913663,-96.483780
10.933609,-96.483776
10.953559,-96.483773
10.973811,-96.483769
10.993615,-96.483766
11.013766,-96.483762
11.033852,-96.483759
11.053530,-96.483756
11.073561,-96.483752
11.093681,-96.483749
11.113506,-96.483745
11.133567,-96.483742
11.153444,-96.483738
11.173440,-96.483735
11.193485,-96.483731
11.213417,-96.483728
11.233444,-96.483724
11.253397,-96.483721
11.273355,-96.483717
11.293503,-96.483714
11.313403,-96.483710
11.333454,-96.483707
11.353408,-96.483703
11.373399,-96.483700
11.393372,-96.483696
11.413416,-96.483693
11.433304,-96.483689
11.453327,-96.483686
11.473283,-96.483682
11.493271,-96.483679
11.513188,-96.483676
11.533270,-96.483672
11.553234,-96.483669
11.573312,-96.483665
11.593196,-96.483662
11.613179,-96.483658
11.633191,-96.483655
11.653204,-96.483651
11.673277,-96.483648
11.693176,-96.483645
11.713212,-96.483641
11.733106,-96.483638
11.753069,-96.483634
11.773037,-96.483631
11.793183,-96.483627
11.813001,-96.483624
11.833021,-96.483620
11.852969,-96.483617
11.873012,-96.483613
11.893018,-96.483610
11.912979,-96.483606
11.932977,-96.483602
11.952942,-96.483599
11.972919,-96.483595
11.993008,-96.483592
12.013141,-96.483588
12.032876,-96.483585
12.052906,-96.483581
12.072915,-96.483577
12.092813,-96.483573
12.112896,-96.483570
12.132853,-96.483566
12.152828,-96.483563
12.173814,-96.483559
12.193097,-96.483556
12.212787,-96.483552
12.232838,-96.483548
12.253788,-96.483545
12.273768,-96.483541
12.293868,-96.483538
12.313778,-96.483534
12.333784,-96.483531
12.353729,-96.483527
12.373633,-96.483523
12.393708,-96.483520
12.413714,-96.483516
12.433621,-96.483512
12.453668,-96.483509
12.473599,-96.483505
12.493549,-96.483502
12.513670,-96.483498
12.533604,-96.483495
12.553671,-96.483491
12.573597,-96.483487
12.593765,-96.483484
12.613471,-96.483480
12.633589,-96.483476
12.653536,-96.483473
12.673517,-96.483469
12.693443,-96.483465
12.713477,-96.483461
12.733493,-96.483458
12.753361,-96.483454
12.773353,-96.483450
12.793437,-96.483447
12.813455,-96.483443
12.833379,-96.483439
12.853412,-96.483436
12.873389,-96.483432
12.893302,-96.483428
12.913304,-96.483424
12.933244,-96.483420
12.953423,-96.483417
12.973282,-96.483413
12.993377,-96.483409
13.013465,-96.483406
13.033265,-96.483402
13.053178,-96.483398
13.073294,-96.483395
13.093324,-96.483391
13.113144,-96.483387
13.133254,-96.483384
13.153185,-96.483380
13.173203,-96.483376
13.193188,-96.483373
13.213185,-96.483369
13.233323,-96.483365
13.253220,-96.483362
13.273149,-96.483358
13.293348,-96.483354
13.313073,-96.483351
13.333021,-96.483347
13.353077,-96.483344
13.373136,-96.483340
13.393115,-96.483337
13.413020,-96.483333
13.432925,-96.483329
13.452940,-96.483326
13.473088,-96.483322
13.493026,-96.483319
13.512981,-96.483315
13.532905,-96.483312
13.552858,-96.483308
13.572882,-96.483305
13.592894,-96.483301
13.612791,-96.483298
13.632892,-96.483294
13.652870,-96.483291
13.672840,-96.483287
13.692896,-96.483284
13.712945,-96.483280
13.732778,-96.483276
13.753770,-96.483273
13.772728,-96.483269
13.793857,-96.483266
13.813663,-96.483262
13.833802,-96.483259
13.853672,-96.483256
13.873650,-96.483252
13.893692,-96.483249
13.913738,-96.483246
13.933625,-96.483242
13.953669,-96.483239
13.973602,-96.483235
13.993587,-96.483232
14.013659,-96.483228
14.033569,-96.483225
14.053977,-96.483222
14.073584,-96.483218
14.093629,-96.483215
14.113526,-96.483212
14.133525,-96.483208
14.153498,-96.483205
14.173501,-96.483201
14.193666,-96.483198
14.213511,-96.483195
14.233489,-96.483191
14.253472,-96.483188
14.273403,-96.483185
14.293752,-96.483181
14.313435,-96.483178
14.333390,-96.483175
14.353642,-96.483171
14.373410,-96.483168
14.393353,-96.483165
14.413358,-96.483161
14.433330,-96.483158
14.453337,-96.483155
14.473372,-96.483152
14.493502,-96.483149
14.513333,-96.483145
14.533333,-96.483142
14.553403,-96.483139
14.573256,-96.483136
14.593308,-96.483133
14.613268,-96.483129
14.633174,-96.483126
14.653207,-96.483123
14.673267,-96.483120
14.693170,-96.483117
14.713204,-96.483114
14.733126,-96.483111
14.753136,-96.483107
14.773142,-96.483104
14.793365,-96.483101
14.813148,-96.483098
14.833149,-96.483095
14.853034,-96.483092
14.873195,-96.483089
14.893325,-96.483086
14.913245,-96.483083
14.933027,-96.483080
14.952989,-96.483077
14.972985,-96.483074
14.992947,-96.483071
15.013142,-96.483068
15.032981,-96.483065
15.053102,-96.483062
15.073006,-96.483059
15.092905,-96.483056
15.112981,-96.483053
15.134016,-96.483050
15.152910,-96.483047
15.172854,-96.483044
15.192969,-96.483041
15.213056,-96.483039
15.232874,-96.483036
15.252823,-96.483033
15.273430,-96.483030
15.293529,-96.483027
15.314407,-96.483025
15.334106,-96.483022
15.353900,-96.483019
15.373806,-96.483016
15.393783,-96.483014
15.413718,-96.483011
15.433732,-96.483008
15.453696,-96.483005
15.473635,-96.483003
15.493601,-96.483000
15.513779,-96.482998
15.533597,-96.482995
15.553878,-96.482992
15.573619,-96.482990
15.593660,-96.482987
15.613645,-96.482984
15.633603,-96.482982
15.653638,-96.482979
15.673591,-96.482977
15.693633,-96.482974
15.713502,-96.482971
15.733473,-96.482969
15.753524,-96.482966
15.773418,-96.482964
15.793474,-96.482961
15.813457,-96.482959
15.833487,-96.482957
15.853433,-96.482954
15.873430,-96.482952
15.893411,-96.482949
15.913466,-96.482947
15.933360,-96.482945
15.953425,-96.482943
15.973341,-96.482940
15.993321,-96.482938
16.013390,-96.482936
16.033342,-96.482933
16.053360,-96.482931
16.073281,-96.482929
16.093284,-96.482927
16.113308,-96.482925
16.133260,-96.482922
16.153314,-96.482920
16.173222,-96.482918
16.193271,-96.482916
16.213158,-96.482914
16.233159,-96.482912
16.253190,-96.482909
16.273287,-96.482907
16.293169,-96.482905
16.313124,-96.482904
16.333117,-96.482902
16.353229,-96.482900
16.373079,-96.482898
16.393460,-96.482895
16.413180,-96.482893
16.433075,-96.482892
16.453008,-96.482890
16.473305,-96.482888
16.493065,-96.482886
16.512971,-96.482884
16.532965,-96.482882
16.553006,-96.482880
16.573033,-96.482878
16.592994,-96.482876
16.612991,-96.482874
16.632936,-96.482873
16.653105,-96.482871
16.672978,-96.482869
16.692953,-96.482867
16.713068,-96.482865
16.732956,-96.482863
16.752917,-96.482862
16.772964,-96.482860
16.794927,-96.482858
16.813829,-96.482857
16.833887,-96.482855
16.853806,-96.482853
16.873713,-96.482851
16.893721,-96.482850
16.913719,-96.482848
16.933709,-96.482847
16.953728,-96.482845
16.973690,-96.482844
16.993797,-96.482842
17.013619,-96.482841
17.033621,-96.482839
17.053621,-96.482838
17.073551,-96.482836
17.093677,-96.482835
17.113698,-96.482833
17.133627,-96.482832
17.153514,-96.482830
17.173564,-96.482829
17.193562,-96.482828
17.213651,-96.482826
17.233451,-96.482825
17.253612,-96.482824
17.273508,-96.482822
17.293482,-96.482821
17.313434,-96.482820
17.333453,-96.482819
17.353422,-96.482817
17.373416,-96.482816
17.393403,-96.482815
17.413377,-96.482814
17.433547,-96.482813
17.453431,-96.482812
17.473400,-96.482810
17.493237,-96.482810
17.513356,-96.482808
17.533289,-96.482807
17.553275,-96.482806
17.573269,-96.482805
17.593351,-96.482804
17.613267,-96.482803
17.633480,-96.482802
17.653201,-96.482801
17.673141,-96.482800
17.693120,-96.482799
17.713163,-96.482798
17.733159,-96.482798
17.753326,-96.482797
17.773127,-96.482796
17.793181,-96.482795
17.813088,-96.482794
17.833078,-96.482793
17.853060,-96.482793
17.873103,-96.482792
17.893034,-96.482791
17.913005,-96.482790
17.933086,-96.482790
17.953000,-96.482789
17.973015,-96.482788
17.993016,-96.482788
18.012995,-96.482787
18.032994,-96.482787
18.053040,-96.482786
18.073006,-96.482785
18.092928,-96.482785
18.112882,-96.482785
18.132894,-96.482784
18.152885,-96.482784
18.173863,-96.482783
18.193826,-96.482783
18.213839,-96.482782
18.233769,-96.482782
18.253835,-96.482781
18.273772,-96.482781
18.293778,-96.482781
18.313750,-96.482780
18.333738,-96.482780
18.353745,-96.482780
18.373732,-96.482780
18.393768,-96.482779
18.413745,-96.482779
18.433728,-96.482779
18.453849,-96.482779
18.473888,-96.482779
18.493668,-96.482778
18.513790,-96.482778
18.533619,-96.482778
18.553586,-96.482778
18.573730,-96.482778
18.593624,-96.482778
18.613618,-96.482778
18.633637,-96.482778
18.653499,-96.482777
18.673547,-96.482777
18.693542,-96.482777
18.713656,-96.482777
18.733549,-96.482777
18.753456,-96.482777
18.773444,-96.482777
18.793471,-96.482777
18.813469,-96.482777
18.833450,-96.482777
18.853468,-96.482777
18.873574,-96.482777
18.893383,-96.482777
18.913313,-96.482777
18.933362,-96.482777
18.953334,-96.482777
18.973347,-96.482777
18.993281,-96.482777
19.013263,-96.482777
19.033386,-96.482777
19.053304,-96.482777
19.073275,-96.482777
19.093296,-96.482777
19.113319,-96.482777
19.133238,-96.482777
19.153191,-96.482777
19.173272,-96.482777
19.193152,-96.482777
19.213229,-96.482777
19.233205,-96.482777
19.253162,-96.482777
19.273151,-96.482777
19.293215,-96.482777
19.313054,-96.482777
19.333046,-96.482777
19.353213,-96.482777
19.373006,-96.482777
19.393007,-96.482777
19.413295,-96.482777
19.433031,-96.482777
19.453146,-96.482777
19.472980,-96.482777
19.492945,-96.482777
19.512955,-96.482777
19.532985,-96.482777
19.553023,-96.482777
19.572939,-96.482777
19.592904,-96.482777
19.612927,-96.482777
19.632834,-96.482777
19.652823,-96.482777
19.673930,-96.482777
19.693925,-96.482777
19.713840,-96.482777
19.733830,-96.482777
19.753829,-96.482777
19.773998,-96.482777
19.793753,-96.482777
19.813746,-96.482777
19.833724,-96.482777
19.853678,-96.482777
19.873693,-96.482777
19.893713,-96.482777
19.913641,-96.482777
19.933685,-96.482777
19.953614,-96.482777
19.973644,-96.482777
19.993689,-96.482777
20.013630,-96.482777
20.033567,-96.482777
20.053597,-96.482777
20.073590,-96.482777
20.093581,-96.482777
20.113645,-96.482777
20.133531,-96.482777
20.153514,-96.482777
20.173561,-96.482777
20.193457,-96.482777
20.213491,-96.482777
20.233421,-96.482777
20.253475,-96.482777
20.273541,-96.482777
20.293470,-96.482777
20.313608,-96.482777
20.333517,-96.482777
20.353448,-96.482777
20.373458,-96.482777
20.393479,-96.482777
20.413360,-96.482777
20.433259,-96.482777
20.453332,-96.482777
20.473364,-96.482777
20.493255,-96.482777
20.513251,-96.482778
20.533547,-96.482778
20.553268,-96.482778
20.573253,-96.482778
20.593183,-96.482778
20.613199,-96.482778
20.633323,-96.482778
20.653145,-96.482778
20.673163,-96.482777
20.693167,-96.482778
20.713120,-96.482778
20.733174,-96.482778
20.753100,-96.482778
20.773065,-96.482778
20.793210,-96.482778
20.813031,-96.482778
20.833068,-96.482778
20.853038,-96.482778
20.873103,-96.482778
20.893039,-96.482778
20.913030,-96.482778
20.932972,-96.482778
20.953132,-96.482778
20.972975,-96.482778
20.992991,-96.482778
21.014278,-96.482778
21.033000,-96.482778
21.052892,-96.482778
21.072909,-96.482778
21.092888,-96.482778
21.113830,-96.482778
21.133857,-96.482778
21.153848,-96.482778
21.173801,-96.482778
21.193872,-96.482778
21.213841,-96.482778
21.233809,-96.482778
21.253785,-96.482778
21.273895,-96.482778
21.293792,-96.482778
21.313736,-96.482778
21.333757,-96.482778
21.353700,-96.482778
21.373681,-96.482778
21.393653,-96.482778
21.413714,-96.482778
21.433672,-96.482778
21.453692,-96.482778
21.473686,-96.482778
21.493651,-96.482778
21.513680,-96.482778
21.533608,-96.482778
21.553662,-96.482778
21.573635,-96.482778
21.593754,-96.482778
21.613625,-96.482778
21.633638,-96.482778
21.653669,-96.482778
21.673538,-96.482778
21.693436,-96.482778
21.713570,-96.482778
21.733463,-96.482778
21.753451,-96.482778
21.773456,-96.482778
21.793536,-96.482778
21.813447,-96.482778
21.833396,-96.482778
21.853432,-96.482778
21.873398,-96.482778
21.893342,-96.482778
21.913434,-96.482778
21.933353,-96.482778
21.953286,-96.482778
21.973313,-96.482778
21.993246,-96.482778
22.013303,-96.482778
22.033378,-96.482778
22.053217,-96.482778
22.073211,-96.482778
22.093333,-96.482778
22.113182,-96.482778
22.133231,-96.482778
22.153132,-96.482778
22.173136,-96.482778
22.193220,-96.482778
22.213114,-96.482778
22.233220,-96.482778
22.253119,-96.482778
22.273140,-96.482778
22.293143,-96.482778
22.313125,-96.482778
22.333008,-96.482778
22.352970,-96.482778
22.373081,-96.482778
22.392976,-96.482778
22.412949,-96.482778
22.432976,-96.482778
22.453079,-96.482778
22.473045,-96.482778
22.492900,-96.482778
22.513921,-96.482778
22.532959,-96.482778
22.552933,-96.482778
22.572873,-96.482778
22.592884,-96.482778
22.613793,-96.482778
22.633857,-96.482778
22.653747,-96.482778
22.673752,-96.482778
22.693769,-96.482778
22.713717,-96.482778
22.733806,-96.482778
22.753694,-96.482778
22.773683,-96.482778
22.793800,-96.482778
22.813656,-96.482778
22.833656,-96.482778
22.853665,-96.482778
22.873733,-96.482778
22.893659,-96.482778
22.913612,-96.482778
22.933676,-96.482778
22.953651,-96.482778
22.973625,-96.482778
22.993589,-96.482778
23.013585,-96.482778
23.033599,-96.482778
23.053720,-96.482778
23.073507,-96.482778
23.093540,-96.482778
23.113489,-96.482778
23.133524,-96.482778
23.153434,-96.482778
23.173463,-96.482778
23.193541,-96.482778
23.213412,-96.482778
23.233426,-96.482778
23.253451,-96.482778
23.273406,-96.482778
23.293467,-96.482778
23.313405,-96.482778
23.333321,-96.482778
23.353395,-96.482778
23.373409,-96.482778
23.393393,-96.482778
23.413352,-96.482778
23.433327,-96.482778
23.453330,-96.482778
23.473376,-96.482778
23.493255,-96.482778
23.513307,-96.482778
23.533193,-96.482778
23.553199,-96.482778
23.573214,-96.482778
23.593195,-96.482778
23.613170,-96.482778
23.633154,-96.482778
23.653134,-96.482778
23.673192,-96.482778
23.693431,-96.482778
23.713078,-96.482778
23.733034,-96.482778
23.753139,-96.482778
23.773109,-96.482778
23.793060,-96.482778
23.813103,-96.482778
23.833101,-96.482778
23.853038,-96.482778
23.873063,-96.482778
23.893046,-96.482778
23.912987,-96.482778
23.932949,-96.482778
