0.274710,-9.794357
0.294580,-10.584664
0.314695,-9.349714
0.334753,-9.997700
0.354932,-9.653150
0.374937,-9.513926
0.394699,-10.677211
0.414916,-10.512719
0.434665,-10.088515
0.454766,-10.872668
0.474731,-9.127561
0.494738,-9.290889
0.514770,-9.342977
0.534539,-8.920918
0.554542,-9.833302
0.574501,-10.474015
0.594381,-9.560550
0.614506,-10.676281
0.634592,-10.768524
0.654708,-9.628450
0.674658,-9.694882
0.694582,-10.098135
0.714592,-9.384062
0.734932,-9.195129
0.754547,-9.820254
0.774462,-9.698311
0.794470,-10.662068
0.814435,-10.333938
0.834602,-10.651764
0.854522,-10.600511
0.874399,-10.778397
0.894444,-10.138853
0.914454,-9.553799
0.934813,-8.961111
0.954444,-8.745218
0.974518,-8.486263
0.994373,-10.067339
1.014646,-10.782520
1.034376,-11.081200
1.054745,-10.516533
1.074398,-9.245939
1.094454,-9.053627
1.114358,-8.473994
1.134322,-10.262856
1.154298,-10.300560
1.174229,-10.227280
1.194225,-9.128290
1.214470,-8.526592
1.234214,-10.504831
1.254255,-10.782813
1.274178,-9.883096
1.294133,-9.337358
1.314208,-9.281087
1.334667,-9.282571
1.354410,-10.025529
1.374339,-9.136894
1.394086,-8.983005
1.414080,-10.902240
1.434212,-11.533607
1.454905,-11.036571
1.474614,-9.969655
1.493994,-8.645159
1.513948,-9.025395
1.533946,-9.749618
1.553926,-10.012961
1.573833,-10.221395
1.594038,-9.569134
1.614119,-8.938743
1.633935,-9.811921
1.654222,-10.661696
1.673967,-9.744487
1.693932,-10.252708
1.713919,-8.045935
1.733871,-9.174412
1.753951,-10.734631
1.773914,-10.213313
1.794039,-9.791435
1.814008,-9.847046
1.833866,-11.348839
1.853817,-9.529587
1.873809,-10.076268
1.893824,-9.741665
1.913986,-10.315336
1.933896,-9.134893
1.954125,-8.806379
1.973979,-9.128332
1.993862,-9.301101
2.013910,-10.044724
2.033845,-8.452366
2.053995,-9.260564
2.073741,-11.001301
2.093934,-10.622749
2.114922,-10.058249
2.133716,-9.500188
2.153738,-8.984603
2.173793,-10.076506
2.194860,-9.160110
2.214779,-9.097278
2.234730,-8.737044
2.254841,-9.654188
2.274742,-9.648227
2.294959,-8.181306
2.314789,-9.556606
2.334903,-10.411584
2.354838,-10.361787
2.374624,-9.987704
2.394886,-10.245332
2.414589,-10.768762
2.434689,-9.348407
2.454755,-9.630628
2.474531,-9.489507
2.494559,-9.994905
2.514551,-9.034944
2.534610,-9.057673
2.554604,-10.371810
2.574597,-9.105182
2.594511,-9.381629
2.614652,-9.876142
2.634828,-8.826058
2.654378,-9.013996
2.674332,-9.461195
2.694322,-9.117602
2.714327,-9.660941
2.734674,-9.278735
2.754242,-9.796379
2.774333,-9.487050
2.794342,-8.482623
2.814420,-9.714540
2.834263,-9.548850
2.854432,-7.668525
2.874474,-10.779776
2.894440,-9.582849
2.914404,-8.325492
2.934401,-11.476209
2.954392,-9.656507
2.974272,-7.179622
2.994304,-11.832955
3.014193,-9.172369
3.034511,-6.520920
3.054693,-12.138535
3.074377,-9.714201
3.094337,-6.882247
3.114329,-12.006718
3.134335,-9.690994
3.154342,-8.054738
3.174551,-10.573964
3.194387,-8.054893
3.214335,-8.837306
3.234390,-10.181371
3.254408,-6.334538
3.274301,-11.739500
3.294237,-8.224503
3.314184,-9.046780
3.334226,-11.210895
3.354305,-7.726940
3.374233,-12.353615
3.394807,-6.899079
3.414215,-10.235422
3.434302,-11.707341
3.454349,-8.243677
3.474419,-12.744260
3.494127,-6.865002
3.514298,-11.358020
3.534286,-10.513767
3.554178,-7.687398
3.574261,-9.697944
3.594120,-7.480462
3.614160,-11.080671
3.634052,-6.881703
3.653839,-10.101868
3.673803,-8.369172
3.693798,-8.547988
3.713887,-10.057002
3.733709,-10.287899
3.753865,-9.411552
3.773886,-10.241348
3.793887,-8.417721
3.813832,-11.650415
3.833853,-7.512181
3.853932,-11.890043
3.874179,-5.990469
3.894114,-11.654166
3.914890,-8.077660
3.934078,-8.324896
3.954030,-11.920901
3.973952,-6.614904
3.993900,-11.600368
4.013939,-10.153693
4.033877,-8.041255
4.054538,-12.836988
4.073767,-9.729057
4.094898,-8.931444
4.114833,-10.120394
4.134836,-11.924333
4.154956,-8.265450
4.174878,-8.477576
4.195044,-11.129802
4.215086,-9.720037
4.234979,-8.556800
4.254942,-9.605501
4.274827,-12.407601
4.294685,-9.436011
4.314780,-6.100328
4.334805,-10.246128
4.354872,-11.844550
4.374650,-9.051420
4.394675,-6.578567
4.414675,-10.016377
4.435316,-12.314630
4.454572,-11.089146
4.474622,-8.774189
4.494571,-8.834402
4.514869,-11.461582
4.534704,-11.768563
4.554675,-8.489450
4.574513,-5.912006
4.594548,-10.186451
4.614754,-11.970768
4.634488,-11.903334
4.654473,-11.189469
4.674811,-8.331458
4.694612,-8.304158
4.714478,-8.224381
4.734519,-10.227210
4.754446,-12.519557
4.774445,-11.276362
4.794427,-8.200675
4.814378,-9.439120
4.834402,-6.520480
4.854670,-9.666539
4.874513,-11.472867
4.894580,-11.752407
4.914298,-11.501502
4.934383,-9.746235
4.954535,-9.565493
4.974243,-7.063493
4.994316,-8.227918
5.014331,-8.189192
5.034920,-8.911969
5.054276,-11.249996
5.074300,-11.340251
5.094116,-13.719836
5.114074,-12.158151
5.133999,-10.951255
5.154101,-11.190133
5.174285,-9.536141
5.194241,-10.414977
5.213916,-7.601764
5.233913,-9.255960
5.253942,-8.400320
5.273856,-9.873370
5.293898,-10.294055
5.313982,-10.326550
5.333957,-10.573710
5.353942,-10.799449
5.374033,-10.930463
5.393938,-11.865800
5.413975,-11.838877
5.433998,-11.980731
5.453970,-11.271987
5.473947,-11.566289
5.494110,-11.167106
5.513918,-11.434412
5.533769,-11.343686
5.554013,-10.136779
5.573675,-10.919051
5.593706,-8.835495
5.614902,-9.848989
5.634209,-8.123433
5.654008,-8.742140
5.674252,-7.982793
5.695302,-9.091777
5.715372,-9.930955
5.734828,-10.580750
5.754176,-11.159322
5.774728,-12.087542
5.795009,-12.287479
5.815124,-12.817372
5.834779,-12.193289
5.854940,-12.235376
5.874687,-8.921664
5.894507,-7.037071
5.914513,-7.620446
5.934557,-11.198980
5.954494,-12.435414
5.974499,-8.747391
5.994544,-9.195510
6.014521,-13.478808
6.034464,-9.642488
6.054604,-8.138530
6.074402,-10.083022
6.094365,-6.775920
6.114458,-10.810525
6.134501,-8.376014
6.154456,-10.431426
6.174425,-7.175311
6.194531,-10.637471
6.214449,-7.876318
6.234553,-10.476079
6.254498,-8.333009
6.274287,-7.527510
6.295155,-10.103035
6.315066,-8.953928
6.335327,-10.477198
6.354501,-11.221323
6.374301,-11.582309
6.394269,-12.663311
6.414328,-11.590602
6.434344,-10.396253
6.454359,-9.997956
6.474185,-8.459550
6.494313,-8.396496
6.514877,-8.847863
6.535068,-7.289751
6.554664,-6.685953
6.574225,-7.343705
6.594209,-6.916684
6.614065,-6.444621
6.634113,-6.713033
6.654328,-7.530021
6.674134,-8.055175
6.694107,-8.834925
6.714165,-9.422522
6.734145,-10.633146
6.754391,-11.089151
6.774198,-11.891669
6.794067,-12.913843
6.814059,-12.331400
6.834054,-12.325897
6.854061,-12.720213
6.874007,-11.661621
6.893975,-10.285747
6.914055,-10.081663
6.934134,-10.407927
6.954044,-9.867872
6.973955,-11.813902
6.993983,-10.403115
7.013999,-9.580959
7.033830,-10.025956
7.053800,-7.846481
7.073773,-8.417540
7.093831,-9.158754
7.113730,-8.449854
7.134047,-9.594290
7.153812,-9.385618
7.174251,-8.258510
7.193822,-9.096277
7.213857,-9.140903
7.234392,-9.137573
7.253958,-11.122636
7.273906,-10.204679
7.293978,-9.580439
7.314923,-10.151466
7.333896,-8.712920
7.357352,-10.293020
7.374808,-11.251711
7.395111,-10.052506
7.415191,-11.080683
7.433830,-9.258252
7.454831,-8.921256
7.474849,-9.911090
7.494768,-9.106839
7.514939,-10.255243
7.534758,-10.297214
7.554854,-9.416719
7.574757,-9.427592
7.594804,-9.517591
7.614870,-9.650158
7.634899,-11.026542
7.654619,-9.465352
7.674560,-9.951562
7.694501,-9.408775
7.714537,-9.629924
7.734773,-10.720243
7.754615,-10.211518
7.774467,-9.819009
7.794471,-9.803442
7.814705,-8.582753
7.834965,-9.271718
7.854731,-10.207488
7.874718,-9.724375
7.894482,-10.571254
7.914582,-9.155546
7.934702,-8.875356
7.954595,-9.647149
7.974511,-9.024416
7.994722,-10.338696
8.014635,-9.705932
8.034595,-9.303867
8.054617,-9.927055
8.074405,-9.114640
8.094617,-9.852082
8.114388,-10.205618
8.134509,-9.237812
8.154469,-9.868516
8.174461,-9.291390
8.194654,-9.793106
8.214421,-10.341368
8.234555,-9.250105
8.254376,-10.065010
8.274555,-9.463655
8.294550,-9.944143
8.314470,-10.729286
8.334453,-9.832521
8.354482,-10.253963
8.374468,-9.779976
8.394446,-9.811586
8.414956,-10.699386
8.434349,-10.202979
8.454226,-9.891750
