0.127521,30.634248
0.147562,30.634248
0.167509,30.634248
0.187581,30.634248
0.207491,30.634248
0.227573,30.634248
0.247523,30.634248
0.267499,30.634248
0.287534,30.634248
0.307947,30.634248
0.327441,30.634248
0.347435,30.634248
0.367425,30.634248
0.387500,30.634248
0.407470,30.634248
0.427464,30.634248
0.447507,30.634248
0.467508,30.634248
0.487459,30.634248
0.507425,30.634248
0.527409,30.634248
0.547628,30.634248
0.567364,30.634248
0.587356,30.634248
0.607364,30.634248
0.627334,30.634248
0.647339,30.634248
0.667284,30.634248
0.687333,30.634248
0.707316,30.634248
0.727211,30.634248
0.747325,30.634248
0.767273,30.634248
0.787245,30.634248
0.807262,30.634248
0.827213,30.634248
0.847219,30.634248
0.867213,30.634248
0.887114,30.634248
0.907288,30.634248
0.927103,30.634248
0.947119,30.634248
0.967567,30.634248
0.987134,30.634248
1.007032,30.634248
1.027034,30.634248
1.047093,30.634248
1.067022,30.634248
1.087021,30.634248
1.107013,30.634248
1.126955,30.634248
1.146958,30.634248
1.167037,30.634248
1.187181,30.634248
1.206943,30.634248
1.226898,30.634248
1.246930,30.634248
1.266847,30.634248
1.286963,30.634248
1.306886,30.634248
1.327878,30.634248
1.346857,30.634248
1.366836,30.634248
1.387150,30.634248
1.406799,30.634247
1.427837,30.634247
1.447837,30.634247
1.467811,30.634247
1.487784,30.634247
1.507751,30.634247
1.527768,30.634247
1.547703,30.634247
1.567724,30.634247
1.587706,30.634247
1.607715,30.634247
1.627702,30.634247
1.647664,30.634247
1.667803,30.634247
1.687639,30.634247
1.707651,30.634247
1.727683,30.634247
1.747827,30.634247
1.767680,30.634247
1.787658,30.634247
1.807666,30.634247
1.827657,30.634247
1.847659,30.634247
1.867636,30.634247
1.887638,30.634247
1.907542,30.634247
1.927487,30.634247
1.947587,30.634247
1.967553,30.634247
1.987602,30.634247
2.007483,30.634247
2.027468,30.634247
2.047549,30.634247
2.067515,30.634247
2.087400,30.634247
2.107403,30.634247
2.127807,30.634247
2.147648,30.634247
2.167459,30.634247
2.187422,30.634248
2.207445,30.634248
2.227428,30.634248
2.247461,30.634248
2.267341,30.634248
2.287389,30.634248
2.307411,30.634248
2.327433,30.634248
2.347513,30.634248
2.367340,30.634248
2.387321,30.634248
2.407362,30.634248
2.427250,30.634248
2.447239,30.634248
2.467214,30.634248
2.487322,30.634248
2.507230,30.634248
2.527305,30.634248
2.547187,30.634248
2.567210,30.634248
2.587151,30.634249
2.607142,30.634249
2.627208,30.634249
2.647193,30.634249
2.667185,30.634249
2.687139,30.634249
2.707203,30.634249
2.727198,30.634249
2.747061,30.634249
2.767138,30.634249
2.787108,30.634250
2.807117,30.634250
2.827140,30.634250
2.847076,30.634250
2.867058,30.634250
2.887154,30.634250
2.907045,30.634250
2.927407,30.634250
2.947062,30.634250
2.967054,30.634250
2.987104,30.634250
3.006967,30.634251
3.026951,30.634251
3.046998,30.634251
3.067001,30.634251
3.087002,30.634251
3.106931,30.634251
3.126876,30.634251
3.146900,30.634251
3.166935,30.634251
3.186843,30.634253
3.207024,30.634253
3.226993,30.634253
3.247838,30.634253
3.266899,30.634253
3.287851,30.634253
3.307784,30.634253
3.327800,30.634253
3.347752,30.634253
3.367725,30.634253
3.387717,30.634255
3.407770,30.634255
3.427708,30.634255
3.447708,30.634255
3.467659,30.634255
3.487774,30.634255
3.507768,30.634255
3.527633,30.634255
3.547652,30.634255
3.567702,30.634255
3.587671,30.634257
3.607558,30.634257
3.627583,30.634257
3.647560,30.634257
3.667614,30.634257
3.687626,30.634257
3.707597,30.634257
3.727546,30.634257
3.747599,30.634257
3.767470,30.634257
3.787538,30.634259
3.807476,30.634259
3.827495,30.634259
3.847446,30.634259
3.867444,30.634259
3.887499,30.634259
3.907600,30.634259
3.927373,30.634259
3.947518,30.634259
3.967487,30.634259
3.987437,30.634259
4.007469,30.634262
4.027431,30.634262
4.047410,30.634262
4.067489,30.634262
4.087298,30.634262
4.107366,30.634262
4.127338,30.634262
4.147354,30.634262
4.167305,30.634262
4.187299,30.634262
4.207287,30.634265
4.227226,30.634265
4.247259,30.634265
4.267230,30.634265
4.287284,30.634265
4.307169,30.634265
4.327248,30.634265
4.347205,30.634265
4.367211,30.634265
4.387180,30.634268
4.407166,30.634268
4.427132,30.634268
4.447189,30.634268
4.467116,30.634268
4.487276,30.634268
4.507222,30.634268
4.527242,30.634268
4.547141,30.634268
4.567071,30.634268
4.587211,30.634272
4.607080,30.634272
4.627045,30.634272
4.647115,30.634272
4.667093,30.634272
4.686980,30.634272
4.707025,30.634272
4.727077,30.634272
4.747032,30.634272
4.767034,30.634272
4.786921,30.634275
4.806996,30.634275
4.826886,30.634275
4.846982,30.634275
4.866868,30.634275
4.886900,30.634275
4.906924,30.634275
4.926861,30.634275
4.947919,30.634275
4.967937,30.634275
4.986858,30.634275
5.007867,30.634279
5.027820,30.634279
5.046815,30.634279
5.067867,30.634279
5.087745,30.634279
5.107737,30.634279
5.127888,30.634279
5.147768,30.634279
5.167810,30.634279
5.187906,30.634283
5.207682,30.634283
5.227769,30.634283
5.247723,30.634283
5.267726,30.634283
5.287809,30.634283
5.307696,30.634283
5.327674,30.634283
5.347605,30.634283
5.367633,30.634283
5.387657,30.634287
5.407588,30.634287
5.427644,30.634287
5.447627,30.634287
5.467568,30.634287
5.487602,30.634287
5.507611,30.634287
5.527495,30.634287
5.547539,30.634287
5.567520,30.634287
5.587492,30.634291
5.607512,30.634291
5.627513,30.634291
5.647499,30.634291
5.667379,30.634291
5.687486,30.634291
5.707474,30.634291
5.727530,30.634291
5.747479,30.634291
5.767453,30.634291
5.787446,30.634295
5.807427,30.634295
5.827482,30.634295
5.847393,30.634295
5.867362,30.634295
5.887271,30.634295
5.907333,30.634295
5.927247,30.634295
5.947235,30.634295
5.967206,30.634295
5.987252,30.634295
6.007235,30.634299
6.027261,30.634299
6.047207,30.634299
6.067490,30.634299
6.087281,30.634299
6.107268,30.634299
6.127168,30.634299
6.147140,30.634299
6.167097,30.634299
6.187120,30.634304
6.207071,30.634304
6.227049,30.634304
6.247071,30.634304
6.267080,30.634304
6.287108,30.634304
6.307524,30.634304
6.327050,30.634304
6.347029,30.634304
6.367015,30.634304
6.386932,30.634308
6.407080,30.634308
6.426977,30.634308
6.446916,30.634308
6.466937,30.634308
6.487022,30.634308
6.506906,30.634308
6.527010,30.634308
6.546949,30.634308
6.567983,30.634308
6.587857,30.634313
6.607855,30.634313
6.627791,30.634313
6.646813,30.634313
6.667781,30.634313
6.687823,30.634313
6.707785,30.634313
6.727800,30.634313
6.747710,30.634313
6.767773,30.634313
6.787800,30.634313
6.807737,30.634318
6.827689,30.634318
6.847703,30.634318
6.867707,30.634318
6.887691,30.634318
6.907670,30.634318
6.927754,30.634318
6.947594,30.634318
6.967675,30.634318
6.987689,30.634318
7.007588,30.634318
7.027611,30.634323
7.047553,30.634323
7.067634,30.634323
7.087677,30.634323
7.107659,30.634323
7.127514,30.634323
7.147530,30.634323
7.167566,30.634323
7.187598,30.634329
7.207539,30.634329
7.227528,30.634329
7.248515,30.634329
7.267626,30.634329
7.287472,30.634329
7.307505,30.634329
7.327518,30.634329
7.347437,30.634329
7.367412,30.634329
7.387461,30.634335
7.407509,30.634335
7.427490,30.634335
7.447440,30.634335
7.467467,30.634335
7.487462,30.634335
7.507478,30.634335
7.527394,30.634335
7.547391,30.634335
7.567338,30.634335
7.587390,30.634341
7.607334,30.634341
7.627292,30.634341
7.647260,30.634341
7.667267,30.634341
7.687290,30.634341
7.707305,30.634341
7.727226,30.634341
7.747271,30.634341
7.767308,30.634341
7.787290,30.634347
7.807192,30.634347
7.827248,30.634347
7.847207,30.634347
7.867216,30.634347
7.887147,30.634347
7.907128,30.634347
7.927181,30.634347
7.947126,30.634347
7.967167,30.634347
7.987206,30.634347
8.007159,30.634354
8.027130,30.634354
8.047090,30.634354
8.067180,30.634354
8.087301,30.634354
8.107391,30.634354
8.127103,30.634354
8.147071,30.634354
8.167077,30.634354
8.186980,30.634361
8.207087,30.634361
8.227085,30.634361
8.246971,30.634361
8.266972,30.634361
8.286967,30.634361
8.306930,30.634361
8.326979,30.634361
8.346936,30.634361
8.366964,30.634361
8.386972,30.634368
8.406968,30.634368
8.427865,30.634368
8.447894,30.634368
8.466890,30.634368
8.487912,30.634368
8.506863,30.634368
8.527790,30.634368
8.547778,30.634368
8.567878,30.634368
8.587823,30.634376
8.607841,30.634376
8.627842,30.634376
8.647768,30.634376
8.667794,30.634376
8.687731,30.634376
8.707818,30.634376
8.727734,30.634376
8.747701,30.634376
8.767773,30.634376
8.787965,30.634383
8.807755,30.634383
8.827657,30.634383
8.847643,30.634383
8.867688,30.634383
8.887711,30.634383
8.907638,30.634383
8.927626,30.634383
8.947650,30.634383
8.967617,30.634383
8.987671,30.634383
9.007621,30.634391
9.027746,30.634391
9.047530,30.634391
9.067567,30.634391
9.087635,30.634391
9.107605,30.634391
9.127460,30.634391
9.147468,30.634391
9.167589,30.634391
9.187629,30.634399
9.207545,30.634399
9.227578,30.634399
9.247503,30.634399
9.267491,30.634399
9.287436,30.634399
9.307430,30.634399
9.327520,30.634399
9.347382,30.634399
9.367518,30.634399
9.387366,30.634407
9.407408,30.634407
9.427329,30.634407
9.447251,30.634407
9.467269,30.634407
9.487329,30.634407
9.507293,30.634407
9.527239,30.634407
9.547313,30.634407
9.567330,30.634407
9.587273,30.634407
9.607279,30.634415
9.627213,30.634415
9.647193,30.634415
9.667232,30.634415
9.687167,30.634415
9.707139,30.634415
9.727252,30.634415
