0.214849,741640.936483
0.235135,741640.936409
0.235803,741640.936409
0.254905,741640.936341
0.255801,741640.936341
0.274994,741640.936252
0.275812,741640.936252
0.294208,741640.936246
0.295008,741640.936246
0.314168,741640.936238
0.315252,741640.936238
0.333994,741640.936140
0.334941,741640.936140
0.354022,741640.936150
0.354947,741640.936150
0.374033,741640.938627
0.374937,741640.938627
0.394055,741640.938659
0.394802,741640.938659
0.413963,741640.938617
0.414849,741640.938617
0.433915,741640.938566
0.434852,741640.938566
0.454111,741640.938555
0.454809,741640.938555
0.474050,741640.938529
0.474898,741640.938529
0.493997,741640.938503
0.494821,741640.938503
0.514048,741640.938402
0.514914,741640.938402
0.534071,741640.938343
0.534848,741640.938343
0.554073,741640.938305
0.554898,741640.938305
0.574072,741640.939605
0.574895,741640.939605
0.594004,741640.939526
0.594876,741640.939526
0.613973,741640.939472
0.614984,741640.939472
0.634174,741640.939447
0.635020,741640.939447
0.654054,741640.939429
0.655013,741640.939429
0.674247,741640.939443
0.674997,741640.939443
0.694379,741640.939430
0.695029,741640.939430
0.714186,741640.939355
0.715363,741640.939355
0.734262,741640.939348
0.735101,741640.939348
0.754181,741640.939297
0.755031,741640.939297
0.774199,741640.939310
0.775030,741640.939310
0.794131,741640.938627
0.794944,741640.938627
0.814189,741640.938526
0.815024,741640.938526
0.834255,741640.938489
0.834997,741640.938489
0.854333,741640.938394
0.855128,741640.938394
0.874321,741640.938404
0.874966,741640.938404
0.894202,741640.938381
0.894993,741640.938381
0.914118,741640.938246
0.915400,741640.938246
0.934293,741640.938299
0.935071,741640.938299
0.954073,741640.938207
0.954841,741640.938207
0.973956,741640.938095
0.974825,741640.938095
0.994070,741640.937998
0.994924,741640.937998
1.014159,741640.937919
1.015054,741640.937919
1.034175,741640.937900
1.035033,741640.937900
1.054083,741640.937772
1.054984,741640.937772
1.074109,741640.937725
1.074970,741640.937725
1.094212,741640.937675
1.094949,741640.937675
1.114149,741640.937665
1.115006,741640.937665
1.134178,741640.937581
1.135019,741640.937581
1.154147,741640.937472
1.154972,741640.937472
1.174102,741640.943722
1.174941,741640.943722
1.194102,741640.943744
1.194885,741640.943744
1.214131,741640.943728
1.215002,741640.943728
1.233973,741640.943731
1.234992,741640.943731
1.254049,741640.943667
1.254887,741640.943667
1.274063,741640.943718
1.274909,741640.943718
1.294138,741640.943655
1.294915,741640.943655
1.314068,741640.943686
1.314970,741640.943686
1.334002,741640.943662
1.334879,741640.943662
1.353998,741640.943671
1.354887,741640.943671
1.374067,741640.943546
1.374845,741640.943546
1.393909,741640.943547
1.394888,741640.943547
1.414008,741640.943443
1.414949,741640.943443
1.433949,741640.943400
1.434825,741640.943400
1.454108,741640.943298
1.454903,741640.943298
1.474006,741640.943249
1.474811,741640.943249
1.494061,741640.943218
1.494837,741640.943218
1.514035,741640.943203
1.514901,741640.943203
1.534066,741640.943232
1.534946,741640.943232
1.554029,741640.943305
1.554889,741640.943305
1.574141,741640.958648
1.574886,741640.958648
1.594047,741640.958817
1.594906,741640.958817
1.614163,741640.958975
1.614896,741640.958975
1.634029,741640.959086
1.634870,741640.959086
1.654113,741640.959136
1.654898,741640.959136
1.673971,741640.959248
1.674890,741640.959248
1.693995,741640.959274
1.694851,741640.959274
1.714010,741640.959375
1.714856,741640.959375
1.734037,741640.959449
1.734820,741640.959449
1.754157,741640.959507
1.754976,741640.959507
1.774132,741640.959630
1.775016,741640.959630
1.794294,741640.968414
1.795242,741640.968414
1.814194,741640.968559
1.815158,741640.968559
1.834246,741640.968709
1.835280,741640.968709
1.854265,741640.968870
1.855165,741640.968870
1.874261,741640.969043
1.875105,741640.969043
1.894462,741640.969191
1.895168,741640.969191
1.914469,741640.969432
1.915164,741640.969432
1.934785,741640.969659
1.935738,741640.969659
1.954791,741640.969810
1.955355,741640.969810
1.974240,741640.962999
1.975011,741640.962999
1.994040,741640.963143
1.994950,741640.963143
2.014225,741640.963249
2.015014,741640.963249
2.034193,741640.963298
2.034971,741640.963298
2.054228,741640.963426
2.054962,741640.963426
2.074106,741640.963541
2.074962,741640.963541
2.094113,741640.963714
2.094959,741640.963714
2.114188,741640.963810
2.114939,741640.963810
2.134028,741640.963932
2.135014,741640.963932
2.154150,741640.964078
2.154922,741640.964078
2.174233,741640.953887
2.174898,741640.953887
2.194088,741640.953909
2.195356,741640.953909
2.214223,741640.953917
2.215023,741640.953917
2.234119,741640.953862
2.234915,741640.953862
2.254238,741640.953844
2.255063,741640.953844
2.274049,741640.953827
2.275071,741640.953827
2.294295,741640.953722
2.295130,741640.953722
2.314089,741640.953661
2.314950,741640.953661
2.334259,741640.953662
2.335001,741640.953662
2.354007,741640.953544
2.354955,741640.953544
2.374015,741640.968217
2.374892,741640.968217
2.393945,741640.968292
2.394910,741640.968292
2.413932,741640.968452
2.414840,741640.968452
2.433975,741640.968511
2.434802,741640.968511
2.453928,741640.968683
2.454803,741640.968683
2.474058,741640.968888
2.474910,741640.968888
2.493857,741640.969049
2.494844,741640.969049
2.513967,741640.969126
2.515003,741640.969126
2.534186,741640.969210
2.535013,741640.969210
2.554165,741640.969302
2.554911,741640.969302
2.574202,741640.960551
2.574952,741640.960551
2.594219,741640.960507
2.594968,741640.960507
2.614062,741640.960518
2.614983,741640.960518
2.634000,741640.960535
2.634961,741640.960535
2.654229,741640.960615
2.654989,741640.960615
2.673997,741640.960782
2.674871,741640.960782
2.693980,741640.960860
2.694878,741640.960860
2.714080,741640.961005
2.714828,741640.961005
2.734116,741640.961150
2.734880,741640.961150
2.754119,741640.961268
2.754904,741640.961268
2.774060,741640.961369
2.774977,741640.961369
2.794014,741640.962774
2.794892,741640.962774
2.813968,741640.962807
2.814839,741640.962807
2.834029,741640.962904
2.834949,741640.962904
2.854014,741640.962824
2.854953,741640.962824
2.874052,741640.962754
2.874865,741640.962754
2.894186,741640.962624
2.894887,741640.962624
2.914153,741640.962570
2.915080,741640.962570
2.934139,741640.962426
2.934989,741640.962426
2.954125,741640.962282
2.954964,741640.962282
2.974224,741640.966945
2.974928,741640.966945
2.994135,741640.966931
2.994969,741640.966931
3.014277,741640.966895
3.015083,741640.966895
3.034095,741640.966867
3.035072,741640.966867
3.053999,741640.966807
3.054987,741640.966807
3.074064,741640.966837
3.074999,741640.966837
3.094215,741640.966773
3.095038,741640.966773
3.114034,741640.966833
3.115035,741640.966833
3.134115,741640.966860
3.134916,741640.966860
3.154178,741640.966847
3.155012,741640.966847
3.174076,741640.963315
3.174859,741640.963315
3.194066,741640.963321
3.194927,741640.963321
3.214047,741640.963342
3.214866,741640.963342
3.233918,741640.963491
3.234904,741640.963491
3.254049,741640.963667
3.254888,741640.963667
3.273988,741640.963933
3.274851,741640.963933
3.293976,741640.964071
3.294852,741640.964071
3.314228,741640.964318
3.314877,741640.964318
3.334197,741640.964449
3.334977,741640.964449
3.354320,741640.964566
3.355063,741640.964566
3.374000,741640.966328
3.375074,741640.966328
3.394107,741640.966259
3.395046,741640.966259
3.414356,741640.966074
3.415093,741640.966074
3.434150,741640.965905
3.435026,741640.965905
3.454191,741640.965665
3.454980,741640.965665
3.474133,741640.965342
3.475026,741640.965342
3.494293,741640.965050
3.495160,741640.965050
3.513979,741640.964910
3.515027,741640.964910
3.534214,741640.964707
3.535065,741640.964707
3.554101,741640.964449
3.555025,741640.964449
3.574282,741640.967069
3.575032,741640.967069
3.594061,741640.966878
3.594983,741640.966878
3.613993,741640.966813
3.614963,741640.966813
3.634011,741640.966813
3.634932,741640.966813
3.654042,741640.966895
3.654908,741640.966895
3.674046,741640.966970
3.674853,741640.966970
3.693869,741640.967124
3.694825,741640.967124
3.713909,741640.967264
3.714866,741640.967264
3.734078,741640.967557
3.734909,741640.967557
3.753945,741640.967709
3.754915,741640.967709
3.774001,741640.968006
3.774818,741640.968006
3.793943,741640.968318
3.794814,741640.968318
3.813875,741640.969478
3.814851,741640.969478
3.834119,741640.969785
3.834849,741640.969785
3.854045,741640.970106
3.854887,741640.970106
3.874034,741640.970397
3.874911,741640.970397
3.894142,741640.970708
3.894932,741640.970708
3.914062,741640.970963
3.914903,741640.970963
3.934130,741640.971097
3.934887,741640.971097
3.954102,741640.971318
3.954989,741640.971318
3.974217,741640.976692
3.975133,741640.976692
3.994273,741640.976780
3.995052,741640.976780
4.014135,741640.976835
4.015048,741640.976835
4.034057,741640.976832
4.034978,741640.976832
4.054296,741640.976725
4.054964,741640.976725
4.074017,741640.976621
4.075109,741640.976621
4.094073,741640.976505
4.095016,741640.976505
4.114271,741640.976379
4.115044,741640.976379
4.134299,741640.976244
4.135026,741640.976244
4.154082,741640.976160
4.154970,741640.976160
4.174128,741640.980766
4.174965,741640.980766
4.194199,741640.980727
4.195044,741640.980727
4.214352,741640.980642
4.215106,741640.980642
4.234222,741640.980546
4.235129,741640.980546
4.254161,741640.980603
4.255029,741640.980603
4.274173,741640.980585
4.275155,741640.980585
4.294343,741640.980505
4.295044,741640.980505
4.314273,741640.980522
4.314957,741640.980522
4.334172,741640.980601
4.335072,741640.980601
4.353931,741640.980724
4.354858,741640.980724
4.374009,741640.979107
4.374834,741640.979107
4.394052,741640.979284
4.394869,741640.979284
4.414257,741640.979367
4.414900,741640.979367
4.433972,741640.979564
4.434853,741640.979564
4.453910,741640.979708
4.454893,741640.979708
4.474057,741640.979902
4.474873,741640.979902
4.493882,741640.980057
4.494848,741640.980057
4.514095,741640.980226
4.514861,741640.980226
4.533925,741640.980256
4.534921,741640.980256
4.554054,741640.980410
4.554985,741640.980410
4.574084,741640.983492
4.574954,741640.983492
4.594001,741640.983442
4.594883,741640.983442
4.614087,741640.983518
4.614850,741640.983518
4.633950,741640.983469
4.634869,741640.983469
4.653960,741640.983456
4.654930,741640.983456
4.674135,741640.983419
4.674914,741640.983419
4.694142,741640.983301
4.694858,741640.983301
4.714270,741640.983334
4.714810,741640.983334
4.734064,741640.983301
4.734840,741640.983301
4.753904,741640.983206
4.754930,741640.983206
4.774068,741640.983170
4.774887,741640.983170
4.793953,741640.990229
4.794809,741640.990229
4.814033,741640.990234
4.814848,741640.990234
4.834110,741640.990256
4.834996,741640.990256
4.854264,741640.990220
4.855050,741640.990220
4.874125,741640.990264
4.875095,741640.990264
4.893991,741640.990426
4.895124,741640.990426
4.914260,741640.990401
4.915480,741640.990401
4.934234,741640.990404
4.935046,741640.990404
4.954231,741640.990518
4.955011,741640.990518
4.974194,741640.990155
4.974989,741640.990155
4.994372,741640.990263
4.995012,741640.990263
5.014260,741640.990360
5.015071,741640.990360
5.034292,741640.990482
5.035105,741640.990482
5.054316,741640.990630
5.055095,741640.990630
5.074233,741640.990823
5.075146,741640.990823
5.094140,741640.991009
5.095017,741640.991009
5.114193,741640.991143
5.115088,741640.991143
5.134259,741640.991387
5.134958,741640.991387
5.154234,741640.991454
5.155035,741640.991454
5.174096,741640.982297
5.174933,741640.982297
5.194018,741640.982312
5.194899,741640.982312
5.214046,741640.982232
5.214847,741640.982232
5.233950,741640.982285
5.234869,741640.982285
5.253955,741640.982266
5.254815,741640.982266
5.273947,741640.982196
5.274828,741640.982196
5.293989,741640.982220
5.294833,741640.982220
5.313932,741640.982310
5.314806,741640.982310
5.334010,741640.982259
5.334860,741640.982259
5.353930,741640.982224
5.354826,741640.982224
5.374050,741640.977381
5.374841,741640.977381
5.393956,741640.977341
5.395493,741640.977341
5.414170,741640.977355
5.415106,741640.977355
5.434206,741640.977149
5.435019,741640.977149
5.454129,741640.977076
5.455056,741640.977076
5.474184,741640.976973
5.475097,741640.976973
5.494274,741640.976922
5.495026,741640.976922
5.514256,741640.976802
5.515052,741640.976802
5.534245,741640.976667
5.534958,741640.976667
5.554154,741640.976672
5.555034,741640.976672
5.574212,741640.983031
5.574992,741640.983031
5.594309,741640.982981
5.595119,741640.982981
5.614157,741640.982927
5.615103,741640.982927
5.634107,741640.982926
5.635013,741640.982926
5.654234,741640.982889
5.655100,741640.982889
5.674199,741640.982847
5.675054,741640.982847
5.694311,741640.982832
5.695020,741640.982832
5.714231,741640.982778
5.715088,741640.982778
5.734027,741640.982733
5.734889,741640.982733
5.754129,741640.982672
5.754786,741640.982672
5.774081,741640.982678
5.774805,741640.982678
5.794089,741640.982728
5.794838,741640.982728
5.814065,741640.982658
5.814930,741640.982658
5.834055,741640.982650
5.834833,741640.982650
5.854086,741640.982730
5.854836,741640.982730
5.873999,741640.982801
5.874891,741640.982801
5.894113,741640.982887
5.895021,741640.982887
5.914165,741640.982884
5.914994,741640.982884
5.934084,741640.982950
5.934830,741640.982950
5.954179,741640.982858
5.954914,741640.982858
5.974094,741640.987001
5.975046,741640.987001
5.994074,741640.986953
5.994922,741640.986953
6.014103,741640.986824
6.014915,741640.986824
6.034858,741640.986753
6.036111,741640.986753
6.055182,741640.986652
6.055873,741640.986652
6.074375,741640.986480
6.075241,741640.986480
6.093983,741640.986455
6.094831,741640.986455
6.113996,741640.986292
6.114849,741640.986292
6.133970,741640.986287
6.134875,741640.986287
6.153953,741640.986215
6.154873,741640.986215
6.173955,741640.982781
6.174955,741640.982781
6.194093,741640.982649
6.194878,741640.982649
6.214041,741640.982640
6.214931,741640.982640
6.234014,741640.982565
6.235025,741640.982565
6.254116,741640.982508
6.254955,741640.982508
6.274106,741640.982437
6.274912,741640.982437
6.294096,741640.982328
6.295028,741640.982328
6.314075,741640.982214
6.314991,741640.982214
6.334113,741640.982086
6.335054,741640.982086
6.354205,741640.982040
6.355101,741640.982040
6.374287,741640.980683
6.374909,741640.980683
6.394055,741640.980554
6.395016,741640.980554
6.414223,741640.980532
6.414935,741640.980532
6.433946,741640.980513
6.434871,741640.980513
6.454112,741640.980346
6.454861,741640.980346
6.473952,741640.980311
6.474895,741640.980311
6.493838,741640.980182
6.494864,741640.980182
6.513939,741640.980067
6.514862,741640.980067
6.534194,741640.979982
6.534826,741640.979982
6.554069,741640.979726
6.554925,741640.979726
6.574075,741640.986964
6.574840,741640.986964
6.594150,741640.986720
6.594799,741640.986720
6.614047,741640.986588
6.614787,741640.986588
6.633990,741640.986391
6.634928,741640.986391
6.654066,741640.986181
6.654869,741640.986181
6.674017,741640.986064
6.674848,741640.986064
6.694032,741640.985959
6.694896,741640.985959
6.714166,741640.985880
6.714978,741640.985880
6.734093,741640.985820
6.734895,741640.985820
6.754104,741640.985816
6.754931,741640.985816
6.774275,741640.985774
6.774937,741640.985774
6.794142,741640.985822
6.794974,741640.985822
6.814165,741640.983421
6.814986,741640.983421
6.834094,741640.983394
6.835050,741640.983394
6.854264,741640.983421
6.855021,741640.983421
6.874157,741640.983350
6.874916,741640.983350
6.894161,741640.983280
6.895032,741640.983280
6.914108,741640.983158
6.914939,741640.983158
6.934140,741640.983105
6.934978,741640.983105
6.955028,741640.983019
6.955614,741640.983019
6.975084,741640.985477
6.975470,741640.985477
6.994236,741640.985362
6.995071,741640.985362
7.014013,741640.985229
7.014879,741640.985229
7.034074,741640.985152
7.034980,741640.985152
7.053943,741640.985035
7.054848,741640.985035
7.074083,741640.984870
7.074876,741640.984870
7.094000,741640.984686
7.094852,741640.984686
7.113951,741640.984546
7.114847,741640.984546
7.134162,741640.984402
7.134847,741640.984402
7.154072,741640.984302
7.154821,741640.984302
7.174003,741640.986808
7.174837,741640.986808
7.194034,741640.986734
7.194875,741640.986734
7.214013,741640.986571
7.214919,741640.986571
7.234044,741640.986450
7.234845,741640.986450
7.253975,741640.986336
7.254935,741640.986336
7.273916,741640.986182
7.274889,741640.986182
7.294029,741640.986117
7.294885,741640.986117
7.313933,741640.986071
7.314851,741640.986071
7.334042,741640.985998
7.334891,741640.985998
7.354114,741640.985887
7.354932,741640.985887
7.374000,741640.988227
7.374886,741640.988227
7.393998,741640.988114
7.394868,741640.988114
7.413990,741640.988017
7.414922,741640.988017
7.434152,741640.987992
7.435002,741640.987992
7.453993,741640.987854
7.454987,741640.987854
7.474101,741640.987796
7.474900,741640.987796
7.494137,741640.987665
7.494990,741640.987665
7.514137,741640.987555
7.515053,741640.987555
7.533975,741640.987424
7.534935,741640.987424
7.554089,741640.987300
7.554937,741640.987300
7.574044,741640.987116
7.574942,741640.987116
7.594106,741640.986894
7.594978,741640.986894
7.614159,741640.986745
7.614945,741640.986745
7.633944,741640.986563
7.634876,741640.986563
7.654078,741640.986380
7.654872,741640.986380
7.673957,741640.986258
7.674901,741640.986258
7.694062,741640.986110
7.694878,741640.986110
7.714045,741640.985924
7.714855,741640.985924
7.733985,741640.985746
7.734902,741640.985746
7.753973,741640.985619
