0.177487,741646.377536
0.193655,741646.377780
0.197453,741646.377780
0.213707,741646.378072
0.217598,741646.378072
0.233829,741646.378300
0.237378,741646.378300
0.253770,741646.378593
0.257440,741646.378593
0.273851,741646.378923
0.277447,741646.378923
0.293619,741646.379192
0.297472,741646.379192
0.313643,741646.379465
0.317474,741646.379465
0.333594,741646.364119
0.337365,741646.364119
0.353698,741646.364320
0.357425,741646.364320
0.373655,741646.364548
0.377349,741646.364548
0.393759,741646.364724
0.397460,741646.364724
0.413886,741646.364921
0.417540,741646.364921
0.433805,741646.365106
0.437456,741646.365106
0.453667,741646.365371
0.457354,741646.365371
0.473697,741646.365596
0.477408,741646.365596
0.493667,741646.365891
0.497491,741646.365891
0.513675,741646.352093
0.517555,741646.352093
0.533658,741646.352272
0.537493,741646.352272
0.553651,741646.352420
0.557414,741646.352420
0.573638,741646.352655
0.577522,741646.352655
0.593766,741646.352894
0.597432,741646.352894
0.613684,741646.353029
0.617498,741646.353029
0.633785,741646.353188
0.637433,741646.353188
0.653665,741646.353363
0.657521,741646.353363
0.673702,741646.353480
0.677372,741646.353480
0.693846,741646.353687
0.697538,741646.353687
0.713717,741646.340935
0.717357,741646.340935
0.733757,741646.340937
0.737676,741646.340937
0.753897,741646.341015
0.757448,741646.341015
0.773745,741646.341040
0.777481,741646.341040
0.793782,741646.341083
0.797529,741646.341083
0.813714,741646.341131
0.817433,741646.341131
0.833654,741646.341181
0.837480,741646.341181
0.853734,741646.341291
0.857474,741646.341291
0.873715,741646.341410
0.877605,741646.341410
0.893535,741646.341521
0.897527,741646.341521
0.913726,741646.329964
0.917452,741646.329964
0.933731,741646.330020
0.937542,741646.330020
0.953811,741646.330126
0.957433,741646.330126
0.973791,741646.330150
0.977488,741646.330150
0.993700,741646.330251
0.997532,741646.330251
1.013754,741646.330298
1.017460,741646.330298
1.033721,741646.330439
1.037464,741646.330439
1.053654,741646.330491
1.057448,741646.330491
1.073678,741646.330593
1.077575,741646.330593
1.093708,741646.330672
1.097414,741646.330672
1.113710,741646.324462
1.117406,741646.324462
1.133743,741646.324451
1.137431,741646.324451
1.153678,741646.324461
1.157456,741646.324461
1.173813,741646.324528
1.177370,741646.324528
1.193760,741646.324554
1.197393,741646.324554
1.213750,741646.324538
1.217547,741646.324538
1.233828,741646.324516
1.237497,741646.324516
1.253727,741646.324530
1.257470,741646.324530
1.273750,741646.324651
1.277538,741646.324651
1.293713,741646.324574
1.297443,741646.324574
1.313695,741646.324651
1.317595,741646.324651
1.333778,741646.328047
1.337440,741646.328047
1.353626,741646.328121
1.357401,741646.328121
1.373685,741646.328261
1.377374,741646.328261
1.393739,741646.328445
1.397487,741646.328445
1.413658,741646.328656
1.417658,741646.328656
1.433755,741646.328799
1.437430,741646.328799
1.453670,741646.328947
1.457520,741646.328947
1.473851,741646.329063
1.477397,741646.329063
1.493867,741646.329219
1.497469,741646.329219
1.513580,741646.323908
1.517562,741646.323908
1.533731,741646.324060
1.537474,741646.324060
1.553773,741646.324182
1.557512,741646.324182
1.573778,741646.324333
1.577447,741646.324333
1.593831,741646.324513
1.597398,741646.324513
1.613753,741646.324783
1.617422,741646.324783
1.633784,741646.324970
1.637459,741646.324970
1.654712,741646.325088
1.657420,741646.325088
1.673613,741646.325253
1.677411,741646.325253
1.693614,741646.325335
1.697508,741646.325335
1.713831,741646.319577
1.717496,741646.319577
1.733673,741646.319506
1.737397,741646.319506
1.753787,741646.319466
1.757503,741646.319466
1.773742,741646.319504
1.777592,741646.319504
1.793801,741646.319533
1.797403,741646.319533
1.813776,741646.319614
1.817431,741646.319614
1.833632,741646.319694
1.837505,741646.319694
1.853660,741646.319818
1.857370,741646.319818
1.873734,741646.319835
1.877472,741646.319835
1.893601,741646.319956
1.897334,741646.319956
1.913780,741646.305889
1.917595,741646.305889
1.933693,741646.305845
1.937465,741646.305845
1.953744,741646.305854
1.957418,741646.305854
1.973763,741646.305819
1.977557,741646.305819
1.993696,741646.305692
1.997475,741646.305692
2.013679,741646.305577
2.017503,741646.305577
2.033648,741646.305448
2.037559,741646.305448
2.053723,741646.305324
2.057447,741646.305324
2.073822,741646.305262
2.077523,741646.305262
2.093690,741646.305190
2.097414,741646.305190
2.113728,741646.298796
2.117431,741646.298796
2.133677,741646.298733
2.137504,741646.298733
2.153699,741646.298718
2.157504,741646.298718
2.173732,741646.298688
2.177494,741646.298688
2.193690,741646.298649
2.197473,741646.298649
2.213628,741646.298736
2.217726,741646.298736
2.233600,741646.298800
2.237514,741646.298800
2.253787,741646.298768
2.257442,741646.298768
2.273716,741646.298789
2.277401,741646.298789
2.293780,741646.298854
2.297441,741646.298854
2.313749,741646.298914
2.317540,741646.298914
2.333735,741646.296330
2.337893,741646.296330
2.353851,741646.296438
2.357583,741646.296438
2.373677,741646.296510
2.377527,741646.296510
2.393843,741646.296659
2.397381,741646.296659
2.413734,741646.296761
2.417467,741646.296761
2.433751,741646.296847
2.437527,741646.296847
2.453721,741646.296933
2.457391,741646.296933
2.473661,741646.297009
2.477409,741646.297009
2.493650,741646.300297
2.497434,741646.300297
2.513824,741646.300298
2.517421,741646.300298
2.533709,741646.300315
2.537467,741646.300315
2.553671,741646.300199
2.557475,741646.300199
2.573788,741646.300080
2.577372,741646.300080
2.593837,741646.299915
2.597427,741646.299915
2.613760,741646.299769
2.617499,741646.299769
2.633799,741646.299553
2.637434,741646.299553
2.653755,741646.299418
2.657348,741646.299418
2.673781,741646.299190
2.677505,741646.299190
2.693675,741646.296358
2.697429,741646.296358
2.713894,741646.296240
2.717406,741646.296240
2.733723,741646.296039
2.737482,741646.296039
2.753727,741646.295812
2.757567,741646.295812
2.773712,741646.295615
2.777596,741646.295615
2.793740,741646.295306
2.797463,741646.295306
2.813614,741646.295043
2.817448,741646.295043
2.833762,741646.294754
2.837500,741646.294754
2.853645,741646.294457
2.857441,741646.294457
2.873908,741646.294279
2.877458,741646.294279
2.893731,741646.294087
2.897528,741646.294087
2.913663,741646.274850
2.917503,741646.274850
2.933764,741646.274464
2.937413,741646.274464
2.953620,741646.274210
2.957438,741646.274210
2.973639,741646.274096
2.977466,741646.274096
2.993855,741646.273853
2.997493,741646.273853
3.013698,741646.273726
3.017437,741646.273726
3.033733,741646.273485
3.037740,741646.273485
3.053746,741646.273133
3.057459,741646.273133
3.073824,741646.272840
3.077398,741646.272840
3.093688,741646.252577
3.097470,741646.252577
3.113755,741646.252062
3.117463,741646.252062
3.133749,741646.251509
3.137569,741646.251509
3.153739,741646.250892
3.157422,741646.250892
3.173768,741646.250372
3.177551,741646.250372
3.193745,741646.249739
3.197370,741646.249739
3.213820,741646.249167
3.217489,741646.249167
3.233771,741646.248667
3.237654,741646.248667
3.253740,741646.247942
3.258160,741646.247942
3.273697,741646.247307
3.277460,741646.247307
3.293586,741646.246708
3.297411,741646.246708
3.313697,741646.252573
3.317463,741646.252573
3.333695,741646.251994
3.337520,741646.251994
3.353688,741646.251446
3.357410,741646.251446
3.373744,741646.250832
3.377454,741646.250832
3.393755,741646.250240
3.397525,741646.250240
3.413818,741646.249616
3.417457,741646.249616
3.433733,741646.248948
3.437534,741646.248948
3.453761,741646.248199
3.457439,741646.248199
3.473855,741646.247533
3.477469,741646.247533
3.493632,741646.249599
3.497475,741646.249599
3.513850,741646.249027
3.517455,741646.249027
3.533814,741646.248425
3.537443,741646.248425
3.553703,741646.247757
3.557389,741646.247757
3.573723,741646.247196
3.577383,741646.247196
3.593773,741646.246475
3.597563,741646.246475
3.613650,741646.245847
3.617485,741646.245847
3.633670,741646.245106
3.637485,741646.245106
3.653726,741646.244454
3.657396,741646.244454
3.673699,741646.243684
3.677378,741646.243684
3.693562,741646.242754
3.697481,741646.242754
3.713741,741646.242004
3.717429,741646.242004
3.733865,741646.241380
3.737405,741646.241380
3.753704,741646.240614
3.757362,741646.240614
3.773797,741646.240135
3.777409,741646.240135
3.793763,741646.239506
3.797410,741646.239506
3.813753,741646.238956
3.817578,741646.238956
3.833670,741646.238459
3.837461,741646.238459
3.853635,741646.238044
3.857391,741646.238044
3.873625,741646.237504
3.877472,741646.237504
3.893706,741646.234087
3.897505,741646.234087
3.913559,741646.233585
3.917468,741646.233585
3.933699,741646.233102
3.937480,741646.233102
3.953749,741646.232600
3.957444,741646.232600
3.973659,741646.232050
3.977339,741646.232050
3.993752,741646.231470
3.997429,741646.231470
4.013733,741646.230729
4.017344,741646.230729
4.033754,741646.230011
4.037484,741646.230011
4.053802,741646.229182
4.057520,741646.229182
4.073652,741646.228349
4.077302,741646.228349
4.093699,741646.227448
4.097470,741646.227448
4.113670,741646.221549
4.117491,741646.221549
4.133685,741646.220572
4.137365,741646.220572
4.153702,741646.219517
4.157441,741646.219517
4.173681,741646.218557
4.177473,741646.218557
4.193685,741646.217457
4.197564,741646.217457
4.213741,741646.216486
4.217526,741646.216486
4.233769,741646.215543
4.237429,741646.215543
4.253636,741646.214688
4.257455,741646.214688
4.273753,741646.213790
4.277569,741646.213790
4.293738,741646.213055
4.297405,741646.213055
4.313701,741646.212243
4.317570,741646.212243
4.333643,741646.206119
4.337516,741646.206119
4.353681,741646.205366
4.357453,741646.205366
4.373653,741646.204643
4.377417,741646.204643
4.393676,741646.203911
4.397388,741646.203911
4.413716,741646.203088
4.417381,741646.203088
4.435598,741646.202256
4.437390,741646.202256
4.453675,741646.201311
4.457359,741646.201311
4.473857,741646.200396
4.477415,741646.200396
4.493707,741646.199318
4.497456,741646.199318
4.513637,741646.190255
4.517447,741646.190255
4.533683,741646.189056
4.537483,741646.189056
4.553756,741646.187762
4.557436,741646.187762
4.573660,741646.186638
4.577422,741646.186638
4.593723,741646.185393
4.597495,741646.185393
4.613673,741646.184204
4.617519,741646.184204
4.633815,741646.183138
4.637517,741646.183138
4.653652,741646.181886
4.657384,741646.181886
4.673697,741646.180704
4.677484,741646.180704
4.693695,741646.179420
4.697500,741646.179420
4.713669,741646.183989
4.717405,741646.183989
4.733710,741646.182801
4.737575,741646.182801
4.753830,741646.181498
4.757511,741646.181498
4.773682,741646.180161
4.777447,741646.180161
4.793868,741646.178832
4.797371,741646.178832
4.813694,741646.177357
4.817472,741646.177357
4.833787,741646.176003
4.837425,741646.176003
4.853761,741646.174661
4.857407,741646.174661
4.873692,741646.173301
4.877515,741646.173301
4.893690,741646.171906
4.897552,741646.171906
4.913761,741646.171547
4.917529,741646.171547
4.933745,741646.170303
4.937567,741646.170303
4.953798,741646.169029
4.957765,741646.169029
4.973691,741646.167804
4.977504,741646.167804
4.993663,741646.166713
4.997364,741646.166713
5.013756,741646.165518
5.017639,741646.165518
5.033750,741646.164468
5.037526,741646.164468
5.053670,741646.163346
5.057413,741646.163346
5.073699,741646.162175
5.077504,741646.162175
5.093789,741646.161077
5.097493,741646.161077
5.113723,741646.149940
5.117544,741646.149940
5.133675,741646.148719
5.137309,741646.148719
5.153692,741646.147462
5.157376,741646.147462
5.173663,741646.146105
5.177465,741646.146105
5.193659,741646.144714
5.197463,741646.144714
5.213628,741646.143477
5.217434,741646.143477
5.233773,741646.142186
5.237413,741646.142186
5.253744,741646.140938
5.257422,741646.140938
5.273751,741646.139617
5.277412,741646.139617
5.293744,741646.138279
5.297416,741646.138279
5.313693,741646.136968
5.317559,741646.136968
5.333754,741646.132429
5.337350,741646.132429
5.353750,741646.130989
5.357478,741646.130989
5.373663,741646.129436
5.377474,741646.129436
5.393774,741646.127819
5.397575,741646.127819
5.413684,741646.126320
5.417509,741646.126320
5.433812,741646.124662
5.437337,741646.124662
5.453686,741646.122989
5.457319,741646.122989
5.473660,741646.121370
5.477363,741646.121370
5.493901,741646.119727
5.497415,741646.119727
5.513704,741646.113391
5.517415,741646.113391
5.533763,741646.111737
5.537436,741646.111737
5.553870,741646.110027
5.557586,741646.110027
5.573718,741646.108307
5.577539,741646.108307
5.593926,741646.106574
5.597429,741646.106574
5.613652,741646.104984
5.617522,741646.104984
5.633766,741646.103219
5.637451,741646.103219
5.653716,741646.101561
5.657455,741646.101561
5.673714,741646.099845
5.677368,741646.099845
5.693762,741646.087203
5.697468,741646.087203
5.713792,741646.085447
5.717505,741646.085447
5.733745,741646.083504
5.737453,741646.083504
5.753639,741646.081588
5.757430,741646.081588
5.773647,741646.079714
5.777519,741646.079714
5.793823,741646.077906
5.797444,741646.077906
5.813803,741646.076185
5.817547,741646.076185
5.833715,741646.074504
5.837535,741646.074504
5.853677,741646.072809
5.857405,741646.072809
5.873775,741646.071267
5.877407,741646.071267
5.893575,741646.075342
5.897482,741646.075342
5.913765,741646.073853
5.917511,741646.073853
5.933677,741646.072304
5.937555,741646.072304
5.953743,741646.070678
5.957402,741646.070678
5.973751,741646.069131
5.977503,741646.069131
5.993623,741646.067673
5.997327,741646.067673
6.013775,741646.066080
6.017485,741646.066080
6.033836,741646.064550
6.037477,741646.064550
6.053674,741646.062977
6.057381,741646.062977
6.073810,741646.061381
6.077434,741646.061381
6.093677,741646.056501
6.097536,741646.056501
6.113641,741646.055000
6.117446,741646.055000
6.133670,741646.053556
6.137707,741646.053556
6.153701,741646.052041
6.157433,741646.052041
6.173747,741646.050583
6.177414,741646.050583
6.193850,741646.049095
6.197419,741646.049095
6.213754,741646.047354
6.217408,741646.047354
6.233763,741646.045710
6.237485,741646.045710
6.253753,741646.043967
6.257404,741646.043967
6.273654,741646.042056
6.277355,741646.042056
6.293836,741646.040256
6.297442,741646.040256
6.313588,741646.038514
6.317484,741646.038514
6.333754,741646.030914
6.337406,741646.030914
6.353734,741646.029146
6.357371,741646.029146
6.373727,741646.027255
6.377414,741646.027255
6.393867,741646.025407
6.397513,741646.025407
6.413757,741646.023561
6.417381,741646.023561
6.433694,741646.021720
6.437518,741646.021720
6.453796,741646.019846
6.457507,741646.019846
6.473631,741646.017942
6.477431,741646.017942
6.493761,741646.016160
6.497401,741646.016160
6.513754,741646.011557
6.517565,741646.011557
6.533833,741646.009736
6.537569,741646.009736
6.553816,741646.008080
6.557440,741646.008080
6.573579,741646.006244
6.577482,741646.006244
6.593619,741646.004565
6.597390,741646.004565
6.613763,741646.002810
6.617450,741646.002810
6.633855,741646.001024
6.637497,741646.001024
6.653636,741645.999264
6.657386,741645.999264
6.673761,741645.997449
6.677440,741645.997449
6.693785,741645.995577
6.697473,741645.995577
6.713790,741645.975893
6.717484,741645.975893
6.733660,741645.973755
6.737369,741645.973755
6.753669,741645.971682
6.757409,741645.971682
6.773871,741645.969605
6.777494,741645.969605
6.793630,741645.967568
6.797422,741645.967568
6.813809,741645.965619
6.817463,741645.965619
6.833711,741645.963653
6.837503,741645.963653
6.853720,741645.961777
6.857455,741645.961777
6.873783,741645.959738
6.877392,741645.959738
6.893847,741645.957664
6.897312,741645.957664
6.913811,741645.953565
6.917383,741645.953565
6.933850,741645.951374
6.937610,741645.951374
6.953669,741645.949201
6.957504,741645.949201
6.973706,741645.947029
6.977452,741645.947029
6.993881,741645.944790
6.997419,741645.944790
7.013772,741645.942558
7.017442,741645.942558
7.034001,741645.940477
7.037360,741645.940477
7.053701,741645.938351
7.057333,741645.938351
7.073735,741645.936246
7.077358,741645.936246
7.093762,741645.934208
7.097453,741645.934208
7.113825,741645.935223
7.117553,741645.935223
7.133794,741645.933252
7.137479,741645.933252
7.153780,741645.931183
7.157434,741645.931183
7.173721,741645.929093
7.177443,741645.929093
7.193771,741645.927004
7.197385,741645.927004
7.213794,741645.924918
7.217423,741645.924918
7.233752,741645.922896
7.237545,741645.922896
7.253767,741645.920856
7.257686,741645.920856
7.273690,741645.918903
7.277411,741645.918903
7.293664,741645.916873
7.297482,741645.916873
7.313741,741645.914929
7.317577,741645.914929
7.333701,741645.908787
7.337396,741645.908787
7.353730,741645.906872
7.357345,741645.906872
7.373693,741645.904875
7.377376,741645.904875
7.393677,741645.903060
7.397404,741645.903060
7.413737,741645.901154
7.417506,741645.901154
7.433739,741645.899171
7.437495,741645.899171
7.453783,741645.897332
7.457473,741645.897332
7.473685,741645.895390
7.477486,741645.895390
7.493627,741645.893418
7.497460,741645.893418
7.513741,741645.900653
7.517435,741645.900653
7.533691,741645.898808
7.537473,741645.898808
7.553788,741645.896899
7.557595,741645.896899
7.573807,741645.895020
7.577487,741645.895020
7.593599,741645.893094
7.597377,741645.893094
7.613639,741645.891202
7.617547,741645.891202
7.633773,741645.889274
7.637550,741645.889274
7.653663,741645.887329
7.657441,741645.887329
7.673687,741645.885475
7.677531,741645.885475
7.693762,741645.883734
7.697474,741645.883734
7.713816,741645.878661
7.717489,741645.878661
7.733715,741645.876878
7.737421,741645.876878
7.753660,741645.875069
7.757385,741645.875069
7.773700,741645.873337
7.777429,741645.873337
7.793693,741645.871677
7.797545,741645.871677
7.813660,741645.869933
7.817391,741645.869933
7.833841,741645.868235
7.837421,741645.868235
7.853756,741645.866508
7.857461,741645.866508
7.873670,741645.864655
7.877332,741645.864655
7.893831,741645.862978
7.897484,741645.862978
7.913593,741645.850194
7.917496,741645.850194
7.933699,741645.848383
7.937564,741645.848383
7.953763,741645.846554
7.957448,741645.846554
7.973627,741645.844780
7.977483,741645.844780
7.993706,741645.843008
7.997531,741645.843008
8.013805,741645.841043
8.017424,741645.841043
8.033634,741645.839118
8.037543,741645.839118
8.053705,741645.837209
8.057364,741645.837209
8.073688,741645.835246
8.077378,741645.835246
8.093766,741645.833260
8.097466,741645.833260
8.113817,741645.821736
8.117610,741645.821736
8.133596,741645.819812
8.137421,741645.819812
8.153660,741645.817855
8.157396,741645.817855
8.173678,741645.815948
8.177548,741645.815948
8.193758,741645.814081
8.197473,741645.814081
8.213814,741645.812190
8.217510,741645.812190
8.233593,741645.810364
8.237392,741645.810364
8.253609,741645.808482
8.257455,741645.808482
8.273753,741645.806607
8.277446,741645.806607
8.293712,741645.804645
8.297383,741645.804645
8.313766,741645.795114
8.317462,741645.795114
8.333708,741645.792972
8.337381,741645.792972
8.353696,741645.790782
8.357460,741645.790782
8.373740,741645.788772
8.377488,741645.788772
8.393719,741645.786625
8.397515,741645.786625
8.413648,741645.784572
8.417365,741645.784572
8.433721,741645.782452
8.437420,741645.782452
8.453629,741645.780404
8.457340,741645.780404
8.473757,741645.778375
8.477412,741645.778375
8.493671,741645.782354
8.497507,741645.782354
8.513765,741645.780633
8.517421,741645.780633
8.533831,741645.778918
8.537446,741645.778918
8.553735,741645.777309
8.557408,741645.777309
8.573577,741645.775697
8.577426,741645.775697
8.593681,741645.774166
8.597508,741645.774166
8.613750,741645.772544
8.617318,741645.772544
8.633746,741645.770880
8.637396,741645.770880
8.653651,741645.769467
8.657478,741645.769467
8.673660,741645.767866
8.677474,741645.767866
8.693792,741645.758919
8.697319,741645.758919
8.713634,741645.757348
8.717356,741645.757348
8.733755,741645.755670
8.737393,741645.755670
8.753747,741645.754213
8.757537,741645.754213
8.773599,741645.752570
8.777500,741645.752570
8.793807,741645.750870
8.797491,741645.750870
8.813740,741645.749099
8.817438,741645.749099
8.833753,741645.747254
8.837475,741645.747254
8.853779,741645.745215
8.857515,741645.745215
8.873775,741645.743303
8.877424,741645.743303
8.893693,741645.729491
8.897349,741645.729491
8.913781,741645.727414
8.917536,741645.727414
8.933750,741645.725344
8.937443,741645.725344
8.953765,741645.723307
8.957476,741645.723307
8.973697,741645.721340
8.977498,741645.721340
8.993677,741645.719284
8.997383,741645.719284
9.013786,741645.717300
9.017416,741645.717300
9.033753,741645.715386
9.037349,741645.715386
9.053801,741645.713504
9.057470,741645.713504
9.073887,741645.711739
9.077433,741645.711739
9.093688,741645.713589
9.097365,741645.713589
9.113863,741645.711954
9.117653,741645.711954
9.133614,741645.710334
9.137578,741645.710334
9.153679,741645.708628
9.157488,741645.708628
9.173701,741645.706946
9.177458,741645.706946
9.193736,741645.705203
9.197548,741645.705203
9.213692,741645.703304
9.217482,741645.703304
9.233862,741645.701328
9.237384,741645.701328
9.253750,741645.699372
9.257452,741645.699372
9.273916,741645.697345
9.277470,741645.697345
9.293776,741645.695449
9.297477,741645.695449
9.313734,741645.704067
9.317470,741645.704067
9.333735,741645.702224
9.337513,741645.702224
9.353610,741645.700399
9.357370,741645.700399
9.373710,741645.698532
9.377548,741645.698532
9.393838,741645.696677
9.397548,741645.696677
9.413689,741645.694859
9.417334,741645.694859
9.433756,741645.693086
9.437556,741645.693086
9.453577,741645.691269
9.457439,741645.691269
9.473800,741645.689386
9.477452,741645.689386
9.493729,741645.687648
9.497494,741645.687648
9.513707,741645.688109
9.517369,741645.688109
9.533710,741645.686326
9.537573,741645.686326
9.553739,741645.684582
9.557431,741645.684582
9.573715,741645.682797
9.577456,741645.682797
9.593745,741645.681011
9.597372,741645.681011
9.613727,741645.679149
9.617442,741645.679149
9.633736,741645.677342
9.637347,741645.677342
9.653766,741645.675574
9.657375,741645.675574
9.673635,741645.673790
9.677387,741645.673790
9.693656,741645.672106
9.697466,741645.672106
9.713752,741645.666546
9.717551,741645.666546
9.733742,741645.664935
9.737402,741645.664935
9.753775,741645.663401
9.757524,741645.663401
9.773771,741645.661814
9.777456,741645.661814
9.793815,741645.660274
9.797396,741645.660274
9.813802,741645.658808
9.817361,741645.658808
9.833717,741645.657355
9.837441,741645.657355
9.853696,741645.655883
9.857417,741645.655883
9.873850,741645.654402
9.877577,741645.654402
9.893665,741645.652966
9.897567,741645.652966
9.913790,741645.641025
9.917414,741645.641025
9.933790,741645.639452
9.937384,741645.639452
9.953638,741645.637641
9.957557,741645.637641
9.973660,741645.635793
9.977474,741645.635793
9.993686,741645.634108
9.997440,741645.634108
10.013810,741645.632258
10.017451,741645.632258
10.033894,741645.630457
10.037594,741645.630457
10.053754,741645.628730
10.057370,741645.628730
10.073714,741645.626842
10.077559,741645.626842
10.093848,741645.625041
10.097486,741645.625041
10.113632,741645.623279
10.117377,741645.623279
10.133864,741645.621528
10.137452,741645.621528
10.153747,741645.619847
10.157365,741645.619847
10.173665,741645.618246
10.177426,741645.618246
10.193799,741645.616753
10.197468,741645.616753
10.213708,741645.615247
10.217425,741645.615247
10.233748,741645.613795
10.237497,741645.613795
10.253759,741645.612340
10.257374,741645.612340
10.273655,741645.610892
10.277470,741645.610892
10.293695,741645.609415
10.297440,741645.609415
10.313712,741645.607966
10.317406,741645.607966
10.333730,741645.603040
10.337480,741645.603040
10.353772,741645.601373
10.357488,741645.601373
10.373711,741645.599843
10.377465,741645.599843
10.393719,741645.598363
10.397415,741645.598363
10.413638,741645.596718
10.417410,741645.596718
10.433731,741645.595168
10.437544,741645.595168
10.453706,741645.593581
10.457408,741645.593581
10.473619,741645.592065
10.477583,741645.592065
10.493650,741645.590560
10.497474,741645.590560
10.513815,741645.585001
10.517924,741645.585001
10.533856,741645.583548
10.537586,741645.583548
10.553759,741645.582098
10.557371,741645.582098
10.573681,741645.580667
10.577410,741645.580667
10.593797,741645.579249
10.597492,741645.579249
10.613769,741645.577779
10.617537,741645.577779
10.633715,741645.576274
10.637547,741645.576274
10.653765,741645.574748
10.657482,741645.574748
10.673839,741645.573188
10.677423,741645.573188
10.693766,741645.571431
10.697477,741645.571431
10.713778,741645.560061
10.717507,741645.560061
10.733662,741645.558355
10.737457,741645.558355
10.753904,741645.556599
10.757480,741645.556599
10.773689,741645.554872
10.777594,741645.554872
10.793700,741645.553030
10.797564,741645.553030
10.813745,741645.551347
10.817443,741645.551347
10.833715,741645.549678
10.837423,741645.549678
10.853730,741645.547936
10.857412,741645.547936
10.873699,741645.546290
10.877405,741645.546290
10.893636,741645.544482
10.897511,741645.544482
10.913627,741645.528065
10.917627,741645.528065
10.933926,741645.526303
10.937473,741645.526303
10.953688,741645.524460
10.957345,741645.524460
10.973731,741645.522735
10.977383,741645.522735
10.993715,741645.520820
10.997498,741645.520820
11.013865,741645.518953
11.017370,741645.518953
11.033794,741645.517003
11.037320,741645.517003
11.053634,741645.515063
11.057473,741645.515063
11.073794,741645.513151
11.077491,741645.513151
11.093849,741645.511341
11.097420,741645.511341
11.113679,741645.509478
11.117500,741645.509478
11.133650,741645.507435
11.137410,741645.507435
11.153707,741645.505532
11.157444,741645.505532
11.173743,741645.503659
11.177411,741645.503659
11.193781,741645.501840
11.197369,741645.501840
11.213675,741645.499969
11.217533,741645.499969
11.233664,741645.498098
11.237477,741645.498098
11.253796,741645.496333
11.257538,741645.496333
11.273624,741645.494558
11.277454,741645.494558
11.293716,741645.492789
11.297488,741645.492789
11.313731,741645.477033
11.317607,741645.477033
11.333594,741645.474934
11.337399,741645.474934
11.353691,741645.472990
11.357459,741645.472990
11.373744,741645.470799
11.377484,741645.470799
11.393661,741645.468620
11.397327,741645.468620
11.413725,741645.466607
11.417468,741645.466607
11.433725,741645.464483
11.437490,741645.464483
11.453717,741645.462342
11.457416,741645.462342
11.473847,741645.460107
11.477459,741645.460107
11.493761,741645.451308
11.497375,741645.451308
11.513772,741645.449078
11.517523,741645.449078
11.533769,741645.446950
11.537569,741645.446950
11.553756,741645.444860
11.557440,741645.444860
11.573829,741645.442772
11.577464,741645.442772
11.593726,741645.440891
11.597494,741645.440891
11.613644,741645.438939
11.617552,741645.438939
11.633776,741645.437129
11.637425,741645.437129
11.653557,741645.435152
11.657400,741645.435152
11.673740,741645.433142
11.677490,741645.433142
11.693742,741645.419232
11.697467,741645.419232
11.713777,741645.416891
11.717489,741645.416891
11.733799,741645.414536
11.737455,741645.414536
11.753622,741645.412205
11.757372,741645.412205
11.773621,741645.409830
11.777478,741645.409830
11.793678,741645.407506
11.797365,741645.407506
11.813642,741645.404970
11.817400,741645.404970
11.833793,741645.402431
11.837473,741645.402431
11.853668,741645.399998
11.857347,741645.399998
11.873763,741645.397517
