0.229668,0.000000
0.264399,0.000000
0.296603,0.000000
0.329057,0.000000
0.364583,0.000000
0.396287,0.000000
0.424300,0.000000
0.460957,0.000000
0.493279,0.000000
0.527698,0.000000
0.559154,0.000000
0.597696,0.000000
0.633259,0.000000
0.660540,0.000000
0.691951,0.000000
0.724286,0.000000
0.760825,0.000000
0.793155,0.000000
0.825656,0.000000
0.859066,0.000000
0.894577,0.000000
0.922950,0.000000
0.959451,0.000000
0.991888,0.000000
1.024375,0.000000
1.060885,0.000000
1.094216,0.000000
1.128069,0.000000
1.159049,0.000000
1.192425,0.000000
1.222907,0.000000
1.263591,0.000000
1.297863,0.000000
1.330325,0.000000
1.358673,0.000000
1.393111,0.000000
1.426502,0.000000
1.457958,0.000000
1.494416,0.000000
1.526865,0.000000
1.563245,0.000000
1.594582,0.000000
1.628118,0.000000
1.656588,0.000000
1.692903,0.000000
1.725430,0.000000
1.757811,0.000000
1.800639,0.000000
1.828799,0.000000
1.861368,0.000000
1.901703,0.000000
1.924011,0.000000
1.956589,0.000000
1.993040,0.000000
2.029483,0.000000
2.057871,0.000000
2.096318,0.000000
2.132928,0.000000
2.158183,0.000000
2.191564,0.000000
2.230259,0.000000
2.262621,0.000000
2.299142,0.000000
2.333402,0.000000
2.369951,0.000000
2.402420,0.000000
2.435929,0.000000
2.463219,0.000000
2.497824,0.000000
2.534126,0.000000
2.564637,0.000000
2.601155,0.000000
2.666051,0.000000
2.706443,0.000000
2.732711,0.000000
2.763154,0.000000
2.799647,0.000000
2.842108,0.000000
2.872490,0.000000
2.941526,0.000000
2.963651,0.000000
3.000214,0.000000
3.034638,0.000000
3.069121,0.000000
3.105688,0.000000
3.167393,0.000000
3.198937,0.000000
3.233257,0.000000
3.265862,0.000000
3.304259,0.000000
3.334618,0.000000
3.370971,0.000000
3.406490,0.000000
3.440918,0.000000
3.472306,0.000000
3.498677,0.000000
3.535104,0.000000
3.565615,0.000000
3.602005,0.000000
3.638458,0.000000
3.672966,0.000000
3.708298,0.000000
3.733817,0.000000
3.764243,0.000000
3.798697,0.000000
3.835111,0.000000
3.868512,0.000000
3.903161,0.000000
3.942536,0.210000
3.962826,0.210000
3.999360,0.210000
4.035837,0.230000
4.064209,0.230000
4.100788,0.230000
4.130124,0.270000
4.163631,0.270000
4.199921,0.270000
4.232414,0.420000
4.260864,0.420000
4.297235,0.420000
4.331742,0.550000
4.366365,0.550000
4.404672,0.550000
4.437084,0.650000
4.459333,0.650000
4.493895,0.650000
4.528259,0.810000
4.560659,0.810000
4.595020,0.810000
4.631596,0.930000
4.664070,0.930000
4.694495,0.930000
4.728832,1.020000
4.759332,1.020000
4.797846,1.020000
4.832233,1.210000
4.861742,1.210000
4.897311,1.210000
4.932726,1.290000
4.960025,1.290000
4.994419,1.290000
5.030921,1.360000
5.060482,1.360000
5.099949,1.360000
5.132465,1.480000
5.168841,1.480000
5.193147,1.480000
5.227521,1.570000
5.261873,1.570000
5.298532,1.570000
5.330806,1.660000
5.365326,1.660000
5.396729,1.660000
5.436236,1.760000
5.464649,1.760000
5.492943,1.760000
5.529351,1.840000
5.565902,1.840000
5.593187,1.840000
5.629644,1.920000
5.666219,1.920000
5.693556,1.920000
5.730055,2.010000
5.762517,2.010000
5.795048,2.010000
5.829430,2.090000
5.865055,2.090000
5.899425,2.090000
5.932756,2.180000
5.965156,2.180000
5.993467,2.180000
6.027990,2.280000
6.064514,2.280000
6.101009,2.280000
6.143619,2.390000
6.175890,2.390000
6.204320,2.390000
6.234633,2.520000
6.271028,2.520000
6.301450,2.520000
6.340068,2.600000
6.370345,2.600000
6.408857,2.600000
6.441392,2.700000
6.502275,2.700000
6.536712,2.860000
6.572099,2.860000
6.603624,2.860000
6.644042,2.950000
6.702906,2.950000
6.735520,3.040000
6.773833,3.040000
6.800122,3.040000
6.838738,3.130000
6.875209,3.130000
6.907569,3.130000
6.946214,3.260000
7.002819,3.260000
7.039403,3.340000
7.073945,3.340000
7.104261,3.340000
7.142777,3.430000
7.177309,3.430000
7.205962,3.430000
7.237006,3.530000
7.270444,3.530000
7.302933,3.530000
7.335230,3.590000
7.373803,3.590000
7.404249,3.590000
7.442666,3.700000
7.479196,3.700000
7.501423,3.700000
7.536035,3.810000
7.570288,3.810000
7.600877,3.810000
7.641265,3.900000
7.672676,3.900000
7.709076,3.900000
7.736411,3.960000
7.768836,3.960000
7.801330,3.960000
7.833761,4.050000
7.872189,4.050000
7.900532,4.050000
7.938133,4.100000
7.971557,4.100000
8.003983,4.100000
8.036394,4.180000
8.072847,4.180000
8.097210,4.180000
8.135720,4.300000
8.173150,4.300000
8.196655,4.300000
8.230936,4.310000
8.267363,4.310000
8.303885,4.310000
8.336280,4.340000
8.372743,4.340000
8.401113,4.340000
8.430362,4.470000
8.463987,4.470000
8.500271,4.470000
8.530691,4.510000
8.565158,4.510000
8.605819,4.510000
8.636207,4.530000
8.666813,4.530000
8.704150,4.530000
8.729487,4.660000
8.765886,4.660000
8.800280,4.660000
8.830699,4.700000
8.872212,4.700000
8.903651,4.700000
8.930997,4.760000
8.964600,4.760000
9.001087,4.760000
9.031248,4.820000
9.067810,4.820000
9.098419,4.820000
9.130589,4.880000
9.175254,4.880000
9.197557,4.880000
9.229952,4.930000
9.266454,4.930000
9.298809,4.930000
9.331242,4.990000
9.365615,4.990000
9.399153,4.990000
9.434664,5.040000
9.464951,5.040000
9.501532,5.040000
9.534901,5.130000
9.568373,5.130000
9.602881,5.130000
9.633190,5.150000
9.675843,5.150000
9.701167,5.150000
9.730848,5.230000
9.769091,5.230000
9.803470,5.230000
9.840038,5.280000
9.872359,5.280000
9.910818,5.280000
9.975760,5.330000
10.006163,5.330000
10.039574,5.430000
10.077127,5.430000
10.109513,5.430000
10.142036,5.440000
10.180901,5.440000
10.214010,5.440000
10.239174,5.480000
10.271551,5.480000
10.306032,5.480000
10.336526,5.550000
10.379128,5.550000
10.413507,5.550000
10.446898,5.640000
10.476370,5.640000
10.507727,5.640000
10.539227,5.650000
10.573743,5.650000
10.610080,5.650000
10.644558,5.700000
10.681071,5.700000
10.708431,5.700000
10.746913,5.750000
10.772314,5.750000
10.806843,5.750000
10.839290,5.800000
10.875617,5.800000
10.910065,5.800000
10.938411,5.910000
11.007413,5.910000
11.039801,5.870000
11.074322,5.870000
11.110776,5.870000
11.139148,5.940000
11.181777,5.940000
11.211110,5.940000
11.236515,6.050000
11.272956,6.050000
11.307365,6.050000
11.337900,6.030000
11.376300,6.030000
11.408816,6.030000
11.443149,6.060000
11.478691,6.060000
11.505975,6.060000
11.536521,6.170000
11.572867,6.170000
11.609386,6.170000
11.645853,6.140000
11.680280,6.140000
11.705600,6.140000
11.738973,6.180000
11.769371,6.180000
11.803885,6.180000
11.834251,6.280000
11.872782,6.280000
11.909553,6.280000
11.934682,6.240000
11.966053,6.240000
12.002506,6.240000
12.034902,6.320000
12.071342,6.320000
12.103723,6.320000
12.140226,6.390000
12.166667,6.390000
12.209232,6.390000
12.235732,6.370000
12.267897,6.370000
12.300336,6.370000
12.333949,6.420000
12.366341,6.420000
12.405723,6.420000
12.436193,6.470000
12.466502,6.470000
12.501070,6.470000
12.537526,6.450000
12.569895,6.450000
12.602303,6.450000
12.637855,6.470000
12.675451,6.470000
12.704682,6.470000
12.734136,6.570000
12.766414,6.570000
12.801107,6.570000
12.833400,6.550000
12.865836,6.550000
12.908350,6.550000
12.941778,6.540000
12.967238,6.540000
13.005594,6.540000
13.033923,6.630000
13.066571,6.630000
13.103422,6.630000
13.141527,6.650000
13.175795,6.650000
13.202176,6.650000
13.234696,6.700000
13.265100,6.700000
13.305579,6.700000
13.336077,6.760000
13.368387,6.760000
13.405936,6.760000
13.439315,6.710000
13.465508,6.710000
13.502177,6.710000
13.540929,6.810000
13.567032,6.810000
13.603441,6.810000
13.648066,6.850000
13.680646,6.850000
13.744289,6.830000
13.771560,6.830000
13.808435,6.830000
13.842552,6.950000
13.874922,6.950000
13.908291,6.950000
13.944768,6.930000
13.980826,6.930000
14.012662,6.930000
14.041041,6.910000
14.073511,6.910000
14.109872,6.910000
14.150507,7.000000
14.182963,7.000000
14.218458,7.000000
14.245720,7.000000
14.272039,7.000000
14.308581,7.000000
14.341014,7.060000
14.381554,7.060000
14.415918,7.060000
14.448334,7.140000
14.475682,7.140000
14.513153,7.140000
14.547582,7.100000
14.574024,7.100000
14.608371,7.100000
14.644926,7.190000
14.681430,7.190000
14.719867,7.190000
14.752220,7.190000
14.774529,7.190000
14.808949,7.190000
14.843556,7.160000
14.876002,7.160000
14.912221,7.160000
14.948880,7.240000
14.983415,7.240000
15.011641,7.240000
15.042007,7.230000
15.074495,7.230000
15.110929,7.230000
15.146621,7.240000
15.177965,7.240000
15.213274,7.240000
15.273089,7.310000
15.307527,7.310000
15.344438,7.300000
15.373517,7.300000
15.405952,7.300000
15.445313,7.380000
15.481838,7.380000
15.504240,7.380000
15.540594,7.410000
15.573021,7.410000
15.603366,7.410000
15.643913,7.370000
15.674331,7.370000
15.706806,7.370000
15.739217,7.450000
15.771640,7.450000
15.804158,7.450000
15.836462,7.460000
15.875082,7.460000
15.908479,7.460000
15.946034,7.450000
15.976456,7.450000
16.002751,7.450000
16.037232,7.520000
16.069600,7.520000
16.101967,7.520000
16.139530,7.500000
16.178938,7.500000
16.205271,7.500000
16.242697,7.590000
16.272253,7.590000
16.303552,7.590000
16.337968,7.590000
16.371420,7.590000
16.405789,7.590000
16.442283,7.610000
16.474726,7.610000
16.503170,7.610000
16.537622,7.650000
16.572146,7.650000
16.602392,7.650000
16.643031,7.640000
16.677501,7.640000
16.702810,7.640000
16.741477,7.730000
16.772671,7.730000
16.803106,7.730000
16.843573,7.700000
16.881999,7.700000
16.907412,7.700000
16.938947,7.710000
16.974274,7.710000
17.003748,7.710000
17.038554,7.750000
17.072618,7.750000
17.107077,7.750000
17.139415,7.730000
17.177950,7.730000
17.203830,7.730000
17.242742,7.800000
17.273143,7.800000
17.309689,7.800000
17.342070,7.820000
17.374529,7.820000
17.411019,7.820000
17.451572,7.860000
17.478060,7.860000
17.514370,7.860000
17.542834,7.900000
17.577466,7.900000
17.613723,7.900000
17.648145,7.930000
17.686642,7.930000
17.713093,7.930000
17.753502,7.910000
17.781878,7.910000
17.812316,7.910000
17.844764,7.940000
17.883207,7.940000
17.911504,7.940000
17.954193,7.980000
17.981504,7.980000
18.045282,8.030000
18.077648,8.030000
18.114279,8.030000
18.146602,8.070000
18.185134,8.070000
18.215848,8.070000
18.281490,8.060000
18.312744,8.060000
18.347327,8.130000
18.383786,8.130000
18.416329,8.130000
18.445550,8.090000
18.487162,8.090000
18.515511,8.090000
18.545890,8.150000
18.580317,8.150000
18.612618,8.150000
18.647163,8.150000
18.681594,8.150000
18.716140,8.150000
18.748545,8.180000
18.784953,8.180000
18.813266,8.180000
18.845606,8.210000
18.884247,8.210000
18.914630,8.210000
18.946918,8.230000
18.984793,8.230000
19.014210,8.230000
19.042191,8.260000
19.078748,8.260000
19.111098,8.260000
19.141548,8.290000
19.183998,8.290000
19.214414,8.290000
19.240701,8.310000
19.277269,8.310000
19.311688,8.310000
19.342059,8.310000
19.378576,8.310000
19.411989,8.310000
19.440390,8.330000
19.485855,8.330000
19.508068,8.330000
19.540535,8.400000
19.575025,8.400000
19.607580,8.400000
19.638808,8.360000
19.676312,8.360000
19.717140,8.360000
19.740205,8.410000
19.773616,8.410000
19.814181,8.410000
19.840480,8.460000
19.877042,8.460000
19.913643,8.460000
19.946004,8.470000
19.982558,8.470000
20.006682,8.470000
20.038331,8.490000
20.073659,8.490000
20.107958,8.490000
20.138461,8.460000
20.174785,8.460000
20.213365,8.460000
20.240533,8.550000
20.274064,8.550000
20.308511,8.550000
20.340908,8.490000
20.381473,8.490000
20.408752,8.490000
20.448304,8.520000
20.483932,8.520000
20.507077,8.520000
20.539648,8.520000
20.576019,8.520000
20.609457,8.520000
20.639824,8.510000
20.678337,8.510000
20.712807,8.510000
20.742166,8.570000
20.774698,8.570000
20.809104,8.570000
20.841482,8.540000
20.876194,8.540000
20.916456,8.540000
20.940862,8.610000
20.976167,8.610000
21.007581,8.610000
21.039984,8.530000
21.074460,8.530000
21.107900,8.530000
21.149400,8.580000
21.182906,8.580000
21.214197,8.580000
21.254968,8.640000
21.279254,8.640000
21.315750,8.640000
21.344119,8.570000
21.382554,8.570000
21.423266,8.570000
21.453573,8.640000
21.489925,8.640000
21.516738,8.640000
21.546942,8.610000
21.581068,8.610000
21.613600,8.610000
21.650030,8.700000
21.686499,8.700000
21.722948,8.700000
21.747157,8.660000
21.781701,8.660000
21.816200,8.660000
21.850639,8.710000
21.883065,8.710000
21.917724,8.710000
21.954168,8.740000
21.988544,8.740000
22.025074,8.740000
22.047343,8.670000
22.081808,8.670000
22.116331,8.670000
22.152878,8.760000
22.187237,8.760000
22.219759,8.760000
22.255970,8.720000
22.280424,8.720000
22.314908,8.720000
22.351225,8.800000
22.385731,8.800000
22.421213,8.800000
22.454618,8.780000
22.485013,8.780000
22.521506,8.780000
22.548915,8.820000
22.580266,8.820000
22.616744,8.820000
22.647110,8.770000
22.682541,8.770000
22.724187,8.770000
22.754637,8.830000
22.780974,8.830000
22.815454,8.830000
22.847804,8.830000
22.880316,8.830000
22.918780,8.830000
22.955277,8.870000
22.979614,8.870000
23.018148,8.870000
23.046588,8.890000
23.076842,8.890000
23.113291,8.890000
23.147719,8.910000
23.182237,8.910000
23.218650,8.910000
23.251109,8.880000
23.275409,8.880000
23.311850,8.880000
23.346369,8.900000
23.378730,8.900000
23.419515,8.900000
23.451772,8.910000
23.486220,8.910000
23.510486,8.910000
23.547100,8.920000
23.575408,8.920000
23.610811,8.920000
23.644396,8.950000
23.682820,8.950000
23.713217,8.950000
23.745566,8.940000
23.774024,8.940000
23.810418,8.940000
23.842897,9.000000
23.879365,9.000000
23.911792,9.000000
23.954365,8.970000
23.986836,8.970000
24.009056,8.970000
24.043463,9.110000
24.073936,9.110000
24.112330,9.110000
24.146859,9.040000
24.181270,9.040000
24.213725,9.040000
24.249111,9.110000
24.274356,9.110000
24.310736,9.110000
24.345342,9.110000
24.375700,9.110000
24.416459,9.110000
24.449628,9.150000
24.481117,9.150000
24.511440,9.150000
24.544047,9.200000
24.574408,9.200000
24.614900,9.200000
24.646580,9.150000
24.677766,9.150000
24.715155,9.150000
24.742666,9.260000
24.774941,9.260000
24.813534,9.260000
24.845986,9.170000
24.880614,9.170000
24.916952,9.170000
24.951273,9.250000
24.984785,9.250000
25.022614,9.250000
25.048583,9.260000
25.075592,9.260000
25.119484,9.260000
25.149945,9.320000
25.183453,9.320000
25.225795,9.320000
25.255253,9.300000
25.282519,9.300000
25.320217,9.300000
25.350566,9.340000
25.385163,9.340000
25.457906,9.340000
25.486372,9.340000
25.551011,9.350000
25.583518,9.350000
25.616115,9.350000
25.656391,9.370000
25.689278,9.370000
25.720347,9.370000
25.752686,9.370000
25.788216,9.370000
25.814619,9.370000
25.851120,9.390000
25.885532,9.390000
25.916074,9.390000
25.956547,9.360000
25.989027,9.360000
26.025387,9.360000
26.051740,9.370000
26.086174,9.370000
26.114872,9.450000
26.151085,9.450000
26.185730,9.450000
26.216060,9.380000
26.260567,9.380000
26.287105,9.380000
26.315423,9.380000
26.349701,9.420000
26.386263,9.420000
26.418643,9.420000
26.450951,9.440000
26.491556,9.440000
26.526021,9.460000
26.584786,9.460000
26.616115,9.460000
26.651604,9.450000
26.683011,9.450000
26.718520,9.400000
26.757081,9.400000
26.786309,9.400000
26.813609,9.490000
26.850118,9.490000
26.882762,9.490000
26.915028,9.430000
26.954574,9.430000
26.991982,9.430000
27.016363,9.430000
27.054879,9.530000
27.083295,9.530000
27.113726,9.490000
27.150098,9.490000
27.184784,9.490000
27.213965,9.510000
27.248395,9.510000
27.279907,9.510000
27.310322,9.450000
27.344567,9.450000
27.380111,9.450000
27.413688,9.470000
27.448038,9.470000
27.478414,9.470000
27.510762,9.520000
27.547220,9.520000
27.583834,9.520000
27.612009,9.490000
27.646627,9.490000
27.685113,9.490000
27.714466,9.490000
27.746825,9.500000
27.778267,9.500000
27.810603,9.540000
27.845083,9.540000
27.879756,9.540000
27.911987,9.560000
27.952504,9.560000
27.988936,9.560000
28.011348,9.530000
28.047863,9.530000
28.082272,9.530000
28.112795,9.520000
28.149663,9.520000
28.180709,9.520000
28.213098,9.610000
28.246345,9.610000
28.278888,9.610000
28.311226,9.550000
28.345681,9.550000
28.381233,9.550000
28.420820,9.660000
28.453135,9.660000
28.487516,9.660000
28.509775,9.590000
28.546288,9.590000
28.586994,9.590000
28.615251,9.690000
28.645587,9.690000
28.683310,9.690000
28.718524,9.680000
28.746899,9.680000
28.783272,9.680000
28.819863,9.740000
28.848644,9.740000
28.884645,9.740000
28.917043,9.660000
28.955660,9.660000
28.996175,9.660000
29.020374,9.710000
29.048777,9.710000
29.087219,9.710000
29.121711,9.740000
29.152259,9.740000
29.190698,9.740000
29.227083,9.740000
29.292072,9.740000
29.318471,9.790000
29.350724,9.790000
29.385273,9.790000
29.423774,9.750000
29.456208,9.750000
29.488682,9.750000
29.552310,9.830000
29.587800,9.830000
29.622276,9.780000
29.660769,9.780000
29.691092,9.780000
29.725552,9.800000
29.757021,9.800000
29.786269,9.800000
29.827878,9.790000
29.851117,9.790000
29.889667,9.790000
29.926388,9.840000
29.956686,9.840000
29.995108,9.840000
30.049763,9.840000
30.088357,9.840000
30.121883,9.890000
30.163274,9.890000
30.193711,9.890000
30.226126,9.890000
30.259624,9.890000
30.293006,9.890000
30.319511,9.870000
30.353837,9.870000
30.388167,9.870000
30.422662,9.910000
30.453035,9.910000
30.494610,9.910000
30.550884,9.890000
30.587034,9.890000
30.621344,9.980000
30.651652,9.980000
30.690220,9.980000
30.719574,9.920000
30.759275,9.920000
30.785540,9.920000
30.817979,10.040000
30.848362,10.040000
30.884829,10.040000
30.919429,9.980000
30.951656,9.980000
30.989353,9.980000
31.016537,10.050000
31.046901,10.050000
31.081372,10.050000
31.116049,9.960000
31.154468,9.960000
31.186829,9.960000
31.225239,10.050000
31.249505,10.050000
31.282001,10.050000
31.314387,10.010000
31.348918,10.010000
31.385393,10.010000
31.417847,10.090000
31.453273,10.090000
31.490724,10.090000
31.515136,10.020000
31.545516,10.020000
31.582026,10.020000
31.616462,10.090000
31.646952,10.090000
31.692576,10.090000
31.725981,10.020000
31.746239,10.020000
31.782532,10.020000
31.815126,10.140000
31.845433,10.140000
31.881937,10.140000
31.917348,10.070000
31.951272,10.070000
31.993489,10.070000
32.017748,10.140000
32.046136,10.140000
32.082511,10.140000
32.115030,10.090000
32.148468,10.090000
32.192064,10.090000
32.222449,10.170000
32.253899,10.170000
32.283283,10.170000
32.315714,10.100000
32.352138,10.100000
32.382537,10.100000
32.417136,10.180000
32.455855,10.180000
32.482970,10.180000
32.526608,10.170000
32.548804,10.170000
32.581230,10.170000
32.619962,10.200000
32.652166,10.200000
32.692720,10.200000
32.723138,10.180000
32.762658,10.180000
32.785951,10.180000
32.854954,10.230000
32.889275,10.230000
32.925780,10.170000
32.964332,10.170000
32.996693,10.170000
33.059512,10.260000
33.085841,10.260000
33.122317,10.160000
33.158871,10.160000
33.187238,10.160000
33.231714,10.300000
33.324861,10.250000
33.357362,10.250000
33.387757,10.250000
33.422328,10.360000
33.464862,10.360000
33.493242,10.360000
33.531654,10.270000
33.558165,10.270000
33.588453,10.270000
33.621856,10.320000
33.660392,10.320000
33.689679,10.320000
33.728164,10.270000
33.764789,10.270000
33.790051,10.270000
33.827632,10.310000
33.860112,10.310000
33.890396,10.310000
33.926976,10.330000
33.959411,10.330000
33.991829,10.330000
34.031324,10.380000
34.062639,10.380000
34.086989,10.380000
34.123473,10.390000
34.155932,10.390000
34.189389,10.390000
34.226861,10.430000
34.265496,10.430000
34.292791,10.430000
34.322044,10.380000
34.354527,10.380000
34.386936,10.380000
34.425421,10.380000
34.459820,10.380000
34.490170,10.380000
34.522657,10.400000
34.553110,10.400000
34.587507,10.400000
34.619970,10.380000
34.652224,10.380000
34.684763,10.380000
34.721231,10.430000
34.761881,10.430000
34.786108,10.430000
34.820503,10.460000
34.852985,10.460000
34.883342,10.460000
34.919837,10.400000
34.958144,10.400000
34.984538,10.400000
35.017060,10.460000
35.051405,10.460000
35.081665,10.460000
35.118363,10.440000
35.152622,10.440000
35.183059,10.440000
35.226626,10.500000
35.251954,10.500000
35.284312,10.500000
35.320819,10.460000
35.351138,10.460000
35.383632,10.460000
35.418141,10.560000
35.456724,10.560000
35.488122,10.560000
35.517474,10.490000
35.551829,10.490000
35.584261,10.490000
35.618768,10.550000
35.653282,10.550000
35.687592,10.550000
35.720090,10.490000
35.753575,10.490000
35.786999,10.490000
35.817218,10.550000
35.853597,10.550000
35.886016,10.550000
35.918473,10.470000
35.954926,10.470000
35.992442,10.470000
36.015849,10.580000
36.052303,10.580000
36.084701,10.580000
36.117040,10.460000
36.151475,10.460000
36.189990,10.460000
36.216343,10.550000
36.252947,10.550000
36.285240,10.550000
36.319699,10.500000
36.354163,10.500000
36.392555,10.500000
36.418978,10.620000
36.459398,10.620000
36.495919,10.620000
36.516197,10.540000
36.562726,10.540000
36.589076,10.540000
36.621499,10.600000
36.657934,10.600000
36.698588,10.600000
36.728920,10.580000
36.761359,10.580000
36.795720,10.580000
36.824186,10.600000
36.867814,10.600000
36.895064,10.600000
36.923440,10.580000
36.961003,10.580000
36.998664,10.580000
37.023802,10.640000
37.060251,10.640000
37.091612,10.640000
37.124104,10.640000
37.158538,10.640000
37.193074,10.640000
37.229518,10.610000
37.267915,10.610000
37.292289,10.610000
37.322792,10.640000
37.359251,10.640000
37.393642,10.640000
37.427995,10.670000
37.464495,10.670000
37.501019,10.670000
37.529340,10.650000
37.561786,10.650000
37.592081,10.650000
37.624707,10.660000
37.659064,10.660000
37.695543,10.660000
37.725028,10.660000
37.766754,10.660000
37.794962,10.660000
37.823232,10.640000
37.861747,10.640000
37.894167,10.640000
37.928816,10.690000
37.960140,10.690000
37.995753,10.690000
38.030023,10.710000
38.060494,10.710000
38.092854,10.710000
38.123135,10.710000
38.157759,10.710000
38.190134,10.710000
38.226529,10.720000
38.258979,10.720000
38.292376,10.720000
38.321809,10.660000
38.362282,10.660000
38.392691,10.660000
38.427182,10.740000
38.457630,10.740000
38.496110,10.740000
38.522583,10.690000
38.554892,10.690000
38.587389,10.690000
38.622828,10.820000
38.654187,10.820000
38.691628,10.820000
38.725249,10.690000
38.756598,10.690000
38.787860,10.690000
38.818446,10.800000
38.854846,10.800000
38.893349,10.800000
38.925754,10.750000
38.963255,10.750000
38.988618,10.750000
39.019085,10.860000
39.053493,10.860000
39.088047,10.860000
39.122461,10.790000
39.154880,10.790000
39.193353,10.790000
39.229809,10.820000
39.252198,10.820000
39.288572,10.820000
39.321053,10.780000
39.353539,10.780000
39.387878,10.780000
39.428497,10.810000
39.462940,10.810000
39.497609,10.810000
39.525775,10.810000
39.552050,10.810000
39.588666,10.810000
39.624931,10.790000
39.653507,10.790000
39.692833,10.790000
39.725262,10.830000
39.753634,10.830000
39.787028,10.830000
39.821573,10.840000
39.851833,10.840000
39.890347,10.840000
39.924824,10.830000
39.963369,10.830000
39.991649,10.830000
40.024229,10.770000
40.052595,10.770000
40.087980,10.770000
40.125541,10.830000
40.153963,10.830000
40.198656,10.830000
40.227919,10.790000
40.267462,10.790000
40.301957,10.790000
40.326189,10.900000
40.358824,10.900000
40.393014,10.900000
40.435627,10.840000
40.470743,10.840000
40.499581,10.840000
40.531845,10.930000
40.559360,10.930000
40.595728,10.930000
40.630037,10.880000
40.666694,10.880000
40.701051,10.880000
40.737562,10.930000
40.770049,10.930000
40.796308,10.930000
40.832874,10.900000
40.859276,10.900000
40.895833,10.900000
40.936385,10.910000
40.966705,10.910000
41.003229,10.910000
41.037623,10.880000
41.059952,10.880000
41.098620,10.880000
41.128887,10.980000
41.161318,10.980000
41.199836,10.980000
41.236305,10.960000
41.262663,10.960000
41.305133,10.960000
41.330513,10.960000
41.359958,10.960000
41.402594,10.960000
41.430776,10.960000
41.464313,10.960000
41.505807,10.960000
41.533229,10.960000
41.562565,10.960000
41.597158,10.960000
41.627489,10.950000
41.659881,10.950000
41.696278,10.950000
41.730813,11.010000
41.767223,11.010000
41.799929,11.010000
41.828984,10.930000
41.858500,10.930000
41.894843,10.930000
41.930689,11.020000
41.963314,11.020000
42.001593,11.020000
42.037121,10.920000
42.056420,10.920000
42.092728,10.920000
42.125408,11.010000
42.155658,11.010000
42.192079,11.010000
42.224458,10.950000
42.265135,10.950000
42.291295,10.950000
42.323673,11.040000
42.356170,11.040000
42.395649,11.040000
42.429953,10.970000
42.459493,10.970000
42.499940,10.970000
42.532428,11.030000
42.558804,11.030000
42.594391,11.030000
42.623702,11.000000
42.657160,11.000000
42.688465,11.000000
42.731047,11.070000
42.761420,11.070000
42.787922,11.070000
42.824383,11.050000
42.856718,11.050000
42.889169,11.050000
42.925520,11.090000
42.963061,11.090000
42.993509,11.090000
43.032945,11.070000
43.059374,11.070000
43.087765,11.070000
43.124252,11.130000
43.158712,11.130000
43.193227,11.130000
43.229511,11.070000
43.262098,11.070000
43.288373,11.070000
43.324899,11.140000
43.360329,11.140000
43.387698,11.140000
43.424256,11.090000
43.462658,11.090000
43.493054,11.090000
43.529480,11.160000
43.559886,11.160000
43.590299,11.160000
43.628931,11.100000
43.663259,11.100000
43.693717,11.100000
43.732282,11.170000
43.766556,11.170000
43.788874,11.170000
43.823291,11.120000
43.859746,11.120000
43.896224,11.120000
43.926594,11.100000
43.969148,11.100000
44.001665,11.100000
44.066329,11.170000
44.098788,11.170000
44.131208,11.120000
44.163727,11.120000
44.196192,11.120000
44.234622,11.190000
44.273002,11.190000
44.305450,11.190000
44.329695,11.120000
44.364495,11.120000
44.398851,11.120000
44.435107,11.250000
44.467532,11.250000
44.504185,11.250000
44.533414,11.170000
44.574947,11.170000
44.597190,11.170000
44.635657,11.460000
44.664016,11.460000
44.700578,11.460000
44.737010,11.480000
44.773525,11.480000
44.795752,11.480000
44.834298,11.660000
44.864703,11.660000
44.901292,11.660000
44.935751,11.770000
44.972162,11.770000
45.001488,11.770000
45.041050,11.830000
45.066349,11.830000
45.097725,11.830000
45.134174,12.100000
45.166856,12.100000
45.201145,12.100000
45.236589,12.130000
45.267924,12.130000
45.306529,12.130000
45.330762,12.380000
45.365116,12.380000
45.397682,12.380000
45.434156,12.560000
45.468624,12.560000
45.497902,12.560000
45.533324,12.670000
45.571880,12.670000
45.596318,12.670000
45.632744,12.880000
45.663154,12.880000
45.694767,12.880000
45.736167,13.040000
45.770521,13.040000
45.792819,13.040000
45.829306,13.140000
45.861716,13.140000
45.892124,13.140000
45.928512,13.360000
45.965302,13.360000
45.994859,13.360000
46.024241,13.510000
46.060265,13.510000
46.094670,13.510000
46.125142,13.620000
46.161566,13.620000
46.194077,13.620000
46.224400,13.720000
46.268931,13.720000
46.293328,13.720000
46.323656,13.920000
46.360093,13.920000
46.392478,13.920000
46.427094,14.030000
46.463552,14.030000
46.499146,14.030000
46.530420,14.170000
46.560823,14.170000
46.593341,14.170000
46.627698,14.310000
46.662092,14.310000
46.696621,14.310000
46.726932,14.470000
46.759363,14.470000
46.796070,14.470000
46.824131,14.570000
46.860605,14.570000
46.892946,14.570000
46.928417,14.780000
46.958915,14.780000
46.998497,14.780000
47.024668,14.950000
47.059082,14.950000
47.093561,14.950000
47.127981,15.000000
47.162528,15.000000
47.202878,15.000000
47.227263,15.050000
47.263722,15.050000
47.296148,15.050000
47.326628,15.300000
47.361043,15.300000
47.393529,15.300000
47.425965,15.440000
47.462690,15.440000
47.494809,15.440000
47.531348,15.450000
47.559826,15.450000
47.594295,15.450000
47.624599,15.610000
47.663101,15.610000
47.699621,15.610000
47.736010,15.790000
47.776552,15.790000
47.807947,15.790000
47.834247,15.870000
47.867752,15.870000
47.902175,15.870000
47.930463,15.910000
47.969159,15.910000
48.005691,15.910000
48.040078,16.060000
48.076553,16.060000
48.100738,16.060000
48.133319,16.180000
48.169662,16.180000
48.206220,16.180000
48.237762,16.340000
48.277158,16.340000
48.309482,16.340000
48.329929,16.410000
48.366439,16.410000
48.400764,16.410000
48.435205,16.510000
48.475693,16.510000
48.506065,16.510000
48.538589,16.620000
48.573449,16.620000
48.599513,16.620000
48.631840,16.820000
48.668269,16.820000
48.706946,16.820000
48.741444,16.830000
48.771695,16.830000
48.800134,16.830000
48.834461,16.990000
48.866944,16.990000
48.901427,16.990000
48.933872,17.140000
48.970271,17.140000
49.002741,17.140000
49.035277,17.140000
49.071496,17.140000
49.100106,17.140000
49.132348,17.210000
49.168752,17.210000
49.205309,17.210000
49.235720,17.400000
49.270091,17.400000
49.305615,17.400000
49.330841,17.440000
49.367328,17.440000
49.399753,17.440000
49.430144,17.590000
49.468710,17.590000
49.503163,17.590000
49.537702,17.690000
49.563997,17.690000
49.598475,17.690000
49.630677,17.670000
49.663194,17.670000
49.699708,17.670000
49.738240,17.780000
49.766631,17.780000
49.802965,17.780000
49.829372,17.910000
49.859807,17.910000
49.898216,17.910000
49.928561,17.880000
49.961143,17.880000
50.001518,17.880000
50.036007,18.050000
50.060353,18.050000
50.094697,18.050000
50.127311,18.150000
50.161794,18.150000
50.198360,18.150000
50.235925,18.140000
50.267188,18.140000
50.299589,18.140000
50.329950,18.350000
50.360332,18.350000
50.394845,18.350000
50.432266,18.330000
50.460781,18.330000
50.501417,18.330000
50.536092,18.430000
50.559111,18.430000
50.595592,18.430000
50.629925,18.650000
50.662338,18.650000
50.694932,18.650000
50.731317,18.670000
50.768793,18.670000
50.800147,18.670000
50.828458,18.760000
50.861118,18.760000
50.895408,18.760000
50.931873,18.830000
50.961124,18.830000
51.004813,18.830000
51.036262,18.960000
51.061504,18.960000
51.096083,18.960000
51.130372,19.130000
51.160891,19.130000
51.197315,19.130000
51.229681,19.020000
51.272268,19.020000
51.300902,19.020000
51.331043,19.090000
51.361561,19.090000
51.396023,19.090000
51.436363,19.170000
51.470882,19.170000
51.499419,19.170000
51.543846,19.250000
51.564232,19.250000
51.605731,19.250000
51.632944,19.300000
51.667469,19.300000
51.706076,19.300000
51.743519,19.360000
51.777018,19.360000
51.813527,19.360000
51.843874,19.470000
51.868176,19.470000
51.902724,19.470000
51.943208,19.620000
51.969450,19.620000
52.012046,19.620000
52.040426,19.620000
52.071825,19.620000
52.108249,19.620000
52.135679,19.770000
52.168082,19.770000
52.206578,19.770000
52.242987,19.820000
52.273483,19.820000
52.343419,19.770000
52.370669,19.770000
52.410133,19.770000
52.439571,19.910000
52.469873,19.910000
52.508461,19.910000
52.542976,20.040000
52.572330,20.040000
52.603835,20.040000
52.640245,20.070000
52.672610,20.070000
52.707263,20.070000
52.739709,20.190000
52.772150,20.190000
52.813586,20.190000
52.839090,20.120000
52.872244,20.120000
52.903903,20.120000
52.938210,20.190000
52.974772,20.190000
53.009135,20.190000
53.045480,20.340000
53.071043,20.340000
53.100249,20.340000
53.136806,20.340000
53.169289,20.340000
53.199599,20.340000
53.237998,20.460000
53.270390,20.460000
53.299852,20.460000
53.342394,20.580000
53.369787,20.580000
53.398170,20.580000
53.434646,20.570000
53.467118,20.570000
53.501606,20.570000
53.538097,20.660000
53.574642,20.660000
53.596846,20.660000
53.631182,20.700000
53.673917,20.700000
53.696226,20.700000
53.734637,20.770000
53.767075,20.770000
53.799562,20.770000
53.836239,20.720000
53.866626,20.720000
53.902886,20.720000
53.933280,20.890000
53.969771,20.890000
54.001228,20.890000
54.036687,20.950000
54.067050,20.950000
54.097408,20.950000
54.137956,21.130000
54.166368,21.130000
54.198835,21.130000
54.237442,21.040000
54.271756,21.040000
54.303279,21.040000
54.332639,21.000000
54.367006,21.000000
54.399416,21.000000
54.436243,21.230000
54.467343,21.230000
54.501064,21.230000
54.538392,21.240000
54.565825,21.240000
54.602183,21.240000
54.634554,21.360000
54.665052,21.360000
54.697408,21.360000
54.731884,21.330000
54.767292,21.330000
54.808868,21.330000
54.833167,21.320000
54.867546,21.320000
54.900145,21.320000
54.934561,21.570000
54.966070,21.570000
55.001534,21.570000
55.036883,21.680000
55.067277,21.680000
55.098784,21.680000
55.135195,21.510000
55.169614,21.510000
55.202136,21.510000
55.241644,21.560000
55.277122,21.560000
55.305537,21.560000
55.349899,21.680000
55.375309,21.680000
55.404742,21.680000
55.441215,21.700000
55.477636,21.700000
55.507540,21.700000
55.548685,21.830000
55.580134,21.830000
55.608355,21.830000
55.639748,21.910000
55.674264,21.910000
55.710633,21.910000
55.743057,21.930000
55.778579,21.930000
55.814093,21.930000
55.844470,21.960000
55.873869,21.960000
55.907441,21.960000
55.941755,22.030000
55.980492,22.030000
56.009975,22.030000
56.045150,22.040000
56.079714,22.040000
56.109938,22.040000
56.140342,22.160000
56.172723,22.160000
56.206209,22.160000
56.243731,22.280000
56.278129,22.280000
56.312533,22.280000
56.345993,22.290000
56.373655,22.290000
56.409805,22.290000
56.442212,22.290000
56.478683,22.290000
56.508148,22.290000
56.541648,22.290000
56.573981,22.290000
56.608429,22.290000
56.638805,22.340000
56.673252,22.340000
56.705705,22.340000
56.737160,22.450000
56.778780,22.450000
56.813132,22.450000
56.839424,22.560000
56.871926,22.560000
56.906421,22.560000
56.938660,22.490000
56.977284,22.490000
57.006611,22.490000
57.036017,22.520000
57.074500,22.520000
57.102829,22.520000
57.135363,22.520000
57.169740,22.520000
57.202063,22.520000
57.234469,22.690000
57.272081,22.690000
57.307657,22.690000
57.333801,22.640000
57.368149,22.640000
57.402618,22.640000
57.435087,22.740000
57.471505,22.740000
57.509988,22.740000
57.536449,22.760000
57.572997,22.760000
57.601322,22.760000
57.633801,22.790000
57.670111,22.790000
57.702613,22.790000
57.736127,22.800000
57.773718,22.800000
57.812098,22.800000
57.834522,22.850000
57.868914,22.850000
57.905381,22.850000
57.933894,22.890000
57.974235,22.890000
58.010589,22.890000
58.043129,22.980000
58.071418,22.980000
58.101879,22.980000
58.134274,22.950000
58.168806,22.950000
58.203231,22.950000
58.239595,22.780000
58.278240,22.780000
58.308611,22.780000
58.332811,22.630000
58.367258,22.630000
58.401792,22.630000
58.437374,22.270000
58.478925,22.270000
58.511319,22.270000
58.536667,22.290000
58.567930,22.290000
58.602504,22.290000
58.633021,22.170000
58.669436,22.170000
58.703825,22.170000
58.734269,22.080000
58.769673,22.080000
58.810197,22.080000
58.839609,22.070000
58.872008,22.070000
58.906675,22.070000
58.938881,22.010000
58.975388,22.010000
59.014222,22.010000
59.045419,21.850000
59.079846,21.850000
59.113292,21.850000
59.139689,21.520000
59.176210,21.520000
59.210562,21.520000
59.240960,21.530000
59.279705,21.530000
59.317934,21.530000
59.340183,21.580000
59.380730,21.580000
59.409158,21.580000
59.439514,21.520000
59.480063,21.520000
59.518540,21.520000
59.545935,21.380000
59.609707,21.380000
59.642160,21.240000
59.676715,21.240000
59.715189,21.240000
59.745518,21.110000
59.779975,21.110000
59.815576,21.110000
59.845904,20.820000
59.873244,20.820000
59.909738,20.820000
59.944136,20.670000
59.980652,20.670000
60.049413,20.480000
60.081079,20.480000
60.113266,20.480000
60.146755,20.630000
60.177064,20.630000
60.209575,20.630000
60.244042,20.460000
60.280575,20.460000
60.316975,20.460000
60.344175,20.250000
60.373883,20.250000
60.408209,20.250000
60.442605,20.070000
60.473070,20.070000
60.513551,20.070000
60.579478,20.090000
60.612800,20.090000
60.641150,19.980000
60.671532,19.980000
60.712143,19.980000
60.742470,19.800000
60.775990,19.800000
60.814451,19.800000
60.840829,19.640000
60.870246,19.640000
60.904695,19.640000
60.941224,19.730000
60.971561,19.730000
61.008034,19.730000
61.039641,19.730000
61.071913,19.730000
61.112819,19.730000
61.138055,19.430000
61.168157,19.430000
61.204735,19.430000
61.241147,19.420000
61.274669,19.420000
61.313114,19.420000
61.336365,19.180000
61.368831,19.180000
61.403260,19.180000
61.442865,19.210000
61.470216,19.210000
61.508703,19.210000
61.544514,19.120000
61.569499,19.120000
61.605966,19.120000
61.638459,18.910000
61.668897,18.910000
61.705288,18.910000
61.743816,18.690000
61.776335,18.690000
61.810850,18.690000
61.837036,18.620000
61.867505,18.620000
61.904122,18.620000
61.942477,18.610000
61.968768,18.610000
62.005338,18.610000
62.042859,18.490000
62.067996,18.490000
62.106686,18.490000
62.139022,18.440000
62.173477,18.440000
62.209860,18.440000
62.242505,18.310000
62.268657,18.310000
62.310313,18.310000
62.337616,18.180000
62.370003,18.180000
62.402407,18.180000
62.437110,18.120000
62.473551,18.120000
62.505915,18.120000
62.546459,17.980000
62.568718,17.980000
62.607166,17.980000
62.639650,17.920000
62.674033,17.920000
62.712576,17.920000
62.740978,17.820000
62.781549,17.820000
62.817929,17.820000
62.844387,17.730000
62.876607,17.730000
62.911059,17.730000
62.943659,17.610000
62.978052,17.610000
63.016525,17.610000
63.053119,17.500000
63.085587,17.500000
63.108802,17.500000
63.146343,17.440000
63.180839,17.440000
63.211235,17.440000
63.251874,17.370000
63.284245,17.370000
63.315784,17.370000
63.350078,17.230000
63.377481,17.230000
63.407850,17.230000
63.446282,17.170000
63.478813,17.170000
63.509186,17.170000
63.553918,17.060000
63.586812,17.060000
63.608535,17.060000
63.648948,16.840000
63.679416,16.840000
63.711649,16.840000
63.748245,16.860000
63.782818,16.860000
63.813285,16.860000
63.851576,16.720000
63.878098,16.720000
63.909503,16.720000
63.950929,16.680000
63.981324,16.680000
64.011714,16.680000
64.050316,16.580000
64.078705,16.580000
64.109963,16.580000
64.148558,16.440000
64.180076,16.440000
64.210403,16.440000
64.246846,16.420000
64.281424,16.420000
64.311771,16.420000
64.354368,16.360000
64.376573,16.360000
64.406982,16.360000
64.443323,16.250000
64.479818,16.250000
64.509177,16.250000
