0.452819,0.007000
0.517593,0.019000
0.553082,0.026000
0.785191,0.009000
1.083002,0.011000
1.283791,0.003000
1.318222,0.016000
1.348517,0.012000
1.482184,0.007000
1.648408,0.012000
1.717238,0.009000
1.783046,0.011000
1.883355,0.011000
1.915871,0.020000
1.982872,0.007000
2.116708,0.006000
2.149149,0.009000
2.416826,0.003000
2.483533,0.040000
2.617139,0.002000
2.649576,0.015000
2.684084,0.007000
2.783462,0.000000
2.817809,0.008000
2.917357,0.010000
3.152286,0.011000
3.322420,0.000000
3.353930,0.008000
3.391249,0.023000
3.421579,0.009000
3.521944,0.000000
3.721546,0.001000
3.786470,0.004000
3.890844,0.010000
4.021576,0.020000
4.153254,0.015000
4.187771,0.009000
4.321621,0.008000
4.388337,0.009000
4.653954,0.011000
4.720849,0.007000
4.820262,0.007000
5.152459,0.013000
5.184936,0.004000
5.219585,0.009000
5.420173,0.015000
5.454656,0.006000
5.484966,0.010000
5.520273,0.009000
5.618567,0.007000
5.652934,0.013000
5.719996,0.009000
5.785822,0.009000
5.853792,0.008000
5.886159,0.009000
5.955046,0.010000
5.985473,0.011000
6.019955,0.010000
6.053375,0.020000
6.121287,0.003000
6.186137,0.009000
6.220714,0.009000
6.254140,0.007000
6.319846,0.009000
6.353253,0.006000
6.386626,0.008000
6.520494,0.008000
6.686587,0.021000
6.721002,0.010000
6.754508,0.010000
6.923870,0.004000
6.958247,0.011000
7.058657,0.027000
7.223793,0.022000
7.258298,0.008000
7.289643,0.008000
7.424562,0.011000
7.459001,0.013000
7.558099,0.009000
7.590569,0.021000
7.625041,0.028000
7.724240,0.008000
7.790182,0.007000
7.924857,0.009000
7.959352,0.008000
8.025194,0.004000
8.119570,0.011000
8.224823,0.008000
8.622869,0.006000
8.656415,0.009000
8.856164,0.010000
8.921865,0.011000
8.956393,0.000000
8.990801,0.003000
9.023235,0.000000
9.057673,0.028000
9.089025,0.019000
9.189426,0.010000
9.221751,0.019000
9.256312,0.008000
9.387936,0.007000
9.422380,0.021000
9.558293,0.007000
9.689890,0.021000
9.722789,0.007000
9.756963,0.012000
9.821670,0.008000
9.923068,0.017000
10.223088,0.007000
10.323282,0.013000
10.356776,0.009000
10.423560,0.013000
10.490457,0.008000
10.626248,0.020000
10.658796,0.009000
10.693210,0.010000
10.760346,0.027000
10.794608,0.021000
10.926320,0.008000
10.960709,0.007000
10.995184,0.000000
11.062087,0.008000
11.098708,0.003000
11.193897,0.012000
11.226358,0.008000
11.293151,0.013000
11.426995,0.012000
11.493859,0.002000
11.561028,0.022000
11.628638,0.019000
11.795700,0.009000
11.857623,0.000000
11.959875,0.019000
11.994356,0.008000
12.061214,0.009000
12.227380,0.016000
12.259923,0.001000
12.493032,0.015000
12.558754,0.013000
12.592207,0.013000
12.725938,0.003000
12.758298,0.000000
12.825418,0.008000
12.891073,0.012000
12.926687,0.008000
12.959841,0.011000
13.127621,0.007000
13.159637,0.023000
13.258038,0.009000
13.293445,0.008000
13.427259,0.029000
13.457479,0.006000
13.558885,0.008000
13.592332,0.009000
13.694615,0.009000
13.726955,0.004000
13.759590,0.009000
13.826647,0.004000
13.893120,0.010000
13.994639,0.015000
14.026807,0.009000
14.059231,0.037000
14.195060,0.012000
14.358103,0.010000
14.427954,0.020000
14.697587,0.009000
14.731958,0.021000
14.797122,0.010000
14.930580,0.007000
15.131302,0.014000
15.232523,0.004000
15.330974,0.007000
15.364604,0.007000
15.532402,0.010000
15.629725,0.016000
15.796911,0.017000
15.861723,0.011000
15.897229,0.021000
15.964145,0.021000
16.095989,0.000000
16.229561,0.034000
16.428088,0.021000
16.462594,0.009000
16.495090,0.009000
16.529503,0.007000
16.762547,0.000000
16.829387,0.007000
16.963196,0.009000
16.995620,0.011000
17.029950,0.010000
17.162735,0.014000
17.230552,0.008000
17.263074,0.023000
17.329989,0.009000
17.463620,0.010000
17.496278,0.010000
17.528522,0.010000
17.830494,0.010000
17.929747,0.002000
18.063612,0.005000
18.095128,0.009000
18.164908,0.000000
18.231733,0.008000
18.268233,0.009000
18.300648,0.031000
18.367508,0.024000
18.400049,0.030000
18.466764,0.008000
18.600732,0.008000
18.803161,0.003000
18.833689,0.008000
18.967190,0.012000
19.034109,0.015000
19.101143,0.009000
19.134378,0.005000
19.301575,0.008000
19.733126,0.011000
19.866931,0.009000
20.031946,0.012000
20.065578,0.033000
20.098860,0.010000
20.131273,0.009000
20.199147,0.008000
20.231464,0.009000
20.298437,0.000000
20.366424,0.013000
20.499055,0.010000
20.531438,0.013000
20.565937,0.009000
20.732004,0.008000
20.766559,0.011000
20.832357,0.000000
20.900293,0.012000
20.930588,0.006000
20.999699,0.025000
21.031859,0.009000
21.065347,0.022000
21.099094,0.008000
21.299554,0.013000
21.400806,0.012000
21.500030,0.017000
21.700927,0.000000
21.732953,0.000000
21.833525,0.023000
21.934920,0.007000
22.000660,0.008000
22.203432,0.000000
22.268173,0.007000
22.337033,0.006000
22.369515,0.018000
22.409082,0.003000
22.438570,0.011000
22.503240,0.010000
22.837831,0.011000
22.870080,0.012000
22.904557,0.007000
22.940077,0.020000
23.003847,0.001000
23.040164,0.009000
23.236891,0.010000
23.269605,0.027000
23.470023,0.007000
23.735479,0.007000
23.767853,0.015000
24.101376,0.010000
24.134743,0.008000
24.435523,0.002000
24.600708,0.000000
24.635116,0.007000
24.734399,0.027000
24.766876,0.011000
25.001932,0.033000
25.068913,0.018000
25.101349,0.015000
25.200602,0.013000
25.234996,0.029000
25.368679,0.002000
25.401207,0.000000
25.435644,0.004000
25.470108,0.018000
25.502488,0.000000
25.569493,0.008000
25.601772,0.017000
25.635287,0.014000
25.701049,0.011000
25.737801,0.025000
25.802550,0.021000
25.838916,0.043000
25.871324,0.007000
25.939473,0.009000
26.005278,0.011000
26.039580,0.009000
26.239250,0.020000
26.272706,0.018000
26.404535,0.008000
26.505760,0.020000
26.540221,0.021000
26.574621,0.008000
26.639453,0.008000
26.872873,0.013000
26.939379,0.009000
27.040669,0.035000
27.204938,0.000000
27.437910,0.008000
27.737641,0.005000
27.770115,0.009000
27.936399,0.011000
28.003269,0.009000
28.072135,0.009000
28.102581,0.009000
28.137059,0.025000
28.270669,0.013000
28.304253,0.018000
28.337648,0.008000
28.404500,0.012000
28.503722,0.019000
28.536159,0.001000
28.572615,0.016000
28.667701,0.009000
28.704271,0.015000
28.736655,0.017000
28.836037,0.011000
28.871703,0.008000
28.935260,0.014000
29.004371,0.015000
29.036781,0.008000
29.071030,0.007000
29.237309,0.010000
29.304231,0.000000
29.336591,0.016000
29.371009,0.020000
29.402403,0.009000
29.470271,0.000000
29.504713,0.001000
29.537218,0.030000
29.606189,0.018000
29.638771,0.033000
29.774156,0.012000
29.839146,0.009000
30.009223,0.009000
30.039667,0.007000
30.108611,0.005000
30.140968,0.009000
30.179595,0.005000
30.274910,0.015000
30.375173,0.006000
30.475432,0.011000
30.540355,0.009000
30.740889,0.008000
30.809798,0.009000
30.875688,0.012000
30.910074,0.023000
31.008362,0.031000
31.506929,0.015000
31.539601,0.010000
31.673168,0.025000
31.740160,0.010000
31.772434,0.004000
31.806932,0.016000
31.906285,0.005000
31.973617,0.010000
32.040013,0.017000
32.240685,0.024000
32.273023,0.010000
32.339882,0.009000
32.372424,0.016000
32.406913,0.012000
32.471626,0.000000
32.540740,0.008000
32.673354,0.018000
32.840637,0.042000
32.873133,0.011000
32.972237,0.015000
33.141590,0.007000
33.241976,0.032000
33.274382,0.024000
33.440550,0.028000
33.544129,0.008000
33.576338,0.010000
33.747429,0.008000
34.012045,0.016000
34.076944,0.021000
34.247146,0.018000
34.544920,0.005000
34.577489,0.013000
34.712098,0.013000
34.745584,0.018000
34.877368,0.021000
34.943989,0.009000
35.010817,0.015000
35.343071,0.012000
35.407066,0.017000
36.208241,0.008000
36.242621,0.015000
36.542435,0.018000
36.576841,0.007000
36.708627,0.018000
36.743156,0.011000
36.777582,0.009000
36.877947,0.017000
36.909313,0.015000
36.976312,0.001000
37.008636,0.009000
37.043027,0.028000
37.176776,0.019000
37.310443,0.018000
37.381602,0.027000
37.447299,0.018000
37.480685,0.012000
37.513114,0.008000
37.547529,0.013000
37.580194,0.009000
37.646861,0.005000
37.713879,0.010000
37.813038,0.005000
37.849512,0.024000
37.882129,0.007000
37.981372,0.010000
38.013725,0.023000
38.048127,0.009000
38.147601,0.043000
38.281338,0.000000
38.313673,0.000000
38.546865,0.022000
38.581257,0.010000
38.678392,0.007000
39.045381,0.012000
39.211609,0.020000
39.479064,0.020000
39.678742,0.009000
39.712065,0.044000
39.744478,0.014000
39.779043,0.020000
40.044543,0.033000
40.112279,0.028000
40.145827,0.007000
40.212765,0.015000
40.245127,0.020000
40.279528,0.005000
40.412193,0.007000
40.512591,0.033000
40.545037,0.001000
40.679862,0.008000
40.713182,0.007000
40.745761,0.021000
40.813553,0.000000
41.083197,0.016000
41.116735,0.041000
41.250435,0.032000
41.282841,0.004000
41.317311,0.045000
41.384511,0.035000
41.486969,0.009000
41.518217,0.012000
41.585032,0.008000
41.783448,0.009000
41.817879,0.026000
41.883811,0.000000
42.082698,0.031000
42.216446,0.015000
42.283412,0.019000
42.317689,0.009000
42.381453,0.018000
42.416811,0.009000
42.680459,0.022000
42.781751,0.004000
42.848559,0.034000
42.980326,0.005000
43.016849,0.000000
43.049225,0.028000
43.148498,0.007000
43.380548,0.013000
43.449457,0.007000
43.549655,0.021000
43.681486,0.008000
43.748338,0.003000
43.781003,0.000000
43.849673,0.011000
44.015925,0.005000
44.181927,0.023000
44.248681,0.008000
44.281204,0.009000
44.315541,0.029000
44.382519,0.009000
44.449276,0.009000
44.481671,0.031000
44.516322,0.015000
44.583107,0.025000
44.617471,0.036000
44.751220,0.008000
44.783567,0.000000
44.852494,0.008000
44.884956,0.018000
45.085600,0.013000
45.122137,0.013000
45.184997,0.032000
45.354114,0.007000
45.384550,0.015000
45.452424,0.022000
45.655089,0.000000
45.718781,0.000000
45.786727,0.024000
45.853536,0.000000
45.951857,0.007000
46.086478,0.016000
46.352012,0.039000
46.451397,0.000000
46.651941,0.018000
46.686279,0.015000
46.751172,0.000000
46.884964,0.009000
46.917383,0.012000
46.984101,0.025000
47.016563,0.000000
47.051023,0.012000
47.084533,0.037000
47.118833,0.009000
47.152388,0.013000
47.185703,0.015000
47.217083,0.000000
47.251537,0.000000
47.317585,0.000000
47.484614,0.043000
47.517161,0.011000
47.551504,0.021000
47.752186,0.026000
47.817241,0.021000
47.884971,0.016000
48.017886,0.033000
48.052177,0.009000
48.186939,0.009000
48.285126,0.040000
48.352029,0.083000
48.453449,0.010000
48.520447,0.011000
48.619791,0.000000
48.696677,0.026000
48.854765,0.004000
48.889192,0.040000
48.921685,0.030000
49.191233,0.074000
49.255955,0.009000
49.288351,0.028000
49.322707,0.009000
49.355406,0.007000
49.523421,0.018000
49.553744,0.008000
49.622648,0.000000
49.655167,0.015000
49.756427,0.007000
49.855752,0.033000
49.950884,0.022000
50.021767,0.047000
50.121265,0.014000
50.221554,0.014000
50.287567,0.000000
50.386721,0.013000
50.419150,0.000000
50.520461,0.016000
50.587380,0.000000
50.621007,0.005000
50.717228,0.008000
50.753636,0.029000
50.788007,0.008000
50.820421,0.013000
50.852970,0.014000
50.886281,0.010000
50.953131,0.008000
51.021066,0.004000
51.053538,0.027000
51.221609,0.014000
51.254118,0.000000
51.288518,0.028000
51.353357,0.022000
51.387800,0.020000
51.521515,0.006000
51.752721,0.010000
51.789125,0.009000
51.888447,0.011000
51.920913,0.010000
51.987662,0.063000
52.022178,0.007000
52.088918,0.007000
52.121405,0.022000
52.154925,0.000000
52.222764,0.037000
52.290580,0.009000
52.491324,0.009000
52.525730,0.010000
52.559117,0.019000
52.826699,0.014000
53.060004,0.009000
53.327289,0.009000
53.359612,0.006000
53.525924,0.043000
53.655695,0.003000
53.725476,0.029000
53.791286,0.013000
53.924198,0.010000
54.056906,0.011000
54.489602,0.022000
54.557524,0.009000
54.589923,0.000000
54.656833,0.014000
54.723801,0.025000
55.157533,0.007000
55.358062,0.007000
55.524440,0.012000
55.624600,0.000000
55.691439,0.029000
55.723857,0.001000
55.791796,0.013000
55.824151,0.030000
55.858595,0.035000
55.962009,0.008000
56.026929,0.015000
56.195080,0.005000
56.395645,0.010000
56.428074,0.045000
56.466544,0.009000
56.528335,0.022000
56.596300,0.001000
56.827241,0.012000
56.896180,0.008000
56.996415,0.011000
57.129213,0.035000
57.362070,0.044000
57.427896,0.000000
57.793922,0.034000
57.826325,0.017000
57.860807,0.015000
58.026790,0.037000
58.093732,0.000000
58.126120,0.000000
58.193044,0.000000
58.259975,0.011000
58.359222,0.014000
58.393757,0.026000
58.426278,0.007000
58.527524,0.008000
58.559987,0.032000
58.625864,0.015000
58.860037,0.030000
58.894566,0.020000
59.093935,0.029000
59.158921,0.010000
59.293638,0.022000
59.359537,0.012000
59.459846,0.009000
59.528638,0.022000
59.561140,0.038000
59.628013,0.007000
59.696988,0.024000
59.729343,0.011000
59.762682,0.034000
59.796157,0.006000
59.930105,0.000000
59.996776,0.000000
60.033258,0.021000
60.098138,0.009000
60.497361,0.019000
60.564259,0.008000
60.598598,0.008000
60.631052,0.000000
60.731314,0.000000
60.930018,0.004000
61.428622,0.009000
61.595879,0.018000
61.628322,0.013000
61.695095,0.011000
61.728602,0.021000
61.828943,0.004000
61.926389,0.003000
61.993087,0.000000
62.096461,0.029000
62.161243,0.011000
62.361797,0.020000
62.428750,0.009000
62.595078,0.022000
62.662954,0.009000
62.694443,0.000000
62.961766,0.010000
63.028709,0.022000
63.261805,0.008000
63.294353,0.012000
63.328773,0.000000
63.497157,0.012000
63.566453,0.000000
63.598667,0.012000
63.634835,0.024000
63.667212,0.001000
63.865857,0.023000
63.933775,0.009000
63.966161,0.008000
64.066594,0.004000
64.167907,0.029000
64.299623,0.000000
64.366607,0.010000
