0.110739,2.554968
0.130216,2.554968
0.130791,2.554968
0.150138,2.554963
0.150826,2.554963
0.169993,2.554976
0.170800,2.554976
0.190172,2.554965
0.190801,2.554965
0.210093,2.554982
0.210771,2.554982
0.230059,2.554973
0.230805,2.554973
0.250070,2.554956
0.250887,2.554956
0.270083,2.554983
0.270777,2.554983
0.290088,2.554964
0.290809,2.554964
0.310132,2.554967
0.310745,2.554967
0.330052,2.554961
0.330785,2.554961
0.350105,2.554961
0.350819,2.554961
0.370181,2.554975
0.370836,2.554975
0.390035,2.554956
0.390813,2.554956
0.410073,2.554958
0.410837,2.554958
0.430209,2.554954
0.430805,2.554954
0.450151,2.554966
0.450855,2.554966
0.470179,2.554958
0.470739,2.554958
0.490025,2.554965
0.490793,2.554965
0.510098,2.554957
0.510757,2.554957
0.530057,2.554943
0.530808,2.554943
0.550098,2.554960
0.550819,2.554960
0.570129,2.554925
0.570816,2.554925
0.590193,2.554958
0.590751,2.554958
0.610019,2.554946
0.610693,2.554946
0.629994,2.554941
0.630801,2.554941
0.650079,2.554976
0.650796,2.554976
0.670058,2.554945
0.670778,2.554945
0.689987,2.554978
0.690771,2.554978
0.710053,2.554965
0.710721,2.554965
0.730145,2.554968
0.730708,2.554968
0.750389,2.554994
0.750794,2.554994
0.770237,2.554978
0.770802,2.554978
0.790079,2.554984
0.790858,2.554984
0.810096,2.554960
0.810745,2.554960
0.830022,2.554978
0.830749,2.554978
0.850120,2.554985
0.850898,2.554985
0.870115,2.554978
0.870803,2.554978
0.890061,2.554996
0.890811,2.554996
0.910064,2.554978
0.910865,2.554978
0.930044,2.554986
0.930868,2.554986
0.950173,2.555014
0.950812,2.555014
0.970196,2.555002
0.970807,2.555002
0.990125,2.555012
0.990872,2.555012
1.010100,2.555011
1.010754,2.555011
1.030143,2.555008
1.030826,2.555008
1.050230,2.555029
1.050712,2.555029
1.070248,2.555023
1.070690,2.555023
1.090080,2.555017
1.090878,2.555017
1.110058,2.555014
1.110799,2.555014
1.130093,2.555006
1.130817,2.555006
1.150070,2.555017
1.150789,2.555017
1.169995,2.555023
1.170789,2.555023
1.190176,2.555017
1.190755,2.555017
1.210167,2.555007
1.210745,2.555007
1.230117,2.555023
1.230826,2.555023
1.250001,2.555006
1.250884,2.555006
1.270077,2.555034
1.270798,2.555034
1.290024,2.555006
1.290755,2.555006
1.310921,2.554997
1.312274,2.554997
1.330576,2.555019
1.331627,2.555019
1.350240,2.555008
1.350906,2.555008
1.370043,2.555010
1.370842,2.555010
1.390130,2.555001
1.390802,2.555001
1.410155,2.555014
1.410817,2.555014
1.430067,2.555011
1.430770,2.555011
1.450149,2.555023
1.450818,2.555023
1.470132,2.555022
1.470795,2.555022
1.490094,2.555004
1.490763,2.555004
1.510186,2.555031
1.510754,2.555031
1.530139,2.554999
1.530742,2.554999
1.550090,2.555020
1.550759,2.555020
1.570159,2.555018
1.570780,2.555018
1.590077,2.555023
1.590714,2.555023
1.610039,2.555053
1.610761,2.555053
1.630002,2.555051
1.630887,2.555051
1.650127,2.555052
1.650859,2.555052
1.670141,2.555044
1.670721,2.555044
1.690166,2.555048
1.690727,2.555048
1.710156,2.555058
1.710857,2.555058
1.730114,2.555070
1.730777,2.555070
1.750180,2.555064
1.750739,2.555064
1.770089,2.555064
1.770756,2.555064
1.790153,2.555071
1.790785,2.555071
1.810097,2.555067
1.810747,2.555067
1.830139,2.555086
1.830724,2.555086
1.850075,2.555079
1.850859,2.555079
1.870124,2.555074
1.870908,2.555074
1.890097,2.555077
1.890864,2.555077
1.909930,2.555073
1.910828,2.555073
1.930029,2.555097
1.930856,2.555097
1.950091,2.555065
1.950900,2.555065
1.970059,2.555078
1.970848,2.555078
1.990171,2.555091
1.990807,2.555091
2.010110,2.555066
2.010868,2.555066
2.030107,2.555088
2.030874,2.555088
2.050618,2.555074
2.050868,2.555074
2.070165,2.555085
2.070788,2.555085
2.090063,2.555102
2.090788,2.555102
2.110124,2.555088
2.110815,2.555088
2.130183,2.555089
2.130802,2.555089
2.150062,2.555060
2.150837,2.555060
2.170115,2.555048
2.170836,2.555048
2.190181,2.555048
2.190906,2.555048
2.210050,2.555054
2.210802,2.555054
2.230091,2.555062
2.230784,2.555062
2.250063,2.555043
2.250855,2.555043
2.270070,2.555087
2.270770,2.555087
2.290041,2.555085
2.290575,2.555085
2.309933,2.555108
2.310795,2.555108
2.330056,2.555095
2.330835,2.555095
2.350176,2.555081
2.350801,2.555081
2.370187,2.555109
2.370731,2.555109
2.390039,2.555082
2.390803,2.555082
2.410125,2.555100
2.410778,2.555100
2.430008,2.555067
2.430712,2.555067
2.450104,2.555077
2.450739,2.555077
2.470109,2.555080
2.470773,2.555080
2.490071,2.555112
2.490781,2.555112
2.510026,2.555071
2.510767,2.555071
2.529970,2.555076
2.530819,2.555076
2.550002,2.555106
2.550794,2.555106
2.570032,2.555090
2.570803,2.555090
2.590092,2.555050
2.590823,2.555050
2.610005,2.555149
2.610760,2.555149
2.630145,2.555216
2.630807,2.555216
2.650086,2.555186
2.650765,2.555186
2.669999,2.555238
2.670822,2.555238
2.690092,2.555187
2.690818,2.555187
2.710115,2.555211
2.710766,2.555211
2.730067,2.555303
2.730840,2.555303
2.750069,2.555282
2.750776,2.555282
2.770036,2.555399
2.770794,2.555399
2.790069,2.555366
2.790755,2.555366
2.810074,2.555293
2.810821,2.555293
2.830138,2.555290
2.830857,2.555290
2.850034,2.555170
2.850791,2.555170
2.870161,2.555117
2.870795,2.555117
2.890092,2.555116
2.890762,2.555116
2.910127,2.555086
2.910767,2.555086
2.931169,2.555182
2.931978,2.555182
2.951409,2.555086
2.952749,2.555086
2.970406,2.555135
2.971027,2.555135
2.990103,2.555193
2.990815,2.555193
3.010186,2.555064
3.010808,2.555064
3.030034,2.555204
3.030789,2.555204
3.050065,2.555162
3.050840,2.555162
3.070173,2.555128
3.070702,2.555128
3.090038,2.555196
3.090759,2.555196
3.110135,2.555100
3.110740,2.555100
3.130000,2.555033
3.130775,2.555033
3.150117,2.554996
3.150759,2.554996
3.170049,2.554952
3.170828,2.554952
3.190078,2.554884
3.190817,2.554884
3.210266,2.554854
3.210810,2.554854
3.230054,2.554802
3.230871,2.554802
3.250066,2.554897
3.250763,2.554897
3.270182,2.554882
3.270750,2.554882
3.290084,2.554987
3.290756,2.554987
3.310109,2.555077
3.310751,2.555077
3.330044,2.554966
3.330788,2.554966
3.350097,2.555138
3.350774,2.555138
3.370121,2.554986
3.370806,2.554986
3.390154,2.554942
3.390737,2.554942
3.410028,2.554897
3.410815,2.554897
3.430074,2.554791
3.430747,2.554791
3.450173,2.554684
3.450790,2.554684
3.470102,2.554641
3.470789,2.554641
3.490187,2.554545
3.490823,2.554545
3.511202,2.554558
3.512205,2.554558
3.531236,2.554501
3.532316,2.554501
3.550243,2.554519
3.551037,2.554519
3.570081,2.554526
3.570819,2.554526
3.590181,2.554526
3.590750,2.554526
3.610052,2.554506
3.610846,2.554506
3.630193,2.554546
3.630865,2.554546
3.650050,2.554436
3.650842,2.554436
3.670475,2.554463
3.670788,2.554463
3.690114,2.554303
3.690774,2.554303
3.710046,2.554281
3.710735,2.554281
3.731078,2.554138
3.732543,2.554138
3.751231,2.554123
3.752017,2.554123
3.770335,2.554106
3.770833,2.554106
3.790152,2.554010
3.790852,2.554010
3.810183,2.554068
3.810875,2.554068
3.830025,2.554028
3.830770,2.554028
3.850136,2.553984
3.850768,2.553984
3.870083,2.554005
3.870808,2.554005
3.889990,2.553988
3.890794,2.553988
3.910071,2.553862
3.910851,2.553862
3.930013,2.553894
3.930871,2.553894
3.950064,2.553799
3.950805,2.553799
3.970066,2.553623
3.970710,2.553623
3.990088,2.553591
3.990789,2.553591
4.010088,2.553454
4.010815,2.553454
4.030061,2.553272
4.030771,2.553272
4.050080,2.553196
4.050747,2.553196
4.070093,2.553146
4.070831,2.553146
4.090129,2.553088
4.090770,2.553088
4.110007,2.553006
4.110741,2.553006
4.130103,2.552957
4.130779,2.552957
4.150144,2.552908
4.151002,2.552908
4.170085,2.552853
4.170841,2.552853
4.190163,2.552719
4.190805,2.552719
4.210174,2.552618
4.210795,2.552618
4.230152,2.552502
4.230819,2.552502
4.250022,2.552449
4.250832,2.552449
4.270193,2.552285
4.270783,2.552285
4.290036,2.552240
4.290877,2.552240
4.310130,2.552159
4.310827,2.552159
4.330138,2.552064
4.330759,2.552064
4.350167,2.551982
4.350894,2.551982
4.370220,2.551874
4.370755,2.551874
4.390085,2.551772
4.390829,2.551772
4.410106,2.551750
4.410799,2.551750
4.430080,2.551657
4.430828,2.551657
4.450106,2.551613
4.450795,2.551613
4.470004,2.551536
4.470752,2.551536
4.489956,2.551430
4.490760,2.551430
4.510132,2.551359
4.510834,2.551359
4.530067,2.551218
4.530798,2.551218
4.550098,2.551030
4.550875,2.551030
4.570096,2.550854
4.570804,2.550854
4.590042,2.550781
4.590816,2.550781
4.610220,2.550635
4.610783,2.550635
4.630215,2.550635
4.630752,2.550635
4.650094,2.550574
4.650829,2.550574
4.669940,2.550422
4.670761,2.550422
4.690058,2.550366
4.690725,2.550366
4.710073,2.550410
4.710756,2.550410
4.730089,2.550439
4.730749,2.550439
4.750117,2.550314
4.750755,2.550314
4.770124,2.550290
4.770907,2.550290
4.790196,2.550113
4.790811,2.550113
4.810082,2.550020
4.810924,2.550020
4.830150,2.549980
4.830809,2.549980
4.850129,2.549742
4.850830,2.549742
4.869972,2.549613
4.870794,2.549613
4.890085,2.549545
4.890789,2.549545
4.910109,2.549433
4.910718,2.549433
4.930184,2.549385
4.930752,2.549385
4.949951,2.549233
4.950744,2.549233
4.970018,2.549198
4.970806,2.549198
4.990108,2.549157
4.990861,2.549157
5.010092,2.549078
5.010847,2.549078
5.029981,2.549062
5.030809,2.549062
5.050052,2.548898
5.050791,2.548898
5.070120,2.548920
5.070847,2.548920
5.090059,2.548841
5.090821,2.548841
5.110035,2.548759
5.110777,2.548759
5.130161,2.548654
5.130800,2.548654
5.150065,2.548514
5.150821,2.548514
5.170148,2.548375
5.170698,2.548375
5.190147,2.548242
5.190801,2.548242
5.210148,2.548186
5.210842,2.548186
5.230049,2.548141
5.230801,2.548141
5.250148,2.548074
5.250742,2.548074
5.270097,2.548255
5.270794,2.548255
5.290078,2.548223
5.290720,2.548223
5.310115,2.548009
5.310831,2.548009
5.330118,2.548161
5.330707,2.548161
5.350217,2.548113
5.350845,2.548113
5.369942,2.547905
5.370807,2.547905
5.389972,2.547913
5.390705,2.547913
5.410137,2.547774
5.410822,2.547774
5.430171,2.547581
5.430778,2.547581
5.450108,2.547550
5.450840,2.547550
5.470138,2.547431
5.470810,2.547431
5.490031,2.547492
5.490772,2.547492
5.510107,2.547385
5.510793,2.547385
5.530158,2.547399
5.530795,2.547399
5.550077,2.547322
5.550797,2.547322
5.570168,2.547259
5.570912,2.547259
5.590281,2.547179
5.590854,2.547179
5.610077,2.547050
5.610748,2.547050
5.630131,2.546937
5.630842,2.546937
5.650064,2.546836
5.650778,2.546836
5.670060,2.546740
5.670712,2.546740
5.690044,2.546644
5.690820,2.546644
5.710171,2.546552
5.710811,2.546552
5.730034,2.546585
5.730837,2.546585
5.750126,2.546425
5.750782,2.546425
5.770087,2.546360
5.770806,2.546360
5.790191,2.546309
5.790808,2.546309
5.810175,2.546111
5.810826,2.546111
5.830154,2.546143
5.830814,2.546143
5.850492,2.545990
5.850814,2.545990
5.870121,2.545842
5.870780,2.545842
5.890055,2.545814
5.890892,2.545814
5.910136,2.545775
5.910815,2.545775
5.930122,2.545691
5.930830,2.545691
5.950099,2.545679
5.950817,2.545679
5.970053,2.545600
5.970708,2.545600
5.990103,2.545550
5.990791,2.545550
6.010175,2.545469
6.010792,2.545469
6.030097,2.545320
6.030787,2.545320
6.050153,2.545248
6.050874,2.545248
6.070148,2.545101
6.070824,2.545101
6.090115,2.545088
6.090765,2.545088
6.110054,2.545056
6.110789,2.545056
6.130154,2.545072
6.130827,2.545072
6.150057,2.545023
6.150737,2.545023
6.169973,2.545063
6.170787,2.545063
6.191070,2.545051
6.191933,2.545051
6.210913,2.544991
6.212289,2.544991
6.230602,2.544934
6.231275,2.544934
6.250128,2.544858
6.250948,2.544858
6.270079,2.544819
6.270836,2.544819
6.290087,2.544668
6.290776,2.544668
6.310137,2.544717
6.310865,2.544717
6.330150,2.544550
6.330941,2.544550
6.350198,2.544618
6.350844,2.544618
6.370054,2.544500
6.370795,2.544500
6.390085,2.544490
6.390779,2.544490
6.409998,2.544365
6.410774,2.544365
6.430094,2.544275
6.430766,2.544275
6.449982,2.544201
6.450883,2.544201
6.470179,2.544093
6.470777,2.544093
6.491252,2.544009
6.492005,2.544009
6.510762,2.543927
6.511708,2.543927
6.530264,2.543926
6.530882,2.543926
6.550095,2.543856
6.550816,2.543856
6.570092,2.543853
6.570796,2.543853
6.590140,2.543730
6.590835,2.543730
6.610027,2.543667
6.610786,2.543667
6.630185,2.543598
6.630839,2.543598
6.650185,2.543495
6.651022,2.543495
6.669947,2.543430
6.670740,2.543430
6.690173,2.543309
6.690840,2.543309
6.710246,2.543240
6.710839,2.543240
6.730199,2.543114
6.730747,2.543114
6.750156,2.543112
6.750847,2.543112
6.769994,2.543110
6.770797,2.543110
6.790227,2.543093
6.790923,2.543093
6.810084,2.543075
6.810866,2.543075
6.830228,2.542994
6.830784,2.542994
6.850152,2.542956
6.850822,2.542956
6.870075,2.542859
6.870775,2.542859
6.890106,2.542779
6.890800,2.542779
6.910146,2.542701
6.910877,2.542701
6.931309,2.542671
6.932168,2.542671
6.951162,2.542600
6.951936,2.542600
6.970244,2.542660
6.970954,2.542660
6.990032,2.542541
6.990770,2.542541
7.010085,2.542486
7.010827,2.542486
7.030016,2.542359
7.030763,2.542359
7.050099,2.542225
7.050689,2.542225
7.070077,2.542127
7.070758,2.542127
7.089995,2.542018
7.090762,2.542018
7.110229,2.541886
7.110812,2.541886
7.130125,2.541711
7.130814,2.541711
7.150167,2.541702
7.151165,2.541702
7.170098,2.541577
7.170822,2.541577
7.190055,2.541653
7.190778,2.541653
7.210125,2.541574
7.210824,2.541574
7.230176,2.541594
7.230806,2.541594
7.250102,2.541577
7.250794,2.541577
7.270042,2.541547
7.270771,2.541547
7.290084,2.541506
7.290743,2.541506
7.310114,2.541417
7.310755,2.541417
7.330144,2.541417
7.330824,2.541417
7.350101,2.541300
7.350843,2.541300
7.370070,2.541243
7.370733,2.541243
7.390121,2.541119
7.390789,2.541119
7.410131,2.541063
7.410802,2.541063
7.430011,2.540891
7.430768,2.540891
7.450157,2.540770
7.450784,2.540770
7.470024,2.540651
7.470808,2.540651
7.490027,2.540454
7.490736,2.540454
7.510254,2.540411
7.510756,2.540411
7.530140,2.540181
7.530744,2.540181
7.550093,2.540097
7.550835,2.540097
7.570061,2.540057
7.570782,2.540057
7.590134,2.540030
7.590780,2.540030
7.610017,2.540054
7.610757,2.540054
7.629998,2.540031
7.630885,2.540031
7.650155,2.539966
7.650808,2.539966
7.670056,2.539877
7.670812,2.539877
7.690095,2.539886
7.690831,2.539886
7.710188,2.539662
7.710827,2.539662
7.730004,2.539642
7.730786,2.539642
7.750103,2.539547
7.750797,2.539547
7.770054,2.539480
7.770778,2.539480
7.790104,2.539431
7.790754,2.539431
7.810053,2.539394
7.810751,2.539394
7.830040,2.539413
7.830719,2.539413
7.850072,2.539295
7.850836,2.539295
7.870071,2.539270
7.870788,2.539270
7.890119,2.539053
7.890800,2.539053
7.910040,2.538933
7.910813,2.538933
7.930141,2.538842
7.930750,2.538842
7.950107,2.538647
7.950760,2.538647
7.970030,2.538531
7.970833,2.538531
7.990047,2.538420
7.990788,2.538420
8.010001,2.538283
8.010786,2.538283
8.030275,2.538287
8.030810,2.538287
8.050028,2.538213
8.050786,2.538213
8.070072,2.538137
8.070786,2.538137
8.090110,2.538153
8.090730,2.538153
8.110062,2.538047
8.110791,2.538047
8.130176,2.538053
8.130758,2.538053
8.150127,2.537990
8.150798,2.537990
8.170141,2.537947
8.170801,2.537947
8.190203,2.537899
8.190758,2.537899
8.211250,2.537822
8.212000,2.537822
8.231071,2.537792
8.232634,2.537792
8.250373,2.537822
8.251004,2.537822
8.270208,2.537681
8.270833,2.537681
8.290121,2.537621
8.290873,2.537621
8.310038,2.537556
8.310817,2.537556
8.330109,2.537452
8.330787,2.537452
8.350101,2.537493
8.350918,2.537493
8.370079,2.537333
8.370856,2.537333
8.390134,2.537231
8.390778,2.537231
8.410098,2.537215
8.410850,2.537215
8.430107,2.536991
8.430770,2.536991
8.450197,2.536932
8.450820,2.536932
8.470243,2.536847
8.470780,2.536847
8.490087,2.536750
8.490736,2.536750
8.510113,2.536614
8.510755,2.536614
8.530131,2.536575
8.530843,2.536575
8.550099,2.536429
8.550776,2.536429
8.570051,2.536328
8.570806,2.536328
8.590146,2.536194
8.590713,2.536194
8.610084,2.536156
8.610828,2.536156
8.630079,2.536035
8.630781,2.536035
8.650153,2.536051
8.650775,2.536051
8.670068,2.536129
8.670732,2.536129
8.690100,2.535991
8.690812,2.535991
8.710135,2.536049
8.710718,2.536049
8.730202,2.535895
8.730741,2.535895
8.750108,2.535805
8.750798,2.535805
8.770019,2.535808
8.770791,2.535808
8.790179,2.535654
8.790819,2.535654
8.810129,2.535544
8.810749,2.535544
8.830052,2.535519
8.830800,2.535519
8.850015,2.535343
8.850785,2.535343
8.870132,2.535283
8.870787,2.535283
8.890006,2.535250
8.890833,2.535250
8.910084,2.535073
8.910773,2.535073
8.930067,2.535097
8.930813,2.535097
8.950047,2.535009
8.950748,2.535009
8.970091,2.534849
8.970805,2.534849
8.990120,2.534792
8.990792,2.534792
9.010071,2.534657
9.010742,2.534657
9.030192,2.534523
9.030843,2.534523
9.050110,2.534502
9.050805,2.534502
9.070033,2.534440
9.070781,2.534440
9.090038,2.534332
9.090863,2.534332
9.110190,2.534427
9.110772,2.534427
9.130143,2.534348
9.130743,2.534348
9.150083,2.534349
9.150882,2.534349
9.170113,2.534349
9.170759,2.534349
9.190004,2.534328
9.190800,2.534328
9.210168,2.534246
9.210807,2.534246
9.230054,2.534279
9.230838,2.534279
9.250155,2.534151
9.251094,2.534151
9.270114,2.534072
9.270835,2.534072
9.290085,2.533973
9.290807,2.533973
9.310065,2.533904
9.310782,2.533904
9.330112,2.533906
9.330853,2.533906
9.350036,2.533824
9.350813,2.533824
9.370069,2.533757
9.370773,2.533757
9.389994,2.533702
9.390817,2.533702
9.410150,2.533573
9.410799,2.533573
9.429997,2.533548
9.430772,2.533548
9.450091,2.533434
9.450826,2.533434
9.470051,2.533365
9.470756,2.533365
9.490133,2.533260
9.490770,2.533260
9.510158,2.533200
9.510686,2.533200
9.530147,2.532969
9.530797,2.532969
9.550027,2.532814
9.550841,2.532814
9.570067,2.532717
9.570834,2.532717
9.589987,2.532481
9.590741,2.532481
9.610106,2.532460
9.610800,2.532460
9.630117,2.532338
9.630866,2.532338
9.650148,2.532178
9.650775,2.532178
9.670181,2.532134
9.670804,2.532134
9.690011,2.532012
9.690783,2.532012
9.710022,2.531827
9.710853,2.531827
9.730233,2.531760
9.730887,2.531760
9.750116,2.531549
9.750820,2.531549
9.770133,2.531405
9.770854,2.531405
9.790039,2.531271
9.790814,2.531271
9.810244,2.531047
9.810700,2.531047
9.830164,2.530957
9.830786,2.530957
9.850844,2.530809
9.851947,2.530809
9.871079,2.530699
9.871856,2.530699
9.890185,2.530589
9.891038,2.530589
9.910071,2.530529
9.910802,2.530529
9.930071,2.530479
9.930778,2.530479
9.950107,2.530432
9.950782,2.530432
9.970061,2.530360
9.970810,2.530360
9.990068,2.530260
9.990835,2.530260
10.010104,2.530232
10.010761,2.530232
10.030148,2.530191
10.030775,2.530191
10.050152,2.530143
10.050839,2.530143
10.070027,2.530116
10.070789,2.530116
10.090111,2.530136
10.090788,2.530136
10.110103,2.530033
10.110765,2.530033
10.130135,2.530019
10.130770,2.530019
10.150134,2.529948
10.150753,2.529948
10.170516,2.529932
10.170774,2.529932
10.190067,2.529993
10.190773,2.529993
10.210224,2.529875
10.210826,2.529875
10.230098,2.529920
10.230781,2.529920
10.250061,2.529652
10.250862,2.529652
10.270114,2.529633
10.270786,2.529633
10.290116,2.529419
10.290749,2.529419
10.310213,2.529285
10.310732,2.529285
10.330133,2.529227
10.330756,2.529227
10.350147,2.529153
10.350800,2.529153
10.370187,2.529154
10.370816,2.529154
10.390266,2.529120
10.390719,2.529120
10.410048,2.529064
10.410752,2.529064
10.430031,2.528985
10.430728,2.528985
10.449944,2.529013
10.450822,2.529013
10.470134,2.528850
10.470822,2.528850
10.490055,2.528819
10.490810,2.528819
10.510071,2.528735
10.510783,2.528735
10.530082,2.528650
10.530823,2.528650
10.550188,2.528491
10.550886,2.528491
10.570065,2.528474
10.570826,2.528474
10.590010,2.528314
10.590894,2.528314
10.610023,2.528194
10.610812,2.528194
10.630081,2.528148
10.630809,2.528148
10.650232,2.527866
10.650879,2.527866
10.670144,2.527847
10.670789,2.527847
10.690087,2.527679
10.690846,2.527679
10.710202,2.527596
10.710838,2.527596
10.730131,2.527530
10.730843,2.527530
10.749980,2.527435
10.750857,2.527435
10.770098,2.527350
10.770766,2.527350
10.790044,2.527302
10.790829,2.527302
10.810046,2.527225
10.810846,2.527225
10.830155,2.527150
10.830764,2.527150
10.850231,2.527146
10.850846,2.527146
10.870037,2.527094
10.870846,2.527094
10.890027,2.527121
10.890790,2.527121
10.909966,2.527105
10.910814,2.527105
10.930085,2.527091
10.930788,2.527091
10.950100,2.526972
10.950727,2.526972
10.970134,2.526844
10.970814,2.526844
10.990195,2.526727
10.990741,2.526727
11.010105,2.526560
11.010902,2.526560
11.030169,2.526464
11.030829,2.526464
11.050117,2.526297
11.050812,2.526297
11.070103,2.526222
11.070803,2.526222
11.089986,2.526148
11.090767,2.526148
11.110053,2.526071
11.110816,2.526071
11.129990,2.525989
11.130748,2.525989
11.150158,2.526021
11.150793,2.526021
11.170075,2.525923
11.170814,2.525923
11.190078,2.525946
11.190655,2.525946
11.210029,2.525921
11.210763,2.525921
11.230107,2.525841
11.230850,2.525841
11.250148,2.525791
11.250894,2.525791
11.270042,2.525648
11.270765,2.525648
11.290029,2.525583
11.290800,2.525583
11.310563,2.525449
11.312158,2.525449
11.330965,2.525365
11.332175,2.525365
11.350591,2.525245
11.351220,2.525245
11.370196,2.525073
11.370762,2.525073
11.390050,2.524956
11.390824,2.524956
11.410108,2.524816
11.410772,2.524816
11.430023,2.524695
11.430700,2.524695
11.450134,2.524582
11.450747,2.524582
11.470091,2.524525
11.470793,2.524525
11.490069,2.524355
11.490846,2.524355
11.510098,2.524203
11.510809,2.524203
11.530202,2.524090
11.530831,2.524090
11.550117,2.523921
11.550929,2.523921
11.570117,2.523763
11.570879,2.523763
11.590159,2.523718
11.590795,2.523718
11.610188,2.523604
11.610797,2.523604
11.630207,2.523571
11.630812,2.523571
11.650081,2.523534
11.650774,2.523534
11.670149,2.523338
11.670734,2.523338
11.690004,2.523325
11.690718,2.523325
11.710091,2.523172
11.710726,2.523172
11.730088,2.523006
11.730720,2.523006
11.750062,2.522982
11.750855,2.522982
11.770117,2.522836
11.770813,2.522836
11.790136,2.522701
11.790770,2.522701
11.810152,2.522562
11.810832,2.522562
11.830088,2.522428
11.830754,2.522428
11.850020,2.522318
11.850733,2.522318
11.870041,2.522280
11.870774,2.522280
11.890086,2.522201
11.890709,2.522201
11.910071,2.522148
11.910765,2.522148
11.930102,2.522030
11.930830,2.522030
11.950108,2.521945
11.950844,2.521945
11.970202,2.521844
11.970844,2.521844
11.990036,2.521768
11.990820,2.521768
12.010235,2.521757
12.010759,2.521757
12.030109,2.521640
12.030851,2.521640
12.050216,2.521584
12.050732,2.521584
12.070182,2.521447
12.070779,2.521447
12.090034,2.521379
12.090738,2.521379
12.110141,2.521285
12.110742,2.521285
12.130020,2.521181
12.130817,2.521181
12.150085,2.521040
12.150753,2.521040
12.170015,2.521009
12.170619,2.521009
12.190069,2.520827
12.190774,2.520827
12.210179,2.520687
12.210771,2.520687
12.230072,2.520622
12.230798,2.520622
12.250084,2.520403
12.251136,2.520403
12.270095,2.520457
12.270907,2.520457
12.289992,2.520409
12.290790,2.520409
12.310760,2.520417
12.312109,2.520417
12.330417,2.520375
12.331220,2.520375
12.349992,2.520308
12.350848,2.520308
12.370065,2.520236
12.370875,2.520236
12.390087,2.520147
12.390823,2.520147
12.410042,2.520038
12.410800,2.520038
12.430140,2.519955
12.430772,2.519955
12.450195,2.519962
12.450759,2.519962
12.470094,2.519908
12.470748,2.519908
12.490135,2.519895
12.490778,2.519895
12.510100,2.519738
12.510767,2.519738
12.530001,2.519797
12.530775,2.519797
12.550062,2.519514
12.550792,2.519514
12.570181,2.519335
12.570827,2.519335
12.589973,2.519205
12.590782,2.519205
12.610061,2.518936
12.610777,2.518936
12.629998,2.518809
12.630799,2.518809
12.650121,2.518593
12.650862,2.518593
12.670111,2.518485
12.670815,2.518485
12.690081,2.518390
12.690733,2.518390
12.710067,2.518360
12.710757,2.518360
12.730106,2.518307
12.730831,2.518307
12.750178,2.518385
12.750793,2.518385
12.770068,2.518367
12.770858,2.518367
12.790037,2.518375
12.790775,2.518375
12.810259,2.518433
12.810813,2.518433
12.830124,2.518319
12.830872,2.518319
12.850159,2.518317
12.850806,2.518317
12.869968,2.518189
12.870757,2.518189
12.890029,2.518092
12.890701,2.518092
12.910123,2.517907
12.910805,2.517907
12.930067,2.517728
12.930840,2.517728
12.950804,2.517548
12.950865,2.517548
12.970109,2.517400
12.970846,2.517400
12.990197,2.517217
12.990759,2.517217
13.010031,2.517208
13.010781,2.517208
13.030110,2.517163
13.031110,2.517163
13.050086,2.516902
13.050787,2.516902
13.070064,2.516868
13.070737,2.516868
13.090077,2.516685
13.090776,2.516685
13.110152,2.516519
13.110807,2.516519
13.130056,2.516432
13.130789,2.516432
13.150062,2.516296
13.150774,2.516296
13.170085,2.516212
13.170815,2.516212
13.190085,2.516133
13.190736,2.516133
13.210048,2.516084
13.210821,2.516084
13.230034,2.515980
13.230793,2.515980
13.250121,2.515939
13.250841,2.515939
13.270180,2.515860
13.270747,2.515860
13.290062,2.515852
13.290763,2.515852
13.310147,2.515750
13.310738,2.515750
13.329945,2.515665
13.330756,2.515665
13.350077,2.515549
13.350687,2.515549
13.370051,2.515477
13.370760,2.515477
13.390078,2.515378
13.390777,2.515378
13.410129,2.515143
13.410790,2.515143
13.430193,2.515154
13.430836,2.515154
13.450041,2.514919
13.450726,2.514919
13.470079,2.514840
13.470826,2.514840
13.489984,2.514814
13.490763,2.514814
13.510101,2.514677
13.510881,2.514677
13.529993,2.514562
13.530843,2.514562
13.550986,2.514517
13.552037,2.514517
13.571007,2.514397
13.572288,2.514397
13.590709,2.514371
13.591234,2.514371
13.610181,2.514328
13.610837,2.514328
13.631413,2.514201
13.632306,2.514201
13.650793,2.514144
13.651562,2.514144
13.670274,2.513996
13.670867,2.513996
13.690053,2.513945
13.690773,2.513945
13.710255,2.513837
13.710662,2.513837
13.730103,2.513765
13.731143,2.513765
13.750255,2.513649
13.750829,2.513649
13.770152,2.513545
13.770748,2.513545
13.790139,2.513490
13.790846,2.513490
13.810079,2.513383
13.810754,2.513383
13.830132,2.513273
13.830796,2.513273
13.850053,2.513195
13.850763,2.513195
13.870047,2.513163
13.870854,2.513163
13.890029,2.513011
13.890733,2.513011
13.910102,2.512959
13.910909,2.512959
13.930161,2.512787
13.930756,2.512787
13.950103,2.512678
13.950785,2.512678
13.969988,2.512552
13.970776,2.512552
13.990082,2.512417
13.990763,2.512417
14.010106,2.512449
14.010680,2.512449
14.030109,2.512283
14.030864,2.512283
14.050136,2.512273
14.050787,2.512273
14.070088,2.512158
14.070648,2.512158
14.090024,2.512096
14.090794,2.512096
14.110174,2.511984
14.110814,2.511984
14.130081,2.511943
14.130991,2.511943
14.150104,2.511837
14.150780,2.511837
14.170054,2.511667
14.170839,2.511667
14.190101,2.511469
14.190822,2.511469
14.210032,2.511351
14.210745,2.511351
14.230186,2.511207
14.230805,2.511207
14.250051,2.511051
14.250932,2.511051
14.270072,2.511007
14.270768,2.511007
14.290058,2.510824
14.290788,2.510824
14.310107,2.510784
14.310823,2.510784
14.330110,2.510636
14.330742,2.510636
14.350101,2.510606
14.350956,2.510606
14.370096,2.510488
14.370787,2.510488
14.390161,2.510399
14.390731,2.510399
14.410154,2.510232
14.410810,2.510232
14.430072,2.510150
14.430776,2.510150
14.450137,2.510084
14.450759,2.510084
14.470142,2.509961
14.470716,2.509961
14.490103,2.509966
14.490732,2.509966
14.510157,2.509853
14.510767,2.509853
14.530042,2.509922
14.530789,2.509922
14.550146,2.509847
14.550768,2.509847
14.570081,2.509778
14.570849,2.509778
14.590114,2.509698
14.591824,2.509698
14.611146,2.509633
14.611969,2.509633
14.632026,2.509669
14.632081,2.509669
14.650307,2.509551
14.651021,2.509551
14.670079,2.509486
14.670816,2.509486
14.690138,2.509510
14.690758,2.509510
14.710021,2.509438
14.710725,2.509438
14.730120,2.509352
14.730794,2.509352
14.750123,2.509398
14.750656,2.509398
14.770103,2.509284
14.770715,2.509284
14.790120,2.509307
14.790752,2.509307
14.810029,2.509228
14.810908,2.509228
14.830180,2.509165
14.830840,2.509165
14.850123,2.509158
14.850804,2.509158
14.870040,2.509055
14.871181,2.509055
14.890054,2.509066
14.890771,2.509066
14.910111,2.508971
14.910840,2.508971
14.930071,2.508927
14.930739,2.508927
14.950132,2.508916
14.950871,2.508916
14.970118,2.508942
14.970781,2.508942
14.990126,2.508938
14.990813,2.508938
15.010031,2.508933
15.010790,2.508933
15.029999,2.508956
15.030748,2.508956
15.050103,2.508984
15.050781,2.508984
15.070043,2.509031
15.070806,2.509031
15.090031,2.509019
15.090766,2.509019
15.110152,2.509108
15.110825,2.509108
15.130082,2.509040
15.130767,2.509040
15.150090,2.509067
15.150789,2.509067
15.170139,2.509065
15.170855,2.509065
15.190004,2.509026
15.190835,2.509026
15.210066,2.508932
15.210748,2.508932
15.230072,2.508890
15.230800,2.508890
15.250113,2.508809
15.250754,2.508809
15.270016,2.508722
15.270733,2.508722
15.290093,2.508752
15.290814,2.508752
15.310229,2.508761
15.310771,2.508761
15.329993,2.508837
15.330832,2.508837
15.350071,2.508815
15.350848,2.508815
15.370090,2.508876
15.370820,2.508876
15.390203,2.508686
15.390733,2.508686
15.410182,2.508736
15.410770,2.508736
15.430180,2.508603
15.430764,2.508603
15.450071,2.508485
15.450752,2.508485
15.470057,2.508478
15.470754,2.508478
15.490111,2.508373
15.490783,2.508373
15.510057,2.508395
15.510715,2.508395
15.529974,2.508407
15.530759,2.508407
15.550153,2.508305
15.550755,2.508305
15.570112,2.508271
15.570716,2.508271
15.590050,2.508240
15.590830,2.508240
15.610077,2.508068
15.610821,2.508068
15.630156,2.508087
15.630914,2.508087
15.650115,2.507955
15.650765,2.507955
15.670132,2.507882
15.670736,2.507882
15.690055,2.507818
15.690748,2.507818
15.710068,2.507702
15.710766,2.507702
15.730093,2.507722
15.730744,2.507722
15.750199,2.507711
15.750685,2.507711
15.770123,2.507717
15.770737,2.507717
15.790070,2.507761
15.790729,2.507761
15.810097,2.507786
15.810935,2.507786
15.830019,2.507784
15.830824,2.507784
15.850096,2.507843
15.850767,2.507843
15.870062,2.507805
15.870750,2.507805
15.890098,2.507887
15.890789,2.507887
15.910134,2.507823
15.910774,2.507823
15.930100,2.507808
15.930744,2.507808
15.950166,2.507731
15.950811,2.507731
15.970193,2.507788
15.970869,2.507788
15.989950,2.507790
15.990798,2.507790
16.010194,2.507819
16.010786,2.507819
16.030136,2.507791
16.030916,2.507791
16.050154,2.507890
16.050761,2.507890
16.070123,2.507900
16.070795,2.507900
16.090109,2.507929
16.090829,2.507929
16.110156,2.507959
16.110790,2.507959
16.130065,2.507978
16.130850,2.507978
16.150988,2.507976
16.151803,2.507976
16.170354,2.507995
16.171188,2.507995
16.190147,2.507959
16.190744,2.507959
16.210166,2.507938
16.210769,2.507938
16.230197,2.507919
16.230746,2.507919
16.250021,2.507891
16.250803,2.507891
16.270178,2.507806
16.270778,2.507806
16.290062,2.507819
16.290851,2.507819
16.310142,2.507795
16.310771,2.507795
16.330135,2.507815
16.330758,2.507815
16.350030,2.507742
16.350847,2.507742
16.370024,2.507916
16.370772,2.507916
16.390077,2.508017
16.390849,2.508017
16.410172,2.508048
16.410852,2.508048
16.430022,2.508214
16.430756,2.508214
16.450176,2.508227
16.450845,2.508227
16.470053,2.508370
16.470764,2.508370
16.490031,2.508439
16.490805,2.508439
16.510019,2.508401
16.510871,2.508401
16.530068,2.508483
16.530753,2.508483
16.550023,2.508466
16.550830,2.508466
16.570162,2.508383
16.570965,2.508383
16.590101,2.508445
16.590757,2.508445
16.610088,2.508441
16.610807,2.508441
16.631028,2.508488
16.632375,2.508488
16.650708,2.508595
16.651394,2.508595
16.670210,2.508595
16.670823,2.508595
16.690067,2.508689
16.690778,2.508689
16.710153,2.508737
16.710896,2.508737
16.730091,2.508814
16.730786,2.508814
16.750062,2.508946
16.750829,2.508946
16.770035,2.508965
16.770799,2.508965
16.790155,2.509001
16.790846,2.509001
16.810131,2.508990
16.810737,2.508990
16.830060,2.508981
16.830808,2.508981
16.850250,2.508966
16.850853,2.508966
16.870179,2.508863
16.870800,2.508863
16.890084,2.508838
16.890779,2.508838
16.910091,2.508801
16.910776,2.508801
16.930130,2.508734
16.931003,2.508734
16.950146,2.508808
16.950781,2.508808
16.970011,2.508649
16.970720,2.508649
16.990108,2.508626
16.990855,2.508626
17.010048,2.508604
17.010807,2.508604
17.030251,2.508546
17.030831,2.508546
17.050059,2.508666
17.051105,2.508666
17.070081,2.508570
17.070758,2.508570
17.090159,2.508602
17.090786,2.508602
17.110115,2.508567
17.110716,2.508567
17.129990,2.508406
17.130831,2.508406
17.150125,2.508375
17.150855,2.508375
17.170136,2.508195
17.170728,2.508195
17.190074,2.508054
17.190762,2.508054
17.210004,2.508030
17.210786,2.508030
17.230171,2.507973
17.230785,2.507973
17.250148,2.507905
17.250808,2.507905
17.270108,2.508085
17.270757,2.508085
17.290127,2.507994
17.290745,2.507994
17.310036,2.508088
17.310764,2.508088
17.330165,2.508136
17.330757,2.508136
17.350074,2.508101
17.350842,2.508101
17.370117,2.508120
17.370708,2.508120
17.390189,2.508055
17.390691,2.508055
17.410083,2.507995
17.410792,2.507995
17.430094,2.507906
17.430787,2.507906
17.450093,2.507920
17.450692,2.507920
17.470051,2.507852
17.470804,2.507852
17.490034,2.507843
17.490781,2.507843
17.510090,2.507880
17.510832,2.507880
17.530076,2.507891
17.530748,2.507891
17.550081,2.507953
17.550729,2.507953
17.570017,2.508046
17.570822,2.508046
17.590223,2.508122
17.590809,2.508122
17.610067,2.508067
17.610858,2.508067
17.630040,2.508081
17.630949,2.508081
17.650080,2.508030
17.650785,2.508030
17.670007,2.507947
17.670801,2.507947
17.690009,2.507905
17.690734,2.507905
17.710146,2.507847
17.710775,2.507847
17.730049,2.507750
17.730836,2.507750
17.750058,2.507735
17.750896,2.507735
17.770115,2.507648
17.770781,2.507648
17.790063,2.507651
17.790953,2.507651
17.810042,2.507614
17.810814,2.507614
17.830138,2.507618
17.830817,2.507618
17.850129,2.507631
17.850801,2.507631
17.870205,2.507634
17.870735,2.507634
17.890043,2.507630
17.890667,2.507630
17.910086,2.507676
17.910796,2.507676
17.930105,2.507679
17.930753,2.507679
17.950165,2.507753
17.950775,2.507753
17.970134,2.507845
17.970813,2.507845
17.990128,2.507906
17.990802,2.507906
18.010211,2.507906
18.010774,2.507906
18.030149,2.508082
18.030666,2.508082
18.050135,2.508024
18.050810,2.508024
18.070109,2.508065
18.070769,2.508065
18.090033,2.508081
18.090761,2.508081
18.110151,2.508071
18.110894,2.508071
18.130036,2.507979
18.130811,2.507979
18.150060,2.507971
18.150779,2.507971
18.170131,2.507828
18.170745,2.507828
18.190085,2.507829
18.190812,2.507829
18.210102,2.507800
18.210833,2.507800
18.230022,2.507764
18.230797,2.507764
18.250022,2.507754
18.250836,2.507754
18.270167,2.507842
18.270784,2.507842
18.290047,2.507850
18.290772,2.507850
18.310118,2.508034
18.310782,2.508034
18.330085,2.508113
18.330839,2.508113
18.350086,2.508164
18.350833,2.508164
18.370044,2.508318
18.370845,2.508318
18.390156,2.508308
18.390781,2.508308
18.409963,2.508320
18.410719,2.508320
18.430119,2.508246
18.430840,2.508246
18.450063,2.508159
18.450844,2.508159
18.470135,2.508053
18.470756,2.508053
18.491092,2.507899
18.491098,2.507899
18.510129,2.507851
18.510757,2.507851
18.530130,2.507816
18.531048,2.507816
18.550055,2.507757
18.550741,2.507757
18.570138,2.507876
18.570812,2.507876
18.590046,2.507904
18.590765,2.507904
18.610113,2.507982
18.610780,2.507982
18.630134,2.508158
18.630780,2.508158
18.650123,2.508152
18.650796,2.508152
18.670203,2.508217
18.670769,2.508217
18.689985,2.508216
18.690747,2.508216
18.710077,2.508141
18.710810,2.508141
18.730081,2.508078
18.730781,2.508078
18.750010,2.507982
18.750792,2.507982
18.769984,2.507898
18.770760,2.507898
18.790241,2.507875
18.790742,2.507875
18.810154,2.507882
18.810781,2.507882
18.830033,2.507905
18.830791,2.507905
18.850102,2.507952
18.850856,2.507952
18.870116,2.508083
18.870810,2.508083
18.890003,2.508148
18.890792,2.508148
18.910016,2.508266
18.910741,2.508266
18.930026,2.508342
18.930726,2.508342
18.950145,2.508397
18.950756,2.508397
18.970043,2.508433
18.970781,2.508433
18.990003,2.508420
18.990742,2.508420
19.010127,2.508428
19.010849,2.508428
19.030154,2.508404
19.030725,2.508404
19.050109,2.508353
19.051135,2.508353
19.070149,2.508298
19.070775,2.508298
19.090037,2.508264
19.090814,2.508264
19.110082,2.508251
19.110730,2.508251
19.131314,2.508210
19.132039,2.508210
19.150674,2.508171
19.151247,2.508171
19.170165,2.508202
19.170860,2.508202
19.190078,2.508218
19.190744,2.508218
19.209974,2.508272
19.210803,2.508272
19.230183,2.508335
19.230809,2.508335
19.250039,2.508358
19.250791,2.508358
19.270111,2.508436
19.270791,2.508436
19.290004,2.508407
19.290842,2.508407
19.310140,2.508428
19.310772,2.508428
19.330118,2.508366
19.330811,2.508366
19.350096,2.508326
19.350732,2.508326
19.370125,2.508308
19.370752,2.508308
19.390141,2.508218
19.390759,2.508218
19.410081,2.508276
19.410770,2.508276
19.430105,2.508230
19.430770,2.508230
19.450009,2.508338
19.450847,2.508338
19.470120,2.508401
19.470795,2.508401
19.490065,2.508514
19.490860,2.508514
19.510088,2.508609
19.510755,2.508609
19.530135,2.508621
19.530760,2.508621
19.550195,2.508740
19.550818,2.508740
19.570046,2.508672
19.570771,2.508672
19.590125,2.508671
19.590740,2.508671
19.610022,2.508655
19.610795,2.508655
19.630052,2.508498
19.630895,2.508498
19.650098,2.508550
19.650807,2.508550
19.670113,2.508384
19.670798,2.508384
19.690051,2.508369
19.690775,2.508369
19.710031,2.508360
19.710816,2.508360
19.730035,2.508258
19.730783,2.508258
19.750177,2.508412
19.750767,2.508412
19.770182,2.508313
19.770875,2.508313
19.790099,2.508433
19.790841,2.508433
19.810029,2.508501
19.810754,2.508501
19.830062,2.508469
19.830757,2.508469
19.850007,2.508626
19.850743,2.508626
19.870109,2.508534
19.870774,2.508534
19.890109,2.508582
19.890759,2.508582
19.910108,2.508611
19.910782,2.508611
19.930107,2.508468
19.930902,2.508468
19.950092,2.508552
19.950900,2.508552
19.970075,2.508461
19.970800,2.508461
19.990039,2.508351
19.990797,2.508351
20.009961,2.508500
20.010813,2.508500
20.030020,2.508313
20.030783,2.508313
20.050151,2.508381
20.050750,2.508381
20.070049,2.508467
20.070784,2.508467
20.090054,2.508354
20.090739,2.508354
20.110064,2.508567
20.110749,2.508567
20.129993,2.508501
20.130782,2.508501
20.150134,2.508482
20.150806,2.508482
20.170127,2.508624
20.170782,2.508624
20.190026,2.508434
20.190847,2.508434
20.210103,2.508462
20.210776,2.508462
20.230187,2.508413
20.230718,2.508413
20.250097,2.508171
20.250847,2.508171
20.270117,2.508202
20.270759,2.508202
20.290100,2.508043
20.290710,2.508043
20.310119,2.507880
20.310765,2.507880
20.329937,2.507890
20.330811,2.507890
20.350108,2.507809
20.350809,2.507809
20.370049,2.507716
20.370821,2.507716
20.390108,2.507769
20.390790,2.507769
20.410079,2.507748
20.410819,2.507748
20.430182,2.507721
20.430838,2.507721
20.450008,2.507822
20.450756,2.507822
20.470075,2.507837
20.470750,2.507837
20.490113,2.507879
20.490710,2.507879
20.510004,2.507966
20.510792,2.507966
20.530111,2.508034
20.530795,2.508034
20.550093,2.508109
20.550877,2.508109
20.570067,2.508179
20.570756,2.508179
20.590023,2.508265
20.590747,2.508265
20.610034,2.508327
20.610792,2.508327
20.630036,2.508360
20.630762,2.508360
20.650074,2.508402
20.651173,2.508402
20.670080,2.508412
20.670800,2.508412
20.689983,2.508363
20.690776,2.508363
20.710027,2.508340
20.710755,2.508340
20.730156,2.508296
20.730852,2.508296
20.750005,2.508260
20.750779,2.508260
20.770103,2.508312
20.770806,2.508312
20.790154,2.508196
20.790751,2.508196
20.810102,2.508159
20.810776,2.508159
20.830189,2.508161
20.830728,2.508161
20.851405,2.508073
20.852265,2.508073
20.871218,2.508097
20.874313,2.508097
20.890240,2.508095
20.890994,2.508095
20.910000,2.508057
20.910803,2.508057
20.930045,2.508113
20.930812,2.508113
20.950040,2.508112
20.950834,2.508112
20.970133,2.508118
20.970814,2.508118
20.990112,2.508114
20.990746,2.508114
21.010138,2.508056
21.010768,2.508056
21.030103,2.508033
21.030776,2.508033
21.050186,2.507984
21.050789,2.507984
21.070206,2.507926
21.070744,2.507926
21.090077,2.507881
21.090812,2.507881
21.110020,2.507847
21.110805,2.507847
21.130105,2.507875
21.130760,2.507875
21.150187,2.507808
21.151196,2.507808
21.170184,2.507800
21.170779,2.507800
21.190229,2.507784
21.190748,2.507784
21.210140,2.507751
21.210754,2.507751
21.229982,2.507813
21.230745,2.507813
21.250445,2.507813
21.250820,2.507813
21.270107,2.507864
21.270807,2.507864
21.290090,2.507926
21.290797,2.507926
21.309966,2.507963
21.310768,2.507963
21.330081,2.508055
21.331008,2.508055
21.350013,2.508066
21.351140,2.508066
21.370050,2.508086
21.370752,2.508086
21.390225,2.508083
21.390782,2.508083
21.410099,2.508063
21.410805,2.508063
21.430147,2.508052
21.430776,2.508052
21.450021,2.508003
21.450792,2.508003
21.470164,2.507938
21.470868,2.507938
21.490086,2.507899
21.490776,2.507899
21.510001,2.507856
21.510845,2.507856
21.530013,2.507839
21.530847,2.507839
21.550109,2.507803
21.550829,2.507803
21.570074,2.507787
21.570782,2.507787
21.590108,2.507751
21.590792,2.507751
21.609987,2.507769
21.610722,2.507769
21.630054,2.507810
21.630846,2.507810
21.650051,2.507853
21.650804,2.507853
21.670136,2.507882
21.670751,2.507882
21.690084,2.507891
21.690763,2.507891
21.710063,2.507899
21.710730,2.507899
21.730111,2.507839
21.730804,2.507839
21.750089,2.507790
21.750764,2.507790
21.770059,2.507723
21.770843,2.507723
21.790190,2.507638
21.790782,2.507638
21.810147,2.507601
21.810830,2.507601
21.830082,2.507537
21.830784,2.507537
21.850100,2.507553
21.851135,2.507553
21.870049,2.507585
21.870771,2.507585
21.890079,2.507633
21.890774,2.507633
21.910122,2.507622
21.910774,2.507622
21.930090,2.507657
21.930791,2.507657
21.950224,2.507650
21.950841,2.507650
21.970128,2.507620
21.970846,2.507620
21.990175,2.507599
21.990785,2.507599
22.010015,2.507598
22.010742,2.507598
22.030102,2.507560
22.030787,2.507560
22.050183,2.507555
22.050818,2.507555
22.070101,2.507509
22.070764,2.507509
22.090008,2.507484
22.090724,2.507484
22.110183,2.507501
22.110817,2.507501
22.130198,2.507483
22.130973,2.507483
22.150036,2.507525
22.150892,2.507525
22.170058,2.507543
22.170770,2.507543
22.190109,2.507529
22.190768,2.507529
22.210109,2.507551
22.210767,2.507551
22.230222,2.507509
22.230812,2.507509
22.250076,2.507479
22.250937,2.507479
22.270131,2.507433
22.270751,2.507433
22.290153,2.507392
22.290701,2.507392
22.310135,2.507379
22.310699,2.507379
22.330212,2.507363
22.330847,2.507363
22.350338,2.507349
22.350832,2.507349
22.370042,2.507341
22.370858,2.507341
22.390183,2.507345
22.390847,2.507345
22.410111,2.507366
22.410743,2.507366
22.429951,2.507405
22.430879,2.507405
22.450640,2.507411
22.452258,2.507411
22.470268,2.507442
22.470913,2.507442
22.490038,2.507467
22.490848,2.507467
22.509993,2.507492
22.510885,2.507492
22.530105,2.507501
22.530844,2.507501
22.549979,2.507475
22.550787,2.507475
22.570170,2.507453
22.570762,2.507453
22.590070,2.507402
22.590736,2.507402
22.610135,2.507351
22.610752,2.507351
22.630136,2.507333
22.630785,2.507333
22.650027,2.507280
22.650808,2.507280
22.670086,2.507225
22.670852,2.507225
22.690104,2.507214
22.690791,2.507214
22.710103,2.507212
22.710817,2.507212
22.730036,2.507246
22.730853,2.507246
22.750118,2.507266
22.750849,2.507266
22.770189,2.507292
22.770758,2.507292
22.790215,2.507351
22.790783,2.507351
22.810104,2.507370
22.810802,2.507370
22.830092,2.507425
22.830794,2.507425
22.850109,2.507430
22.850842,2.507430
22.870140,2.507409
22.870796,2.507409
22.890042,2.507402
22.890792,2.507402
22.910127,2.507334
22.911159,2.507334
22.930224,2.507284
22.930836,2.507284
22.950103,2.507234
22.951063,2.507234
22.970052,2.507166
22.970782,2.507166
22.990275,2.507201
22.990855,2.507201
23.010225,2.507159
23.010849,2.507159
23.030108,2.507091
23.030842,2.507091
23.050036,2.507159
23.050772,2.507159
23.070021,2.507139
23.070790,2.507139
23.090104,2.507192
23.090800,2.507192
23.110059,2.507233
23.110827,2.507233
23.130114,2.507254
23.130797,2.507254
23.150095,2.507305
23.150816,2.507305
23.170052,2.507318
23.170780,2.507318
23.190012,2.507328
23.190834,2.507328
23.210179,2.507322
23.210719,2.507322
23.231375,2.507239
23.232118,2.507239
23.250976,2.507174
23.252139,2.507174
23.270193,2.507089
23.270841,2.507089
23.290196,2.507039
23.290809,2.507039
23.310207,2.507034
23.310739,2.507034
23.330128,2.506974
23.330923,2.506974
23.350151,2.506958
23.350824,2.506958
23.370024,2.506974
23.370788,2.506974
23.390184,2.506961
23.390837,2.506961
23.410063,2.507022
23.410741,2.507022
23.430143,2.507023
23.430866,2.507023
23.450186,2.507045
23.450886,2.507045
23.470186,2.507070
23.470756,2.507070
23.490116,2.507069
23.490836,2.507069
23.510114,2.507078
23.510738,2.507078
23.530177,2.507036
23.530904,2.507036
23.550126,2.506994
23.550797,2.506994
23.570128,2.506969
23.570752,2.506969
23.590200,2.506902
23.590804,2.506902
23.610238,2.506884
23.610840,2.506884
23.630041,2.506848
23.630817,2.506848
23.650183,2.506829
23.650799,2.506829
23.670092,2.506858
23.670783,2.506858
23.690046,2.506868
23.690808,2.506868
23.710013,2.506888
23.710795,2.506888
23.730033,2.506863
23.730767,2.506863
23.750170,2.506889
23.750763,2.506889
23.769977,2.506899
23.770759,2.506899
23.790175,2.506893
23.790775,2.506893
23.810111,2.506868
23.810868,2.506868
23.830159,2.506835
23.830816,2.506835
23.849991,2.506836
23.850741,2.506836
23.870103,2.506806
23.870790,2.506806
23.890109,2.506794
23.890737,2.506794
23.910145,2.506774
23.910736,2.506774
23.930249,2.506731
23.930803,2.506731
23.950235,2.506736
23.950746,2.506736
23.970126,2.506700
23.970791,2.506700
23.990176,2.506681
23.990836,2.506681
24.010082,2.506674
24.010787,2.506674
24.030123,2.506654
24.030777,2.506654
24.050080,2.506729
24.050892,2.506729
24.070168,2.506693
24.070781,2.506693
24.090084,2.506637
24.090780,2.506637
24.110003,2.506670
24.110787,2.506670
24.130115,2.506631
24.131087,2.506631
24.150112,2.506645
24.150789,2.506645
24.170097,2.506637
24.170787,2.506637
24.190112,2.506579
24.190844,2.506579
24.210067,2.506599
24.210736,2.506599
24.230134,2.506592
24.230786,2.506592
24.250068,2.506575
24.250732,2.506575
24.270038,2.506570
24.270872,2.506570
24.290071,2.506532
24.290808,2.506532
24.310052,2.506541
24.310821,2.506541
24.330080,2.506537
24.330767,2.506537
24.350134,2.506517
24.350825,2.506517
24.370078,2.506510
24.370813,2.506510
24.390219,2.506485
24.390751,2.506485
24.410111,2.506482
24.410840,2.506482
24.430099,2.506455
24.430821,2.506455
24.450094,2.506460
24.450764,2.506460
24.470003,2.506445
24.470793,2.506445
24.490130,2.506402
24.490787,2.506402
24.510103,2.506404
24.510828,2.506404
24.530139,2.506365
24.530785,2.506365
24.550215,2.506393
24.550907,2.506393
24.570018,2.506380
24.570809,2.506380
24.590069,2.506370
24.590879,2.506370
24.610070,2.506398
24.610713,2.506398
24.630047,2.506373
24.630751,2.506373
24.650087,2.506373
24.650779,2.506373
24.670159,2.506367
24.670730,2.506367
24.689966,2.506369
24.690784,2.506369
24.710112,2.506401
24.710716,2.506401
24.730970,2.506399
24.732040,2.506399
24.750298,2.506393
24.751076,2.506393
24.770205,2.506367
24.770784,2.506367
24.790326,2.506355
24.790781,2.506355
24.810005,2.506361
24.810749,2.506361
24.830127,2.506339
24.830791,2.506339
24.851268,2.506333
24.852018,2.506333
24.871383,2.506302
24.872370,2.506302
24.890211,2.506277
24.890985,2.506277
24.910014,2.506283
24.910983,2.506283
24.930088,2.506282
24.930830,2.506282
24.950065,2.506280
24.950685,2.506280
24.969971,2.506280
24.970765,2.506280
24.989956,2.506287
24.990855,2.506287
25.010142,2.506299
25.010923,2.506299
25.030051,2.506304
25.030896,2.506304
25.050070,2.506301
25.050810,2.506301
25.070083,2.506295
25.070722,2.506295
25.090039,2.506299
25.090791,2.506299
25.110025,2.506259
25.110791,2.506259
25.130107,2.506271
25.130788,2.506271
25.150101,2.506238
25.150884,2.506238
25.170152,2.506210
25.170782,2.506210
25.190084,2.506211
25.190831,2.506211
25.210078,2.506176
25.210813,2.506176
25.230061,2.506181
25.230855,2.506181
25.250064,2.506161
25.250844,2.506161
25.270089,2.506148
25.270837,2.506148
25.290146,2.506188
25.290792,2.506188
25.310037,2.506181
25.310703,2.506181
25.330177,2.506197
25.331218,2.506197
25.350137,2.506175
25.350778,2.506175
25.370113,2.506163
25.370785,2.506163
25.390058,2.506153
25.390831,2.506153
25.411169,2.506134
25.411892,2.506134
25.430416,2.506089
25.431945,2.506089
25.450147,2.506050
25.450898,2.506050
25.470130,2.506043
25.470746,2.506043
25.490067,2.506030
25.490767,2.506030
25.510162,2.506055
25.510812,2.506055
25.530209,2.506048
25.530840,2.506048
25.551190,2.506054
25.552187,2.506054
25.570875,2.506082
25.571699,2.506082
25.590251,2.506051
25.590839,2.506051
25.610061,2.506053
25.610789,2.506053
25.630204,2.506025
25.630842,2.506025
25.650182,2.506004
25.650846,2.506004
25.670169,2.506015
25.670827,2.506015
25.691015,2.505987
25.692086,2.505987
25.710671,2.505972
25.711697,2.505972
25.730204,2.505956
25.730917,2.505956
25.750138,2.505958
25.750824,2.505958
25.770089,2.505947
25.770777,2.505947
25.790196,2.505950
25.790797,2.505950
25.810055,2.505929
25.810797,2.505929
25.830115,2.505894
25.830918,2.505894
25.850153,2.505900
25.850818,2.505900
25.870120,2.505873
