58.6478154659,1.0
58.9079272747,0.0
58.9320244789,1.0
59.1637504101,0.0
63.3518817425,1.0
63.4840037823,0.0
63.5399410725,1.0
64.0518696308,1.0
64.2398226261,1.0
64.539819479,0.0
64.5441322327,1.0
64.8118286133,1.0
65.0797450542,1.0
65.3200135231,0.0
65.4919121265,1.0
65.7759401798,0.0
66.0082168579,1.0
66.2321925163,0.0
66.3161094189,1.0
66.527705431,1.0
66.5317621231,1.0
66.7837572098,1.0
66.7880358696,1.0
66.9957766533,1.0
66.9997105598,1.0
67.2359752655,0.0
67.3761451244,1.0
67.4317312241,1.0
67.5119588375,1.0
67.6558184624,1.0
67.9118955135,0.0
67.9278831482,1.0
68.1679575443,1.0
68.1718270779,1.0
68.4400303364,0.0
68.4880113602,1.0
68.5922021866,0.0
68.6440923214,1.0
68.6478607655,1.0
69.4439239502,1.0
69.5998344421,1.0
69.7159080505,1.0
69.8518078327,1.0
69.9758005142,1.0
70.1038691998,1.0
70.5679986477,0.0
70.5839157104,1.0
70.7879343033,0.0
70.8080360889,1.0
70.9680762291,1.0
70.9680891037,1.0
