0.294240,0.297000
0.428243,0.297000
0.494897,0.297000
0.564931,0.297000
0.600466,0.297000
0.630939,0.297000
0.665417,0.297000
0.697736,0.297000
0.765586,0.297000
0.796979,0.297000
0.829335,0.297000
0.864685,0.297000
0.896164,0.297000
0.928556,0.297000
0.966471,0.297000
0.996565,0.297000
1.067556,0.297000
1.099156,0.297000
1.131399,0.297000
1.165906,0.297000
1.198251,0.297000
1.229574,0.297000
1.264039,0.297000
1.298516,0.297000
1.364289,0.297000
1.398864,0.297000
1.429171,0.297000
1.463557,0.297000
1.496989,0.297000
1.598313,0.297000
1.631871,0.297000
1.796935,0.297000
1.996462,0.297000
2.196137,0.297000
2.261973,0.297000
2.361315,0.297000
2.428232,0.297000
2.460754,0.297000
2.494900,0.297000
2.561932,0.297000
2.663101,0.297000
2.695580,0.297000
2.794955,0.297000
2.961243,0.297000
3.161723,0.297000
3.395602,0.297000
3.429093,0.297000
3.595197,0.297000
3.629792,0.297000
3.696607,0.297000
3.730122,0.297000
3.861364,0.297000
4.264600,0.297000
4.335202,0.297000
4.399945,0.297000
4.432238,0.297000
4.464667,0.297000
4.500163,0.297000
4.533508,0.297000
4.599367,0.297000
4.632791,0.297000
4.699602,0.297000
4.735058,0.297000
4.767532,0.297000
4.804018,0.297000
4.834358,0.297000
4.900529,0.297000
4.933664,0.297000
4.965051,0.297000
4.999583,0.297000
5.032921,0.297000
5.100752,0.297000
5.133148,0.297000
5.165682,0.297000
5.200011,0.297000
5.236619,0.297000
5.269075,0.297000
5.334771,0.297000
5.364179,0.297000
5.400779,0.297000
5.433058,0.297000
5.500929,0.297000
5.600141,0.297000
5.699563,0.297000
5.931690,0.297000
6.097753,0.297000
6.263952,0.297000
6.363183,0.297000
6.430187,0.297000
6.496941,0.297000
6.630857,0.297000
6.764495,0.889000
6.930653,0.867000
7.131350,0.912000
7.230459,0.927000
7.298491,0.937000
7.396588,0.938000
7.498106,0.938000
7.531482,0.938000
7.564783,0.941000
7.597299,0.941000
7.631747,0.941000
7.797921,0.942000
7.897257,0.942000
7.931935,0.942000
7.998466,0.942000
8.067519,0.942000
8.100031,0.942000
8.134372,0.942000
8.166862,0.942000
8.269393,0.942000
8.339303,0.942000
8.374573,0.942000
8.436318,0.942000
8.469054,0.942000
8.536771,0.942000
8.570208,0.942000
8.637089,0.942000
8.668501,0.942000
8.738526,0.942000
8.768876,0.942000
8.837702,0.942000
8.874198,0.942000
8.902496,0.942000
8.936878,0.942000
8.971359,0.942000
9.036207,0.942000
9.070715,0.942000
9.135546,0.942000
9.170179,0.942000
9.236940,0.942000
9.302667,0.942000
9.336296,0.942000
9.402949,0.942000
9.668492,0.942000
9.767858,0.942000
9.901533,0.942000
9.933832,0.942000
10.067594,0.851000
