0.225155,3391769.944829
0.244749,3391769.944761
0.264756,3391769.944635
0.284783,3391769.944543
0.304819,3391769.944482
0.324853,3391769.944366
0.344704,3391769.944312
0.365283,3391769.944157
0.384714,3391769.944040
0.404764,3391769.943882
0.424770,3391769.947410
0.444678,3391769.947374
0.464803,3391769.947262
0.484833,3391769.947198
0.504700,3391769.947160
0.524790,3391769.947163
0.544702,3391769.947211
0.565020,3391769.947208
0.584725,3391769.947128
0.604802,3391769.947210
0.624884,3391769.947235
0.644825,3391769.947237
0.664961,3391769.950633
0.685000,3391769.950531
0.705408,3391769.950656
0.725622,3391769.950691
0.745397,3391769.950622
0.764951,3391769.950711
0.784755,3391769.950655
0.804798,3391769.950708
0.824833,3391769.940071
0.844907,3391769.939995
0.864823,3391769.940010
0.884974,3391769.939998
0.904993,3391769.939973
0.924875,3391769.939937
0.944916,3391769.939873
0.964778,3391769.939789
0.985247,3391769.939752
1.004889,3391769.939766
1.024791,3391769.940673
1.044883,3391769.940666
1.064920,3391769.940611
1.084871,3391769.940678
1.104765,3391769.940703
1.124840,3391769.940758
1.144742,3391769.940767
1.164849,3391769.940793
1.184884,3391769.940793
1.204908,3391769.940871
1.224882,3391769.940459
1.245524,3391769.940511
1.265435,3391769.940499
1.284885,3391769.940591
1.304822,3391769.940547
1.324813,3391769.940558
1.344822,3391769.940523
1.364803,3391769.940588
1.384862,3391769.940597
1.404692,3391769.940627
1.424836,3391769.955722
1.444847,3391769.955886
1.464900,3391769.956062
1.484759,3391769.956336
1.504814,3391769.956512
1.524789,3391769.956712
1.544846,3391769.956936
1.564845,3391769.957167
1.585253,3391769.957334
1.605494,3391769.957574
1.625414,3391769.957763
1.645318,3391769.941036
1.665062,3391769.941122
1.684731,3391769.941246
1.704879,3391769.941310
1.724759,3391769.941383
1.744720,3391769.941398
1.764682,3391769.941699
1.784668,3391769.942051
1.804881,3391769.942779
1.825016,3391769.940835
1.845114,3391769.942784
1.864817,3391769.945232
1.884965,3391769.947991
1.905127,3391769.950862
1.925306,3391769.953791
1.945620,3391769.957058
1.965600,3391769.960541
1.984776,3391769.964489
2.004713,3391769.968921
2.024800,3391769.950734
2.044683,3391769.955658
2.064819,3391769.960661
2.084875,3391769.965837
2.104629,3391769.971273
2.124732,3391769.977107
2.144622,3391769.983392
2.164826,3391769.990197
2.184847,3391769.997526
2.204895,3391770.005336
2.224749,3391770.009176
2.244854,3391770.017657
2.264843,3391770.026621
2.284724,3391770.036201
2.304695,3391770.046421
2.324829,3391770.057206
2.344830,3391770.068526
2.364810,3391770.080287
2.384917,3391770.092399
2.405055,3391770.104997
2.424982,3391770.100730
2.444888,3391770.114121
2.464788,3391770.128254
2.484887,3391770.142945
2.504943,3391770.158111
2.524964,3391770.173830
2.544858,3391770.190049
2.564652,3391770.206389
2.584725,3391770.223273
2.604647,3391770.240819
2.624658,3391770.258875
2.644863,3391770.279717
2.664938,3391770.299150
2.684996,3391770.319041
2.704841,3391770.339389
2.724953,3391770.360259
2.744710,3391770.381648
2.764892,3391770.403585
2.784961,3391770.425929
2.805043,3391770.448662
2.824961,3391770.454712
2.844938,3391770.478325
2.864994,3391770.502662
2.884990,3391770.527674
2.904966,3391770.553054
2.925060,3391770.579034
2.945071,3391770.605295
2.964907,3391770.631946
2.984920,3391770.659161
3.004939,3391770.686925
3.024836,3391770.716108
3.044922,3391770.745082
3.064911,3391770.774400
3.084963,3391770.804356
3.104782,3391770.834751
3.124970,3391770.865736
3.144970,3391770.897202
3.164871,3391770.929324
3.184956,3391770.961938
3.205044,3391770.995112
3.224885,3391771.025883
3.244833,3391771.059878
3.265067,3391771.094425
3.284802,3391771.129206
3.305007,3391771.164471
3.324922,3391771.199971
3.344921,3391771.235767
3.364954,3391771.271915
3.384900,3391771.308201
3.404858,3391771.344972
3.424895,3391771.378723
3.444966,3391771.416100
3.464921,3391771.453645
3.484878,3391771.491584
3.504785,3391771.529861
3.524869,3391771.568409
3.544866,3391771.607305
3.564921,3391771.646500
3.584960,3391771.686242
3.605200,3391771.726123
3.624998,3391771.766329
3.644905,3391771.800536
3.664968,3391771.841306
3.684954,3391771.882123
3.704870,3391771.923363
3.724856,3391771.964636
3.744977,3391772.006192
3.764904,3391772.047879
3.784830,3391772.089669
3.804942,3391772.131623
3.824934,3391772.176725
3.844954,3391772.219013
3.864913,3391772.261499
3.885067,3391772.304077
3.905005,3391772.346869
3.925017,3391772.389584
3.944941,3391772.432747
3.964917,3391772.475879
3.984926,3391772.519246
4.004766,3391772.562629
4.024804,3391772.595863
4.044977,3391772.639461
4.064724,3391772.683190
4.084821,3391772.726892
4.104787,3391772.770590
4.125583,3391772.814172
4.145310,3391772.857646
4.165243,3391772.901020
4.185058,3391772.944268
4.204882,3391772.987488
4.224886,3391773.017248
4.244857,3391773.060081
4.264957,3391773.102794
4.284631,3391773.145420
4.304782,3391773.187970
4.325033,3391773.230392
4.345072,3391773.272666
4.365111,3391773.314806
4.384933,3391773.356709
4.405289,3391773.398814
4.425241,3391773.427259
4.445131,3391773.469282
4.465103,3391773.511363
4.484951,3391773.553512
4.505710,3391773.595814
4.525530,3391773.638119
4.545185,3391773.680613
4.565196,3391773.723128
4.585158,3391773.765769
4.604636,3391773.808430
4.624672,3391773.851128
4.644688,3391773.887708
4.664757,3391773.930359
4.684983,3391773.972875
4.704975,3391774.015357
4.724973,3391774.057667
4.744947,3391774.099859
4.764948,3391774.141962
4.785001,3391774.183803
4.805131,3391774.225602
4.824883,3391774.276761
4.844944,3391774.318362
4.864801,3391774.359788
4.884978,3391774.401012
4.904989,3391774.442275
4.924952,3391774.483345
4.944751,3391774.524402
4.964736,3391774.565340
4.984544,3391774.606174
5.004614,3391774.646829
5.025488,3391774.674020
5.045542,3391774.714428
5.065615,3391774.754712
5.085464,3391774.794864
5.106518,3391774.834736
5.124816,3391774.874512
5.144690,3391774.914104
5.164692,3391774.953673
5.184619,3391774.993184
5.204583,3391775.032545
5.224986,3391775.066719
5.244940,3391775.105979
5.264936,3391775.145206
5.284927,3391775.184302
5.304974,3391775.223305
5.325073,3391775.262151
5.344895,3391775.300660
5.364873,3391775.339145
5.384911,3391775.377281
5.404893,3391775.415542
5.425050,3391775.423222
5.444910,3391775.460763
5.464827,3391775.498217
5.485113,3391775.535562
5.505025,3391775.572852
5.525008,3391775.609918
5.544933,3391775.647012
5.565037,3391775.683857
5.585179,3391775.720756
5.605075,3391775.757754
5.624938,3391775.794833
5.644934,3391775.832189
5.664703,3391775.871561
5.684812,3391775.909551
5.704881,3391775.947725
5.724820,3391775.986266
5.745013,3391776.025045
5.764950,3391776.064190
5.784879,3391776.103492
5.804919,3391776.143048
5.824998,3391776.173087
5.844937,3391776.212700
5.864869,3391776.252306
5.884874,3391776.291784
5.905028,3391776.331219
5.924811,3391776.370487
5.945079,3391776.409632
5.964873,3391776.448659
5.984808,3391776.487472
6.004795,3391776.526216
6.024847,3391776.572674
6.044845,3391776.611405
6.064988,3391776.649882
6.084852,3391776.688442
6.104874,3391776.726827
6.124859,3391776.765192
6.144867,3391776.803553
6.165000,3391776.841923
6.184988,3391776.880491
6.204758,3391776.919100
6.224927,3391776.940703
6.244942,3391776.979570
6.264806,3391777.018799
6.284921,3391777.058248
6.304883,3391777.098006
6.324889,3391777.137997
6.344886,3391777.178125
6.364914,3391777.218504
6.385011,3391777.258978
6.404811,3391777.299654
6.425034,3391777.327200
6.445005,3391777.367798
6.464869,3391777.408368
6.484967,3391777.448945
6.504943,3391777.489451
6.524987,3391777.529990
6.544951,3391777.570470
6.564915,3391777.610880
6.584916,3391777.651339
6.604930,3391777.691780
6.625534,3391777.732234
6.645698,3391777.773569
6.664895,3391777.814137
6.684678,3391777.854711
6.704716,3391777.895427
6.724741,3391777.936186
6.744649,3391777.977224
6.765190,3391778.018335
6.785288,3391778.059583
6.805251,3391778.100992
6.825142,3391778.145381
6.845094,3391778.187088
6.865145,3391778.228971
6.884963,3391778.270828
6.905006,3391778.312708
6.925128,3391778.354640
6.944821,3391778.396553
6.964723,3391778.438572
6.984937,3391778.480646
7.004927,3391778.522646
7.024701,3391778.569382
7.044906,3391778.611649
7.064738,3391778.653945
7.084922,3391778.696405
7.104764,3391778.738862
7.124927,3391778.781415
7.144903,3391778.823989
7.164855,3391778.866780
7.184940,3391778.909573
7.204934,3391778.952661
7.224723,3391778.983030
7.245028,3391779.026301
7.264860,3391779.069585
7.284918,3391779.113080
7.305089,3391779.156570
7.324808,3391779.200178
7.344789,3391779.243726
7.364954,3391779.287343
7.385007,3391779.330899
7.405193,3391779.374407
7.424958,3391779.409669
7.444847,3391779.453078
7.464985,3391779.496474
7.484935,3391779.539878
7.505118,3391779.583455
7.524935,3391779.626985
7.544912,3391779.670631
7.565105,3391779.714295
7.584813,3391779.758005
7.605072,3391779.801722
7.625077,3391779.845550
7.644812,3391779.882508
7.665133,3391779.926373
7.685084,3391779.970128
7.705098,3391780.013967
7.724962,3391780.057807
7.745174,3391780.101730
7.765023,3391780.145672
7.784847,3391780.189597
7.804898,3391780.233450
7.824985,3391780.266960
7.844993,3391780.310884
7.865039,3391780.354712
7.884784,3391780.398477
7.904867,3391780.442333
7.924844,3391780.486141
7.944938,3391780.529953
7.965046,3391780.573819
7.985058,3391780.617649
8.004992,3391780.661554
8.024873,3391780.698258
8.044892,3391780.742010
8.064972,3391780.785765
8.084791,3391780.829518
8.104887,3391780.873171
8.124807,3391780.916936
8.144960,3391780.960591
8.164879,3391781.004324
8.184931,3391781.048104
8.204922,3391781.091829
8.224824,3391781.136902
8.244985,3391781.180649
8.264946,3391781.224485
8.284868,3391781.268212
8.305175,3391781.312054
8.324959,3391781.355795
8.345074,3391781.399601
8.365014,3391781.443325
8.384997,3391781.487221
8.405072,3391781.531035
8.425587,3391781.585820
8.445210,3391781.629963
8.464972,3391781.674180
8.485244,3391781.718425
8.505156,3391781.762611
8.525332,3391781.806820
8.545125,3391781.850988
8.565207,3391781.895110
8.585040,3391781.939109
8.604969,3391781.983252
8.625207,3391782.027300
8.644921,3391782.071291
8.664947,3391782.097169
8.685168,3391782.141049
8.705087,3391782.184904
8.725089,3391782.228785
8.745025,3391782.272671
8.765053,3391782.316641
8.785217,3391782.360596
8.805580,3391782.404730
8.825394,3391782.451475
8.845645,3391782.495838
8.864919,3391782.540281
8.884816,3391782.584730
8.904846,3391782.629425
8.924701,3391782.673985
8.944857,3391782.718686
8.965564,3391782.763351
8.985300,3391782.808063
9.005036,3391782.852724
9.024620,3391782.886945
9.044629,3391782.931496
9.064685,3391782.975977
9.084633,3391783.020561
9.104730,3391783.065133
9.124721,3391783.109802
9.144756,3391783.154350
9.164849,3391783.199025
9.184741,3391783.243655
9.204860,3391783.288320
9.224885,3391783.326199
9.244801,3391783.370906
9.264705,3391783.415576
9.284836,3391783.460320
9.304781,3391783.505143
9.324946,3391783.550008
9.345492,3391783.594883
9.365568,3391783.639792
9.384949,3391783.684561
9.404729,3391783.729167
9.424879,3391783.773334
9.444822,3391783.817953
9.464890,3391783.862672
9.484908,3391783.907356
9.504966,3391783.952177
9.524601,3391783.996931
9.544589,3391784.041833
9.565344,3391784.086720
9.585757,3391784.131675
9.605226,3391784.176635
9.624867,3391784.221558
9.644813,3391784.275346
9.664845,3391784.320441
9.684797,3391784.365742
9.704835,3391784.410920
9.724934,3391784.456235
9.744802,3391784.501552
9.764828,3391784.547212
9.784817,3391784.592555
9.804814,3391784.638168
9.824921,3391784.686735
9.844746,3391784.732385
9.864868,3391784.777945
9.884895,3391784.823577
9.904951,3391784.869202
9.924883,3391784.914819
9.945606,3391784.960426
9.965456,3391785.006155
9.985317,3391785.051849
10.005601,3391785.097637
10.024847,3391785.143496
10.044629,3391785.198346
10.064775,3391785.244380
10.084591,3391785.290504
10.104684,3391785.336565
10.124675,3391785.382647
10.145410,3391785.428767
10.165471,3391785.474909
10.185260,3391785.521061
10.205044,3391785.567146
10.225038,3391785.606340
10.244975,3391785.652454
10.264819,3391785.698696
10.284807,3391785.744862
10.304859,3391785.791089
10.324888,3391785.837195
10.344901,3391785.883313
10.364835,3391785.929403
10.384932,3391785.975434
10.404870,3391786.021533
10.425014,3391786.055220
10.444863,3391786.101234
10.464873,3391786.147252
10.484837,3391786.193255
10.504848,3391786.239359
10.524780,3391786.285446
10.545025,3391786.331391
10.564847,3391786.377415
10.585025,3391786.423423
10.605057,3391786.469526
10.624780,3391786.515565
10.644881,3391786.565121
10.664994,3391786.611355
10.684929,3391786.657627
10.705003,3391786.703917
10.724816,3391786.750278
10.744888,3391786.796577
10.764897,3391786.842881
10.784757,3391786.889286
10.804944,3391786.935665
10.825159,3391786.988112
10.844829,3391787.034619
10.864990,3391787.081163
10.884807,3391787.127778
10.904919,3391787.174452
10.924853,3391787.221063
10.945674,3391787.267703
10.965684,3391787.314345
10.985465,3391787.360887
11.004930,3391787.407437
11.024853,3391787.455575
11.044794,3391787.502080
11.064906,3391787.548598
11.084833,3391787.595184
11.104826,3391787.641827
11.124839,3391787.688492
11.144955,3391787.735097
11.164903,3391787.781775
11.184768,3391787.828280
11.204875,3391787.874956
11.225959,3391787.921452
11.245548,3391787.969803
11.265049,3391788.016340
11.284870,3391788.062980
11.304793,3391788.109642
11.324940,3391788.156413
11.344950,3391788.203227
11.364790,3391788.250180
11.384840,3391788.297110
11.404996,3391788.344021
11.424832,3391788.387392
11.444981,3391788.434242
11.464846,3391788.481043
11.484677,3391788.527746
11.504652,3391788.574506
11.524715,3391788.621219
11.544620,3391788.668093
11.564668,3391788.714892
11.584547,3391788.761780
11.604573,3391788.808580
11.624673,3391788.855555
11.644649,3391788.905050
11.664574,3391788.952144
11.684719,3391788.999155
11.704699,3391789.046149
11.724801,3391789.093121
11.744690,3391789.140207
11.764862,3391789.187325
11.784832,3391789.234533
11.804772,3391789.281781
11.824783,3391789.332591
11.844831,3391789.379884
11.864881,3391789.426975
11.884833,3391789.474168
11.904820,3391789.521152
11.924954,3391789.567995
11.944800,3391789.614660
11.964821,3391789.661247
11.984988,3391789.707730
12.005021,3391789.754075
12.024884,3391789.792989
12.044998,3391789.838790
12.064781,3391789.884080
12.084858,3391789.928973
12.105007,3391789.973064
12.124802,3391790.016241
12.144656,3391790.058590
12.164959,3391790.100177
12.184843,3391790.141055
12.204803,3391790.181217
12.224909,3391790.207884
12.244807,3391790.246312
12.264802,3391790.283891
12.284840,3391790.320568
12.304901,3391790.356647
12.325702,3391790.392010
12.345373,3391790.426820
12.364748,3391790.461072
12.384701,3391790.494897
12.404730,3391790.528302
12.425349,3391790.547233
12.445653,3391790.579657
12.465551,3391790.611796
12.485524,3391790.643482
12.504891,3391790.674799
12.524791,3391790.705655
12.544864,3391790.736117
12.564917,3391790.766074
12.584742,3391790.795587
12.604815,3391790.824694
12.624800,3391790.853154
12.644846,3391790.883875
12.664745,3391790.911460
12.684743,3391790.938556
12.704719,3391790.965129
12.724797,3391790.991015
12.744751,3391791.016468
12.764913,3391791.041265
12.784686,3391791.065639
12.804784,3391791.089454
12.824787,3391791.104875
12.844867,3391791.127488
12.864854,3391791.149575
12.884859,3391791.171327
12.904864,3391791.192580
12.925503,3391791.213515
12.945859,3391791.234069
12.965317,3391791.254243
12.984978,3391791.274132
13.005057,3391791.293665
13.024821,3391791.307228
13.044885,3391791.325976
13.064883,3391791.344463
13.084831,3391791.362560
13.104805,3391791.380468
13.124958,3391791.397956
13.144795,3391791.415049
13.164804,3391791.431934
13.184726,3391791.448367
13.204800,3391791.464616
13.224895,3391791.479496
13.244809,3391791.495021
13.264872,3391791.510197
13.285025,3391791.524974
13.305542,3391791.539591
13.325347,3391791.553906
13.344753,3391791.567885
13.364945,3391791.581456
13.384847,3391791.594870
13.404956,3391791.607885
13.424846,3391791.619117
13.444750,3391791.631517
13.464909,3391791.643579
13.484823,3391791.655207
13.504840,3391791.666543
13.525011,3391791.677600
13.544859,3391791.688380
13.564821,3391791.698755
13.584928,3391791.708671
13.604735,3391791.718386
13.624915,3391791.727734
13.644711,3391791.735296
13.665040,3391791.743889
13.684733,3391791.752116
13.704868,3391791.759894
13.724819,3391791.767309
13.745014,3391791.774411
13.765006,3391791.781068
13.784919,3391791.787442
13.804919,3391791.793480
13.824898,3391791.792296
13.845738,3391791.797559
13.865577,3391791.802492
13.885188,3391791.807139
13.904966,3391791.811436
13.925312,3391791.815414
13.944982,3391791.819093
13.965124,3391791.822406
13.985178,3391791.825374
14.004852,3391791.827998
14.024972,3391791.827956
14.044719,3391791.829869
14.064777,3391791.831449
14.084913,3391791.832676
14.104905,3391791.833663
14.124923,3391791.834348
14.144848,3391791.834696
14.164739,3391791.834716
14.184920,3391791.834455
14.204939,3391791.833799
14.224781,3391791.834278
14.244861,3391791.833217
14.264941,3391791.832056
14.284827,3391791.830820
14.304990,3391791.829643
14.325062,3391791.828418
14.344950,3391791.827189
14.365031,3391791.826073
14.385093,3391791.824941
14.405100,3391791.823998
14.425158,3391791.822859
14.445014,3391791.822016
14.464950,3391791.821361
14.485128,3391791.820700
14.504948,3391791.820240
14.525017,3391791.819950
14.544878,3391791.819638
14.564996,3391791.819437
14.584777,3391791.819284
14.604826,3391791.819193
14.624905,3391791.819058
14.644813,3391791.818866
14.664927,3391791.822072
14.684935,3391791.821798
14.704910,3391791.821419
14.725472,3391791.821098
14.745579,3391791.820649
14.765316,3391791.820242
14.785592,3391791.819769
14.805010,3391791.819279
14.824974,3391791.822768
14.844892,3391791.822304
14.864847,3391791.821939
14.884884,3391791.821551
14.904926,3391791.821242
14.924984,3391791.820958
14.944855,3391791.820628
14.964845,3391791.820491
14.984788,3391791.820218
15.004604,3391791.819925
15.024597,3391791.819706
15.044684,3391791.824379
15.064812,3391791.824128
15.084668,3391791.823824
15.104672,3391791.823470
15.124765,3391791.823226
15.144755,3391791.822806
15.164755,3391791.822519
15.184773,3391791.822163
15.204904,3391791.821812
15.225095,3391791.827397
15.245500,3391791.827019
15.265506,3391791.826835
15.285064,3391791.826510
15.305211,3391791.826323
15.324699,3391791.826095
15.344695,3391791.825849
15.364637,3391791.825545
15.384625,3391791.825326
15.404735,3391791.825109
15.424802,3391791.830176
15.444849,3391791.829939
15.464835,3391791.829700
15.484924,3391791.829411
15.504925,3391791.829168
15.524822,3391791.828904
15.544902,3391791.828649
15.564867,3391791.828373
15.585323,3391791.828183
15.605647,3391791.827986
15.625417,3391791.827732
15.645203,3391791.831923
15.665065,3391791.831712
15.684612,3391791.831554
15.704674,3391791.831368
15.724744,3391791.831137
15.744617,3391791.830941
15.764795,3391791.830708
15.784947,3391791.830523
15.804785,3391791.830349
15.824820,3391791.831441
15.844879,3391791.831250
15.864866,3391791.831015
15.884976,3391791.830878
15.904940,3391791.830686
15.924994,3391791.830434
15.944838,3391791.830261
15.965080,3391791.830011
15.984938,3391791.829901
16.004909,3391791.829661
16.024807,3391791.836216
16.044988,3391791.836096
16.064944,3391791.835873
16.084989,3391791.835795
16.104983,3391791.835618
16.125439,3391791.835437
16.145287,3391791.835326
16.164914,3391791.835117
16.184679,3391791.835029
16.204780,3391791.834876
16.224889,3391791.843460
16.244846,3391791.843387
16.264658,3391791.843348
16.285354,3391791.843268
16.305763,3391791.843201
16.325123,3391791.843106
16.345165,3391791.842994
16.365116,3391791.842862
16.385064,3391791.842830
16.405017,3391791.842756
16.425359,3391791.848448
16.445369,3391791.848338
16.464813,3391791.848320
16.484904,3391791.848306
16.504897,3391791.848261
16.524776,3391791.848190
16.544812,3391791.848231
16.565063,3391791.848144
16.584939,3391791.848090
16.604890,3391791.847992
16.624747,3391791.847936
16.644810,3391791.855212
16.664826,3391791.855158
16.684770,3391791.855202
16.704703,3391791.855124
16.724937,3391791.855161
16.744934,3391791.855123
16.764988,3391791.855146
16.785093,3391791.855129
16.804754,3391791.855139
16.825025,3391791.855078
16.844836,3391791.864502
16.865014,3391791.864627
16.884879,3391791.864678
16.904938,3391791.864801
16.924925,3391791.864815
16.945594,3391791.864910
16.964818,3391791.864980
16.984932,3391791.864990
17.004835,3391791.865055
17.024794,3391791.865126
17.044546,3391791.868215
17.064651,3391791.868292
17.084673,3391791.868351
17.104803,3391791.868472
17.124927,3391791.868529
17.144892,3391791.868722
17.164899,3391791.868780
17.184911,3391791.868815
17.205002,3391791.868954
17.225374,3391791.868580
17.244972,3391791.868706
17.264993,3391791.868736
17.285110,3391791.868761
17.304718,3391791.868857
17.324875,3391791.868862
17.344867,3391791.868979
17.365001,3391791.869045
17.384976,3391791.869030
17.404976,3391791.869099
17.424962,3391791.867483
17.444849,3391791.867528
17.465013,3391791.867554
17.484886,3391791.867585
17.504990,3391791.867518
17.525030,3391791.867574
17.544770,3391791.867639
17.564873,3391791.867662
17.584826,3391791.867678
17.604994,3391791.867694
17.624779,3391791.867714
17.644901,3391791.865471
17.664859,3391791.865492
17.684850,3391791.865518
17.704914,3391791.865472
17.724787,3391791.865484
17.744920,3391791.865489
17.764739,3391791.865497
17.784898,3391791.865479
17.804954,3391791.865436
17.824929,3391791.863045
17.844823,3391791.863011
17.865240,3391791.862923
17.885066,3391791.862929
17.905049,3391791.862741
17.924811,3391791.862792
17.944858,3391791.862763
17.964878,3391791.862675
17.984856,3391791.862605
18.004827,3391791.862481
18.024900,3391791.855369
18.044832,3391791.855286
18.065434,3391791.855087
18.084878,3391791.855053
18.104995,3391791.854903
18.124814,3391791.854720
18.144886,3391791.854682
18.164971,3391791.854524
18.184937,3391791.854492
18.204876,3391791.854322
18.224824,3391791.853904
18.244902,3391791.853727
18.264863,3391791.853554
18.284884,3391791.853347
18.304842,3391791.853218
18.324872,3391791.853129
18.344929,3391791.852929
18.364962,3391791.852827
18.384805,3391791.852564
18.404774,3391791.852520
18.425046,3391791.857690
18.444665,3391791.857578
18.464648,3391791.857522
18.484707,3391791.857341
18.505024,3391791.857228
18.525046,3391791.857142
18.545255,3391791.856929
