0.191870,-96.478728
0.211848,-96.478728
0.231916,-96.478728
0.252040,-96.478728
0.271783,-96.478728
0.291821,-96.478728
0.311692,-96.478728
0.331647,-96.478728
0.351731,-96.478728
0.371724,-96.478728
0.391697,-96.478728
0.411766,-96.478728
0.431795,-96.478728
0.451696,-96.478728
0.471630,-96.478728
0.491737,-96.478728
0.511595,-96.478728
0.531922,-96.478728
0.551717,-96.478728
0.571656,-96.478728
0.591583,-96.478728
0.611625,-96.478728
0.631560,-96.478728
0.651532,-96.478728
0.671554,-96.478728
0.691689,-96.478728
0.711601,-96.478728
0.732195,-96.478728
0.751626,-96.478728
0.771586,-96.478728
0.791508,-96.478728
0.811676,-96.478728
0.831640,-96.478728
0.853015,-96.478728
0.872609,-96.478728
0.891720,-96.478728
0.911354,-96.478728
0.931382,-96.478728
0.951553,-96.478728
0.971329,-96.478728
0.991459,-96.478728
1.011361,-96.478728
1.031367,-96.478728
1.051528,-96.478728
1.071512,-96.478728
1.091392,-96.478728
1.111398,-96.478728
1.131275,-96.478728
1.151275,-96.478728
1.171438,-96.478728
1.191292,-96.478728
1.211306,-96.478728
1.231274,-96.478728
1.251671,-96.478728
1.271284,-96.478728
1.291366,-96.478728
1.311258,-96.478728
1.331193,-96.478728
1.351286,-96.478728
1.371291,-96.478728
1.391269,-96.478728
1.411199,-96.478728
1.431294,-96.478728
1.451396,-96.478728
1.471255,-96.478728
1.491441,-96.478728
1.511322,-96.478728
1.531467,-96.478728
1.551354,-96.478728
1.571172,-96.478728
1.591091,-96.478728
1.611242,-96.478728
1.631164,-96.478728
1.652280,-96.478728
1.671694,-96.478728
1.691062,-96.478728
1.711098,-96.478728
1.731079,-96.478728
1.751171,-96.478728
1.771000,-96.478728
1.791108,-96.478728
1.811389,-96.478728
1.830939,-96.478728
1.851002,-96.478728
1.871031,-96.478728
1.891004,-96.478728
1.911073,-96.478728
1.930888,-96.478728
1.950915,-96.478728
1.970954,-96.478728
1.990943,-96.478728
2.010867,-96.478728
2.030869,-96.478728
2.050896,-96.478728
2.070897,-96.478728
2.090862,-96.478728
2.112002,-96.478728
2.130875,-96.478728
2.150754,-96.478728
2.170806,-96.478728
2.191808,-96.478728
2.211775,-96.478728
2.231944,-96.478728
2.251857,-96.478728
2.271824,-96.478728
2.291741,-96.478728
2.311814,-96.478728
2.331941,-96.478728
2.351754,-96.478728
2.371911,-96.478728
2.391794,-96.478728
2.411743,-96.478728
2.431679,-96.478728
2.451754,-96.478728
2.471622,-96.478728
2.491747,-96.478728
2.511665,-96.478728
2.531603,-96.478728
2.551675,-96.478728
2.571650,-96.478728
2.591707,-96.478728
2.611596,-96.478728
2.631664,-96.478728
2.651637,-96.478728
2.671969,-96.478728
2.691599,-96.478728
2.711756,-96.478728
2.731628,-96.478728
2.751707,-96.478728
2.771610,-96.478728
2.791609,-96.478728
2.811513,-96.478728
2.831533,-96.478728
2.851506,-96.478728
2.871601,-96.478728
2.891438,-96.478728
2.911589,-96.478728
2.931482,-96.478728
2.951539,-96.478728
2.971557,-96.478728
2.991553,-96.478728
3.011441,-96.478728
3.031365,-96.478728
3.051375,-96.478728
3.071456,-96.478728
3.091400,-96.478728
3.111428,-96.478728
3.131700,-96.478728
3.152361,-96.478728
3.173007,-96.478728
3.191495,-96.478728
3.211443,-96.478728
3.231238,-96.478728
3.251316,-96.478728
3.271228,-96.478728
3.291334,-96.478728
3.311163,-96.478728
3.331286,-96.478728
3.351229,-96.478728
3.371133,-96.478728
3.391191,-96.478728
3.411338,-96.478728
3.431164,-96.478728
3.451456,-96.478728
3.471105,-96.478728
3.491229,-96.478728
3.511181,-96.478728
3.531200,-96.478728
3.551069,-96.478728
3.571061,-96.478728
3.591051,-96.478728
3.611388,-96.478728
3.630984,-96.478728
3.651102,-96.478728
3.671000,-96.478728
3.691060,-96.478728
3.711055,-96.478728
3.731184,-96.478728
3.751137,-96.478728
3.771002,-96.478728
3.790992,-96.478728
3.812054,-96.478728
3.830873,-96.478728
3.850926,-96.478728
3.870914,-96.478728
3.891120,-96.478727
3.911898,-96.478727
3.930956,-96.478727
3.951087,-96.478727
3.970852,-96.478727
3.991117,-96.478727
4.011906,-96.478727
4.031141,-96.478727
4.050910,-96.478727
4.070899,-96.478727
4.091934,-96.478727
4.111752,-96.478727
4.131915,-96.478727
4.152014,-96.478727
4.171932,-96.478727
4.191768,-96.478727
4.211762,-96.478727
4.232029,-96.478727
4.251805,-96.478727
4.271794,-96.478727
4.291747,-96.478727
4.311636,-96.478727
4.331720,-96.478727
4.351656,-96.478727
4.371721,-96.478727
4.391730,-96.478727
4.411717,-96.478727
4.432009,-96.478727
4.451656,-96.478727
4.471584,-96.478727
4.491534,-96.478727
4.511710,-96.478727
4.531709,-96.478727
4.551795,-96.478727
4.572163,-96.478727
4.591639,-96.478727
4.611533,-96.478727
4.631462,-96.478727
4.651407,-96.478727
4.671425,-96.478727
4.691583,-96.478727
4.711496,-96.478727
4.731552,-96.478727
4.751679,-96.478727
4.771418,-96.478727
4.791503,-96.478727
4.811715,-96.478727
4.831454,-96.478727
4.851480,-96.478727
4.871500,-96.478727
4.891397,-96.478727
4.911335,-96.478727
4.931389,-96.478727
4.951333,-96.478727
4.971296,-96.478727
4.991464,-96.478727
5.011615,-96.478727
5.031282,-96.478727
5.051705,-96.478727
5.071347,-96.478727
5.091370,-96.478727
5.111382,-96.478727
5.131319,-96.478727
5.151315,-96.478727
5.171310,-96.478727
5.191223,-96.478727
5.211297,-96.478727
5.231254,-96.478727
5.251293,-96.478727
5.271284,-96.478727
5.291227,-96.478727
5.311172,-96.478727
5.331115,-96.478727
5.351208,-96.478727
5.371479,-96.478727
5.391118,-96.478727
5.411197,-96.478727
5.431150,-96.478727
5.451143,-96.478727
5.471321,-96.478727
5.491115,-96.478727
5.511810,-96.478727
5.531043,-96.478727
5.551024,-96.478727
5.571392,-96.478727
5.591433,-96.478727
5.610961,-96.478727
5.630873,-96.478726
5.651021,-96.478726
5.670918,-96.478726
5.690922,-96.478726
5.711010,-96.478726
5.731073,-96.478726
5.751475,-96.478726
5.770879,-96.478726
5.790882,-96.478726
5.811920,-96.478726
5.830854,-96.478726
5.850989,-96.478726
5.870920,-96.478726
5.891029,-96.478726
5.911849,-96.478726
5.931839,-96.478726
5.951943,-96.478726
5.971826,-96.478726
5.991817,-96.478726
6.011819,-96.478726
6.031814,-96.478726
6.051849,-96.478726
6.071931,-96.478726
6.091835,-96.478726
6.111979,-96.478726
6.131803,-96.478726
6.151941,-96.478726
6.171709,-96.478726
6.191728,-96.478726
6.211821,-96.478726
6.231735,-96.478726
6.251763,-96.478726
6.271790,-96.478726
6.292048,-96.478726
6.311704,-96.478726
6.331617,-96.478726
6.351651,-96.478726
6.371600,-96.478726
6.391788,-96.478726
6.411593,-96.478726
6.431485,-96.478726
6.451691,-96.478726
6.471677,-96.478726
6.491572,-96.478726
6.511534,-96.478726
6.531503,-96.478726
6.551689,-96.478726
6.571534,-96.478725
6.591529,-96.478725
6.611552,-96.478725
6.631497,-96.478725
6.651654,-96.478726
6.671438,-96.478726
6.691454,-96.478726
6.711504,-96.478726
6.731455,-96.478725
6.751461,-96.478725
6.771361,-96.478725
6.791465,-96.478725
6.811530,-96.478725
6.831448,-96.478725
6.851295,-96.478725
6.871330,-96.478725
6.891467,-96.478725
6.911305,-96.478725
6.931348,-96.478725
6.951317,-96.478725
6.971289,-96.478725
6.991367,-96.478725
7.011266,-96.478725
7.031328,-96.478725
7.051241,-96.478725
7.071142,-96.478725
7.091158,-96.478725
7.111164,-96.478725
7.131261,-96.478725
7.151083,-96.478725
7.171109,-96.478725
7.191099,-96.478725
7.211155,-96.478725
7.231080,-96.478725
7.251068,-96.478725
7.271512,-96.478725
7.291035,-96.478725
7.311891,-96.478725
7.332004,-96.478725
7.351097,-96.478725
7.371137,-96.478725
7.391029,-96.478725
7.411992,-96.478725
7.431175,-96.478725
7.450948,-96.478725
7.470920,-96.478725
7.491043,-96.478725
7.510947,-96.478725
7.530919,-96.478725
7.550942,-96.478725
7.571345,-96.478725
7.590833,-96.478725
7.612154,-96.478725
7.631018,-96.478725
7.650810,-96.478725
7.670883,-96.478725
7.690886,-96.478725
7.711986,-96.478725
7.731884,-96.478725
7.751835,-96.478725
7.771813,-96.478725
7.791900,-96.478725
7.811873,-96.478725
7.833288,-96.478725
7.852901,-96.478725
7.871835,-96.478725
7.891820,-96.478725
7.911783,-96.478725
7.931833,-96.478725
7.951746,-96.478725
7.971744,-96.478725
7.991985,-96.478725
8.011770,-96.478725
8.031703,-96.478725
8.051771,-96.478725
8.071604,-96.478725
8.091722,-96.478725
8.111694,-96.478725
8.131745,-96.478725
8.151614,-96.478725
8.171592,-96.478725
8.191843,-96.478725
8.211984,-96.478725
8.231684,-96.478725
8.251650,-96.478725
8.271593,-96.478725
8.291476,-96.478725
8.311549,-96.478725
8.331600,-96.478725
8.351555,-96.478725
8.371606,-96.478725
8.391588,-96.478725
8.411480,-96.478725
8.431772,-96.478725
8.451540,-96.478725
8.471578,-96.478725
8.491472,-96.478725
8.511419,-96.478725
8.531532,-96.478725
8.551476,-96.478725
8.571439,-96.478725
8.591509,-96.478725
8.611467,-96.478725
8.631391,-96.478724
8.651520,-96.478724
8.671604,-96.478724
8.691364,-96.478724
8.711339,-96.478724
8.731421,-96.478724
8.751467,-96.478724
8.771241,-96.478724
8.791329,-96.478724
8.811333,-96.478724
8.831316,-96.478724
8.851283,-96.478724
8.871281,-96.478724
8.891205,-96.478724
8.911164,-96.478724
8.931194,-96.478724
8.951402,-96.478724
8.971217,-96.478724
8.991269,-96.478724
9.011338,-96.478724
9.031120,-96.478724
9.051379,-96.478724
9.071347,-96.478724
9.091147,-96.478724
9.111076,-96.478724
9.131214,-96.478724
9.151154,-96.478724
9.172990,-96.478724
9.192474,-96.478724
9.211190,-96.478724
9.231003,-96.478724
9.250956,-96.478724
9.271193,-96.478724
9.290916,-96.478724
9.310924,-96.478724
9.331964,-96.478724
9.350933,-96.478724
9.371113,-96.478724
9.390995,-96.478724
9.411181,-96.478724
9.431156,-96.478724
9.451751,-96.478724
9.471631,-96.478724
9.491163,-96.478724
9.510819,-96.478724
9.531907,-96.478724
9.550893,-96.478724
9.570918,-96.478724
9.591886,-96.478724
9.611831,-96.478724
9.631823,-96.478724
9.651771,-96.478724
9.671761,-96.478724
9.691758,-96.478724
9.711786,-96.478724
9.731946,-96.478724
9.751937,-96.478724
9.771898,-96.478724
9.791860,-96.478724
9.811823,-96.478724
9.832166,-96.478724
9.851981,-96.478724
9.871795,-96.478724
9.891663,-96.478724
9.911737,-96.478724
9.931753,-96.478724
9.951770,-96.478724
9.971778,-96.478724
9.991623,-96.478724
10.011716,-96.478724
10.031512,-96.478724
10.051599,-96.478724
10.071669,-96.478724
10.091598,-96.478724
10.111606,-96.478724
10.131757,-96.478724
10.151802,-96.478724
10.171582,-96.478724
10.191554,-96.478724
10.211573,-96.478724
10.231538,-96.478724
10.251499,-96.478724
10.271522,-96.478724
10.291469,-96.478724
10.311493,-96.478724
10.331473,-96.478724
10.351672,-96.478724
10.371943,-96.478724
10.391612,-96.478724
10.411463,-96.478724
10.431467,-96.478724
10.452025,-96.478724
10.471352,-96.478724
10.491436,-96.478724
10.511541,-96.478724
10.531367,-96.478724
10.551605,-96.478724
10.571305,-96.478724
10.591368,-96.478724
10.611348,-96.478724
10.631373,-96.478724
10.651456,-96.478724
10.671285,-96.478724
10.691372,-96.478724
10.711357,-96.478724
10.731244,-96.478724
10.751381,-96.478724
10.771213,-96.478724
10.791138,-96.478724
10.811200,-96.478724
10.831244,-96.478724
10.851053,-96.478724
10.871200,-96.478724
10.891076,-96.478724
10.911147,-96.478724
10.931133,-96.478724
10.951049,-96.478724
10.971044,-96.478724
10.991118,-96.478724
11.011048,-96.478724
11.031043,-96.478724
11.051081,-96.478724
11.071053,-96.478724
11.091151,-96.478724
11.111100,-96.478724
11.132209,-96.478724
11.151709,-96.478724
11.172095,-96.478724
11.191149,-96.478724
11.211038,-96.478724
11.232768,-96.478725
11.251109,-96.478724
11.270976,-96.478724
11.291051,-96.478724
11.311957,-96.478724
11.331975,-96.478724
11.351862,-96.478724
11.371899,-96.478724
11.391966,-96.478724
11.412064,-96.478724
11.431874,-96.478724
11.451807,-96.478724
11.472203,-96.478724
11.491773,-96.478724
11.511963,-96.478724
11.531836,-96.478724
11.551751,-96.478724
11.572047,-96.478724
11.591739,-96.478724
11.611779,-96.478724
11.631751,-96.478724
11.651816,-96.478724
11.671801,-96.478724
11.691839,-96.478724
11.711772,-96.478724
11.732055,-96.478724
11.751704,-96.478724
11.771751,-96.478724
11.791991,-96.478724
11.811913,-96.478725
11.831654,-96.478725
11.851649,-96.478725
11.871761,-96.478725
11.891620,-96.478725
11.911635,-96.478725
11.931699,-96.478725
11.951607,-96.478725
11.971666,-96.478725
11.991637,-96.478725
12.011591,-96.478725
12.031562,-96.478725
12.051814,-96.478725
12.071606,-96.478725
12.091578,-96.478725
12.111502,-96.478725
12.131659,-96.478725
12.151920,-96.478725
12.171816,-96.478725
12.191643,-96.478725
12.211499,-96.478725
12.231547,-96.478725
12.252341,-96.478724
12.271825,-96.478724
12.291484,-96.478724
12.311614,-96.478724
12.331458,-96.478724
12.351424,-96.478724
12.371604,-96.478724
12.391378,-96.478724
12.411506,-96.478724
12.431272,-96.478724
12.451604,-96.478724
12.471346,-96.478724
12.491331,-96.478724
12.511434,-96.478724
12.531353,-96.478724
12.551333,-96.478724
12.571424,-96.478724
12.591443,-96.478724
12.611476,-96.478724
12.631437,-96.478724
12.651311,-96.478724
12.671350,-96.478724
12.691792,-96.478724
12.711365,-96.478724
12.731708,-96.478724
12.751284,-96.478724
12.771318,-96.478724
12.791254,-96.478724
12.811470,-96.478724
12.831272,-96.478724
12.851422,-96.478724
12.871142,-96.478724
12.891187,-96.478725
12.911201,-96.478725
12.931068,-96.478725
12.951219,-96.478725
12.971147,-96.478725
12.991117,-96.478725
13.011258,-96.478725
13.032509,-96.478725
13.051071,-96.478724
13.071052,-96.478724
13.091013,-96.478724
13.111234,-96.478724
13.132178,-96.478724
13.151029,-96.478724
13.171208,-96.478724
13.191084,-96.478724
13.211045,-96.478724
13.231010,-96.478724
13.251065,-96.478724
13.271008,-96.478724
13.291983,-96.478724
13.311959,-96.478724
13.332299,-96.478724
13.352002,-96.478724
13.372001,-96.478724
13.391927,-96.478724
13.411936,-96.478724
13.432106,-96.478724
13.452017,-96.478724
13.472068,-96.478724
13.491811,-96.478724
13.511821,-96.478724
13.531856,-96.478724
13.551846,-96.478724
13.571750,-96.478724
13.591745,-96.478724
13.611748,-96.478724
13.631797,-96.478724
13.651864,-96.478724
13.671745,-96.478724
13.692139,-96.478724
13.711851,-96.478724
13.731596,-96.478724
13.751776,-96.478724
13.771632,-96.478724
13.791737,-96.478724
13.811753,-96.478724
13.831692,-96.478724
13.851726,-96.478724
13.871660,-96.478724
13.891655,-96.478724
13.911726,-96.478724
13.931527,-96.478724
13.951615,-96.478724
13.971628,-96.478724
13.991605,-96.478724
14.011649,-96.478724
14.031596,-96.478724
14.051655,-96.478724
14.072550,-96.478724
14.092505,-96.478724
14.111959,-96.478724
14.131567,-96.478724
14.151945,-96.478724
14.171487,-96.478724
14.191462,-96.478724
14.211489,-96.478724
14.231384,-96.478724
14.251341,-96.478724
14.271386,-96.478724
14.291413,-96.478724
14.311363,-96.478724
14.331346,-96.478724
14.351352,-96.478724
14.371376,-96.478724
14.391389,-96.478724
14.411294,-96.478724
14.431406,-96.478724
14.451405,-96.478724
14.471355,-96.478724
14.491400,-96.478724
14.511286,-96.478724
14.531297,-96.478724
14.551272,-96.478724
14.571372,-96.478724
14.591265,-96.478724
14.611281,-96.478724
14.631361,-96.478724
14.651588,-96.478724
14.671316,-96.478724
14.691159,-96.478724
14.711316,-96.478724
14.731328,-96.478724
14.751100,-96.478724
14.771142,-96.478724
14.791188,-96.478724
14.811082,-96.478724
14.831237,-96.478724
14.851185,-96.478724
14.871213,-96.478724
14.891086,-96.478724
14.911019,-96.478724
14.931178,-96.478724
14.951257,-96.478724
14.971190,-96.478724
14.991110,-96.478724
15.011137,-96.478724
15.032146,-96.478724
15.051464,-96.478724
15.071114,-96.478724
15.091065,-96.478724
15.111203,-96.478724
15.131952,-96.478724
15.150898,-96.478724
15.171199,-96.478724
15.192054,-96.478724
15.210837,-96.478724
15.231882,-96.478724
15.250998,-96.478724
15.270941,-96.478724
15.292107,-96.478724
15.312206,-96.478724
15.332083,-96.478724
15.352415,-96.478724
15.371944,-96.478724
15.392035,-96.478724
15.411883,-96.478724
15.432024,-96.478724
15.451942,-96.478725
15.472200,-96.478725
15.491905,-96.478725
15.511894,-96.478725
15.531847,-96.478725
15.551863,-96.478725
15.572007,-96.478725
15.591876,-96.478725
15.611781,-96.478725
15.631726,-96.478725
15.651812,-96.478725
15.671826,-96.478725
15.691772,-96.478725
15.712224,-96.478725
15.732059,-96.478725
15.751729,-96.478725
15.771819,-96.478725
15.791802,-96.478725
15.812064,-96.478725
15.831827,-96.478725
15.851537,-96.478725
15.871695,-96.478725
15.891670,-96.478725
15.911594,-96.478725
15.931521,-96.478725
15.951548,-96.478725
15.971588,-96.478725
15.991611,-96.478725
16.011636,-96.478725
16.031402,-96.478725
16.051458,-96.478725
16.071457,-96.478725
16.091466,-96.478725
16.111461,-96.478725
16.131544,-96.478725
16.151452,-96.478725
16.171438,-96.478725
16.191537,-96.478725
16.211441,-96.478725
16.231421,-96.478725
16.251342,-96.478725
16.271540,-96.478725
16.291486,-96.478725
16.311334,-96.478725
16.331299,-96.478725
16.351419,-96.478725
16.371377,-96.478725
16.391336,-96.478725
16.411318,-96.478725
16.431459,-96.478725
16.451349,-96.478725
16.471394,-96.478725
16.491337,-96.478725
16.511211,-96.478725
16.531283,-96.478725
16.551344,-96.478725
16.571259,-96.478725
16.591270,-96.478725
16.611215,-96.478725
16.631167,-96.478725
16.651104,-96.478725
16.671189,-96.478725
16.691258,-96.478725
16.711200,-96.478725
16.731074,-96.478725
16.751111,-96.478725
16.771166,-96.478725
16.791875,-96.478725
16.811740,-96.478725
16.831068,-96.478725
16.851389,-96.478725
16.871226,-96.478725
16.891082,-96.478725
16.911029,-96.478725
16.931030,-96.478725
16.951164,-96.478725
16.971221,-96.478725
16.990995,-96.478725
17.011092,-96.478725
17.032084,-96.478725
17.051012,-96.478725
17.070918,-96.478725
17.090998,-96.478725
17.110991,-96.478725
17.131943,-96.478725
17.151019,-96.478725
17.171143,-96.478725
17.192021,-96.478725
17.211979,-96.478725
17.232052,-96.478725
17.250998,-96.478725
17.271931,-96.478725
17.291831,-96.478725
17.312122,-96.478725
17.331963,-96.478725
17.351855,-96.478725
17.371855,-96.478725
17.391978,-96.478725
17.411923,-96.478725
17.431940,-96.478725
17.451879,-96.478725
17.472720,-96.478725
17.492947,-96.478725
17.511762,-96.478725
17.531860,-96.478725
17.551805,-96.478725
17.571759,-96.478725
17.591926,-96.478725
17.611739,-96.478725
17.631965,-96.478725
17.651819,-96.478725
17.671762,-96.478725
17.691753,-96.478725
17.711621,-96.478725
17.731714,-96.478725
17.751762,-96.478725
17.771667,-96.478725
17.791675,-96.478725
17.811856,-96.478725
17.831818,-96.478725
17.851725,-96.478725
17.871618,-96.478725
17.891527,-96.478725
17.911614,-96.478725
17.931547,-96.478725
17.951592,-96.478725
17.971676,-96.478725
17.991728,-96.478725
18.011553,-96.478725
18.031584,-96.478725
18.051564,-96.478725
18.072459,-96.478725
18.091883,-96.478725
18.111605,-96.478725
18.131847,-96.478725
18.151929,-96.478725
18.172436,-96.478725
18.191633,-96.478725
18.211486,-96.478725
18.231837,-96.478725
18.251554,-96.478725
18.271441,-96.478725
18.291451,-96.478725
18.311569,-96.478725
18.331671,-96.478725
18.351456,-96.478725
18.371579,-96.478725
18.391376,-96.478725
18.411505,-96.478725
18.431353,-96.478725
18.451772,-96.478725
18.471429,-96.478725
18.491439,-96.478725
18.511330,-96.478725
18.531406,-96.478725
18.551399,-96.478725
18.571271,-96.478725
18.591331,-96.478725
18.611400,-96.478725
18.631226,-96.478725
18.651320,-96.478725
18.671188,-96.478725
18.691342,-96.478725
18.711370,-96.478725
18.731352,-96.478725
18.751649,-96.478725
18.771590,-96.478725
18.791262,-96.478725
18.811446,-96.478725
18.831178,-96.478725
18.851218,-96.478725
18.871261,-96.478725
18.891306,-96.478725
18.911362,-96.478725
18.931191,-96.478725
18.951583,-96.478725
18.971194,-96.478725
18.991147,-96.478725
19.011104,-96.478725
19.031085,-96.478725
19.051079,-96.478725
19.071070,-96.478725
19.091501,-96.478725
19.111226,-96.478725
19.132128,-96.478725
19.151153,-96.478725
19.171236,-96.478725
19.192080,-96.478725
19.211179,-96.478725
19.232168,-96.478725
19.252075,-96.478725
19.272035,-96.478725
19.292039,-96.478725
19.312056,-96.478725
19.332398,-96.478725
19.352290,-96.478725
19.372275,-96.478725
19.391904,-96.478725
19.412110,-96.478725
19.431777,-96.478725
19.451818,-96.478725
19.471772,-96.478725
19.491797,-96.478725
19.511857,-96.478725
19.531724,-96.478725
19.552060,-96.478725
19.571806,-96.478725
19.591854,-96.478725
19.611773,-96.478725
19.631814,-96.478725
19.651679,-96.478725
19.671757,-96.478725
19.691630,-96.478725
19.711681,-96.478725
19.731935,-96.478725
