0.219450,-96.478725
0.239512,-96.478725
0.259528,-96.478725
0.279487,-96.478725
0.299482,-96.478725
0.319690,-96.478725
0.339476,-96.478725
0.359488,-96.478725
0.379437,-96.478725
0.399337,-96.478725
0.419453,-96.478725
0.439455,-96.478725
0.461342,-96.478725
0.479918,-96.478725
0.499413,-96.478725
0.519377,-96.478725
0.539429,-96.478725
0.560288,-96.478725
0.579485,-96.478725
0.599310,-96.478725
0.619525,-96.478725
0.640354,-96.478725
0.659256,-96.478725
0.679534,-96.478725
0.699728,-96.478725
0.720436,-96.478725
0.740229,-96.478725
0.760181,-96.478725
0.780275,-96.478725
0.800144,-96.478725
0.820170,-96.478725
0.840154,-96.478725
0.860185,-96.478725
0.880234,-96.478725
0.900371,-96.478725
0.920078,-96.478725
0.940060,-96.478725
0.960383,-96.478725
0.980181,-96.478725
1.000145,-96.478725
1.019981,-96.478725
1.040059,-96.478725
1.059989,-96.478725
1.079993,-96.478725
1.100022,-96.478725
1.120063,-96.478725
1.139934,-96.478725
1.160219,-96.478725
1.179961,-96.478725
1.199972,-96.478725
1.219898,-96.478725
1.239969,-96.478725
1.259908,-96.478725
1.280102,-96.478725
1.300027,-96.478725
1.319968,-96.478725
1.339994,-96.478725
1.359836,-96.478725
1.379875,-96.478725
1.399835,-96.478725
1.419846,-96.478725
1.439796,-96.478725
1.459774,-96.478725
1.479973,-96.478725
1.499941,-96.478725
1.520033,-96.478725
1.539846,-96.478725
1.560034,-96.478725
1.579849,-96.478725
1.600030,-96.478725
1.619823,-96.478725
1.639776,-96.478725
1.659724,-96.478725
1.679820,-96.478725
1.700254,-96.478725
1.719930,-96.478725
1.739908,-96.478725
1.759797,-96.478725
1.779971,-96.478725
1.799870,-96.478725
1.819766,-96.478725
1.839836,-96.478725
1.859729,-96.478725
1.879855,-96.478725
1.900655,-96.478725
1.919795,-96.478725
1.939563,-96.478725
1.959582,-96.478725
1.979523,-96.478725
1.999512,-96.478725
2.019535,-96.478725
2.039499,-96.478725
2.059511,-96.478725
2.079473,-96.478725
2.099469,-96.478725
2.119610,-96.478725
2.139529,-96.478725
2.159391,-96.478725
2.179483,-96.478725
2.199454,-96.478725
2.219412,-96.478725
2.239709,-96.478725
2.259411,-96.478725
2.279417,-96.478725
2.299560,-96.478725
2.319535,-96.478725
2.339708,-96.478725
2.359581,-96.478725
2.379653,-96.478725
2.399834,-96.478725
2.419370,-96.478725
2.439301,-96.478725
2.459269,-96.478725
2.479648,-96.478725
2.500538,-96.478725
2.519876,-96.478725
2.540435,-96.478725
2.560270,-96.478725
2.580217,-96.478725
2.600265,-96.478725
2.620172,-96.478725
2.640170,-96.478725
2.660331,-96.478725
2.680307,-96.478725
2.701315,-96.478725
2.720309,-96.478725
2.740143,-96.478725
2.760141,-96.478725
2.780103,-96.478725
2.800240,-96.478725
2.820055,-96.478725
2.840117,-96.478725
2.860153,-96.478725
2.881889,-96.478725
2.901036,-96.478725
2.920232,-96.478725
2.940084,-96.478725
2.960130,-96.478725
2.980053,-96.478725
2.999946,-96.478725
3.020039,-96.478725
3.039984,-96.478725
3.060166,-96.478725
3.080060,-96.478725
3.100039,-96.478725
3.120043,-96.478725
3.140041,-96.478725
3.160425,-96.478725
3.180173,-96.478725
3.200293,-96.478725
3.220111,-96.478725
3.240224,-96.478725
3.259920,-96.478724
3.280011,-96.478724
3.299932,-96.478724
3.319912,-96.478724
3.340138,-96.478724
3.361265,-96.478724
3.380178,-96.478724
3.399786,-96.478724
3.419855,-96.478724
3.439784,-96.478724
3.459826,-96.478724
3.479882,-96.478724
3.499922,-96.478724
3.519848,-96.478724
3.539786,-96.478724
3.559803,-96.478724
3.579754,-96.478724
3.599695,-96.478724
3.619714,-96.478724
3.639712,-96.478724
3.659694,-96.478724
3.679835,-96.478724
3.699943,-96.478724
3.719630,-96.478724
3.739628,-96.478724
3.759665,-96.478724
3.779628,-96.478724
3.799663,-96.478724
3.819637,-96.478724
3.839766,-96.478724
3.859646,-96.478724
3.879582,-96.478724
3.899547,-96.478724
3.919548,-96.478724
3.939599,-96.478724
3.959564,-96.478724
3.979596,-96.478724
3.999663,-96.478724
4.019605,-96.478724
4.039523,-96.478724
4.059470,-96.478724
4.079507,-96.478724
4.099586,-96.478724
4.119600,-96.478724
4.139509,-96.478724
4.159503,-96.478724
4.179595,-96.478724
4.199442,-96.478724
4.219345,-96.478724
4.239358,-96.478724
4.259415,-96.478724
4.279387,-96.478724
4.299561,-96.478724
4.319688,-96.478724
4.339388,-96.478724
4.360378,-96.478724
4.379376,-96.478724
4.399360,-96.478724
4.419313,-96.478724
4.439317,-96.478724
4.460284,-96.478724
4.479487,-96.478724
4.499318,-96.478724
4.520226,-96.478724
4.539338,-96.478724
4.560235,-96.478724
4.580258,-96.478724
4.600185,-96.478724
4.620344,-96.478724
4.640175,-96.478724
4.660128,-96.478724
4.680172,-96.478724
4.701649,-96.478724
4.721458,-96.478724
4.740949,-96.478724
4.760366,-96.478724
4.780190,-96.478724
4.800235,-96.478724
4.820101,-96.478724
4.840059,-96.478724
4.860113,-96.478724
4.880122,-96.478724
4.900060,-96.478724
4.920106,-96.478724
4.940065,-96.478724
4.960135,-96.478724
4.980114,-96.478724
5.000364,-96.478724
5.020062,-96.478724
5.039994,-96.478724
5.060085,-96.478724
5.080001,-96.478724
5.100025,-96.478724
5.120134,-96.478724
5.139917,-96.478724
5.160205,-96.478724
5.179895,-96.478724
5.199967,-96.478724
5.219905,-96.478724
5.239947,-96.478724
5.259997,-96.478724
5.279839,-96.478724
5.299876,-96.478724
5.319814,-96.478724
5.339946,-96.478724
5.359787,-96.478724
5.379828,-96.478724
5.399768,-96.478724
5.419790,-96.478724
5.439996,-96.478724
5.459789,-96.478724
5.479952,-96.478724
5.499757,-96.478724
5.519693,-96.478724
5.539929,-96.478724
5.559772,-96.478724
5.579729,-96.478724
5.599750,-96.478724
5.619675,-96.478724
5.639778,-96.478724
5.659641,-96.478724
5.679608,-96.478724
5.699659,-96.478724
5.719589,-96.478724
5.739644,-96.478724
5.759639,-96.478724
5.779582,-96.478724
5.799599,-96.478724
5.819583,-96.478724
5.839550,-96.478724
5.860592,-96.478724
5.880259,-96.478724
5.899633,-96.478724
5.919471,-96.478724
5.939798,-96.478724
5.959824,-96.478724
5.979448,-96.478724
5.999402,-96.478724
6.020249,-96.478724
6.040220,-96.478724
6.059554,-96.478724
6.079544,-96.478724
6.099416,-96.478724
6.119527,-96.478724
6.139350,-96.478724
6.159340,-96.478724
6.179403,-96.478724
6.199346,-96.478724
6.219449,-96.478724
6.240391,-96.478724
6.260377,-96.478724
6.279639,-96.478724
6.299390,-96.478724
6.320348,-96.478724
6.340459,-96.478724
6.360266,-96.478724
6.380837,-96.478724
6.400378,-96.478724
6.420331,-96.478724
6.440225,-96.478724
6.460369,-96.478724
6.480217,-96.478724
6.500364,-96.478724
6.520162,-96.478724
6.540137,-96.478724
6.561124,-96.478724
6.581238,-96.478724
6.600681,-96.478724
6.620338,-96.478724
6.640307,-96.478724
6.660175,-96.478724
6.680232,-96.478724
6.700070,-96.478724
6.720311,-96.478724
6.740224,-96.478724
6.760020,-96.478724
6.779990,-96.478724
6.799958,-96.478724
6.820033,-96.478724
6.840096,-96.478724
6.860071,-96.478724
6.880050,-96.478724
6.899945,-96.478724
6.920086,-96.478724
6.939917,-96.478724
6.960113,-96.478724
6.979886,-96.478724
6.999919,-96.478724
7.019912,-96.478724
7.039959,-96.478724
7.059826,-96.478724
7.080217,-96.478724
7.099932,-96.478724
7.119865,-96.478724
7.139921,-96.478724
7.159963,-96.478724
7.179877,-96.478724
7.199817,-96.478724
7.219761,-96.478724
7.239825,-96.478724
7.259776,-96.478724
7.279759,-96.478724
7.299768,-96.478724
7.319804,-96.478724
7.339705,-96.478724
7.359811,-96.478724
7.379930,-96.478724
7.400428,-96.478724
7.420808,-96.478724
7.439814,-96.478724
7.459813,-96.478724
7.479795,-96.478724
7.499747,-96.478724
7.519697,-96.478724
7.539601,-96.478724
7.559620,-96.478724
7.579608,-96.478724
7.599712,-96.478724
7.619562,-96.478724
7.639679,-96.478724
7.659603,-96.478724
7.680092,-96.478724
7.699618,-96.478724
7.719612,-96.478724
7.739570,-96.478724
7.759490,-96.478724
7.779473,-96.478724
7.799641,-96.478724
7.819451,-96.478724
7.839504,-96.478724
7.859436,-96.478724
7.879438,-96.478724
7.899563,-96.478724
7.919379,-96.478724
7.939447,-96.478724
7.959536,-96.478724
7.979571,-96.478724
7.999584,-96.478724
8.019383,-96.478724
8.039553,-96.478724
8.060396,-96.478724
8.079614,-96.478724
8.099347,-96.478724
8.119361,-96.478724
8.139342,-96.478724
8.160453,-96.478724
8.180319,-96.478724
8.200252,-96.478724
8.220324,-96.478724
8.240248,-96.478723
8.260288,-96.478723
8.280280,-96.478724
8.300292,-96.478724
8.320418,-96.478724
8.340286,-96.478724
8.360344,-96.478724
8.380262,-96.478723
8.400203,-96.478723
8.420148,-96.478723
8.440134,-96.478723
8.460282,-96.478723
8.480228,-96.478723
8.500272,-96.478723
8.520139,-96.478723
8.540091,-96.478723
8.560412,-96.478723
8.580079,-96.478723
8.600049,-96.478723
8.620209,-96.478723
8.640102,-96.478723
8.660070,-96.478724
8.680022,-96.478724
8.700008,-96.478724
8.720077,-96.478724
8.739987,-96.478724
8.760028,-96.478724
8.779953,-96.478724
8.800001,-96.478724
8.819923,-96.478724
8.840207,-96.478724
8.859956,-96.478724
8.879934,-96.478724
8.900049,-96.478724
8.919965,-96.478724
8.940039,-96.478724
8.960281,-96.478724
8.979850,-96.478724
8.999887,-96.478724
9.019861,-96.478724
9.039855,-96.478724
9.060033,-96.478724
9.080516,-96.478724
9.101566,-96.478724
9.119975,-96.478724
9.139925,-96.478724
9.159783,-96.478724
9.179948,-96.478724
9.199894,-96.478724
9.219758,-96.478724
9.239795,-96.478724
9.260160,-96.478724
9.279905,-96.478723
9.299806,-96.478723
9.319734,-96.478723
9.339722,-96.478723
9.359699,-96.478723
9.379880,-96.478723
9.399753,-96.478723
9.419745,-96.478723
9.439705,-96.478723
9.459741,-96.478723
9.479671,-96.478723
9.499778,-96.478723
9.519623,-96.478723
9.539794,-96.478723
9.559771,-96.478723
9.579675,-96.478723
9.600056,-96.478723
9.619637,-96.478723
9.639730,-96.478723
9.659617,-96.478723
9.679649,-96.478723
9.700647,-96.478723
9.720119,-96.478723
9.739638,-96.478723
9.759523,-96.478723
9.779788,-96.478723
9.799550,-96.478723
9.819514,-96.478723
9.839483,-96.478723
9.859469,-96.478723
9.879498,-96.478723
9.899454,-96.478723
9.919651,-96.478723
9.939407,-96.478723
9.959490,-96.478723
9.979496,-96.478723
9.999435,-96.478723
10.019500,-96.478723
10.039387,-96.478723
10.060419,-96.478723
10.079357,-96.478723
10.099299,-96.478724
10.119314,-96.478724
10.140373,-96.478724
10.160274,-96.478724
10.180330,-96.478724
10.200246,-96.478724
10.220272,-96.478724
10.240390,-96.478724
10.260274,-96.478724
10.280520,-96.478724
10.300176,-96.478724
10.320196,-96.478724
10.340166,-96.478724
10.360152,-96.478724
10.380344,-96.478724
10.400158,-96.478724
10.420179,-96.478724
10.440187,-96.478724
10.460224,-96.478724
10.480292,-96.478724
10.500238,-96.478724
10.520192,-96.478724
10.540171,-96.478724
10.560336,-96.478724
10.580517,-96.478724
10.600128,-96.478724
10.620180,-96.478724
10.640075,-96.478724
10.660169,-96.478724
10.680282,-96.478724
10.700104,-96.478724
10.720181,-96.478724
10.739987,-96.478724
10.760022,-96.478724
10.780032,-96.478724
10.800021,-96.478724
10.819949,-96.478724
10.840079,-96.478724
10.860011,-96.478724
10.879952,-96.478724
10.899998,-96.478724
10.920000,-96.478724
10.939927,-96.478724
10.960065,-96.478724
10.979876,-96.478724
10.999815,-96.478724
11.019806,-96.478724
11.039822,-96.478724
11.059761,-96.478724
11.079875,-96.478724
11.099818,-96.478724
11.119792,-96.478724
11.139837,-96.478724
11.159863,-96.478724
11.179871,-96.478724
11.199938,-96.478724
11.219840,-96.478724
11.240803,-96.478724
11.260814,-96.478724
11.279860,-96.478724
11.299781,-96.478724
11.319675,-96.478724
11.339687,-96.478724
11.359782,-96.478724
11.379587,-96.478724
11.399626,-96.478724
11.419724,-96.478724
11.439651,-96.478724
11.459650,-96.478724
11.480852,-96.478724
11.499990,-96.478724
11.519683,-96.478724
11.539517,-96.478724
11.559634,-96.478724
11.579562,-96.478724
11.599530,-96.478724
11.619600,-96.478724
11.639452,-96.478724
11.659466,-96.478724
11.679433,-96.478724
11.699491,-96.478724
11.719435,-96.478724
11.739531,-96.478724
11.760445,-96.478724
11.779368,-96.478724
11.799900,-96.478724
11.819388,-96.478724
11.839545,-96.478724
11.860342,-96.478724
11.879385,-96.478724
11.899474,-96.478724
11.919389,-96.478724
11.939443,-96.478724
11.960418,-96.478724
11.980385,-96.478724
12.000535,-96.478724
12.020366,-96.478724
12.040274,-96.478724
12.060287,-96.478724
12.080324,-96.478724
12.100382,-96.478724
12.120400,-96.478724
12.140254,-96.478724
12.160484,-96.478724
12.180279,-96.478724
12.200438,-96.478724
12.220400,-96.478724
12.240162,-96.478724
12.260249,-96.478724
12.280229,-96.478724
12.300201,-96.478724
12.320155,-96.478724
12.340096,-96.478724
12.360240,-96.478724
12.380088,-96.478724
12.400153,-96.478724
12.420124,-96.478724
12.439994,-96.478724
12.459962,-96.478724
12.480041,-96.478724
12.499959,-96.478724
12.519937,-96.478724
12.539984,-96.478724
12.560016,-96.478724
12.580149,-96.478724
12.599909,-96.478724
12.620112,-96.478724
12.639858,-96.478724
12.659856,-96.478724
12.679962,-96.478724
12.699908,-96.478724
12.719881,-96.478724
12.739864,-96.478724
12.759861,-96.478724
12.779772,-96.478724
12.801254,-96.478724
12.820542,-96.478724
12.839858,-96.478724
12.859786,-96.478724
12.879868,-96.478724
12.899739,-96.478724
12.919692,-96.478724
12.939685,-96.478724
12.959767,-96.478724
12.979714,-96.478724
12.999946,-96.478724
13.019688,-96.478724
13.039672,-96.478724
13.059636,-96.478724
13.079693,-96.478724
13.099609,-96.478724
13.119904,-96.478724
13.139602,-96.478724
13.159739,-96.478724
13.179635,-96.478724
13.199564,-96.478724
13.219708,-96.478724
13.239541,-96.478724
13.259700,-96.478724
13.280395,-96.478724
13.299780,-96.478724
13.319663,-96.478724
13.339441,-96.478724
13.359448,-96.478724
13.379450,-96.478724
13.399501,-96.478724
13.419416,-96.478724
13.439581,-96.478724
13.460496,-96.478724
13.479397,-96.478724
13.499405,-96.478724
13.519433,-96.478724
13.539526,-96.478724
13.560403,-96.478724
13.579532,-96.478724
13.599387,-96.478724
13.619330,-96.478724
13.639391,-96.478724
13.660381,-96.478724
13.680317,-96.478724
13.701417,-96.478724
13.720835,-96.478724
13.740333,-96.478724
13.760324,-96.478724
13.780269,-96.478724
13.800204,-96.478724
13.820267,-96.478724
13.840180,-96.478724
13.860247,-96.478724
13.880276,-96.478724
13.900240,-96.478724
13.920152,-96.478724
13.940159,-96.478724
13.960188,-96.478724
13.980140,-96.478724
14.000268,-96.478724
14.020082,-96.478724
14.040075,-96.478724
14.060049,-96.478724
14.080209,-96.478724
14.100197,-96.478724
14.120096,-96.478724
14.140003,-96.478724
14.160286,-96.478724
14.181732,-96.478724
14.200660,-96.478724
14.220459,-96.478724
14.240061,-96.478724
14.260120,-96.478724
14.279998,-96.478724
14.300148,-96.478724
14.319956,-96.478724
14.339933,-96.478724
14.359895,-96.478724
14.379855,-96.478724
14.399986,-96.478724
14.419871,-96.478724
14.439875,-96.478724
14.459996,-96.478724
14.479887,-96.478724
14.499851,-96.478724
14.519791,-96.478724
14.539825,-96.478724
14.559801,-96.478724
14.579862,-96.478724
14.599796,-96.478724
14.619742,-96.478724
14.639809,-96.478724
14.659926,-96.478724
14.679932,-96.478724
14.699663,-96.478724
14.719877,-96.478724
14.739746,-96.478724
14.759652,-96.478724
14.779597,-96.478724
14.799681,-96.478724
14.819674,-96.478724
14.839795,-96.478724
14.859603,-96.478724
14.879898,-96.478724
14.899624,-96.478724
14.919560,-96.478724
14.939520,-96.478724
14.959653,-96.478724
14.979946,-96.478724
14.999605,-96.478724
15.019578,-96.478724
15.039695,-96.478724
15.060544,-96.478724
15.079389,-96.478724
15.099412,-96.478724
15.119435,-96.478724
15.140384,-96.478724
15.160401,-96.478724
15.180403,-96.478724
15.200402,-96.478724
15.220375,-96.478724
15.240315,-96.478724
15.260329,-96.478724
15.280251,-96.478724
15.300312,-96.478724
15.320372,-96.478724
15.340193,-96.478724
15.360497,-96.478724
15.380284,-96.478724
15.400295,-96.478724
15.420272,-96.478724
15.440280,-96.478724
15.460319,-96.478724
15.480245,-96.478724
15.501242,-96.478724
15.520331,-96.478724
15.540141,-96.478724
15.560305,-96.478724
15.580099,-96.478724
15.600114,-96.478724
15.620105,-96.478724
15.640085,-96.478724
15.660157,-96.478724
15.680282,-96.478724
15.700208,-96.478724
15.720207,-96.478724
15.739999,-96.478724
15.760170,-96.478724
15.780124,-96.478724
15.799899,-96.478724
15.819922,-96.478724
15.840053,-96.478724
15.860137,-96.478724
15.879946,-96.478724
15.899954,-96.478724
15.919937,-96.478724
15.939928,-96.478724
15.959890,-96.478724
15.979838,-96.478724
15.999904,-96.478724
16.019862,-96.478724
16.039881,-96.478724
16.059809,-96.478724
16.079887,-96.478724
16.099775,-96.478724
16.119773,-96.478724
16.139781,-96.478724
16.160133,-96.478724
16.180616,-96.478724
16.200720,-96.478724
16.220025,-96.478724
16.239741,-96.478724
16.259723,-96.478724
16.279741,-96.478724
16.300156,-96.478724
16.319822,-96.478724
16.339700,-96.478724
16.359770,-96.478724
16.379811,-96.478724
16.399638,-96.478724
16.419646,-96.478724
16.439632,-96.478724
16.459711,-96.478724
16.479622,-96.478724
16.499676,-96.478724
16.519785,-96.478724
16.539714,-96.478724
16.559614,-96.478724
16.579881,-96.478724
16.599635,-96.478724
16.620442,-96.478724
16.640105,-96.478724
16.659547,-96.478724
16.679595,-96.478724
16.699463,-96.478724
16.719476,-96.478724
16.739471,-96.478724
16.760426,-96.478724
16.779579,-96.478724
16.800486,-96.478724
16.820348,-96.478724
16.839575,-96.478724
16.860402,-96.478724
16.879406,-96.478724
16.899487,-96.478724
16.919368,-96.478724
16.940369,-96.478724
16.960509,-96.478724
16.979325,-96.478724
17.000322,-96.478724
17.020370,-96.478724
17.040311,-96.478724
17.060321,-96.478724
17.080409,-96.478724
17.100904,-96.478724
17.120571,-96.478724
17.140203,-96.478724
17.160292,-96.478724
17.180270,-96.478724
17.200217,-96.478724
17.220347,-96.478724
17.240262,-96.478724
17.260280,-96.478724
17.280426,-96.478724
17.300289,-96.478724
17.320870,-96.478724
17.340624,-96.478724
17.360257,-96.478724
17.380228,-96.478724
17.400161,-96.478724
17.420115,-96.478724
17.440239,-96.478724
17.460230,-96.478724
17.480196,-96.478724
17.500154,-96.478724
17.520108,-96.478724
17.540129,-96.478724
17.559952,-96.478724
17.579910,-96.478724
17.599955,-96.478724
17.620013,-96.478724
17.640010,-96.478724
17.659915,-96.478724
17.679911,-96.478724
17.699909,-96.478724
17.719902,-96.478724
17.739980,-96.478724
17.759920,-96.478724
17.780043,-96.478724
17.800292,-96.478724
17.819894,-96.478724
17.839809,-96.478724
17.859883,-96.478724
17.879848,-96.478724
17.899975,-96.478724
17.920372,-96.478724
17.939754,-96.478724
17.959794,-96.478724
17.979910,-96.478724
17.999809,-96.478724
18.019944,-96.478724
18.039800,-96.478724
18.059745,-96.478724
18.079758,-96.478724
18.099890,-96.478724
18.119704,-96.478724
18.139839,-96.478724
18.159663,-96.478724
18.179725,-96.478724
18.199693,-96.478724
18.219696,-96.478724
18.239760,-96.478724
18.259606,-96.478724
18.280059,-96.478724
18.299627,-96.478724
18.319580,-96.478724
18.339597,-96.478724
18.359614,-96.478724
18.379654,-96.478724
18.399545,-96.478724
18.419533,-96.478724
18.439540,-96.478724
18.459529,-96.478724
18.479690,-96.478724
18.499492,-96.478724
18.519387,-96.478724
18.539481,-96.478724
18.560493,-96.478724
18.579473,-96.478724
18.599427,-96.478724
18.619396,-96.478724
18.639395,-96.478724
18.660444,-96.478724
18.680488,-96.478724
18.700537,-96.478724
18.720308,-96.478724
