0.320610,0.000000
0.355022,0.000000
0.454391,0.000000
0.555753,0.000000
0.620636,0.000000
0.688486,0.000000
0.755293,0.000000
0.787733,0.000000
1.088795,0.000000
1.121085,0.000000
1.155442,0.000000
1.190006,0.000000
1.221312,0.000000
1.356113,0.000000
1.488875,0.000000
1.589208,0.000000
1.756316,0.000000
1.820139,0.000000
1.921540,0.000000
1.989302,0.000000
2.089572,0.000000
2.157636,0.000000
2.357195,0.000000
2.391523,0.000000
2.658939,0.000000
2.691385,0.000000
2.728881,0.000000
2.793762,0.000000
2.957922,0.000000
3.058208,0.000000
3.192025,0.000000
3.295197,0.000000
3.358136,0.000000
3.658113,0.000000
3.687457,0.000000
3.791934,0.000000
4.324812,0.000000
4.389714,0.000000
4.555894,0.000000
4.589430,0.000000
4.723980,0.000000
4.956170,0.000000
5.024063,0.000000
5.056471,0.000000
5.091047,0.000000
5.123334,0.000000
5.155610,0.000000
5.589382,0.000000
5.658266,0.000000
5.789941,0.000000
5.891191,0.000000
5.992455,0.000000
6.059279,0.000000
6.093718,0.000000
6.128129,0.000000
6.363196,0.000000
6.428255,0.000000
6.493953,0.000000
6.527467,0.000000
6.562177,0.000000
6.594326,0.000000
6.728184,0.000000
6.761578,0.000000
6.793921,0.000000
6.862820,0.000000
6.895100,0.000000
6.929669,0.000000
7.029003,0.000000
7.061461,0.000000
7.093773,0.000000
7.128347,0.000000
7.161699,0.000000
7.258968,0.000000
7.294435,0.000000
7.328963,0.000000
7.859658,0.000000
7.926730,0.000000
8.025897,0.000000
8.125218,0.000000
8.325879,0.000000
8.392631,0.000000
8.492058,0.000000
8.526512,0.000000
8.591235,0.000000
8.759472,0.000000
8.926744,0.000000
8.961227,0.000000
8.993506,0.000000
9.093835,0.000000
9.159645,0.000000
9.225561,0.000000
9.260007,0.000000
9.326871,0.000000
9.361439,0.000000
9.393652,0.000000
9.626789,0.000000
9.661320,0.000000
9.695684,0.000000
9.829461,0.000000
9.966276,0.000000
10.000652,0.000000
10.030091,0.000000
10.065485,0.000000
10.097031,0.000000
10.330025,0.000000
10.364462,0.000000
10.466776,0.000000
10.530696,0.000000
10.565048,0.000000
10.731180,0.000000
10.797078,0.000000
10.899527,0.000000
10.932041,0.000000
10.965400,0.000000
11.131323,0.000000
11.497062,0.000000
11.529677,0.000000
11.563872,0.000000
11.596331,0.000000
11.728063,0.000000
