0.251575,-96.478770
0.272487,-96.478770
0.291542,-96.478770
0.311389,-96.478770
0.332407,-96.478770
0.352248,-96.478770
0.372315,-96.478770
0.392306,-96.478770
0.412527,-96.478770
0.432288,-96.478770
0.452355,-96.478770
0.472517,-96.478770
0.492236,-96.478770
0.512193,-96.478770
0.532288,-96.478770
0.552149,-96.478770
0.572335,-96.478770
0.592209,-96.478770
0.612272,-96.478770
0.632081,-96.478770
0.652406,-96.478770
0.672166,-96.478770
0.692085,-96.478770
0.712048,-96.478770
0.732227,-96.478770
0.752111,-96.478770
0.772089,-96.478770
0.792136,-96.478770
0.812130,-96.478770
0.832015,-96.478770
0.852023,-96.478770
0.872294,-96.478770
0.892132,-96.478770
0.912055,-96.478770
0.932039,-96.478770
0.952018,-96.478770
0.972083,-96.478770
0.991971,-96.478770
1.011960,-96.478770
1.032005,-96.478770
1.052047,-96.478770
1.071879,-96.478770
1.091881,-96.478770
1.111972,-96.478770
1.131994,-96.478770
1.151877,-96.478770
1.171874,-96.478770
1.192036,-96.478770
1.211841,-96.478770
1.231814,-96.478770
1.252063,-96.478770
1.271823,-96.478770
1.292085,-96.478770
1.311751,-96.478770
1.331960,-96.478770
1.351884,-96.478770
1.371741,-96.478770
1.392612,-96.478770
1.411871,-96.478770
1.431843,-96.478770
1.451895,-96.478770
1.471773,-96.478770
1.491724,-96.478770
1.511714,-96.478770
1.531778,-96.478770
1.551693,-96.478770
1.571636,-96.478770
1.591705,-96.478770
1.611808,-96.478770
1.631701,-96.478770
1.651900,-96.478770
1.671752,-96.478770
1.691762,-96.478770
1.711607,-96.478770
1.731634,-96.478770
1.751658,-96.478770
1.771583,-96.478770
1.791606,-96.478770
1.811599,-96.478770
1.831561,-96.478770
1.851619,-96.478770
1.871656,-96.478770
1.891570,-96.478770
1.911561,-96.478770
1.931647,-96.478770
1.951651,-96.478770
1.971531,-96.478770
1.991683,-96.478770
2.011491,-96.478770
2.031526,-96.478770
2.051563,-96.478770
2.071583,-96.478770
2.091683,-96.478770
2.111433,-96.478770
2.131814,-96.478770
2.151914,-96.478770
2.171421,-96.478770
2.191546,-96.478770
2.211492,-96.478770
2.231699,-96.478770
2.251402,-96.478770
2.271483,-96.478770
2.291350,-96.478770
2.311343,-96.478770
2.332626,-96.478770
2.352437,-96.478770
2.372236,-96.478770
2.392613,-96.478770
2.412302,-96.478770
2.432225,-96.478770
2.452301,-96.478770
2.472156,-96.478770
2.492222,-96.478770
2.512195,-96.478770
2.532161,-96.478770
2.552249,-96.478770
2.572274,-96.478770
2.592161,-96.478770
2.612238,-96.478770
2.632192,-96.478770
2.652139,-96.478770
2.672107,-96.478770
2.692115,-96.478770
2.712255,-96.478770
2.732177,-96.478770
2.752026,-96.478770
2.772046,-96.478770
2.792160,-96.478770
2.812025,-96.478770
2.831988,-96.478770
2.852309,-96.478770
2.872100,-96.478770
2.892062,-96.478770
2.912103,-96.478770
2.931968,-96.478770
2.952009,-96.478770
2.971970,-96.478770
2.992121,-96.478770
3.011945,-96.478770
3.032289,-96.478770
3.052056,-96.478770
3.071912,-96.478770
3.091952,-96.478770
3.111896,-96.478770
3.131900,-96.478770
3.151870,-96.478770
3.172002,-96.478770
3.191899,-96.478770
3.211928,-96.478770
3.231925,-96.478770
3.252251,-96.478770
3.271763,-96.478770
3.291870,-96.478770
3.311854,-96.478770
3.332153,-96.478770
3.351950,-96.478770
3.371817,-96.478770
3.391723,-96.478770
3.411757,-96.478770
3.431758,-96.478770
3.451709,-96.478770
3.471791,-96.478770
3.491714,-96.478770
3.511919,-96.478770
3.531677,-96.478770
3.551671,-96.478770
3.571661,-96.478770
3.591677,-96.478770
3.611764,-96.478770
3.631919,-96.478770
3.651761,-96.478770
3.671706,-96.478770
3.691709,-96.478770
3.711573,-96.478770
3.731691,-96.478770
3.751658,-96.478770
3.771656,-96.478770
3.791556,-96.478770
3.811533,-96.478770
3.831843,-96.478770
3.851883,-96.478770
3.871549,-96.478770
3.891585,-96.478770
3.911479,-96.478770
3.931624,-96.478770
3.951672,-96.478770
3.971594,-96.478770
3.991797,-96.478770
4.012481,-96.478770
4.031452,-96.478770
4.052388,-96.478770
4.071574,-96.478770
4.091416,-96.478770
4.112527,-96.478770
4.131634,-96.478770
4.152467,-96.478770
4.171431,-96.478770
4.191341,-96.478770
4.211516,-96.478770
4.232431,-96.478770
4.252594,-96.478770
4.272451,-96.478770
4.292297,-96.478770
4.312289,-96.478770
4.332203,-96.478770
4.352243,-96.478770
4.372256,-96.478770
4.392295,-96.478770
4.412196,-96.478770
4.432228,-96.478770
4.452182,-96.478770
4.472162,-96.478770
4.492338,-96.478770
4.512126,-96.478770
4.532183,-96.478770
4.552132,-96.478770
4.572267,-96.478770
4.592262,-96.478770
4.612152,-96.478770
4.632240,-96.478770
4.652097,-96.478770
4.672083,-96.478770
4.692050,-96.478770
4.712138,-96.478770
4.732205,-96.478770
4.752124,-96.478770
4.772011,-96.478770
4.792065,-96.478770
4.812585,-96.478770
4.832178,-96.478770
4.852032,-96.478770
4.871963,-96.478770
4.892278,-96.478770
4.912115,-96.478770
4.931932,-96.478770
4.952048,-96.478770
4.971952,-96.478770
4.991891,-96.478770
5.012274,-96.478770
5.031879,-96.478770
5.052265,-96.478770
5.073145,-96.478770
5.092368,-96.478770
5.111965,-96.478770
5.131843,-96.478770
5.151828,-96.478770
5.171848,-96.478770
5.191825,-96.478771
5.211968,-96.478771
5.232095,-96.478771
5.251845,-96.478771
5.271874,-96.478771
5.291855,-96.478771
5.311800,-96.478771
5.331908,-96.478771
5.351915,-96.478771
5.371761,-96.478771
5.392584,-96.478770
5.413204,-96.478770
5.431869,-96.478771
5.451776,-96.478771
5.472071,-96.478771
5.491714,-96.478771
5.511717,-96.478771
5.531898,-96.478771
5.551775,-96.478771
5.571684,-96.478771
5.591818,-96.478770
5.611747,-96.478771
5.631663,-96.478771
5.651788,-96.478771
5.671662,-96.478771
5.691636,-96.478771
5.711608,-96.478771
5.731895,-96.478771
5.751994,-96.478771
5.771625,-96.478771
5.791553,-96.478771
5.811604,-96.478771
5.831627,-96.478771
5.851725,-96.478771
5.871776,-96.478771
5.891591,-96.478771
5.911710,-96.478771
5.931640,-96.478771
5.951633,-96.478771
5.971590,-96.478771
5.991495,-96.478771
6.011461,-96.478771
6.031659,-96.478771
6.052401,-96.478771
6.071658,-96.478771
6.091483,-96.478771
6.111471,-96.478771
6.132439,-96.478771
6.152305,-96.478771
6.172292,-96.478771
6.192263,-96.478771
6.212247,-96.478771
6.232285,-96.478771
6.252313,-96.478771
6.272239,-96.478771
6.292335,-96.478771
6.312266,-96.478771
6.332301,-96.478771
6.352190,-96.478771
6.372280,-96.478771
6.392158,-96.478771
6.412289,-96.478771
6.432150,-96.478771
6.452212,-96.478771
6.472206,-96.478771
6.492321,-96.478771
6.512094,-96.478771
6.532144,-96.478771
6.552257,-96.478771
6.572069,-96.478771
6.592053,-96.478771
6.612272,-96.478771
6.631981,-96.478771
6.652175,-96.478771
6.671992,-96.478771
6.691998,-96.478771
6.712324,-96.478771
6.732061,-96.478771
6.752006,-96.478771
6.771947,-96.478771
6.792048,-96.478771
6.812015,-96.478771
6.831908,-96.478771
6.852081,-96.478771
6.871986,-96.478771
6.891925,-96.478771
6.911855,-96.478771
6.931918,-96.478771
6.951934,-96.478771
6.971967,-96.478771
6.991919,-96.478771
7.011812,-96.478771
7.031822,-96.478771
7.051912,-96.478771
7.071848,-96.478771
7.091938,-96.478771
7.111691,-96.478771
7.131843,-96.478771
7.151770,-96.478771
7.171803,-96.478771
7.191823,-96.478771
7.211687,-96.478771
7.231724,-96.478771
7.251686,-96.478771
7.271724,-96.478771
7.291663,-96.478771
7.311661,-96.478771
7.331630,-96.478771
7.351758,-96.478771
7.371616,-96.478771
7.391637,-96.478771
7.411640,-96.478771
7.431610,-96.478771
7.451561,-96.478771
7.471545,-96.478771
7.491687,-96.478771
7.511985,-96.478771
7.531911,-96.478771
7.551664,-96.478771
7.571567,-96.478771
7.591534,-96.478771
7.611574,-96.478771
7.631641,-96.478771
7.651608,-96.478771
7.671500,-96.478771
7.692864,-96.478771
7.711930,-96.478771
7.731532,-96.478771
7.751642,-96.478771
7.771462,-96.478771
7.791473,-96.478771
7.812490,-96.478771
7.832481,-96.478771
7.852775,-96.478771
7.871586,-96.478771
7.891477,-96.478771
7.911562,-96.478771
7.931705,-96.478771
7.952269,-96.478771
7.972304,-96.478771
7.991335,-96.478771
8.012343,-96.478771
8.032274,-96.478771
8.052427,-96.478771
8.072462,-96.478771
8.092247,-96.478771
8.112298,-96.478771
8.132219,-96.478771
8.152309,-96.478771
8.172211,-96.478771
8.192275,-96.478771
8.212259,-96.478771
8.232160,-96.478771
8.252377,-96.478771
8.272131,-96.478771
8.292132,-96.478771
8.312106,-96.478771
8.332289,-96.478771
8.352313,-96.478771
8.372228,-96.478771
8.392063,-96.478771
8.412134,-96.478771
8.432232,-96.478771
8.452050,-96.478771
8.472128,-96.478771
8.492195,-96.478771
8.512084,-96.478771
8.532032,-96.478771
8.551999,-96.478771
8.572022,-96.478771
8.592339,-96.478771
8.612038,-96.478771
8.632057,-96.478771
8.652119,-96.478771
8.672091,-96.478771
8.691981,-96.478771
8.711944,-96.478771
8.732080,-96.478771
8.751987,-96.478771
8.771904,-96.478771
8.792146,-96.478771
8.811940,-96.478771
8.831897,-96.478771
8.851945,-96.478771
8.871825,-96.478771
8.891854,-96.478771
8.911837,-96.478771
8.931882,-96.478771
8.952251,-96.478771
8.971999,-96.478771
8.991898,-96.478771
9.011827,-96.478771
9.031884,-96.478771
9.051747,-96.478771
9.072135,-96.478771
9.091795,-96.478771
9.111794,-96.478771
9.131756,-96.478771
9.151728,-96.478771
9.171778,-96.478771
9.191663,-96.478771
9.211775,-96.478771
9.231676,-96.478771
9.251864,-96.478771
9.271647,-96.478771
9.291655,-96.478771
9.311610,-96.478771
9.331655,-96.478771
9.351844,-96.478771
9.371700,-96.478771
9.391599,-96.478771
9.411580,-96.478771
9.431804,-96.478771
9.451672,-96.478771
9.471626,-96.478771
9.491688,-96.478771
9.511657,-96.478771
9.531595,-96.478771
9.551540,-96.478771
9.571558,-96.478771
9.591549,-96.478771
9.611693,-96.478771
9.631574,-96.478771
9.651642,-96.478771
9.671570,-96.478771
9.691756,-96.478771
9.711493,-96.478771
9.731621,-96.478771
9.751647,-96.478771
9.771551,-96.478771
9.791433,-96.478771
9.811573,-96.478771
9.831532,-96.478771
9.852777,-96.478771
9.872512,-96.478771
9.892440,-96.478771
9.912718,-96.478771
9.932846,-96.478771
9.952625,-96.478771
9.971442,-96.478771
9.991478,-96.478771
10.012337,-96.478771
10.032403,-96.478771
10.052316,-96.478771
10.072554,-96.478771
10.092342,-96.478771
10.112471,-96.478771
10.132292,-96.478771
10.152426,-96.478771
10.172204,-96.478771
10.193358,-96.478771
10.213464,-96.478771
10.232338,-96.478771
10.252250,-96.478771
10.272276,-96.478771
10.292264,-96.478771
10.312153,-96.478771
10.332434,-96.478771
10.352500,-96.478771
10.372362,-96.478771
10.392232,-96.478771
10.412407,-96.478771
10.432082,-96.478771
10.452180,-96.478771
10.472115,-96.478771
10.492388,-96.478771
10.512428,-96.478771
10.532045,-96.478771
10.552047,-96.478771
10.572037,-96.478771
10.592028,-96.478771
10.611988,-96.478771
10.631971,-96.478771
10.651983,-96.478771
10.672136,-96.478771
10.691974,-96.478771
10.712098,-96.478771
10.731992,-96.478771
10.752037,-96.478771
10.771961,-96.478771
10.791896,-96.478771
10.811939,-96.478771
10.831902,-96.478771
10.851945,-96.478771
10.872023,-96.478771
10.891846,-96.478771
10.911832,-96.478771
10.932066,-96.478771
10.951901,-96.478771
10.971799,-96.478771
10.992251,-96.478771
11.012115,-96.478771
11.031932,-96.478771
11.051904,-96.478771
11.072265,-96.478771
11.091936,-96.478771
11.111729,-96.478771
11.131776,-96.478771
11.151866,-96.478771
11.171725,-96.478771
11.191727,-96.478771
11.211715,-96.478771
11.231761,-96.478771
11.251745,-96.478771
11.271672,-96.478771
11.291662,-96.478771
11.311755,-96.478771
11.331668,-96.478771
11.351955,-96.478771
11.371655,-96.478771
11.391643,-96.478771
11.411766,-96.478771
11.431726,-96.478771
11.451705,-96.478771
11.471657,-96.478771
11.491579,-96.478771
11.511832,-96.478771
11.531713,-96.478771
11.551956,-96.478771
11.571596,-96.478771
11.591545,-96.478771
11.611543,-96.478771
11.631524,-96.478771
11.651606,-96.478771
11.671591,-96.478771
11.691415,-96.478771
11.711549,-96.478771
11.732419,-96.478771
11.752405,-96.478771
11.772531,-96.478771
11.792449,-96.478771
