0.253501,741641.756834
0.273540,741641.756834
0.274168,741641.756843
0.292302,741641.756843
0.293428,741641.756750
0.311349,741641.756750
0.313176,741641.756765
0.331428,741641.756765
0.333282,741641.756691
0.351392,741641.756691
0.353205,741641.756681
0.371265,741641.756681
0.373174,741641.756654
0.391248,741641.756654
0.393162,741641.756636
0.411371,741641.756636
0.413285,741641.757273
0.431351,741641.757273
0.433167,741641.757319
0.451339,741641.757319
0.453230,741641.757381
0.471370,741641.757381
0.473142,741641.757342
0.491518,741641.757342
0.493147,741641.757374
0.511290,741641.757374
0.513169,741641.757378
0.531321,741641.757378
0.533185,741641.757305
0.551377,741641.757305
0.553174,741641.757205
0.571320,741641.757205
0.573122,741641.757130
0.591319,741641.757130
0.593182,741641.756983
0.611413,741641.756983
0.613184,741641.771867
0.631269,741641.771867
0.633133,741641.771909
0.651184,741641.771909
0.653189,741641.771897
0.671387,741641.771897
0.673275,741641.771992
0.691261,741641.771992
0.693143,741641.772018
0.711229,741641.772018
0.713267,741641.772091
0.731309,741641.772091
0.733259,741641.772166
0.751437,741641.772166
0.753366,741641.772156
0.771169,741641.772156
0.773253,741641.772094
0.791350,741641.772094
0.793162,741641.772094
0.811247,741641.772016
0.813179,741641.771878
0.831337,741641.771878
0.833172,741641.763726
0.851386,741641.763726
0.853267,741641.763517
0.871509,741641.763517
0.873458,741641.763312
0.891516,741641.763312
0.893329,741641.763027
0.911312,741641.763027
0.913252,741641.762892
0.931315,741641.762892
0.933394,741641.762716
0.951323,741641.762716
0.953222,741641.762496
0.971271,741641.762496
0.973155,741641.762477
0.991397,741641.762477
0.993238,741641.762321
1.011364,741641.762321
1.013227,741641.744599
1.031276,741641.744599
1.033227,741641.744182
1.051346,741641.744182
1.053216,741641.743796
1.071327,741641.743796
1.073161,741641.743325
1.091298,741641.743325
1.093214,741641.742842
1.111240,741641.742842
1.113102,741641.742224
1.131396,741641.742224
1.133214,741641.741709
1.151341,741641.741709
1.153347,741641.741153
1.171286,741641.741153
1.173143,741641.740535
1.191198,741641.740535
1.193238,741641.739938
1.211388,741641.739938
1.213326,741641.733653
1.231380,741641.733653
1.233160,741641.733092
1.251419,741641.733092
1.253325,741641.732520
1.271263,741641.732520
1.273228,741641.731991
1.291395,741641.731991
1.293169,741641.731268
1.311320,741641.731268
1.313177,741641.730670
1.331480,741641.730670
1.333145,741641.730105
1.351640,741641.730105
1.353224,741641.729570
1.371337,741641.729570
1.373316,741641.729570
1.392514,741641.729035
1.393859,741641.728495
1.411451,741641.728495
1.413266,741641.721792
1.431434,741641.721792
1.433228,741641.721252
1.451374,741641.721252
1.453338,741641.720527
1.471338,741641.720527
1.473284,741641.719915
1.491247,741641.719915
1.493135,741641.719266
1.511369,741641.719266
1.513276,741641.718721
1.531348,741641.718721
1.533276,741641.718096
1.551253,741641.718096
1.553141,741641.717527
1.571337,741641.717527
1.573326,741641.716969
1.591372,741641.716969
1.593228,741641.716436
1.611492,741641.716436
1.613169,741641.727017
1.631253,741641.727017
1.633230,741641.726474
1.651283,741641.726474
1.653208,741641.725793
1.671138,741641.725793
1.673312,741641.725242
1.691326,741641.725242
1.693265,741641.724480
1.711356,741641.724480
1.713213,741641.723808
1.731275,741641.723808
1.733242,741641.723091
1.751514,741641.723091
1.753228,741641.722477
1.771221,741641.722477
1.773159,741641.721789
1.791257,741641.721789
1.793188,741641.721019
1.811222,741641.721019
1.813230,741641.720336
1.831489,741641.720336
1.833250,741641.708502
1.851491,741641.708502
1.853398,741641.707588
1.871338,741641.707588
1.873244,741641.706702
1.891311,741641.706702
1.893305,741641.705837
1.911289,741641.705837
1.913203,741641.704954
1.931883,741641.704954
1.933241,741641.704044
1.951329,741641.704044
1.953341,741641.703193
1.971336,741641.703193
1.973248,741641.702258
1.991419,741641.702258
1.993328,741641.701340
2.011239,741641.701340
2.013379,741641.711338
2.031490,741641.711338
2.033147,741641.710485
2.051568,741641.710485
2.053295,741641.709619
2.071294,741641.709619
2.073165,741641.708866
2.091299,741641.708866
2.093218,741641.708032
2.111301,741641.708032
2.113233,741641.707179
2.131182,741641.707179
2.133159,741641.706318
2.151282,741641.706318
2.153347,741641.705425
2.171738,741641.705425
2.173380,741641.704565
2.191511,741641.704565
2.193215,741641.703556
2.211246,741641.703556
2.213327,741641.714862
2.231255,741641.714862
2.233181,741641.713873
2.251188,741641.713873
2.253122,741641.712903
2.271727,741641.712903
2.273305,741641.711969
2.291356,741641.711969
2.293169,741641.710872
2.311818,741641.710872
2.313301,741641.709774
2.331838,741641.709774
2.333331,741641.708776
2.351266,741641.708776
2.353275,741641.707697
2.371319,741641.707697
2.373280,741641.706630
2.391359,741641.706630
2.393217,741641.707752
2.411160,741641.707752
2.413154,741641.706776
2.431397,741641.706776
2.433234,741641.705745
2.451269,741641.705745
2.453214,741641.704892
2.471117,741641.704892
2.473124,741641.703923
2.491341,741641.703923
2.494810,741641.703040
2.511359,741641.703040
2.513163,741641.702058
2.531341,741641.702058
2.533183,741641.701064
2.551365,741641.701064
2.553194,741641.700044
2.571260,741641.700044
2.573166,741641.698918
2.591279,741641.698918
2.593177,741641.681709
2.611233,741641.681709
2.613220,741641.680376
2.631326,741641.680376
2.633218,741641.679052
2.651251,741641.679052
2.653300,741641.677817
2.671331,741641.677817
2.673527,741641.676551
2.691211,741641.676551
2.693326,741641.675296
2.711329,741641.675296
2.713141,741641.673912
2.731302,741641.673912
2.733144,741641.672681
2.751269,741641.672681
2.753123,741641.671396
2.771253,741641.671396
2.773156,741641.670093
2.791238,741641.670093
2.793258,741641.668883
2.811304,741641.668883
2.813351,741641.664482
2.831372,741641.664482
2.833215,741641.663074
2.851296,741641.663074
2.853245,741641.661713
2.871280,741641.661713
2.873184,741641.660193
2.891286,741641.660193
2.893189,741641.658685
2.911253,741641.658685
2.913221,741641.657078
2.931242,741641.657078
2.933135,741641.655602
2.951959,741641.655602
2.953200,741641.653938
2.971363,741641.653938
2.973205,741641.652515
2.991228,741641.652515
2.993121,741641.650982
3.011403,741641.650982
3.013173,741641.649300
3.031493,741641.649300
3.033305,741641.647900
3.051282,741641.647900
3.053201,741641.646481
3.071291,741641.646481
3.073324,741641.645260
3.091391,741641.645260
3.093259,741641.643911
3.111344,741641.643911
3.113175,741641.642751
3.131340,741641.642751
3.133229,741641.641498
3.151337,741641.641498
3.153176,741641.640298
3.171321,741641.640298
3.173303,741641.638855
3.191339,741641.638855
3.193241,741641.637546
3.211229,741641.637546
3.213161,741641.637779
3.231352,741641.637779
3.233252,741641.636236
3.251458,741641.636236
3.253250,741641.634716
3.271346,741641.634716
3.273235,741641.633094
3.291325,741641.633094
3.293319,741641.631449
3.311210,741641.631449
3.313201,741641.629814
3.331414,741641.629814
3.333202,741641.628162
3.351218,741641.628162
3.353146,741641.626363
3.371355,741641.626363
3.373198,741641.624694
3.391422,741641.624694
3.393179,741641.622954
3.411167,741641.622954
3.413214,741641.632471
3.431298,741641.632471
3.433233,741641.630870
3.451364,741641.630870
3.453210,741641.629402
3.471356,741641.629402
3.473572,741641.627820
3.491237,741641.627820
3.493259,741641.626189
3.511203,741641.626189
3.513186,741641.624546
3.531326,741641.624546
3.533227,741641.622887
3.551330,741641.622887
3.553234,741641.621143
3.571429,741641.621143
3.573262,741641.619322
3.591362,741641.619322
3.593238,741641.617503
3.611362,741641.617503
3.613325,741641.622718
3.631415,741641.622718
3.633292,741641.621051
3.651358,741641.621051
3.653395,741641.619357
3.671357,741641.619357
3.673198,741641.617667
3.691303,741641.617667
3.693191,741641.616163
3.711225,741641.616163
3.713286,741641.614590
3.731383,741641.614590
3.733196,741641.613027
3.751361,741641.613027
3.753271,741641.611454
3.771370,741641.611454
3.773171,741641.609922
3.791374,741641.609922
3.793252,741641.608379
3.811296,741641.608379
3.813264,741641.606957
3.831245,741641.606957
3.833291,741641.605603
3.851272,741641.605603
3.853293,741641.599632
3.871475,741641.599632
3.873329,741641.598217
3.891389,741641.598217
3.893209,741641.596811
3.911175,741641.596811
3.913265,741641.595293
3.931380,741641.595293
3.933239,741641.593770
3.951300,741641.593770
3.953204,741641.592119
3.971258,741641.592119
3.973180,741641.590410
3.991593,741641.590410
3.993116,741641.588629
4.011276,741641.588629
4.013148,741641.586024
4.031228,741641.586024
4.033297,741641.584142
4.051464,741641.584142
4.053353,741641.582248
4.071190,741641.582248
4.073245,741641.580305
4.091314,741641.580305
4.093257,741641.578351
4.111315,741641.578351
4.113218,741641.576388
4.131852,741641.576388
4.133164,741641.574487
4.151347,741641.574487
4.153197,741641.572415
4.171237,741641.572415
4.173160,741641.570514
4.191751,741641.570514
4.193253,741641.568567
4.211495,741641.568567
4.213179,741641.567260
4.231321,741641.567260
4.233151,741641.565143
4.251347,741641.565143
4.253112,741641.563117
4.271305,741641.563117
4.273183,741641.560966
4.291283,741641.560966
4.293253,741641.558793
4.311378,741641.558793
4.313175,741641.556734
4.331317,741641.556734
4.333171,741641.554643
4.351314,741641.554643
4.353255,741641.552458
4.371457,741641.552458
4.373273,741641.550420
4.391271,741641.550420
4.393213,741641.548397
4.411353,741641.548397
4.413195,741641.559052
4.431253,741641.559052
4.433157,741641.557211
4.451442,741641.557211
4.453335,741641.555413
4.471290,741641.555413
4.473276,741641.553677
4.491213,741641.553677
4.493122,741641.551926
4.511457,741641.551926
4.513327,741641.550230
4.531312,741641.550230
4.533211,741641.548617
4.551174,741641.548617
4.553231,741641.546877
4.571245,741641.546877
4.573212,741641.545322
4.591470,741641.545322
4.593188,741641.543656
4.611284,741641.543656
4.613176,741641.533039
4.631265,741641.533039
4.633099,741641.531215
4.651340,741641.531215
4.653231,741641.529392
4.671364,741641.529392
4.673177,741641.527478
4.691344,741641.527478
4.693187,741641.525505
4.711493,741641.525505
4.713256,741641.523453
4.731442,741641.523453
4.733297,741641.521418
4.751335,741641.521418
4.753274,741641.519242
4.771205,741641.519242
4.773201,741641.517104
4.791299,741641.517104
4.793146,741641.514951
4.811277,741641.514951
4.813125,741641.512777
4.831245,741641.512777
4.833204,741641.511870
4.851187,741641.511870
4.853253,741641.509718
4.871291,741641.509718
4.873254,741641.507642
4.891219,741641.507642
4.893257,741641.505505
4.911248,741641.505505
4.913146,741641.503348
4.931337,741641.503348
4.933244,741641.501233
4.951426,741641.501233
4.953183,741641.499192
4.971368,741641.499192
4.973167,741641.497104
4.991261,741641.497104
4.993291,741641.494924
5.011293,741641.494924
5.013183,741641.495085
5.031393,741641.495085
5.033293,741641.493007
5.051337,741641.493007
5.053332,741641.491033
5.072349,741641.491033
5.075472,741641.491033
5.091892,741641.489072
5.093810,741641.487085
5.111393,741641.487085
5.113252,741641.485180
5.131463,741641.485180
5.133168,741641.483243
5.151225,741641.483243
5.153342,741641.481280
5.171280,741641.481280
5.173260,741641.479430
5.191392,741641.479430
5.193249,741641.473224
5.211274,741641.473224
5.213206,741641.471095
5.231247,741641.471095
5.233161,741641.468928
5.251333,741641.468928
5.253257,741641.466722
5.271322,741641.466722
5.273230,741641.464490
5.291373,741641.464490
5.293202,741641.462171
5.311300,741641.462171
5.313209,741641.459944
5.331297,741641.459944
5.333171,741641.457713
5.351310,741641.457713
5.353326,741641.455489
5.371309,741641.455489
5.373113,741641.453303
5.391946,741641.453303
5.394716,741641.459821
5.413226,741641.459821
5.414272,741641.457782
5.431607,741641.457782
5.433279,741641.455559
5.451286,741641.455559
5.453376,741641.453315
5.471279,741641.453315
5.473198,741641.450910
5.491289,741641.450910
5.493164,741641.448514
5.511307,741641.448514
5.513188,741641.446068
5.531341,741641.446068
5.533278,741641.443580
5.551391,741641.443580
5.553291,741641.440974
5.571183,741641.440974
5.573260,741641.438501
5.591298,741641.438501
5.593164,741641.442909
5.611204,741641.442909
5.613177,741641.440590
5.631278,741641.440590
5.633231,741641.438315
5.651434,741641.438315
5.653240,741641.436125
5.671367,741641.436125
5.673224,741641.433955
5.691293,741641.433955
5.693189,741641.431852
5.711317,741641.431852
5.713177,741641.429797
5.731392,741641.429797
5.733261,741641.427724
5.751356,741641.427724
5.753302,741641.425563
5.772427,741641.425563
5.773231,741641.423415
5.791341,741641.423415
5.793244,741641.421121
5.811327,741641.421121
5.813228,741641.418890
5.831318,741641.418890
5.833237,741641.420891
5.851320,741641.420891
5.853209,741641.418500
5.871318,741641.418500
5.873167,741641.416039
5.891434,741641.416039
5.893267,741641.413571
5.911417,741641.413571
5.913206,741641.411162
5.931251,741641.411162
5.933158,741641.408689
5.951437,741641.408689
5.953364,741641.406106
5.971325,741641.406106
5.973247,741641.403555
5.991364,741641.403555
5.993200,741641.401009
6.011418,741641.401009
6.013239,741641.402437
6.031468,741641.402437
6.033167,741641.399905
6.051426,741641.399905
6.053565,741641.397386
6.071347,741641.397386
6.073186,741641.394917
6.091617,741641.394917
6.093188,741641.392437
6.112025,741641.392437
6.113281,741641.389921
6.131531,741641.389921
6.133213,741641.387516
6.151209,741641.387516
6.153283,741641.385098
6.171365,741641.385098
6.173243,741641.382719
6.191310,741641.382719
6.193340,741641.380329
6.211295,741641.380329
6.213312,741641.380543
6.231348,741641.380543
6.233155,741641.378190
6.251758,741641.378190
6.253266,741641.375927
6.271348,741641.375927
6.273108,741641.373737
6.291444,741641.373737
6.293235,741641.371410
6.311286,741641.371410
6.313185,741641.369204
6.331180,741641.369204
6.333262,741641.366919
6.351341,741641.366919
6.353195,741641.364568
6.371416,741641.364568
6.373251,741641.362179
6.391352,741641.362179
6.393189,741641.359681
6.411251,741641.359681
6.413164,741641.366570
6.431275,741641.366570
6.433201,741641.364156
6.451416,741641.364156
6.453186,741641.361661
6.471339,741641.361661
6.473124,741641.359159
6.491248,741641.359159
6.493277,741641.356580
6.511311,741641.356580
6.513207,741641.354015
6.531423,741641.354015
6.533349,741641.351416
6.551364,741641.351416
6.553176,741641.348631
6.571282,741641.348631
6.573249,741641.345888
6.591272,741641.345888
6.593231,741641.343014
6.611420,741641.343014
6.613215,741641.347144
6.631343,741641.347144
6.633197,741641.344347
6.651272,741641.344347
6.653164,741641.341622
6.671232,741641.341622
6.673272,741641.338847
6.691252,741641.338847
6.693219,741641.336244
6.711331,741641.336244
6.713159,741641.333646
6.731321,741641.333646
6.733156,741641.331044
6.751369,741641.331044
6.753251,741641.328551
6.771243,741641.328551
6.773208,741641.326156
6.791363,741641.326156
6.793330,741641.323539
6.811382,741641.323539
6.813415,741641.320932
6.831481,741641.320932
6.833215,741641.315008
6.851289,741641.315008
6.853246,741641.312341
6.871340,741641.312341
6.873184,741641.309570
6.891312,741641.309570
6.893167,741641.306980
6.911403,741641.306980
6.913172,741641.304373
6.931320,741641.304373
6.933145,741641.301768
6.951340,741641.301768
6.953241,741641.299141
6.971375,741641.299141
6.973245,741641.296582
6.991394,741641.296582
6.993249,741641.293901
7.011283,741641.293901
7.013202,741641.298808
7.031347,741641.298808
7.033211,741641.296219
7.051524,741641.296219
7.053293,741641.293528
7.071558,741641.293528
7.073201,741641.290900
7.091351,741641.290900
7.093193,741641.288162
7.111282,741641.288162
7.113266,741641.285527
7.131383,741641.285527
7.133352,741641.282889
7.151315,741641.282889
7.153190,741641.280220
7.171298,741641.280220
7.173256,741641.277638
7.191267,741641.277638
7.193258,741641.275046
7.211356,741641.275046
7.213116,741641.271357
7.231411,741641.271357
7.233323,741641.268740
7.251295,741641.268740
7.253115,741641.266090
7.271188,741641.266090
7.273195,741641.263564
7.291247,741641.263564
7.293318,741641.261026
7.311295,741641.261026
7.313133,741641.258516
7.331457,741641.258516
7.333190,741641.255969
7.351303,741641.255969
7.353259,741641.253410
7.371293,741641.253410
7.373140,741641.250841
7.391241,741641.250841
7.393232,741641.248335
7.411420,741641.248335
7.413132,741641.250974
7.431405,741641.250974
7.433290,741641.248551
7.451401,741641.248551
7.453398,741641.245970
7.471265,741641.245970
7.473239,741641.243337
7.491459,741641.243337
7.493214,741641.240622
7.511330,741641.240622
7.513189,741641.237938
7.531346,741641.237938
7.533289,741641.235181
7.551395,741641.235181
7.553317,741641.232391
7.571374,741641.232391
7.573191,741641.229614
7.591501,741641.229614
7.593288,741641.226848
7.611308,741641.226848
7.613274,741641.234743
7.631247,741641.234743
7.633206,741641.232235
7.651276,741641.232235
7.653284,741641.229727
7.671382,741641.229727
7.673209,741641.227319
7.692732,741641.227319
7.694783,741641.224818
7.712295,741641.224818
7.713421,741641.222406
7.731519,741641.222406
7.733308,741641.219988
7.751569,741641.219988
7.753231,741641.217688
7.771623,741641.217688
7.773222,741641.215400
7.791376,741641.215400
7.793206,741641.213262
7.811373,741641.213262
7.813142,741641.210945
7.831334,741641.210945
7.833145,741641.207763
7.851286,741641.207763
7.853251,741641.205425
7.871302,741641.205425
7.873160,741641.202913
7.891458,741641.202913
7.893249,741641.200524
7.911338,741641.200524
7.913296,741641.198037
7.931752,741641.198037
7.933258,741641.195437
7.951307,741641.195437
7.953344,741641.192865
7.971429,741641.192865
7.973207,741641.190275
7.991582,741641.190275
7.993164,741641.187641
8.011305,741641.187641
8.013175,741641.186011
8.031292,741641.186011
8.033238,741641.183337
8.051516,741641.183337
8.053295,741641.180632
8.071400,741641.180632
8.073073,741641.177981
8.091221,741641.177981
8.093253,741641.175291
8.111210,741641.175291
8.113185,741641.172543
8.131251,741641.172543
8.133144,741641.169954
8.151621,741641.169954
8.153294,741641.167249
8.171207,741641.167249
8.173150,741641.164632
8.191431,741641.164632
8.193138,741641.159017
8.211240,741641.159017
8.213158,741641.156395
8.231346,741641.156395
8.233246,741641.153961
8.251261,741641.153961
8.253191,741641.151643
8.271360,741641.151643
8.273104,741641.149265
8.291441,741641.149265
8.293247,741641.146845
8.311213,741641.146845
8.313166,741641.144582
8.331348,741641.144582
8.334484,741641.142340
8.351371,741641.142340
8.353168,741641.140136
8.371365,741641.140136
8.373163,741641.137850
8.391305,741641.137850
8.393241,741641.135476
8.411357,741641.135476
8.413351,741641.138650
8.431255,741641.138650
8.433273,741641.136251
8.451403,741641.136251
8.453130,741641.133806
8.471400,741641.133806
8.473159,741641.131403
8.491413,741641.131403
8.493117,741641.128936
8.511294,741641.128936
8.513157,741641.126430
8.531142,741641.126430
8.533128,741641.123882
8.551571,741641.123882
8.553189,741641.121361
8.571353,741641.121361
8.573237,741641.118794
8.591246,741641.118794
8.593263,741641.116190
8.611367,741641.116190
8.613192,741641.114525
8.631395,741641.114525
8.633152,741641.111931
8.651289,741641.111931
8.653236,741641.109375
8.671297,741641.109375
8.673141,741641.106900
8.691273,741641.106900
8.693207,741641.104494
8.711326,741641.104494
8.713171,741641.102138
8.731398,741641.102138
8.733239,741641.099934
8.751187,741641.099934
8.753215,741641.097702
8.771320,741641.097702
8.773272,741641.095652
8.791213,741641.095652
8.793114,741641.093692
8.811274,741641.093692
8.813149,741641.091841
8.831275,741641.091841
8.833283,741641.098811
8.851258,741641.098811
8.853227,741641.097113
8.871245,741641.097113
8.873164,741641.095430
8.891252,741641.095430
8.893245,741641.093833
8.911344,741641.093833
8.913151,741641.092328
8.931362,741641.092328
8.933160,741641.090948
8.951638,741641.090948
8.953241,741641.089469
8.971276,741641.089469
8.973190,741641.088130
8.991297,741641.088130
8.993193,741641.086873
9.011360,741641.086873
9.013214,741641.078520
9.031367,741641.078520
9.033218,741641.077149
9.051394,741641.077149
9.053404,741641.075758
9.071344,741641.075758
9.073237,741641.074360
9.091269,741641.074360
9.093253,741641.073065
9.111392,741641.073065
9.113194,741641.071636
9.131312,741641.071636
9.133155,741641.070211
9.151273,741641.070211
9.153243,741641.068976
9.171313,741641.068976
9.173134,741641.067560
9.191299,741641.067560
9.193273,741641.066296
9.211383,741641.066296
9.213309,741641.058537
9.231337,741641.058537
9.233310,741641.057185
9.251362,741641.057185
9.253362,741641.055937
9.271302,741641.055937
9.273219,741641.054703
9.291390,741641.054703
9.293153,741641.053462
9.311318,741641.053462
9.313248,741641.052453
9.331377,741641.052453
9.333213,741641.051448
9.351316,741641.051448
9.353224,741641.050518
9.371291,741641.050518
9.373249,741641.049624
9.391335,741641.049624
9.393195,741641.048762
9.411347,741641.048762
9.413260,741641.052642
9.431231,741641.052642
9.433175,741641.051962
9.451304,741641.051962
9.453338,741641.051397
9.471313,741641.051397
9.473251,741641.050726
9.491275,741641.050726
9.493196,741641.050085
9.511339,741641.050085
9.513168,741641.049555
9.531370,741641.049555
9.533237,741641.048897
9.551297,741641.048897
9.553194,741641.048323
9.571326,741641.048323
9.573258,741641.047698
9.591206,741641.047698
9.593246,741641.047137
9.611212,741641.047137
9.613132,741641.047966
9.631360,741641.047966
9.633212,741641.047535
9.651232,741641.047535
9.653179,741641.047032
9.671287,741641.047032
9.673252,741641.046607
9.691381,741641.046607
9.694589,741641.046238
9.711357,741641.046238
9.713181,741641.045814
9.731327,741641.045814
9.733301,741641.045502
9.751301,741641.045502
9.753502,741641.045134
9.771886,741641.045134
9.773322,741641.044893
9.791564,741641.044893
9.793297,741641.044582
9.811326,741641.044582
9.813204,741641.044375
9.832217,741641.044375
9.833285,741641.044329
9.851415,741641.044329
9.853131,741641.043493
9.871359,741641.043493
9.873224,741641.043511
9.891369,741641.043511
9.893204,741641.043461
9.911241,741641.043461
9.913156,741641.043450
9.931898,741641.043450
9.934011,741641.043450
9.951391,741641.043507
9.953445,741641.043619
9.971337,741641.043619
9.973157,741641.043792
9.991872,741641.043792
9.993284,741641.043880
10.011268,741641.043880
10.013275,741641.036220
10.031348,741641.036220
10.033212,741641.036224
10.051364,741641.036224
10.053132,741641.036225
10.071274,741641.036225
10.073176,741641.036296
10.091300,741641.036296
10.093206,741641.036342
10.111406,741641.036342
10.113261,741641.036498
10.131315,741641.036498
10.133293,741641.036608
10.151266,741641.036608
10.153190,741641.036731
10.171305,741641.036731
10.173157,741641.036864
10.192309,741641.036864
10.195011,741641.036970
10.212507,741641.036970
10.215158,741641.036970
10.231576,741641.036184
10.233274,741641.036314
10.251276,741641.036314
10.253273,741641.036463
10.271365,741641.036463
10.273215,741641.036618
10.291428,741641.036618
10.293162,741641.036763
10.311342,741641.036763
10.313113,741641.036920
10.331420,741641.036920
10.333192,741641.037043
10.351510,741641.037043
10.353212,741641.037179
10.371319,741641.037179
10.373252,741641.037279
10.391244,741641.037279
10.393162,741641.037423
10.411293,741641.037423
10.413143,741641.041151
10.431584,741641.041151
10.433151,741641.041284
10.451254,741641.041284
10.453178,741641.041356
10.471249,741641.041356
10.473187,741641.041437
10.491195,741641.041437
10.493262,741641.041478
10.511329,741641.041478
10.513164,741641.041557
10.531368,741641.041557
10.533177,741641.041600
10.551265,741641.041600
10.553160,741641.041583
10.571280,741641.041583
10.573179,741641.041636
10.591345,741641.041636
10.593268,741641.037078
10.611338,741641.037078
10.613150,741641.036972
10.631193,741641.036972
10.633178,741641.036853
10.651279,741641.036853
10.653410,741641.036758
10.671344,741641.036758
10.673244,741641.036714
10.691303,741641.036714
10.693174,741641.036690
10.711278,741641.036690
10.713160,741641.036602
10.731330,741641.036602
10.733239,741641.036530
10.751411,741641.036530
10.753156,741641.036537
10.771301,741641.036537
10.773278,741641.036504
10.791220,741641.036504
10.793239,741641.036570
10.811292,741641.036570
10.813281,741641.036469
10.831272,741641.036469
10.833124,741641.040769
10.851442,741641.040769
10.853263,741641.040903
10.871354,741641.040903
10.873114,741641.041015
10.891345,741641.041015
10.893138,741641.041026
10.911281,741641.041026
10.913155,741641.041108
10.931326,741641.041108
10.933166,741641.041173
10.951319,741641.041173
10.953253,741641.041247
10.971270,741641.041247
10.973339,741641.041308
10.991644,741641.041308
10.993593,741641.040104
11.011355,741641.040104
11.013512,741641.040200
11.031506,741641.040200
11.033175,741641.040103
11.051332,741641.040103
11.053283,741641.040130
11.071320,741641.040130
11.073317,741641.040140
11.091313,741641.040140
11.093199,741641.040062
11.111303,741641.040062
11.113270,741641.040198
11.131389,741641.040198
11.133308,741641.040136
11.151365,741641.040136
11.153253,741641.040174
11.171390,741641.040174
11.173276,741641.040121
11.191316,741641.040121
11.193096,741641.044271
11.211251,741641.044271
11.213288,741641.044325
11.231341,741641.044325
11.233311,741641.044414
11.251396,741641.044414
11.253229,741641.044459
11.271206,741641.044459
11.274129,741641.044461
11.291371,741641.044461
11.293231,741641.044541
11.311230,741641.044541
11.313190,741641.044543
11.331376,741641.044543
11.333237,741641.044671
11.351323,741641.044671
11.353228,741641.044736
11.371352,741641.044736
11.373141,741641.044799
11.391261,741641.044799
11.393250,741641.044894
11.411377,741641.044894
11.413712,741641.044894
11.431715,741641.048990
11.433176,741641.049078
11.451542,741641.049078
11.453239,741641.049186
11.471305,741641.049186
11.473274,741641.049312
11.491344,741641.049312
11.493211,741641.049393
11.511223,741641.049393
11.513178,741641.049402
11.531205,741641.049402
11.533156,741641.049489
11.551318,741641.049489
11.553325,741641.049503
11.571517,741641.049503
11.573169,741641.049567
11.591268,741641.049567
11.593249,741641.049619
11.611328,741641.049619
11.613266,741641.056377
11.631437,741641.056377
11.633214,741641.056572
11.651309,741641.056572
11.653389,741641.056671
11.671435,741641.056671
11.673195,741641.056856
11.691379,741641.056856
11.693157,741641.057015
11.711238,741641.057015
11.713262,741641.057188
11.731436,741641.057188
11.733211,741641.057345
11.751295,741641.057345
11.753086,741641.057503
11.771206,741641.057503
11.773174,741641.057695
11.791270,741641.057695
11.793160,741641.057863
11.811457,741641.057863
