0.204711,30.636217
0.224664,30.636217
0.244656,30.636217
0.264662,30.636217
0.284698,30.636217
0.304633,30.636217
0.324609,30.636217
0.344654,30.636217
0.364652,30.636217
0.384645,30.636217
0.404577,30.636217
0.424669,30.636217
0.444700,30.636217
0.464651,30.636217
0.484596,30.636217
0.504603,30.636217
0.524548,30.636217
0.544567,30.636217
0.564572,30.636217
0.584629,30.636217
0.604573,30.636217
0.624580,30.636217
0.644635,30.636217
0.664568,30.636217
0.684523,30.636217
0.704410,30.636217
0.724429,30.636217
0.744490,30.636217
0.764436,30.636217
0.784455,30.636217
0.804440,30.636217
0.824377,30.636217
0.844365,30.636217
0.864474,30.636217
0.884319,30.636217
0.904356,30.636217
0.924307,30.636217
0.944346,30.636217
0.964380,30.636217
0.985273,30.636217
1.004243,30.636217
1.024303,30.636217
1.045206,30.636217
1.065235,30.636217
1.085160,30.636217
1.105155,30.636217
1.125130,30.636217
1.145165,30.636217
1.165123,30.636217
1.185139,30.636217
1.205080,30.636217
1.225074,30.636217
1.245075,30.636217
1.265050,30.636217
1.285106,30.636217
1.305012,30.636217
1.325013,30.636217
1.345006,30.636217
1.365118,30.636217
1.384964,30.636217
1.404974,30.636217
1.424949,30.636217
1.444944,30.636217
1.464964,30.636217
1.484933,30.636217
1.504914,30.636217
1.524903,30.636217
1.544888,30.636217
1.564913,30.636217
1.584898,30.636217
1.605295,30.636217
1.625298,30.636217
1.645027,30.636217
1.664971,30.636217
1.684847,30.636217
1.704807,30.636217
1.724910,30.636217
1.744812,30.636217
1.764851,30.636217
1.784833,30.636217
1.804847,30.636217
1.824830,30.636217
1.844757,30.636217
1.864745,30.636217
1.884769,30.636217
1.904737,30.636217
1.924698,30.636217
1.944722,30.636217
1.964711,30.636217
1.984718,30.636217
2.004728,30.636217
2.024746,30.636217
2.044676,30.636217
2.064628,30.636217
2.084625,30.636217
2.104639,30.636217
2.124639,30.636217
2.144584,30.636217
2.164594,30.636217
2.184523,30.636217
2.204504,30.636217
2.224572,30.636217
2.244610,30.636217
2.264547,30.636217
2.284499,30.636217
2.304532,30.636217
2.324521,30.636217
2.344559,30.636217
2.364549,30.636217
2.384511,30.636217
2.404578,30.636217
2.424446,30.636217
2.444434,30.636217
2.464423,30.636217
2.484452,30.636217
2.504354,30.636217
2.524369,30.636217
2.544427,30.636217
2.564539,30.636217
2.585329,30.636217
2.604413,30.636217
2.624367,30.636217
2.644376,30.636217
2.664318,30.636217
2.685311,30.636217
2.705250,30.636217
2.724360,30.636217
2.744324,30.636217
2.764415,30.636217
2.785262,30.636217
2.805199,30.636217
2.825253,30.636217
2.845251,30.636217
2.865176,30.636217
2.885175,30.636217
2.905183,30.636217
2.925194,30.636217
2.945161,30.636217
2.965129,30.636217
2.985142,30.636217
3.005112,30.636217
3.025128,30.636217
3.045154,30.636217
3.065086,30.636217
3.085108,30.636216
3.105083,30.636216
3.125063,30.636216
3.145118,30.636216
3.165029,30.636216
3.185050,30.636216
3.205100,30.636216
3.225029,30.636216
3.244961,30.636216
3.265009,30.636216
3.285038,30.636216
3.305051,30.636216
3.324955,30.636216
3.345007,30.636216
3.364947,30.636216
3.384940,30.636216
3.404962,30.636216
3.424889,30.636216
3.444890,30.636216
3.464886,30.636215
3.484926,30.636215
3.504842,30.636215
3.524862,30.636215
3.544888,30.636215
3.564875,30.636215
3.584834,30.636215
3.604849,30.636215
3.624842,30.636215
3.644850,30.636215
3.664755,30.636215
3.684802,30.636214
3.704802,30.636214
3.724763,30.636214
3.744798,30.636214
3.764736,30.636214
3.784744,30.636214
3.804754,30.636214
3.824878,30.636214
3.844737,30.636214
3.864802,30.636213
3.884654,30.636213
3.904681,30.636213
3.924731,30.636213
3.944717,30.636213
3.964645,30.636213
3.984692,30.636213
4.004621,30.636213
4.024675,30.636213
4.044613,30.636213
4.064631,30.636213
4.084633,30.636211
4.104579,30.636211
4.124602,30.636211
4.144565,30.636211
4.164581,30.636211
4.184556,30.636211
4.204504,30.636211
4.224491,30.636211
4.244488,30.636211
4.264512,30.636211
4.284450,30.636210
4.304456,30.636210
4.324510,30.636210
4.344410,30.636210
4.364566,30.636210
4.385331,30.636210
4.404403,30.636210
4.424375,30.636210
4.444385,30.636210
4.464365,30.636210
4.485324,30.636208
4.504352,30.636208
4.524329,30.636208
4.544358,30.636208
4.565283,30.636208
4.585232,30.636208
4.605252,30.636208
4.625213,30.636208
4.645222,30.636208
4.665176,30.636208
4.685155,30.636205
4.705211,30.636205
4.725173,30.636205
4.745155,30.636205
4.765128,30.636205
4.785120,30.636205
4.805126,30.636205
4.825066,30.636205
4.845068,30.636205
4.865126,30.636205
4.885061,30.636203
4.905275,30.636203
4.925078,30.636203
4.945125,30.636203
4.965120,30.636203
4.985068,30.636203
5.005024,30.636203
5.025007,30.636203
5.044983,30.636203
5.064994,30.636203
5.085016,30.636200
5.105012,30.636200
5.124975,30.636200
5.144979,30.636200
5.165014,30.636200
5.184920,30.636200
5.204963,30.636200
5.224938,30.636200
5.244932,30.636200
5.264903,30.636200
5.284915,30.636197
5.304899,30.636197
5.324863,30.636197
5.344857,30.636197
5.364884,30.636197
5.384920,30.636197
5.404834,30.636197
5.425315,30.636197
5.445259,30.636197
5.464867,30.636197
5.484830,30.636193
5.504826,30.636193
5.524891,30.636193
5.544773,30.636193
5.564752,30.636193
5.584787,30.636193
5.604740,30.636193
5.624771,30.636193
5.644755,30.636193
5.664702,30.636190
5.684729,30.636190
5.704640,30.636190
5.724748,30.636190
5.744628,30.636190
5.764700,30.636190
5.784692,30.636190
5.804621,30.636190
5.824598,30.636190
5.844700,30.636190
5.864699,30.636190
5.884591,30.636186
5.904642,30.636186
5.924608,30.636186
5.944641,30.636186
5.964669,30.636186
5.984574,30.636186
6.004586,30.636186
6.024535,30.636186
6.044542,30.636186
6.064476,30.636186
6.084534,30.636186
6.104444,30.636183
6.124526,30.636183
6.144441,30.636183
6.164534,30.636183
6.184570,30.636183
6.204481,30.636183
6.224411,30.636183
6.244434,30.636183
6.264398,30.636179
6.285322,30.636179
6.304401,30.636179
6.324342,30.636179
6.344326,30.636179
6.364351,30.636179
6.385252,30.636179
6.404334,30.636179
6.425247,30.636179
6.445264,30.636179
6.465221,30.636176
6.485573,30.636176
6.506616,30.636176
6.525217,30.636176
6.545172,30.636176
6.565192,30.636176
6.585153,30.636176
6.605134,30.636176
6.625139,30.636176
6.645139,30.636176
6.665102,30.636172
6.685136,30.636172
6.705517,30.636172
6.725231,30.636172
6.745127,30.636172
6.765060,30.636172
6.785051,30.636172
6.805054,30.636172
6.825089,30.636172
6.845031,30.636172
6.865013,30.636168
6.885001,30.636168
6.905010,30.636168
6.925018,30.636168
6.944987,30.636168
6.964966,30.636168
6.985000,30.636168
7.004927,30.636168
7.024945,30.636168
7.044942,30.636168
7.064918,30.636168
7.084936,30.636164
7.104974,30.636164
7.124902,30.636164
7.144871,30.636164
7.164929,30.636164
7.184873,30.636164
7.204858,30.636164
7.224878,30.636164
7.244815,30.636164
7.264879,30.636164
7.284857,30.636160
7.304865,30.636160
7.324874,30.636160
7.345063,30.636160
7.364852,30.636160
7.384831,30.636160
7.405385,30.636160
7.424858,30.636160
7.444762,30.636160
7.464735,30.636160
7.484814,30.636156
7.504692,30.636156
7.524769,30.636156
7.544693,30.636156
7.564713,30.636156
7.584707,30.636156
7.604695,30.636156
7.624707,30.636156
7.644716,30.636156
7.664656,30.636156
7.684972,30.636152
7.704661,30.636152
7.724643,30.636152
7.744672,30.636152
7.764663,30.636152
7.784712,30.636152
7.804593,30.636152
7.824573,30.636152
7.844636,30.636152
7.864563,30.636152
7.884593,30.636149
7.904540,30.636149
7.924538,30.636149
7.944580,30.636149
7.964569,30.636149
7.984553,30.636149
8.004528,30.636149
8.024539,30.636149
8.044620,30.636149
8.064453,30.636149
8.084410,30.636149
8.104547,30.636146
8.124520,30.636146
8.144430,30.636146
8.164413,30.636146
8.184833,30.636146
8.204477,30.636146
8.224478,30.636146
8.244399,30.636146
8.264522,30.636146
8.284381,30.636144
8.304401,30.636144
8.324362,30.636144
8.344420,30.636144
8.364496,30.636144
8.385353,30.636144
8.404366,30.636144
8.425254,30.636144
8.445273,30.636144
8.465256,30.636144
8.485286,30.636142
8.505292,30.636142
8.525232,30.636142
8.545216,30.636142
8.565255,30.636142
8.585201,30.636142
8.605237,30.636142
8.625208,30.636142
8.645154,30.636142
8.665176,30.636142
8.685149,30.636141
8.705152,30.636141
8.725135,30.636141
8.745136,30.636141
8.765116,30.636141
8.785133,30.636141
8.805182,30.636141
8.825130,30.636141
8.845116,30.636141
8.865053,30.636140
8.885076,30.636140
8.905088,30.636140
8.925288,30.636140
8.945032,30.636140
8.965027,30.636140
8.985018,30.636140
9.005030,30.636140
9.025062,30.636140
9.044985,30.636140
9.064963,30.636140
9.084945,30.636140
9.104954,30.636140
9.124948,30.636140
9.144919,30.636140
9.164951,30.636140
9.185045,30.636140
9.204915,30.636140
9.224871,30.636140
9.244896,30.636140
9.264893,30.636139
9.284854,30.636139
9.304887,30.636139
9.324880,30.636139
9.344952,30.636139
9.364846,30.636139
9.384876,30.636139
9.404898,30.636139
9.424901,30.636139
9.444852,30.636139
9.464763,30.636140
9.484775,30.636140
9.504734,30.636140
9.524828,30.636140
9.544767,30.636140
9.564757,30.636140
9.584759,30.636140
9.604714,30.636140
9.624658,30.636140
9.644650,30.636140
9.664705,30.636140
9.684648,30.636140
9.704694,30.636140
9.724683,30.636140
9.744670,30.636140
9.764627,30.636140
9.784642,30.636140
9.804602,30.636140
9.824625,30.636140
9.844617,30.636140
9.864578,30.636140
9.884645,30.636140
9.904510,30.636140
9.924522,30.636140
9.944549,30.636140
9.964586,30.636140
9.984521,30.636140
10.004506,30.636140
10.024499,30.636140
10.044497,30.636140
10.064492,30.636140
10.085391,30.636140
10.104545,30.636140
10.124498,30.636140
10.144458,30.636140
10.164393,30.636140
10.185396,30.636140
10.204374,30.636140
10.224375,30.636140
10.244381,30.636140
10.265311,30.636140
10.285315,30.636140
10.305323,30.636140
10.325306,30.636140
10.345271,30.636140
10.365258,30.636140
10.385289,30.636140
10.405212,30.636140
10.425214,30.636140
10.445240,30.636140
10.465202,30.636140
10.485265,30.636140
10.505190,30.636140
10.525222,30.636140
10.545179,30.636140
10.565200,30.636140
10.585160,30.636140
10.605130,30.636140
10.625129,30.636140
10.645078,30.636140
10.665091,30.636140
10.685070,30.636140
10.705058,30.636140
10.725277,30.636140
10.745054,30.636140
10.765044,30.636140
10.785027,30.636140
10.805039,30.636140
10.825000,30.636140
10.845034,30.636140
10.865005,30.636140
10.885043,30.636140
10.905039,30.636140
10.924971,30.636140
10.945067,30.636140
10.965001,30.636140
10.984975,30.636140
11.004958,30.636140
