0.218100,30.635807
0.235478,30.635807
0.255417,30.635807
0.275597,30.635807
0.295444,30.635807
0.315397,30.635807
0.335425,30.635807
0.355340,30.635807
0.375326,30.635807
0.395387,30.635807
0.415416,30.635807
0.435373,30.635807
0.455340,30.635807
0.475361,30.635807
0.495254,30.635807
0.515317,30.635807
0.535290,30.635807
0.555305,30.635807
0.575360,30.635807
0.595290,30.635807
0.615214,30.635807
0.635222,30.635807
0.655894,30.635807
0.675803,30.635807
0.695244,30.635807
0.715400,30.635807
0.735098,30.635807
0.755056,30.635807
0.775323,30.635807
0.795068,30.635807
0.815106,30.635807
0.835083,30.635807
0.855128,30.635807
0.875000,30.635807
0.895142,30.635807
0.915095,30.635807
0.935054,30.635807
0.955072,30.635807
0.974998,30.635807
0.995169,30.635807
1.015173,30.635807
1.034988,30.635807
1.055711,30.635808
1.075597,30.635808
1.095245,30.635808
1.114988,30.635808
1.134990,30.635808
1.154977,30.635808
1.174974,30.635808
1.194838,30.635808
1.214944,30.635808
1.234974,30.635808
1.255852,30.635808
1.274919,30.635808
1.295111,30.635808
1.314865,30.635808
1.335862,30.635808
1.355940,30.635808
1.375846,30.635808
1.395817,30.635808
1.415823,30.635808
1.435785,30.635808
1.455962,30.635808
1.475708,30.635807
1.495709,30.635807
1.515703,30.635807
1.535699,30.635808
1.555813,30.635808
1.575615,30.635808
1.595596,30.635808
1.615636,30.635808
1.635668,30.635808
1.655609,30.635808
1.675538,30.635808
1.695613,30.635808
1.715579,30.635807
1.735555,30.635807
1.755816,30.635807
1.775621,30.635807
1.795519,30.635807
1.815588,30.635807
1.835515,30.635807
1.856230,30.635807
1.876439,30.635808
1.895589,30.635808
1.915668,30.635808
1.935476,30.635808
1.955716,30.635808
1.975524,30.635808
1.995798,30.635808
2.015435,30.635808
2.035396,30.635808
2.055405,30.635808
2.075420,30.635808
2.095330,30.635808
2.115369,30.635808
2.135343,30.635808
2.155301,30.635808
2.176066,30.635808
2.196295,30.635808
2.215467,30.635808
2.235312,30.635808
2.255357,30.635808
2.275221,30.635808
2.295083,30.635808
2.315259,30.635808
2.335211,30.635808
2.355260,30.635808
2.375173,30.635808
2.395583,30.635808
2.415118,30.635808
2.435275,30.635808
2.455109,30.635808
2.475127,30.635808
2.495253,30.635808
2.515086,30.635808
2.535072,30.635808
2.555021,30.635808
2.575071,30.635808
2.595039,30.635808
2.615014,30.635808
2.635104,30.635808
2.655159,30.635808
2.675150,30.635807
2.695054,30.635807
2.715003,30.635807
2.734971,30.635807
2.756014,30.635807
2.775545,30.635807
2.796094,30.635807
2.815179,30.635807
2.834929,30.635807
2.855797,30.635807
2.874831,30.635807
2.895894,30.635807
2.915819,30.635807
2.935780,30.635807
2.955804,30.635807
2.975813,30.635807
2.996018,30.635807
3.015771,30.635807
3.035981,30.635807
3.056028,30.635807
3.075809,30.635807
3.095800,30.635807
3.115756,30.635806
3.135668,30.635806
3.155796,30.635806
3.175644,30.635806
3.195855,30.635806
3.215744,30.635806
3.235814,30.635806
3.255671,30.635806
3.275720,30.635806
3.295557,30.635806
3.315649,30.635805
3.335540,30.635805
3.355582,30.635805
3.375624,30.635805
3.395560,30.635805
3.415689,30.635805
3.435577,30.635805
3.455491,30.635805
3.475639,30.635804
3.495575,30.635804
3.515557,30.635804
3.535488,30.635804
3.555472,30.635804
3.575579,30.635804
3.595464,30.635803
3.615410,30.635803
3.635541,30.635803
3.655535,30.635803
3.675426,30.635803
3.695493,30.635803
3.715727,30.635802
3.735704,30.635802
3.755422,30.635802
3.775384,30.635802
3.795410,30.635802
3.815341,30.635801
3.835376,30.635801
3.855465,30.635801
3.875455,30.635801
3.895306,30.635801
3.915619,30.635800
3.935307,30.635800
3.955282,30.635800
3.975335,30.635800
3.995270,30.635800
4.015364,30.635799
4.035198,30.635799
4.055331,30.635799
4.075212,30.635799
4.095160,30.635798
4.115260,30.635798
4.135194,30.635798
4.155156,30.635797
4.175123,30.635797
4.195032,30.635797
4.215118,30.635797
4.235033,30.635796
4.254943,30.635796
4.274960,30.635796
4.295903,30.635796
4.316159,30.635795
4.335106,30.635795
4.355143,30.635795
4.375107,30.635794
4.395010,30.635794
4.414993,30.635794
4.435194,30.635793
4.455951,30.635793
4.474944,30.635793
4.494940,30.635793
4.514803,30.635792
4.535972,30.635792
4.555895,30.635792
4.575869,30.635791
4.595828,30.635791
4.615881,30.635791
4.635896,30.635790
4.655874,30.635790
4.675842,30.635790
4.695833,30.635789
4.715827,30.635789
4.735957,30.635789
4.755849,30.635788
4.775785,30.635788
4.795907,30.635788
4.815865,30.635787
4.836040,30.635787
4.855746,30.635787
4.875719,30.635786
4.895646,30.635786
4.915684,30.635786
4.935618,30.635785
4.955651,30.635785
4.975616,30.635785
4.995634,30.635784
5.015706,30.635784
5.035783,30.635784
5.055529,30.635783
5.075727,30.635783
5.095418,30.635783
5.115506,30.635782
5.135472,30.635782
5.155455,30.635782
5.175490,30.635781
5.195542,30.635781
5.215513,30.635780
5.235610,30.635780
5.255503,30.635780
5.275398,30.635779
5.295386,30.635779
5.315652,30.635779
5.335363,30.635778
5.355371,30.635778
5.375280,30.635777
5.395530,30.635777
5.415344,30.635777
5.435342,30.635776
5.455380,30.635776
5.475382,30.635776
5.495385,30.635775
5.515483,30.635775
5.535221,30.635774
5.555359,30.635774
5.575358,30.635774
5.595340,30.635773
5.615235,30.635773
5.635227,30.635773
5.655245,30.635772
5.675178,30.635772
5.695192,30.635771
5.715205,30.635771
5.735194,30.635771
5.755151,30.635770
5.775255,30.635770
5.795289,30.635769
5.815220,30.635769
5.835104,30.635769
5.855080,30.635768
5.875062,30.635768
5.895131,30.635767
5.915089,30.635767
5.935321,30.635767
5.955274,30.635766
5.975265,30.635766
5.995323,30.635765
6.015211,30.635765
6.035166,30.635764
6.055109,30.635764
6.074971,30.635764
6.095029,30.635763
6.115091,30.635763
6.134974,30.635762
6.155025,30.635762
6.174950,30.635761
6.195072,30.635761
6.214944,30.635761
6.234864,30.635760
6.254885,30.635760
6.275011,30.635759
6.295155,30.635759
6.315878,30.635758
6.335861,30.635758
6.355975,30.635758
6.375926,30.635757
6.395882,30.635757
6.415810,30.635756
6.435737,30.635756
6.455767,30.635755
6.475785,30.635755
6.495776,30.635755
6.515858,30.635754
6.535719,30.635754
6.555696,30.635753
6.575950,30.635753
6.595726,30.635752
6.615668,30.635752
6.635680,30.635751
6.655593,30.635751
6.675661,30.635750
6.695542,30.635750
6.715558,30.635750
6.735835,30.635749
6.755529,30.635749
6.775531,30.635748
6.795546,30.635748
6.815657,30.635747
6.835513,30.635747
6.855445,30.635746
6.875608,30.635746
6.895567,30.635745
6.915427,30.635745
6.935406,30.635744
6.955471,30.635744
6.975482,30.635743
6.995609,30.635743
7.015501,30.635742
7.035648,30.635742
7.055412,30.635742
7.075489,30.635741
7.095370,30.635740
7.115381,30.635740
7.135412,30.635739
7.155381,30.635739
7.175365,30.635738
7.195362,30.635738
7.215383,30.635737
7.235390,30.635737
7.255417,30.635736
7.275452,30.635736
7.295383,30.635735
7.315465,30.635735
7.335228,30.635734
7.355456,30.635734
7.375216,30.635733
7.395216,30.635733
7.415280,30.635732
7.435203,30.635732
7.455323,30.635731
7.475140,30.635731
7.495357,30.635730
7.515291,30.635730
7.535206,30.635729
7.555104,30.635729
7.575180,30.635728
7.595232,30.635728
7.615148,30.635727
7.635136,30.635727
7.655085,30.635726
7.675228,30.635726
7.695177,30.635725
7.715506,30.635724
7.735046,30.635724
7.755054,30.635723
7.775102,30.635723
7.795147,30.635722
7.815044,30.635722
7.835987,30.635721
7.855044,30.635721
7.874961,30.635720
7.895144,30.635720
7.914932,30.635719
7.935866,30.635718
7.956019,30.635718
7.975905,30.635717
7.995946,30.635717
8.015902,30.635716
8.035915,30.635716
8.056015,30.635715
8.075861,30.635715
8.095946,30.635714
8.116015,30.635714
8.135802,30.635713
8.155906,30.635712
8.176293,30.635712
8.195770,30.635711
8.215887,30.635711
8.235720,30.635710
8.255752,30.635710
8.275906,30.635709
8.295735,30.635709
8.315785,30.635708
8.335722,30.635707
8.355621,30.635707
8.375715,30.635706
8.396017,30.635706
8.415669,30.635705
8.435656,30.635704
8.456185,30.635704
8.476285,30.635703
8.495589,30.635703
8.515492,30.635702
8.535443,30.635702
8.555516,30.635701
8.575548,30.635700
8.595723,30.635700
8.615537,30.635699
8.635595,30.635699
8.655483,30.635698
8.676426,30.635698
8.696280,30.635697
8.715535,30.635696
8.735478,30.635696
8.755398,30.635695
8.775397,30.635695
8.795446,30.635694
8.815315,30.635693
8.836034,30.635693
8.856310,30.635692
8.875395,30.635692
8.895337,30.635691
8.915366,30.635690
8.935367,30.635690
8.955266,30.635689
8.975297,30.635689
8.995315,30.635688
9.015266,30.635687
9.035237,30.635687
9.055294,30.635686
9.075243,30.635686
9.095316,30.635685
9.115229,30.635684
9.135252,30.635684
9.155302,30.635683
9.175283,30.635683
9.195285,30.635682
9.215258,30.635681
9.235241,30.635681
9.255187,30.635680
9.275733,30.635679
9.296170,30.635679
9.315104,30.635678
9.335145,30.635678
9.355039,30.635677
9.374996,30.635676
9.395051,30.635676
9.415170,30.635675
9.435195,30.635674
9.455182,30.635674
9.474987,30.635673
9.495051,30.635673
9.515026,30.635672
9.535991,30.635671
9.555056,30.635671
9.574944,30.635670
9.595107,30.635669
9.615855,30.635669
9.635884,30.635668
9.655900,30.635667
9.675934,30.635667
9.695757,30.635666
9.715781,30.635666
9.736019,30.635665
9.755714,30.635664
9.775779,30.635664
9.795898,30.635663
9.815824,30.635662
9.835798,30.635662
9.855775,30.635661
9.875764,30.635660
9.895641,30.635660
9.915608,30.635659
9.935639,30.635658
9.955648,30.635658
9.976390,30.635657
9.996413,30.635656
10.015800,30.635656
10.035630,30.635655
10.055586,30.635654
10.075681,30.635654
10.095615,30.635653
10.115457,30.635652
10.135515,30.635652
10.155532,30.635651
10.175526,30.635650
10.195761,30.635650
10.215652,30.635649
10.235722,30.635648
10.255559,30.635648
10.275596,30.635647
10.295521,30.635646
10.315584,30.635646
10.335640,30.635645
10.355606,30.635644
10.375568,30.635643
10.395471,30.635643
10.415581,30.635642
10.435516,30.635641
10.455595,30.635641
10.475513,30.635640
10.495355,30.635639
10.515363,30.635639
10.535254,30.635638
10.555225,30.635637
10.575315,30.635636
10.595256,30.635636
10.615192,30.635635
10.635405,30.635634
10.655301,30.635634
10.675143,30.635633
10.695206,30.635632
10.715195,30.635631
10.735191,30.635631
10.755300,30.635630
10.775232,30.635629
10.795133,30.635629
10.815162,30.635628
10.835386,30.635627
10.855196,30.635626
10.875223,30.635626
10.895316,30.635625
10.915290,30.635624
10.935112,30.635624
10.955159,30.635623
10.975094,30.635622
10.995264,30.635621
11.015095,30.635621
11.035055,30.635620
11.055051,30.635619
11.074897,30.635619
11.095168,30.635618
11.114989,30.635617
11.134908,30.635616
11.155022,30.635616
11.174998,30.635615
11.195014,30.635614
11.215922,30.635614
11.234908,30.635613
11.255044,30.635612
11.274902,30.635611
11.295803,30.635611
11.315917,30.635610
11.335901,30.635609
11.355777,30.635609
11.375887,30.635608
11.395885,30.635607
11.415839,30.635606
11.435799,30.635606
11.455858,30.635605
11.475932,30.635604
11.496374,30.635603
11.516477,30.635603
11.535723,30.635602
11.556474,30.635601
11.577112,30.635600
11.595849,30.635600
11.615710,30.635599
11.635672,30.635598
11.655707,30.635598
11.675689,30.635597
11.695649,30.635596
11.715583,30.635595
11.735632,30.635595
11.755729,30.635594
11.775777,30.635593
11.795729,30.635592
11.815700,30.635592
11.835579,30.635591
11.855505,30.635590
11.875572,30.635589
11.895529,30.635589
11.915622,30.635588
11.935473,30.635587
11.955545,30.635586
11.976331,30.635586
11.996179,30.635585
12.015506,30.635584
12.035495,30.635583
12.055430,30.635583
12.075682,30.635582
12.096089,30.635581
12.116307,30.635580
12.135982,30.635580
12.155559,30.635579
12.175558,30.635578
12.195470,30.635577
12.215361,30.635577
12.235353,30.635576
12.255412,30.635575
12.275447,30.635574
12.295443,30.635574
12.315388,30.635573
12.335643,30.635572
12.355334,30.635571
12.375342,30.635571
12.395370,30.635570
12.415464,30.635569
12.435411,30.635568
12.455402,30.635567
12.475224,30.635567
12.495201,30.635566
12.515214,30.635565
12.535156,30.635564
12.555209,30.635564
12.575244,30.635563
12.595186,30.635562
12.615201,30.635561
12.635123,30.635561
12.655116,30.635560
12.675066,30.635559
12.695217,30.635558
12.715082,30.635558
12.735040,30.635557
12.755190,30.635556
12.775021,30.635555
12.796034,30.635554
12.815002,30.635554
12.834991,30.635553
12.854987,30.635552
12.875171,30.635551
12.896210,30.635551
12.915102,30.635550
12.935060,30.635549
12.955012,30.635548
12.976045,30.635547
12.996611,30.635547
13.016475,30.635546
13.035872,30.635545
13.055953,30.635544
13.076039,30.635543
13.095879,30.635543
13.115816,30.635542
13.135860,30.635541
13.155916,30.635540
13.175885,30.635540
13.195758,30.635539
13.215799,30.635538
13.235799,30.635537
13.255838,30.635536
13.275840,30.635536
13.295737,30.635535
13.315674,30.635534
13.335669,30.635533
13.355656,30.635532
13.375713,30.635532
13.395823,30.635531
13.415644,30.635530
13.435704,30.635529
13.455620,30.635528
13.475712,30.635528
13.495586,30.635527
13.515646,30.635526
13.535941,30.635525
13.555575,30.635524
13.575595,30.635524
13.595545,30.635523
13.615547,30.635522
13.635566,30.635521
13.655573,30.635520
13.675644,30.635520
13.695556,30.635519
13.715826,30.635518
13.735478,30.635517
13.755505,30.635516
13.775462,30.635516
13.795486,30.635515
13.815479,30.635514
13.835448,30.635513
13.856151,30.635512
13.876172,30.635512
13.895581,30.635511
13.915416,30.635510
13.936203,30.635509
13.955317,30.635508
13.975277,30.635507
13.995299,30.635507
14.015370,30.635506
14.035585,30.635505
14.055231,30.635504
14.075336,30.635503
14.095310,30.635503
14.115206,30.635502
14.135136,30.635501
14.155262,30.635500
14.175275,30.635499
14.195256,30.635499
14.215293,30.635498
14.235189,30.635497
14.255144,30.635496
14.275171,30.635495
14.295113,30.635494
14.315227,30.635494
14.335145,30.635493
14.355263,30.635492
14.375153,30.635491
14.396076,30.635490
14.415118,30.635489
14.434952,30.635489
14.455001,30.635488
14.475008,30.635487
14.495833,30.635486
14.515058,30.635485
14.535889,30.635484
14.555841,30.635484
14.575984,30.635483
14.595891,30.635482
14.614911,30.635481
14.635901,30.635480
14.655870,30.635479
14.676063,30.635479
14.695801,30.635478
14.715886,30.635477
14.735790,30.635476
14.755895,30.635475
14.775763,30.635474
14.795861,30.635474
14.815827,30.635473
14.835737,30.635472
14.855907,30.635471
14.875859,30.635470
14.895910,30.635469
14.915844,30.635469
14.935681,30.635468
14.955842,30.635467
14.975792,30.635466
14.995787,30.635465
15.015813,30.635464
15.035673,30.635464
15.055675,30.635463
15.075731,30.635462
15.095573,30.635461
15.115757,30.635460
15.136261,30.635459
15.156316,30.635459
15.175705,30.635458
15.195525,30.635457
15.215561,30.635456
15.235472,30.635455
15.255581,30.635454
15.275429,30.635453
15.295472,30.635453
15.315643,30.635452
15.335365,30.635451
15.355457,30.635450
15.375355,30.635449
15.395508,30.635448
15.415448,30.635447
15.435429,30.635447
15.455401,30.635446
15.475508,30.635445
15.495370,30.635444
15.515462,30.635443
15.535536,30.635442
15.555350,30.635442
15.575362,30.635441
15.595780,30.635440
15.615406,30.635439
15.635534,30.635438
15.655361,30.635437
15.675480,30.635436
15.695192,30.635436
15.715194,30.635435
15.735359,30.635434
15.755208,30.635433
15.775187,30.635432
15.795135,30.635431
15.815144,30.635431
15.835046,30.635430
15.855112,30.635429
15.875075,30.635428
15.895262,30.635427
15.915150,30.635426
15.935142,30.635425
15.955263,30.635425
15.975119,30.635424
15.995169,30.635423
16.015136,30.635422
16.035069,30.635421
16.055120,30.635420
16.075116,30.635419
16.096060,30.635419
16.115095,30.635418
16.135086,30.635417
16.156051,30.635416
16.174999,30.635415
16.195935,30.635414
16.214947,30.635413
16.235046,30.635412
16.256051,30.635412
16.276158,30.635411
16.296018,30.635410
16.316172,30.635409
16.335880,30.635408
16.356012,30.635407
16.375981,30.635406
16.395872,30.635405
16.415882,30.635405
16.435800,30.635404
16.455852,30.635403
16.475797,30.635402
16.495783,30.635401
16.515771,30.635400
16.535730,30.635399
16.555829,30.635398
16.575774,30.635398
16.595841,30.635397
16.615700,30.635396
16.635687,30.635395
16.655635,30.635394
16.675781,30.635393
16.695785,30.635392
16.715703,30.635391
16.735806,30.635391
16.755663,30.635390
16.775746,30.635389
16.795748,30.635388
16.815688,30.635387
16.835657,30.635386
16.855755,30.635385
16.875586,30.635385
16.895537,30.635384
16.915579,30.635383
16.935586,30.635382
16.955555,30.635381
16.975581,30.635380
16.995502,30.635379
17.015492,30.635378
17.035393,30.635377
17.055526,30.635377
17.075468,30.635376
17.095415,30.635375
17.115483,30.635374
17.135540,30.635373
17.155436,30.635372
17.175691,30.635371
17.195577,30.635370
17.215484,30.635370
17.235523,30.635369
17.255452,30.635368
17.275452,30.635367
17.295418,30.635366
17.315397,30.635365
17.335429,30.635364
17.355412,30.635363
17.375348,30.635362
17.395417,30.635361
17.415420,30.635360
17.435367,30.635360
17.455458,30.635359
17.475475,30.635358
17.495342,30.635357
17.515421,30.635356
17.535321,30.635355
17.555839,30.635354
17.575467,30.635353
17.595323,30.635352
17.615343,30.635351
17.635413,30.635350
17.655329,30.635349
17.675258,30.635349
17.695269,30.635348
17.715338,30.635347
17.735136,30.635346
17.755208,30.635345
17.775284,30.635344
17.795285,30.635343
17.815177,30.635342
17.835193,30.635341
17.855247,30.635340
17.875268,30.635339
17.895156,30.635338
17.915109,30.635337
17.935073,30.635336
17.955210,30.635335
17.976195,30.635335
17.995120,30.635334
18.016036,30.635333
18.036010,30.635332
18.056083,30.635331
18.076128,30.635330
18.095931,30.635329
18.115861,30.635328
18.135816,30.635327
18.156044,30.635326
18.175830,30.635325
18.195945,30.635324
18.215825,30.635323
18.235925,30.635322
18.255784,30.635321
18.275857,30.635320
18.295801,30.635319
18.315808,30.635318
18.335727,30.635317
18.355935,30.635316
18.375714,30.635315
18.396516,30.635314
18.416674,30.635313
18.435827,30.635312
18.455705,30.635311
18.475634,30.635310
18.495699,30.635309
18.515702,30.635308
18.535679,30.635307
18.555701,30.635306
18.575672,30.635305
18.595675,30.635304
18.615621,30.635303
18.635690,30.635302
18.655733,30.635301
18.675594,30.635300
18.695564,30.635299
18.715683,30.635298
18.735665,30.635297
18.755671,30.635296
18.775487,30.635295
18.795665,30.635294
18.815542,30.635293
18.835651,30.635292
18.855540,30.635291
18.875576,30.635290
18.895535,30.635289
18.916084,30.635288
18.936202,30.635287
18.955752,30.635286
18.975474,30.635285
18.995438,30.635284
19.015406,30.635283
19.035400,30.635282
19.055355,30.635281
19.076118,30.635280
19.096076,30.635278
19.115599,30.635277
19.135235,30.635276
19.155486,30.635275
19.175302,30.635274
19.195216,30.635273
19.215374,30.635272
19.235242,30.635271
19.255383,30.635270
19.275265,30.635269
19.295346,30.635268
19.315277,30.635267
19.335227,30.635266
19.355158,30.635265
19.375553,30.635264
19.395263,30.635263
19.415287,30.635262
19.435137,30.635261
19.455216,30.635260
19.475202,30.635259
19.495112,30.635258
19.515172,30.635257
19.536095,30.635256
19.555100,30.635254
19.574998,30.635253
19.595078,30.635252
19.615095,30.635251
19.635039,30.635250
19.655168,30.635249
19.676134,30.635248
19.695013,30.635247
19.716135,30.635246
19.735954,30.635245
19.756135,30.635244
19.776089,30.635243
19.796200,30.635241
19.816044,30.635240
19.836025,30.635239
19.855912,30.635238
19.875836,30.635237
19.896021,30.635236
19.915870,30.635235
19.935853,30.635234
19.955962,30.635233
19.975893,30.635232
19.995863,30.635231
20.016165,30.635230
20.035815,30.635228
20.055905,30.635227
20.075898,30.635226
20.095723,30.635225
20.115801,30.635224
20.135875,30.635223
20.155745,30.635222
20.175754,30.635221
20.195832,30.635220
20.215684,30.635219
20.235815,30.635217
20.255689,30.635216
20.275677,30.635215
20.295640,30.635214
20.315610,30.635213
20.335699,30.635212
20.355816,30.635211
20.375713,30.635210
20.395671,30.635209
20.415728,30.635207
20.435641,30.635206
20.455603,30.635205
20.475648,30.635204
20.495596,30.635203
20.515680,30.635202
20.535760,30.635201
20.555779,30.635200
20.575565,30.635198
20.595576,30.635197
20.615664,30.635196
20.635528,30.635195
20.655488,30.635194
20.675579,30.635193
20.695601,30.635192
20.715518,30.635191
20.735520,30.635189
20.755553,30.635188
20.775580,30.635187
20.795472,30.635186
20.815558,30.635185
20.835451,30.635184
20.855445,30.635183
20.875468,30.635182
20.895378,30.635180
20.915473,30.635179
20.935377,30.635178
20.955383,30.635177
20.975331,30.635176
20.995327,30.635175
21.015337,30.635173
21.035215,30.635172
21.055270,30.635171
21.075436,30.635170
21.095273,30.635169
21.115267,30.635168
21.135251,30.635167
21.155260,30.635165
21.175261,30.635164
21.195444,30.635163
21.215172,30.635162
21.235138,30.635161
21.255153,30.635160
21.275276,30.635158
21.295195,30.635157
21.315174,30.635156
21.335075,30.635155
21.355179,30.635154
21.375255,30.635152
21.395208,30.635151
21.415205,30.635150
21.435055,30.635149
21.455124,30.635148
21.475052,30.635146
21.495097,30.635145
21.515069,30.635144
21.536052,30.635143
21.556042,30.635142
21.575042,30.635141
21.595000,30.635139
21.614988,30.635138
21.635912,30.635137
21.656048,30.635136
21.675923,30.635135
21.695994,30.635133
21.715989,30.635132
21.735894,30.635131
21.755939,30.635130
21.775892,30.635129
21.795989,30.635127
21.815940,30.635126
21.835850,30.635125
21.855792,30.635124
21.875953,30.635123
21.895851,30.635121
21.915901,30.635120
21.935830,30.635119
21.955796,30.635118
21.975757,30.635116
21.995823,30.635115
22.015764,30.635114
22.035749,30.635113
22.055748,30.635112
22.075873,30.635110
22.095750,30.635109
22.115606,30.635108
22.135858,30.635107
22.155776,30.635105
22.175651,30.635104
22.195824,30.635103
22.215693,30.635102
22.235584,30.635101
22.255566,30.635099
22.275580,30.635098
22.295559,30.635097
22.315626,30.635096
22.335719,30.635095
22.355740,30.635093
22.375701,30.635092
22.395638,30.635091
22.415568,30.635090
22.435586,30.635088
22.455522,30.635087
22.475481,30.635086
22.496108,30.635085
22.516223,30.635083
22.535589,30.635082
22.555499,30.635081
22.575481,30.635080
22.595417,30.635078
22.615383,30.635077
22.635283,30.635076
22.655316,30.635075
22.675426,30.635073
22.695386,30.635072
22.715344,30.635071
22.735361,30.635070
22.755437,30.635068
22.775432,30.635067
22.795314,30.635066
22.815339,30.635065
22.835453,30.635063
22.855382,30.635062
22.875384,30.635061
22.895236,30.635060
22.915250,30.635058
22.935310,30.635057
22.955155,30.635056
22.975258,30.635055
22.995430,30.635053
23.015237,30.635052
23.035192,30.635051
23.056382,30.635049
23.075256,30.635048
23.095162,30.635047
23.116139,30.635046
23.135326,30.635044
23.156192,30.635043
23.175056,30.635042
23.195197,30.635040
23.215190,30.635039
23.236031,30.635038
23.255930,30.635037
23.276007,30.635035
23.295918,30.635034
23.316021,30.635033
23.335886,30.635031
23.355925,30.635030
23.375948,30.635029
23.395900,30.635028
23.415933,30.635026
23.436033,30.635025
23.456070,30.635024
23.475988,30.635022
23.495941,30.635021
23.515882,30.635020
23.535906,30.635019
23.555877,30.635017
23.575972,30.635016
23.595889,30.635015
23.616191,30.635013
23.636060,30.635012
23.655926,30.635011
23.675797,30.635009
23.695859,30.635008
23.715874,30.635007
23.735774,30.635006
23.755790,30.635004
23.775790,30.635003
23.795747,30.635002
23.815706,30.635000
23.835668,30.634999
23.855768,30.634998
23.875764,30.634996
23.895589,30.634995
23.915520,30.634994
23.935578,30.634992
23.955654,30.634991
23.975558,30.634990
23.995613,30.634988
24.015515,30.634987
24.035583,30.634986
24.055536,30.634984
24.075584,30.634983
24.095638,30.634982
24.115615,30.634980
24.135429,30.634979
24.155528,30.634978
24.175530,30.634976
24.195421,30.634975
24.215431,30.634974
24.235704,30.634972
24.255469,30.634971
24.275654,30.634970
24.295385,30.634968
24.315333,30.634967
24.335390,30.634966
24.355347,30.634965
24.375274,30.634963
24.395372,30.634962
24.415411,30.634961
24.435352,30.634959
24.455279,30.634958
24.475350,30.634956
24.495419,30.634955
24.515348,30.634954
24.535166,30.634952
24.555320,30.634951
24.575378,30.634950
24.595322,30.634948
24.615325,30.634947
24.635139,30.634946
24.655115,30.634944
24.675120,30.634943
24.695271,30.634942
24.715081,30.634940
24.736001,30.634939
24.755059,30.634937
24.775134,30.634936
24.795182,30.634935
24.816027,30.634933
24.836049,30.634932
24.855904,30.634931
24.875911,30.634929
24.895974,30.634928
24.916086,30.634927
24.935914,30.634925
24.956095,30.634924
24.976005,30.634923
24.995989,30.634921
25.015861,30.634920
25.036011,30.634919
25.055975,30.634917
25.075972,30.634916
25.095948,30.634914
25.115805,30.634913
25.135759,30.634912
25.155759,30.634910
25.175830,30.634909
25.195769,30.634908
25.215727,30.634906
25.235933,30.634905
25.255739,30.634904
25.275656,30.634902
25.295727,30.634901
25.315769,30.634899
25.335624,30.634898
25.355791,30.634897
25.375781,30.634895
25.395758,30.634894
25.415721,30.634893
25.435584,30.634891
25.455795,30.634890
25.475796,30.634888
25.495780,30.634887
25.515638,30.634886
25.535668,30.634884
25.555701,30.634883
25.575719,30.634882
25.595610,30.634880
25.615683,30.634879
25.635609,30.634877
25.655467,30.634876
25.675467,30.634875
25.695457,30.634873
25.715546,30.634872
25.735500,30.634870
25.755568,30.634869
25.775507,30.634868
25.795404,30.634866
25.815432,30.634865
25.835273,30.634863
25.855474,30.634862
25.875421,30.634861
25.895371,30.634859
25.915441,30.634858
25.935411,30.634856
25.955255,30.634855
25.975409,30.634854
25.995392,30.634852
26.015355,30.634851
26.035331,30.634849
26.055446,30.634848
26.075399,30.634847
26.095279,30.634845
26.115326,30.634844
26.135320,30.634842
26.155260,30.634841
26.175173,30.634840
26.195417,30.634838
26.215344,30.634837
26.236176,30.634835
26.255226,30.634834
26.275130,30.634833
26.296328,30.634831
26.316122,30.634830
26.336093,30.634828
26.356136,30.634827
26.376102,30.634826
26.396145,30.634824
26.416099,30.634823
26.436051,30.634821
26.456096,30.634820
26.475893,30.634819
26.496017,30.634817
26.516024,30.634816
26.535876,30.634814
26.556007,30.634813
26.575904,30.634811
26.595968,30.634810
26.615813,30.634809
26.636155,30.634807
26.655946,30.634806
26.676122,30.634804
26.695936,30.634803
26.715956,30.634801
26.735891,30.634800
26.755890,30.634799
26.775928,30.634797
26.795862,30.634796
26.815864,30.634794
26.835818,30.634793
26.855704,30.634791
26.875671,30.634790
26.895745,30.634789
26.916327,30.634787
26.936468,30.634786
26.955866,30.634784
26.975826,30.634783
26.995672,30.634781
27.015650,30.634780
27.035638,30.634778
27.055518,30.634777
27.075530,30.634775
27.095698,30.634774
27.115521,30.634773
27.135525,30.634771
27.155664,30.634770
27.175525,30.634768
27.195526,30.634767
27.215498,30.634765
27.235508,30.634764
27.255425,30.634762
27.275553,30.634761
27.295526,30.634760
27.315473,30.634758
27.335484,30.634757
27.355612,30.634755
27.375726,30.634754
27.395613,30.634752
27.415519,30.634751
27.435418,30.634749
27.455585,30.634748
27.475650,30.634746
27.495462,30.634745
27.515517,30.634743
27.535540,30.634742
27.555377,30.634741
27.575395,30.634739
27.595291,30.634738
27.615278,30.634736
27.635337,30.634735
27.655179,30.634733
27.675276,30.634732
27.695212,30.634730
27.715176,30.634729
27.735162,30.634727
27.755860,30.634726
27.775933,30.634724
27.795448,30.634723
27.816181,30.634722
27.835120,30.634720
27.855111,30.634719
27.875120,30.634717
27.895118,30.634716
27.916118,30.634714
27.934988,30.634713
27.956044,30.634711
27.976011,30.634710
27.995982,30.634708
28.016014,30.634707
28.036149,30.634705
28.056098,30.634704
28.076022,30.634702
28.096009,30.634701
28.116096,30.634700
28.135927,30.634698
28.156011,30.634697
28.175975,30.634695
28.196102,30.634694
28.215935,30.634692
28.235850,30.634691
28.255889,30.634689
28.275911,30.634688
28.295925,30.634686
28.315753,30.634685
28.335837,30.634683
28.355763,30.634682
28.375792,30.634680
28.395838,30.634679
28.415917,30.634677
28.435933,30.634676
28.456555,30.634674
28.476016,30.634673
28.495680,30.634671
28.515709,30.634670
28.536061,30.634668
28.555647,30.634667
28.575896,30.634665
28.595672,30.634664
28.615725,30.634662
28.635627,30.634661
28.655710,30.634659
28.675680,30.634658
28.695631,30.634656
28.715616,30.634655
28.735622,30.634653
28.755644,30.634652
28.775613,30.634650
28.795535,30.634649
28.815599,30.634647
28.835523,30.634646
28.855493,30.634644
28.875668,30.634643
28.895669,30.634641
28.915495,30.634640
28.935434,30.634638
28.955524,30.634637
28.975523,30.634635
28.995574,30.634634
29.015495,30.634632
29.035443,30.634631
29.055613,30.634629
29.075642,30.634628
29.095429,30.634626
29.115525,30.634625
29.135484,30.634623
29.155471,30.634622
29.175577,30.634620
29.195509,30.634619
29.215477,30.634617
29.235456,30.634616
29.255550,30.634614
29.275448,30.634613
29.295366,30.634611
29.315464,30.634610
29.335376,30.634608
29.355315,30.634607
29.375285,30.634605
29.395412,30.634604
29.415415,30.634602
29.435488,30.634601
29.455352,30.634599
29.475402,30.634598
29.495504,30.634596
29.515397,30.634595
29.535349,30.634593
29.555394,30.634592
29.575497,30.634590
29.595438,30.634589
29.616055,30.634587
29.635658,30.634586
29.655300,30.634584
29.675214,30.634583
29.695103,30.634581
29.715183,30.634580
29.735085,30.634578
29.755812,30.634577
29.776018,30.634575
29.796185,30.634573
29.815070,30.634572
29.835136,30.634570
29.856058,30.634569
29.875999,30.634567
29.896043,30.634566
29.916075,30.634564
29.935969,30.634563
29.956005,30.634561
29.976139,30.634560
29.996073,30.634558
30.015972,30.634557
30.036059,30.634555
30.056029,30.634554
30.075975,30.634552
30.096338,30.634551
30.115994,30.634549
30.135890,30.634547
30.155925,30.634546
30.175924,30.634544
30.195936,30.634543
30.215839,30.634541
30.235862,30.634540
30.255941,30.634538
30.276373,30.634537
30.296543,30.634535
30.316561,30.634534
30.336257,30.634532
30.356016,30.634531
30.375839,30.634529
30.395716,30.634527
30.415726,30.634526
30.435681,30.634524
30.455747,30.634523
30.475696,30.634521
30.495697,30.634520
30.515719,30.634518
30.535622,30.634517
30.555676,30.634515
30.575583,30.634514
30.595652,30.634512
30.615644,30.634510
30.635583,30.634509
30.655612,30.634507
30.675798,30.634506
30.695567,30.634504
30.715552,30.634503
30.735537,30.634501
30.756154,30.634500
30.776281,30.634498
30.795594,30.634497
30.815634,30.634495
30.835714,30.634493
30.855592,30.634492
30.875560,30.634490
30.895626,30.634489
30.915498,30.634487
30.935510,30.634486
30.955482,30.634484
30.975401,30.634483
30.995551,30.634481
31.015577,30.634480
31.035512,30.634478
31.055469,30.634477
31.075412,30.634475
31.095423,30.634474
31.115426,30.634472
31.135367,30.634470
31.155477,30.634469
31.175406,30.634467
31.195932,30.634466
31.216161,30.634464
31.235437,30.634463
31.255292,30.634461
31.275256,30.634460
31.295341,30.634458
31.315366,30.634456
31.335224,30.634455
31.355296,30.634453
31.375299,30.634452
31.395289,30.634450
31.415345,30.634449
31.435342,30.634447
31.455245,30.634446
31.475208,30.634444
31.495197,30.634442
31.515146,30.634441
31.535212,30.634439
31.555154,30.634438
31.576230,30.634436
31.596048,30.634435
31.615043,30.634433
31.635090,30.634432
31.656032,30.634430
31.676019,30.634428
31.696101,30.634427
31.716840,30.634425
31.736774,30.634424
31.756099,30.634422
31.776051,30.634421
31.795964,30.634419
31.815958,30.634418
31.835904,30.634416
31.855993,30.634414
31.876112,30.634413
31.895950,30.634411
31.916010,30.634410
31.935904,30.634408
31.956089,30.634406
31.975973,30.634405
31.996035,30.634403
32.015919,30.634402
32.035901,30.634400
32.055857,30.634399
32.075904,30.634397
32.096048,30.634395
32.115897,30.634394
32.135885,30.634392
32.155927,30.634391
32.175823,30.634389
32.195847,30.634388
32.215876,30.634386
32.235911,30.634384
32.255785,30.634383
32.276037,30.634381
32.295837,30.634380
32.315865,30.634378
32.335814,30.634377
32.355795,30.634375
32.375858,30.634373
32.395951,30.634372
32.415710,30.634370
32.435732,30.634369
32.455753,30.634367
32.475768,30.634366
32.495674,30.634364
32.515786,30.634362
32.535737,30.634361
32.555726,30.634359
32.575611,30.634358
32.595728,30.634356
32.615718,30.634354
32.635700,30.634353
32.655947,30.634351
32.675600,30.634350
32.696275,30.634348
32.716556,30.634347
32.735783,30.634345
32.755424,30.634343
32.775367,30.634342
32.795614,30.634340
32.815562,30.634339
32.835470,30.634337
32.855359,30.634336
32.875468,30.634334
32.895394,30.634332
32.915675,30.634331
32.935423,30.634329
32.955535,30.634328
32.975525,30.634326
32.995430,30.634324
33.015447,30.634323
33.035344,30.634321
33.055416,30.634320
33.075355,30.634318
33.095361,30.634317
33.115435,30.634315
33.135316,30.634313
33.155907,30.634312
33.176060,30.634310
33.196296,30.634309
33.215251,30.634307
33.235278,30.634305
33.255191,30.634304
33.275211,30.634302
33.296135,30.634301
33.316247,30.634299
33.336141,30.634297
33.355239,30.634296
33.376222,30.634294
33.396013,30.634293
33.416053,30.634291
33.436080,30.634289
33.456081,30.634288
33.476039,30.634286
33.496094,30.634285
33.516006,30.634283
33.536012,30.634281
33.556075,30.634280
33.575947,30.634278
33.595963,30.634277
33.616152,30.634275
33.636079,30.634273
33.655984,30.634272
33.676053,30.634270
33.695938,30.634269
33.715992,30.634267
33.735873,30.634265
33.755868,30.634264
33.775917,30.634262
33.795954,30.634261
33.815821,30.634259
33.835838,30.634257
33.856103,30.634256
33.875978,30.634254
33.895772,30.634253
33.915755,30.634251
33.935962,30.634250
33.955678,30.634248
33.975700,30.634246
33.995598,30.634245
34.015647,30.634243
34.035742,30.634241
34.055624,30.634240
34.075688,30.634238
34.095684,30.634237
34.115933,30.634235
34.135613,30.634233
34.155708,30.634232
34.175695,30.634230
34.195857,30.634229
34.215698,30.634227
34.235884,30.634225
34.255684,30.634224
34.275623,30.634222
34.295673,30.634221
34.315606,30.634219
34.335540,30.634217
34.355683,30.634216
34.375529,30.634214
34.395608,30.634212
34.415657,30.634211
34.435438,30.634209
34.455547,30.634208
34.475510,30.634206
34.495452,30.634204
34.515572,30.634203
34.535359,30.634201
34.555528,30.634199
34.575346,30.634198
34.595411,30.634196
34.615376,30.634195
34.635315,30.634193
34.655283,30.634191
34.675320,30.634189
34.695320,30.634188
34.715233,30.634186
34.735328,30.634185
34.755299,30.634183
34.775312,30.634181
34.795225,30.634180
34.815168,30.634178
34.835300,30.634176
34.855146,30.634175
34.876133,30.634173
34.895101,30.634171
34.916094,30.634170
34.936038,30.634168
34.956130,30.634166
34.976110,30.634165
34.996123,30.634163
35.016165,30.634162
35.036158,30.634160
35.056287,30.634158
35.076297,30.634157
35.096162,30.634155
35.115963,30.634153
35.136094,30.634152
35.156078,30.634150
35.175912,30.634149
35.196022,30.634147
35.216020,30.634145
35.235933,30.634144
35.255931,30.634142
35.275957,30.634140
35.295943,30.634139
35.315825,30.634137
35.335817,30.634135
35.355901,30.634134
35.375883,30.634132
35.395848,30.634130
35.416011,30.634129
35.435851,30.634127
35.456481,30.634126
35.476293,30.634124
35.495758,30.634122
35.515735,30.634121
35.535684,30.634119
35.555686,30.634117
35.575674,30.634116
35.595762,30.634114
35.615666,30.634112
35.635849,30.634111
35.655666,30.634109
35.675541,30.634107
35.695616,30.634106
35.715646,30.634104
35.735605,30.634102
35.755697,30.634101
35.775673,30.634099
35.795706,30.634097
35.815691,30.634096
35.835581,30.634094
35.855606,30.634092
35.875639,30.634091
35.895550,30.634089
35.915455,30.634087
35.935445,30.634086
35.955487,30.634084
35.975557,30.634083
35.995481,30.634081
36.015541,30.634079
36.035389,30.634078
36.055480,30.634076
36.075339,30.634074
36.095387,30.634073
36.115413,30.634071
36.135425,30.634069
36.155378,30.634068
36.175525,30.634066
36.195604,30.634064
36.215472,30.634063
36.236365,30.634061
36.255436,30.634059
36.275350,30.634058
36.295400,30.634056
36.315230,30.634054
36.335178,30.634053
36.355092,30.634051
36.375113,30.634049
36.395103,30.634048
36.415049,30.634046
36.436161,30.634044
36.456154,30.634043
36.476158,30.634041
36.496069,30.634039
36.516049,30.634038
36.536079,30.634036
36.556196,30.634034
36.576169,30.634033
36.596198,30.634031
36.615950,30.634029
36.635960,30.634028
36.655961,30.634026
36.675964,30.634025
36.695960,30.634023
36.715939,30.634021
36.735898,30.634020
36.756037,30.634018
36.775918,30.634016
36.796022,30.634015
36.816073,30.634013
36.835999,30.634011
36.856026,30.634009
36.876022,30.634008
36.895850,30.634006
36.915838,30.634005
36.935805,30.634003
36.955839,30.634001
36.975864,30.634000
36.995853,30.633998
37.015982,30.633996
37.035952,30.633995
37.055931,30.633993
37.076180,30.633991
37.095737,30.633990
37.115833,30.633988
37.135746,30.633986
37.155768,30.633985
37.175768,30.633983
37.195828,30.633981
37.215686,30.633980
37.235734,30.633978
37.255666,30.633976
37.275728,30.633975
37.295626,30.633973
37.315741,30.633971
37.335589,30.633970
37.355609,30.633968
37.375754,30.633966
37.395806,30.633965
37.415620,30.633963
37.435649,30.633961
37.455568,30.633960
37.475612,30.633958
37.495603,30.633956
37.515662,30.633955
37.535548,30.633953
37.555675,30.633951
37.575489,30.633949
37.595442,30.633948
37.615420,30.633946
37.635462,30.633944
37.655416,30.633943
37.675426,30.633941
37.695528,30.633939
37.715392,30.633938
37.735409,30.633936
37.755422,30.633934
37.775357,30.633933
37.795322,30.633931
37.815423,30.633929
37.835332,30.633928
37.855427,30.633926
37.875268,30.633924
37.895273,30.633923
37.915335,30.633921
37.935451,30.633919
37.956445,30.633918
37.975486,30.633916
37.995469,30.633914
38.015388,30.633913
38.035458,30.633911
38.055414,30.633909
38.075463,30.633908
38.095630,30.633906
38.115319,30.633904
38.135288,30.633902
38.156188,30.633901
38.175353,30.633899
38.195354,30.633897
38.215203,30.633896
38.236100,30.633894
38.256154,30.633892
38.276075,30.633891
38.296105,30.633889
38.316196,30.633887
38.336093,30.633886
38.356285,30.633884
38.376082,30.633882
38.396228,30.633880
38.416080,30.633879
38.436014,30.633877
38.456031,30.633875
38.476075,30.633874
38.496147,30.633872
38.516053,30.633870
38.536055,30.633869
38.556131,30.633867
38.575999,30.633865
38.596045,30.633864
38.616122,30.633862
38.635823,30.633860
38.655896,30.633858
38.676111,30.633857
38.695876,30.633855
38.715831,30.633853
38.735854,30.633852
38.755890,30.633850
38.775995,30.633848
38.795845,30.633847
38.815761,30.633845
38.835812,30.633843
38.856566,30.633841
38.876629,30.633840
38.895969,30.633838
38.915773,30.633836
38.935743,30.633835
38.956494,30.633833
38.976191,30.633831
38.995861,30.633829
39.015740,30.633828
39.035691,30.633826
39.055698,30.633824
39.075712,30.633823
39.095680,30.633821
39.115722,30.633819
39.135685,30.633818
39.155828,30.633816
39.175743,30.633814
39.195677,30.633813
39.215711,30.633811
39.235624,30.633809
39.255575,30.633807
39.275665,30.633806
39.295585,30.633804
39.315689,30.633802
39.335671,30.633801
39.355624,30.633799
39.375588,30.633797
39.395519,30.633795
39.415585,30.633794
39.435555,30.633792
39.455624,30.633790
39.476028,30.633789
39.495542,30.633787
39.515832,30.633785
39.535522,30.633784
39.555467,30.633782
39.575624,30.633780
39.595490,30.633778
39.615450,30.633777
39.635732,30.633775
39.655492,30.633773
39.675423,30.633772
39.695685,30.633770
39.716133,30.633768
39.735985,30.633766
39.755335,30.633765
39.775429,30.633763
39.795393,30.633761
39.815335,30.633760
39.835320,30.633758
39.856408,30.633756
39.875360,30.633754
39.895353,30.633753
39.916282,30.633751
39.936026,30.633749
39.957148,30.633747
39.975310,30.633746
39.995469,30.633744
40.016435,30.633742
40.036314,30.633741
40.056416,30.633739
40.076335,30.633737
40.096168,30.633736
40.116037,30.633734
40.136097,30.633732
40.156163,30.633730
40.176016,30.633729
40.196192,30.633727
40.215995,30.633725
40.236106,30.633724
40.256052,30.633722
40.276076,30.633720
40.296039,30.633718
40.315915,30.633717
40.336068,30.633715
40.356078,30.633713
40.375905,30.633712
40.396150,30.633710
40.415914,30.633708
40.435878,30.633706
40.455900,30.633705
40.475939,30.633703
40.495888,30.633701
40.515904,30.633700
40.535862,30.633698
40.555882,30.633696
40.575958,30.633694
40.595899,30.633693
40.615793,30.633691
40.635860,30.633689
40.655779,30.633688
40.675886,30.633686
40.695845,30.633684
40.715683,30.633683
40.735720,30.633681
40.755727,30.633679
40.776413,30.633677
40.796412,30.633676
40.815726,30.633674
40.835620,30.633672
40.855642,30.633671
40.875659,30.633669
40.895741,30.633667
40.915868,30.633665
40.935677,30.633664
40.955762,30.633662
40.975676,30.633660
40.995671,30.633658
41.015706,30.633657
41.035702,30.633655
41.055602,30.633653
41.075693,30.633652
41.095675,30.633650
41.115617,30.633648
41.135662,30.633646
41.155654,30.633645
41.175546,30.633643
41.195440,30.633641
41.215518,30.633640
41.235565,30.633638
41.255512,30.633636
41.275431,30.633634
41.295501,30.633633
41.315738,30.633631
41.335393,30.633629
41.355300,30.633627
41.375290,30.633626
41.395318,30.633624
41.415363,30.633622
41.435280,30.633621
41.456553,30.633619
41.475274,30.633617
41.495334,30.633615
41.516356,30.633614
41.535222,30.633612
41.556212,30.633610
41.575277,30.633609
41.595190,30.633607
41.616265,30.633605
41.636100,30.633603
41.656920,30.633602
41.676772,30.633600
41.696333,30.633598
41.716209,30.633597
41.736228,30.633595
41.756228,30.633593
41.776047,30.633591
41.796073,30.633590
41.816146,30.633588
41.836172,30.633586
41.856064,30.633584
41.876325,30.633583
41.896085,30.633581
41.915934,30.633579
41.935894,30.633578
41.955900,30.633576
41.975901,30.633574
41.996017,30.633572
42.015897,30.633571
42.035908,30.633569
42.055822,30.633567
42.076807,30.633565
42.096559,30.633564
42.116206,30.633562
42.135933,30.633560
42.156044,30.633559
42.175903,30.633557
42.196009,30.633555
42.215868,30.633553
42.235887,30.633552
42.255918,30.633550
42.275898,30.633548
42.295813,30.633546
42.315835,30.633545
42.335882,30.633543
42.355909,30.633541
42.375815,30.633540
42.395786,30.633538
42.415697,30.633536
42.435771,30.633534
42.455735,30.633533
42.475758,30.633531
42.495721,30.633529
42.515885,30.633527
42.535697,30.633526
42.555653,30.633524
42.575716,30.633522
42.595611,30.633520
42.615659,30.633519
42.635511,30.633517
42.655590,30.633515
42.675492,30.633513
42.695585,30.633512
42.715669,30.633510
42.735580,30.633508
42.755444,30.633507
42.775536,30.633505
42.795470,30.633503
42.815472,30.633501
42.835654,30.633500
42.855468,30.633498
42.875445,30.633496
42.895439,30.633494
42.915501,30.633493
42.935371,30.633491
42.955395,30.633489
42.975495,30.633487
42.995529,30.633486
43.015437,30.633484
43.035560,30.633482
43.055406,30.633480
43.075425,30.633479
43.095423,30.633477
43.115387,30.633475
43.135467,30.633473
43.155456,30.633472
43.175318,30.633470
43.196029,30.633468
43.216300,30.633466
43.235447,30.633465
43.256224,30.633463
43.275223,30.633461
43.295309,30.633459
43.315210,30.633458
43.335284,30.633456
43.356276,30.633454
43.375231,30.633452
43.396218,30.633451
43.416187,30.633449
43.436262,30.633447
43.456164,30.633446
43.476125,30.633444
43.496060,30.633442
43.516040,30.633440
43.536122,30.633439
43.556689,30.633437
43.576999,30.633435
43.596242,30.633433
43.616052,30.633432
43.636050,30.633430
43.655973,30.633428
43.675928,30.633427
43.696025,30.633425
43.716029,30.633423
43.736201,30.633421
43.756034,30.633420
43.776161,30.633418
43.796126,30.633416
43.815930,30.633415
43.835976,30.633413
43.855981,30.633411
43.875996,30.633410
43.896051,30.633408
43.915968,30.633406
43.935941,30.633405
43.955985,30.633403
43.975848,30.633401
43.995889,30.633400
44.015904,30.633398
44.035854,30.633396
44.056023,30.633395
44.076451,30.633393
44.095859,30.633391
44.115953,30.633390
44.135947,30.633388
44.155832,30.633387
44.175712,30.633385
44.195833,30.633383
44.215725,30.633382
44.235789,30.633380
44.255676,30.633378
44.275819,30.633377
44.295751,30.633375
44.315735,30.633374
44.335626,30.633372
44.355636,30.633370
44.375661,30.633369
44.395546,30.633367
44.415712,30.633366
44.435712,30.633364
44.455753,30.633362
44.475770,30.633361
44.495584,30.633359
44.516258,30.633358
44.535676,30.633356
44.555426,30.633355
44.575444,30.633353
44.595454,30.633351
44.615470,30.633350
44.635413,30.633348
44.656125,30.633347
44.675797,30.633345
44.695334,30.633344
44.715431,30.633342
44.735377,30.633341
44.755527,30.633339
44.775424,30.633338
44.795367,30.633336
44.815353,30.633335
44.835265,30.633333
44.855314,30.633332
44.876318,30.633330
44.895343,30.633329
44.916466,30.633327
44.936339,30.633326
44.956344,30.633324
44.975396,30.633323
44.995273,30.633321
45.016169,30.633320
45.036302,30.633318
45.056275,30.633317
45.076440,30.633315
45.096304,30.633314
45.116169,30.633312
45.136238,30.633311
45.156121,30.633309
45.176086,30.633308
45.196048,30.633306
45.216022,30.633305
45.236049,30.633303
45.255989,30.633302
45.276079,30.633301
45.295953,30.633299
45.315970,30.633298
45.335986,30.633296
45.356188,30.633295
45.375907,30.633293
45.396110,30.633292
45.415915,30.633291
45.435985,30.633289
45.456012,30.633288
45.475979,30.633286
45.495900,30.633285
45.515940,30.633284
45.536133,30.633282
45.555899,30.633281
45.575884,30.633279
45.595941,30.633278
45.615749,30.633277
45.635723,30.633275
45.655940,30.633274
45.675833,30.633272
45.695801,30.633271
45.715837,30.633270
45.735768,30.633268
45.755826,30.633267
45.775712,30.633266
45.795688,30.633264
45.815703,30.633263
45.835825,30.633262
45.855862,30.633260
45.875734,30.633259
45.895713,30.633257
45.915615,30.633256
45.935622,30.633255
45.955561,30.633253
45.975648,30.633252
45.995614,30.633251
46.015586,30.633250
46.035578,30.633248
46.056342,30.633247
46.076414,30.633246
46.095586,30.633244
46.115542,30.633243
46.135452,30.633242
46.155514,30.633240
46.175548,30.633239
46.195495,30.633238
46.215513,30.633237
46.235381,30.633235
46.255431,30.633234
46.275477,30.633233
46.295461,30.633232
46.315493,30.633230
46.335317,30.633229
46.355456,30.633228
46.375293,30.633226
46.395315,30.633225
46.415261,30.633224
46.435344,30.633223
46.455323,30.633221
46.475338,30.633220
46.495237,30.633219
46.515277,30.633218
46.536231,30.633216
46.556361,30.633215
46.576275,30.633214
46.596357,30.633213
46.616231,30.633212
46.636150,30.633210
46.656286,30.633209
46.676375,30.633208
46.696244,30.633207
46.716152,30.633205
46.736174,30.633204
46.756128,30.633203
46.776174,30.633202
46.796134,30.633201
46.816082,30.633200
46.836198,30.633198
46.856122,30.633197
46.876179,30.633196
46.896117,30.633195
46.916034,30.633194
46.936025,30.633192
46.956044,30.633191
46.976074,30.633190
46.996128,30.633189
47.016560,30.633188
47.036137,30.633187
47.056023,30.633186
47.076018,30.633184
47.096069,30.633183
47.116083,30.633182
47.136053,30.633181
47.155998,30.633180
47.175977,30.633179
47.195917,30.633178
47.215855,30.633177
47.235960,30.633175
47.255934,30.633174
47.275789,30.633173
47.295752,30.633172
47.315889,30.633171
47.335880,30.633170
47.355773,30.633169
47.375807,30.633168
47.395879,30.633167
47.415901,30.633166
47.436094,30.633165
47.455835,30.633163
47.475782,30.633162
47.495868,30.633161
47.515685,30.633160
47.535710,30.633159
47.555897,30.633158
47.575703,30.633157
47.595884,30.633156
47.615742,30.633155
47.635986,30.633154
47.655836,30.633153
47.675782,30.633152
47.695751,30.633151
47.715726,30.633150
47.735579,30.633149
47.755684,30.633148
47.775740,30.633147
47.795693,30.633146
47.815580,30.633145
47.835560,30.633144
47.855585,30.633143
47.876471,30.633142
47.896346,30.633141
47.915894,30.633140
47.935432,30.633139
47.955514,30.633138
47.975410,30.633137
47.995369,30.633136
48.015400,30.633135
48.035361,30.633134
48.055412,30.633133
48.075351,30.633132
48.095389,30.633131
48.115451,30.633130
48.135364,30.633129
48.155319,30.633128
48.175236,30.633127
48.195301,30.633126
48.215290,30.633125
48.235307,30.633124
48.255325,30.633123
48.276469,30.633122
48.296302,30.633121
48.316159,30.633120
48.336148,30.633119
48.356253,30.633119
48.376157,30.633118
48.396189,30.633117
48.416152,30.633116
48.436253,30.633115
48.456136,30.633114
48.476123,30.633113
48.496026,30.633112
48.516101,30.633111
48.536151,30.633110
48.556134,30.633109
48.575979,30.633109
48.596069,30.633108
48.615986,30.633107
48.636051,30.633106
48.656048,30.633105
48.676020,30.633104
48.696092,30.633103
48.716012,30.633103
48.735942,30.633102
48.755975,30.633101
48.775958,30.633100
48.795925,30.633099
48.815980,30.633098
48.835929,30.633098
48.855960,30.633097
48.875921,30.633096
48.895909,30.633095
48.915987,30.633094
48.935964,30.633093
48.955836,30.633093
48.975814,30.633092
48.995798,30.633091
49.015892,30.633090
49.036436,30.633089
49.056124,30.633089
49.075791,30.633088
49.095704,30.633087
49.115647,30.633086
49.135680,30.633086
49.155659,30.633085
49.175628,30.633084
49.195670,30.633083
49.215644,30.633083
49.235659,30.633082
49.255554,30.633081
49.275585,30.633080
49.295568,30.633080
49.315675,30.633079
49.335675,30.633078
49.355696,30.633077
49.375772,30.633077
49.395602,30.633076
49.415659,30.633075
49.435570,30.633075
49.455611,30.633074
49.475585,30.633073
49.495596,30.633072
49.515633,30.633072
49.535528,30.633071
49.555712,30.633070
49.575443,30.633070
49.595777,30.633069
49.615545,30.633068
49.635459,30.633068
49.655483,30.633067
49.675509,30.633066
49.695419,30.633066
49.716438,30.633065
49.735411,30.633064
49.755378,30.633064
49.776397,30.633063
49.795323,30.633062
49.816218,30.633062
49.836302,30.633061
49.856301,30.633061
49.876491,30.633060
49.896314,30.633059
49.916353,30.633059
49.936289,30.633058
49.956278,30.633058
49.976360,30.633057
49.996179,30.633056
50.016310,30.633056
50.036172,30.633055
50.056173,30.633055
50.076186,30.633054
50.096143,30.633053
50.116144,30.633053
50.136211,30.633052
50.156170,30.633052
50.176150,30.633051
50.196314,30.633051
50.216108,30.633050
50.236020,30.633050
50.255991,30.633049
50.276169,30.633048
50.296036,30.633048
50.315936,30.633047
50.335999,30.633047
50.355906,30.633046
50.376107,30.633046
50.395904,30.633045
50.415974,30.633045
50.435786,30.633044
50.455894,30.633044
50.475856,30.633043
50.495892,30.633043
50.515924,30.633042
50.535740,30.633042
50.555951,30.633041
50.575702,30.633041
50.595841,30.633041
50.615778,30.633040
50.635876,30.633040
50.655788,30.633039
50.675752,30.633039
50.695834,30.633038
50.715691,30.633038
50.736843,30.633038
50.756025,30.633037
50.775834,30.633037
50.795661,30.633036
50.815699,30.633036
50.835707,30.633035
50.855634,30.633035
50.875551,30.633035
50.895711,30.633034
50.915671,30.633034
50.935500,30.633034
50.956479,30.633033
50.976657,30.633033
50.995642,30.633032
51.015579,30.633032
51.035463,30.633032
51.055572,30.633031
51.075521,30.633031
51.095533,30.633031
51.115467,30.633030
51.136057,30.633030
51.155535,30.633030
51.176260,30.633029
51.196102,30.633029
51.215562,30.633029
51.235362,30.633028
51.255502,30.633028
51.275429,30.633028
51.295454,30.633027
51.315481,30.633027
51.335395,30.633027
51.355416,30.633027
51.375521,30.633026
51.395360,30.633026
51.415309,30.633026
51.435396,30.633025
51.455218,30.633025
51.475335,30.633025
51.496384,30.633025
51.516288,30.633024
51.536319,30.633024
51.556279,30.633024
51.576304,30.633024
51.596271,30.633023
51.616183,30.633023
51.636150,30.633023
51.656246,30.633023
51.676239,30.633023
51.696209,30.633022
51.716233,30.633022
51.736176,30.633022
51.756200,30.633022
51.776540,30.633021
51.796361,30.633021
51.816144,30.633021
51.836168,30.633021
51.856119,30.633021
51.876183,30.633020
51.896288,30.633020
51.916284,30.633020
51.936193,30.633020
51.956246,30.633020
51.976088,30.633020
51.996074,30.633019
52.016054,30.633019
52.037068,30.633019
52.056747,30.633019
52.076053,30.633019
52.096061,30.633018
52.116325,30.633018
52.135977,30.633018
52.156075,30.633018
52.176116,30.633018
52.195909,30.633018
52.215912,30.633017
52.235843,30.633017
52.255993,30.633017
52.276096,30.633017
52.295973,30.633017
52.315898,30.633017
52.336020,30.633016
52.355919,30.633016
52.375763,30.633016
52.395902,30.633016
52.415873,30.633016
52.435899,30.633016
52.456479,30.633015
52.476353,30.633015
52.495646,30.633015
52.515664,30.633015
52.535584,30.633015
52.555656,30.633015
52.575578,30.633015
52.595693,30.633014
52.615519,30.633014
52.635733,30.633014
52.655624,30.633014
52.675587,30.633014
52.695621,30.633014
52.715777,30.633013
52.735662,30.633013
52.755740,30.633013
52.775555,30.633013
52.795484,30.633013
52.815454,30.633013
52.835503,30.633013
52.855351,30.633012
52.875479,30.633012
52.895349,30.633012
52.915422,30.633012
52.935352,30.633012
52.955376,30.633012
52.975351,30.633012
52.995330,30.633012
53.015352,30.633012
53.035376,30.633011
53.055344,30.633011
53.075447,30.633011
53.096422,30.633011
53.115340,30.633011
53.136184,30.633011
53.156682,30.633011
53.176355,30.633010
53.196275,30.633010
53.216279,30.633010
53.236354,30.633010
53.256272,30.633010
53.276348,30.633010
53.296269,30.633010
53.316169,30.633010
53.336287,30.633010
53.356174,30.633009
53.376132,30.633009
53.396148,30.633009
53.416086,30.633009
53.436036,30.633009
53.456120,30.633009
53.476179,30.633009
53.496128,30.633009
53.516125,30.633008
53.535991,30.633008
53.556185,30.633008
53.576047,30.633008
53.596008,30.633008
53.615976,30.633008
53.636278,30.633008
53.655938,30.633008
53.676049,30.633008
53.696001,30.633007
53.716041,30.633007
53.735935,30.633007
53.755906,30.633007
53.775954,30.633007
53.795840,30.633007
53.815858,30.633007
53.835895,30.633007
53.855925,30.633007
53.875892,30.633007
53.895883,30.633007
53.915852,30.633006
53.935796,30.633006
53.955831,30.633006
53.975911,30.633006
53.995788,30.633006
54.015740,30.633006
54.036342,30.633006
54.055790,30.633006
54.075821,30.633006
54.095792,30.633006
54.115723,30.633006
54.135678,30.633005
54.155746,30.633005
54.175598,30.633005
54.195711,30.633005
54.215693,30.633005
54.235575,30.633005
54.255868,30.633005
54.275528,30.633005
54.295458,30.633005
54.315576,30.633005
54.335520,30.633005
54.355625,30.633005
54.375471,30.633005
54.395481,30.633004
54.415445,30.633004
54.435601,30.633004
54.455682,30.633004
54.475432,30.633004
54.495498,30.633004
54.515517,30.633004
54.535425,30.633004
54.555564,30.633004
54.575512,30.633004
54.595544,30.633004
54.615506,30.633004
54.635921,30.633004
54.656253,30.633004
54.676471,30.633004
54.696251,30.633003
54.716293,30.633003
54.736275,30.633003
54.756319,30.633003
54.776393,30.633003
54.796469,30.633003
54.816293,30.633003
54.836209,30.633003
54.856129,30.633003
54.876232,30.633003
54.896258,30.633003
54.916114,30.633003
54.936066,30.633003
54.956143,30.633003
54.976033,30.633003
54.996235,30.633003
55.016210,30.633003
55.036063,30.633003
55.056089,30.633003
55.076277,30.633003
55.096252,30.633003
55.115985,30.633003
55.136004,30.633002
55.156110,30.633002
55.175966,30.633002
55.196001,30.633002
55.215919,30.633002
55.235923,30.633002
55.255893,30.633002
55.276013,30.633002
55.295870,30.633002
55.315953,30.633002
55.335917,30.633002
55.356005,30.633002
55.376012,30.633002
55.396039,30.633002
55.415809,30.633002
55.435848,30.633002
55.455777,30.633002
55.475758,30.633002
55.495737,30.633002
55.515867,30.633002
55.535745,30.633002
55.555809,30.633002
55.575749,30.633002
55.595851,30.633002
55.615767,30.633002
55.635946,30.633002
55.655860,30.633002
55.675751,30.633002
55.695704,30.633002
55.715794,30.633002
55.735716,30.633002
55.755738,30.633002
55.775754,30.633002
55.795641,30.633002
55.815644,30.633002
55.835628,30.633002
55.855640,30.633001
55.875664,30.633001
55.895596,30.633001
55.915731,30.633001
55.935600,30.633001
55.955658,30.633001
55.975619,30.633001
55.995590,30.633001
56.015544,30.633001
56.035463,30.633001
56.055472,30.633001
56.075630,30.633001
56.095523,30.633001
56.115476,30.633001
56.135414,30.633001
56.155496,30.633001
56.175372,30.633001
56.196990,30.633001
56.216150,30.633001
56.235417,30.633001
56.255466,30.633001
