0.218909,0.000000
0.253368,0.000000
0.283664,0.000000
0.318394,0.000000
0.342489,0.000000
0.376990,0.000000
0.411421,0.000000
0.447946,0.000000
0.482303,0.000000
0.518930,0.000000
0.551253,0.000000
0.577713,0.000000
0.610087,0.000000
0.644421,0.000000
0.679058,0.000000
0.713376,0.000000
0.753849,0.000000
0.782127,0.000000
0.815624,0.000000
0.844043,0.000000
0.877525,0.000000
0.913844,0.000000
0.950354,0.000000
0.979844,0.000000
1.014208,0.000000
1.051755,0.000000
1.079067,0.000000
1.110492,0.000000
1.144920,0.000000
1.177424,0.000000
1.211841,0.000000
1.250347,0.000000
1.280778,0.000000
1.316227,0.000000
1.347680,0.000000
1.375971,0.000000
1.410642,0.000000
1.446902,0.000000
1.475297,0.000000
1.509799,0.000000
1.545325,0.000000
1.575579,0.000000
1.609066,0.000000
1.641535,0.000000
1.674056,0.000000
1.710306,0.000000
1.745856,0.000000
1.776113,0.000000
1.819676,0.000000
1.841979,0.000000
1.872506,0.000000
1.906833,0.000000
1.939307,0.000000
1.973746,0.000000
2.011236,0.000000
2.044690,0.000000
2.071034,0.000000
2.105409,0.000000
2.139890,0.000000
2.172438,0.000000
2.212941,0.000000
2.245381,0.000000
2.278028,0.000000
2.311158,0.000000
2.343517,0.000000
2.370856,0.000000
2.407389,0.000000
2.441848,0.000000
2.471255,0.000000
2.510713,0.000000
2.543114,0.000000
2.571615,0.000000
2.607903,0.000000
2.640426,0.000000
2.670715,0.000000
2.707213,0.000000
2.745771,0.000000
2.774183,0.000000
2.812832,0.000000
2.847125,0.000000
2.875491,0.000000
2.908027,0.000000
2.941539,0.000000
2.976994,0.000000
3.011500,0.000000
3.044776,0.000000
3.074155,0.000000
3.104532,0.000000
3.140882,0.000000
3.173560,0.000000
3.205653,0.000000
3.243157,0.000000
3.272541,0.000000
3.304995,0.000000
3.350558,0.000000
3.375801,0.000000
3.412442,0.000000
3.449262,0.000000
3.483205,0.000000
3.517870,0.000000
3.556096,0.000000
3.583541,0.000000
3.610812,0.000000
3.649495,0.000000
3.679811,0.000000
3.714294,0.000000
3.750626,0.000000
3.789080,0.000000
3.821693,0.000000
3.883293,0.000000
3.914710,0.000000
3.951202,0.000000
3.985841,0.150000
4.020165,0.150000
4.056554,0.150000
4.088030,0.320000
4.111428,0.320000
4.147802,0.320000
4.180211,0.440000
4.215589,0.440000
4.253156,0.440000
4.287446,0.600000
4.315928,0.600000
4.384912,0.850000
4.413184,0.850000
4.449789,0.850000
4.484068,1.040000
4.518631,1.040000
4.555601,1.040000
4.611928,1.180000
4.648355,1.180000
4.680804,1.290000
4.715122,1.290000
4.751747,1.290000
4.786080,1.480000
4.815047,1.480000
4.851118,1.480000
4.881371,1.640000
4.915850,1.640000
4.950297,1.640000
4.984728,1.760000
5.013117,1.760000
5.049611,1.760000
5.086108,1.960000
5.112411,1.960000
5.146822,1.960000
5.181324,2.130000
5.213720,2.130000
5.248119,2.130000
5.283715,2.260000
5.313040,2.260000
5.347557,2.260000
5.377798,2.370000
5.412470,2.370000
5.446655,2.370000
5.481145,2.580000
5.515512,2.580000
5.546037,2.580000
5.577482,2.740000
5.608716,2.740000
5.643149,2.740000
5.677603,2.880000
5.707906,2.880000
5.746584,2.880000
5.781026,2.930000
5.811390,2.930000
5.843781,2.930000
5.876204,2.980000
5.908770,2.980000
5.951152,2.980000
5.983551,3.010000
6.012114,3.010000
6.046428,3.010000
6.078899,3.000000
6.107179,3.000000
6.143707,3.000000
6.176142,3.020000
6.212776,3.020000
6.245002,3.020000
6.275405,3.080000
6.320004,3.080000
6.342172,3.080000
6.376894,3.080000
6.409096,3.080000
6.441483,3.080000
6.484121,2.990000
6.516418,2.990000
6.551043,2.990000
6.582247,3.020000
6.609618,3.020000
6.642048,3.020000
6.676530,3.000000
6.710959,3.000000
6.745426,3.000000
6.780824,2.990000
6.815230,2.990000
6.843584,2.990000
6.877162,3.040000
6.913582,3.040000
6.941903,3.040000
6.984516,2.950000
7.016818,2.950000
7.049319,2.950000
7.082746,2.960000
7.110202,2.960000
7.146643,2.960000
7.183020,2.940000
7.215436,2.940000
7.247907,2.940000
7.285438,2.930000
7.322815,2.930000
7.357340,2.930000
7.388770,2.960000
7.416059,2.960000
7.448515,2.960000
7.487070,2.950000
7.525623,2.950000
7.557976,2.950000
7.592512,2.950000
7.621825,2.950000
7.649241,2.950000
7.683902,2.940000
7.717972,2.940000
7.752476,2.940000
7.792936,2.920000
7.825388,2.920000
7.884226,2.960000
7.916848,2.960000
7.951123,2.960000
7.987604,2.940000
8.021998,2.940000
8.056480,2.940000
8.093036,2.920000
8.122294,2.920000
8.147646,2.920000
8.184201,2.920000
8.216544,2.920000
8.249017,2.920000
8.289733,2.950000
8.320046,2.950000
8.351497,2.950000
8.386801,2.900000
8.419631,2.900000
8.451049,2.900000
8.491170,2.910000
8.519800,2.910000
8.553914,2.910000
8.592483,2.960000
8.649091,2.960000
8.685596,2.900000
8.718091,2.900000
8.749438,2.900000
8.786934,2.930000
8.820641,2.930000
8.851843,2.930000
8.884328,2.940000
8.916721,2.940000
8.947124,2.940000
8.982231,2.910000
9.020078,2.910000
9.047424,2.910000
9.094113,2.970000
9.119431,2.970000
9.148813,2.970000
9.181334,2.920000
9.213701,2.920000
9.250160,2.920000
9.282576,2.940000
9.321184,2.940000
9.353546,2.940000
9.379876,2.950000
9.414236,2.950000
9.444723,2.950000
9.481178,2.910000
9.513805,2.910000
9.546961,2.910000
9.592614,2.950000
9.621052,2.950000
9.647314,2.950000
9.679710,2.930000
9.714246,2.930000
9.750613,2.930000
9.785149,2.940000
9.820536,2.940000
9.851012,2.940000
9.880390,2.960000
9.912715,2.960000
9.947130,2.960000
9.984540,2.920000
10.016579,2.920000
10.053304,2.920000
10.081431,2.950000
10.117801,2.950000
10.150241,2.950000
10.182581,2.960000
10.213119,2.960000
10.249573,2.960000
10.280886,2.900000
10.318611,2.900000
10.352904,2.900000
10.379321,2.920000
10.415787,2.920000
10.450439,2.920000
10.480623,2.960000
10.519005,2.960000
10.551482,2.960000
10.580949,2.940000
10.620441,2.940000
10.650823,2.940000
10.681252,2.920000
10.715610,2.920000
10.748038,2.920000
10.783491,2.950000
10.821134,2.950000
10.860530,2.950000
10.888783,2.930000
10.924139,2.930000
10.954643,2.930000
10.991076,2.930000
11.023462,2.930000
11.060071,2.930000
11.094459,2.950000
11.127792,2.950000
11.159316,2.950000
11.190665,2.950000
11.224146,2.950000
11.258573,2.950000
11.291116,2.940000
11.327493,2.940000
11.362899,2.940000
11.390353,2.940000
11.420848,2.940000
11.459306,2.940000
11.491871,2.940000
11.522073,2.940000
11.562637,2.940000
11.593089,2.980000
11.629500,2.980000
11.659948,2.980000
11.693364,2.930000
11.724560,2.930000
11.755007,2.930000
11.791535,2.920000
11.827964,2.920000
11.864479,2.920000
11.896867,2.980000
11.921151,2.980000
11.955589,2.980000
11.988201,2.920000
12.024553,2.920000
12.060158,2.920000
12.089514,2.940000
12.129044,2.940000
12.158381,2.940000
12.190838,2.950000
12.225266,2.950000
12.257637,2.950000
12.286006,2.930000
12.326708,2.930000
12.361057,2.930000
12.389359,2.920000
12.425889,2.920000
12.454112,2.920000
12.486512,2.930000
12.520985,2.930000
12.555378,2.930000
12.585779,2.970000
12.626405,2.970000
12.660851,2.970000
12.683044,2.900000
12.721572,2.900000
12.754110,2.900000
12.786589,2.950000
12.824983,2.950000
12.858471,2.950000
12.887714,2.960000
12.918120,2.960000
12.952571,2.960000
12.985070,2.910000
13.017387,2.910000
13.053867,2.910000
13.085427,2.950000
13.121832,2.950000
13.152143,2.950000
13.183608,2.820000
13.224043,2.820000
13.254445,2.820000
13.287851,2.660000
13.325470,2.660000
13.353810,2.660000
13.388245,2.650000
13.419799,2.650000
13.451338,2.650000
13.485695,2.710000
13.520187,2.710000
13.552637,2.710000
13.588053,2.550000
13.625491,2.550000
13.654945,2.550000
13.684305,2.420000
13.716681,2.420000
13.755781,2.420000
13.787553,2.360000
13.824256,2.360000
13.855519,2.360000
13.895057,2.280000
13.917667,2.280000
13.951908,2.280000
13.986342,2.170000
14.018631,2.170000
14.053105,2.170000
14.093617,2.070000
14.121099,2.070000
14.157401,2.070000
14.186741,2.000000
14.217194,2.000000
14.257763,2.000000
14.292374,1.890000
14.321661,1.890000
14.363554,1.890000
14.399530,1.820000
14.432042,1.820000
14.461347,1.820000
14.494698,1.750000
14.523085,1.750000
14.563629,1.750000
14.596198,1.670000
14.632526,1.670000
14.668963,1.670000
14.698406,1.580000
14.723598,1.580000
14.758199,1.580000
14.800746,1.500000
14.829088,1.500000
14.866563,1.500000
14.900062,1.410000
14.931564,1.410000
14.959882,1.410000
14.993261,1.340000
15.025632,1.340000
15.060137,1.340000
15.098533,1.260000
15.133085,1.260000
15.169529,1.260000
15.197780,1.210000
15.224105,1.210000
15.260675,1.210000
15.295026,1.100000
15.329482,1.100000
15.365917,1.100000
15.400550,1.040000
15.434722,1.040000
15.466225,1.040000
15.493660,0.990000
15.523965,0.990000
15.562484,0.990000
15.594998,0.920000
15.629341,0.920000
15.665870,0.920000
15.700441,0.860000
15.724507,0.860000
15.761117,0.860000
15.793642,0.810000
15.828522,0.810000
15.864514,0.810000
15.902959,0.770000
15.926306,0.770000
15.963760,0.770000
15.992072,0.730000
16.022435,0.730000
16.058969,0.730000
16.093413,0.700000
16.126822,0.700000
16.164213,0.680000
16.196976,0.680000
16.221159,0.680000
16.257578,0.680000
16.289930,0.640000
16.322288,0.640000
16.360912,0.640000
16.391186,0.580000
16.420654,0.580000
16.457006,0.580000
16.488475,0.590000
16.523927,0.590000
16.559371,0.590000
16.590727,0.550000
16.626260,0.550000
16.664823,0.520000
16.690129,0.520000
16.719465,0.520000
16.756484,0.510000
16.790369,0.510000
16.818756,0.510000
16.861296,0.500000
16.895819,0.500000
16.924125,0.500000
16.954484,0.470000
16.988918,0.470000
17.021303,0.470000
17.055777,0.460000
17.102338,0.460000
17.124536,0.460000
17.161035,0.420000
17.194467,0.420000
17.223823,0.420000
17.256181,0.400000
17.288612,0.400000
17.325083,0.400000
17.359581,0.400000
17.397158,0.400000
