0.173171,30.634690
0.193404,30.634690
0.213236,30.634690
0.233488,30.634690
0.253088,30.634690
0.273388,30.634690
0.293075,30.634690
0.313178,30.634690
0.333139,30.634690
0.353244,30.634690
0.373086,30.634690
0.393177,30.634690
0.413125,30.634690
0.433013,30.634690
0.453390,30.634690
0.473289,30.634690
0.492969,30.634690
0.512997,30.634690
0.532943,30.634690
0.552979,30.634690
0.573044,30.634690
0.592990,30.634690
0.612946,30.634690
0.633123,30.634690
0.653036,30.634690
0.672922,30.634690
0.692867,30.634690
0.713005,30.634690
0.733005,30.634690
0.752895,30.634690
0.772854,30.634690
0.792924,30.634690
0.812791,30.634690
0.832868,30.634690
0.852775,30.634690
0.872794,30.634690
0.892890,30.634690
0.914695,30.634690
0.933795,30.634690
0.952981,30.634690
0.972668,30.634690
0.992965,30.634690
1.012750,30.634690
1.032824,30.634690
1.052845,30.634690
1.072761,30.634690
1.092931,30.634690
1.113234,30.634690
1.132597,30.634690
1.152682,30.634690
1.172585,30.634690
1.193141,30.634690
1.213530,30.634690
1.232900,30.634689
1.252568,30.634689
1.272520,30.634689
1.292500,30.634689
1.312716,30.634689
1.332465,30.634689
1.352591,30.634689
1.372708,30.634689
1.392418,30.634689
1.412695,30.634689
1.432581,30.634689
1.452473,30.634689
1.472436,30.634688
1.492443,30.634688
1.512532,30.634688
1.532675,30.634688
1.552454,30.634688
1.572385,30.634688
1.592766,30.634688
1.613397,30.634688
1.632374,30.634687
1.652285,30.634687
1.672280,30.634687
1.693407,30.634687
1.713436,30.634687
1.732397,30.634687
1.752450,30.634687
1.772250,30.634686
1.793230,30.634686
1.813280,30.634686
1.833299,30.634686
1.853231,30.634686
1.873241,30.634686
1.893333,30.634685
1.913233,30.634685
1.933170,30.634685
1.953258,30.634685
1.973179,30.634685
1.993277,30.634684
2.013238,30.634684
2.033112,30.634684
2.053269,30.634683
2.073308,30.634683
2.093117,30.634683
2.113083,30.634683
2.133067,30.634682
2.153124,30.634682
2.173021,30.634682
2.192999,30.634682
2.213864,30.634681
2.233246,30.634681
2.252990,30.634681
2.273084,30.634681
2.292922,30.634680
2.312921,30.634680
2.333004,30.634680
2.352911,30.634679
2.372859,30.634679
2.393269,30.634679
2.412945,30.634678
2.433099,30.634678
2.452838,30.634678
2.472881,30.634677
2.493955,30.634677
2.513121,30.634676
2.532861,30.634676
2.552853,30.634676
2.572763,30.634675
2.592920,30.634675
2.612754,30.634675
2.632850,30.634674
2.652804,30.634674
2.672789,30.634674
2.692880,30.634673
2.713045,30.634673
2.732765,30.634672
2.753511,30.634672
2.773505,30.634672
2.792778,30.634671
2.812968,30.634671
2.832718,30.634670
2.852785,30.634670
2.872739,30.634670
2.892844,30.634669
2.912622,30.634669
2.932547,30.634668
2.952726,30.634668
2.972562,30.634668
2.992630,30.634667
3.012607,30.634667
3.032624,30.634666
3.052480,30.634666
3.072471,30.634665
3.092583,30.634665
3.112590,30.634665
3.132530,30.634664
3.152487,30.634664
3.172410,30.634663
3.192588,30.634663
3.212537,30.634662
3.232426,30.634662
3.252837,30.634661
3.272372,30.634661
3.292469,30.634660
3.313427,30.634660
3.332354,30.634659
3.352413,30.634659
3.372350,30.634658
3.392349,30.634658
3.413336,30.634657
3.432308,30.634657
3.452304,30.634656
3.473449,30.634656
3.493511,30.634655
3.513394,30.634655
3.533323,30.634654
3.553274,30.634654
3.573284,30.634653
3.593253,30.634653
3.613247,30.634652
3.633335,30.634651
3.653442,30.634651
3.673306,30.634650
3.693189,30.634650
3.713457,30.634649
3.733198,30.634649
3.753131,30.634648
3.773144,30.634648
3.793195,30.634647
3.813158,30.634647
3.834010,30.634646
3.853264,30.634645
3.873012,30.634645
3.893167,30.634644
3.913041,30.634644
3.933849,30.634643
3.953115,30.634642
3.973175,30.634642
3.993109,30.634641
4.013018,30.634641
4.032970,30.634640
4.052985,30.634640
4.072934,30.634639
4.092957,30.634638
4.113127,30.634638
4.133006,30.634637
4.152909,30.634636
4.172939,30.634636
4.193707,30.634635
4.213092,30.634635
4.232911,30.634634
4.252844,30.634633
4.272819,30.634633
4.292834,30.634632
4.312909,30.634631
4.332841,30.634631
4.352791,30.634630
4.372854,30.634630
4.392824,30.634629
4.413110,30.634628
4.432721,30.634628
4.452805,30.634627
4.472743,30.634626
4.492795,30.634626
4.512756,30.634625
4.532943,30.634624
4.553065,30.634624
4.572711,30.634623
4.592756,30.634622
4.612947,30.634622
4.632903,30.634621
4.652767,30.634620
4.672674,30.634620
4.692621,30.634619
4.712844,30.634618
4.732616,30.634618
4.752583,30.634617
4.772663,30.634616
4.792908,30.634615
4.812715,30.634615
4.833619,30.634614
4.853120,30.634613
4.872561,30.634613
4.892625,30.634612
4.912657,30.634611
4.932640,30.634610
4.952553,30.634610
4.972466,30.634609
4.992697,30.634608
5.012496,30.634607
5.032563,30.634607
5.054450,30.634606
5.072573,30.634605
5.092571,30.634605
5.113663,30.634604
5.132359,30.634603
5.152421,30.634602
5.172355,30.634602
5.192477,30.634601
5.213473,30.634600
5.232520,30.634599
5.252319,30.634599
5.272669,30.634598
5.293379,30.634597
5.313663,30.634596
5.333534,30.634596
5.353347,30.634595
5.373385,30.634594
5.393395,30.634593
5.413354,30.634593
5.433496,30.634592
5.453451,30.634591
5.473664,30.634590
5.493231,30.634590
5.513340,30.634589
5.533285,30.634588
5.553209,30.634587
5.573220,30.634587
5.593322,30.634586
5.613267,30.634585
5.633201,30.634584
5.653084,30.634583
5.673295,30.634583
5.693219,30.634582
5.713126,30.634581
5.733250,30.634580
5.753146,30.634579
5.773108,30.634579
5.793112,30.634578
5.813136,30.634577
5.833401,30.634576
5.853013,30.634575
5.873255,30.634575
5.893049,30.634574
5.913479,30.634573
5.933043,30.634572
5.953068,30.634571
5.973087,30.634571
5.993142,30.634570
6.013124,30.634569
6.033327,30.634568
6.053057,30.634567
6.072892,30.634567
6.092951,30.634566
6.112904,30.634565
6.132960,30.634564
6.152902,30.634563
6.172916,30.634562
6.192882,30.634562
6.212951,30.634561
6.232966,30.634560
6.252813,30.634559
6.272874,30.634558
6.292768,30.634557
6.312728,30.634557
6.332772,30.634556
6.352907,30.634555
6.372734,30.634554
6.392979,30.634553
6.412762,30.634552
6.432784,30.634552
6.452850,30.634551
6.472961,30.634550
6.492723,30.634549
6.512704,30.634548
6.532754,30.634547
6.552831,30.634546
6.572590,30.634546
6.592653,30.634545
6.612737,30.634544
6.632605,30.634543
6.652586,30.634542
6.672591,30.634541
6.692674,30.634540
6.713108,30.634540
6.732932,30.634539
6.752840,30.634538
6.772480,30.634537
6.792496,30.634536
6.812469,30.634535
6.832517,30.634534
6.852554,30.634533
6.872578,30.634532
6.892489,30.634532
6.912538,30.634531
6.932453,30.634530
6.952492,30.634529
6.972379,30.634528
6.992409,30.634527
7.013379,30.634526
7.032683,30.634525
7.052365,30.634525
7.073291,30.634524
7.093273,30.634523
7.113331,30.634522
7.133463,30.634521
7.153340,30.634520
7.173255,30.634519
7.193447,30.634518
7.213333,30.634517
7.233319,30.634516
7.253367,30.634515
7.273342,30.634515
7.293161,30.634514
7.313182,30.634513
7.333890,30.634512
7.353422,30.634511
7.373138,30.634510
7.393190,30.634509
7.413162,30.634508
7.433177,30.634507
7.453159,30.634506
7.473118,30.634505
7.493183,30.634504
7.513431,30.634503
7.533407,30.634502
7.553020,30.634501
7.573583,30.634500
7.592985,30.634499
7.613071,30.634499
7.633086,30.634498
7.653041,30.634497
7.673040,30.634496
7.692938,30.634495
7.713120,30.634494
7.732934,30.634493
7.752882,30.634492
7.773016,30.634491
7.792946,30.634490
7.812880,30.634489
7.833020,30.634488
7.852801,30.634487
7.872856,30.634486
7.892842,30.634485
7.912854,30.634484
7.932866,30.634483
7.952743,30.634482
7.972803,30.634481
7.992923,30.634480
8.012743,30.634479
8.034679,30.634478
8.053302,30.634477
8.072962,30.634476
8.092832,30.634475
8.113082,30.634474
8.132872,30.634473
8.152797,30.634472
8.172782,30.634471
8.192797,30.634471
8.212689,30.634470
8.232668,30.634469
8.252756,30.634468
8.272695,30.634467
8.292611,30.634466
8.312667,30.634465
8.332692,30.634464
8.352611,30.634463
8.372571,30.634462
8.392755,30.634461
8.412636,30.634460
8.432509,30.634459
8.452746,30.634458
8.472635,30.634457
8.492497,30.634456
8.512533,30.634455
8.532550,30.634454
8.552546,30.634453
8.572546,30.634452
8.592482,30.634451
8.613783,30.634450
8.632507,30.634449
8.652534,30.634448
8.672530,30.634447
8.692505,30.634446
8.713796,30.634445
8.733630,30.634443
8.753073,30.634442
8.772637,30.634441
8.792541,30.634440
8.813509,30.634439
8.832340,30.634438
8.852310,30.634437
8.873346,30.634436
8.893528,30.634435
8.913327,30.634434
8.933294,30.634433
8.953517,30.634432
8.973343,30.634431
8.993335,30.634430
9.013502,30.634429
9.033326,30.634428
9.053343,30.634427
9.073303,30.634426
9.093296,30.634425
9.113392,30.634424
9.133352,30.634423
9.153350,30.634422
9.173271,30.634421
9.193264,30.634420
9.213425,30.634419
9.233491,30.634418
9.253145,30.634417
9.273382,30.634416
9.293151,30.634415
9.313941,30.634413
9.333976,30.634412
9.353123,30.634411
9.373212,30.634410
9.393188,30.634409
9.413203,30.634408
9.433219,30.634407
9.453113,30.634406
9.473145,30.634405
9.493098,30.634404
9.512993,30.634403
9.533165,30.634402
9.553132,30.634401
9.573114,30.634400
9.593075,30.634399
9.612955,30.634398
9.633016,30.634396
9.652989,30.634395
9.672979,30.634394
9.693002,30.634393
9.712981,30.634392
9.733158,30.634391
9.752946,30.634390
9.772934,30.634389
9.792930,30.634388
9.812860,30.634387
9.832909,30.634386
9.853158,30.634385
9.873058,30.634384
9.892814,30.634382
9.913596,30.634381
9.932884,30.634380
9.952835,30.634379
9.972813,30.634378
9.992812,30.634377
10.013125,30.634376
10.032800,30.634375
10.052825,30.634374
10.072827,30.634373
10.092692,30.634372
10.112810,30.634371
10.132795,30.634369
10.152866,30.634368
10.172720,30.634367
10.192744,30.634366
10.212727,30.634365
10.232713,30.634364
10.252759,30.634363
10.272757,30.634362
10.293544,30.634361
10.313716,30.634360
10.332673,30.634359
10.352607,30.634357
10.372649,30.634356
10.392676,30.634355
10.412651,30.634354
10.432666,30.634353
10.452634,30.634352
10.472543,30.634351
10.492526,30.634350
10.512476,30.634349
10.532611,30.634348
10.552622,30.634346
10.572483,30.634345
10.592511,30.634344
10.612461,30.634343
10.633496,30.634342
10.652500,30.634341
10.672445,30.634340
10.692384,30.634339
10.712699,30.634337
10.733485,30.634336
10.752525,30.634335
10.772375,30.634334
10.793498,30.634333
10.812396,30.634332
10.833515,30.634331
10.852466,30.634330
10.873379,30.634328
10.893576,30.634327
10.913453,30.634326
10.933450,30.634325
10.953428,30.634324
10.973375,30.634323
10.993234,30.634322
11.013414,30.634320
11.033402,30.634319
11.053388,30.634318
11.073226,30.634317
11.093292,30.634316
11.113534,30.634315
11.133229,30.634314
11.153187,30.634312
11.173190,30.634311
11.193187,30.634310
11.213181,30.634309
11.233266,30.634308
11.253330,30.634307
11.273147,30.634306
11.293141,30.634305
11.313047,30.634303
11.333233,30.634302
11.353390,30.634301
11.373002,30.634300
11.393130,30.634299
11.413021,30.634298
11.432960,30.634296
11.452971,30.634295
11.473114,30.634294
11.492944,30.634293
11.513048,30.634292
11.532916,30.634291
11.552975,30.634289
11.572867,30.634288
11.592927,30.634287
11.612943,30.634286
11.632985,30.634285
11.652845,30.634284
11.672946,30.634282
11.692868,30.634281
11.712922,30.634280
11.732765,30.634279
11.753100,30.634278
11.772893,30.634277
11.792799,30.634275
11.812831,30.634274
11.832759,30.634273
11.852749,30.634272
11.872844,30.634271
11.892814,30.634269
11.912817,30.634268
11.933083,30.634267
11.952778,30.634266
11.972759,30.634265
11.992823,30.634264
12.012731,30.634262
12.032842,30.634261
12.052804,30.634260
12.072780,30.634259
12.092894,30.634258
12.112737,30.634256
12.132758,30.634255
12.152779,30.634254
12.172700,30.634253
12.192663,30.634252
12.212583,30.634250
12.232548,30.634249
12.252602,30.634248
12.272669,30.634247
12.292635,30.634246
12.312789,30.634244
12.332650,30.634243
12.352653,30.634242
12.372550,30.634241
12.392601,30.634240
12.412715,30.634238
12.432776,30.634237
12.452539,30.634236
12.472483,30.634235
12.492535,30.634234
12.512638,30.634232
12.533499,30.634231
12.552463,30.634230
12.572526,30.634229
12.593503,30.634228
12.613615,30.634226
12.633472,30.634225
12.653380,30.634224
12.673618,30.634223
12.693332,30.634222
12.713431,30.634220
12.733462,30.634219
12.753371,30.634218
12.773356,30.634217
12.793309,30.634215
12.813270,30.634214
12.833335,30.634213
12.853272,30.634212
12.873422,30.634211
12.893400,30.634209
12.913218,30.634208
12.933297,30.634207
12.953493,30.634206
12.973398,30.634205
12.993242,30.634203
13.013170,30.634202
13.033190,30.634201
13.053284,30.634200
13.073300,30.634199
13.093433,30.634197
13.113199,30.634196
13.133132,30.634195
13.153965,30.634194
13.173295,30.634193
13.193129,30.634192
13.213226,30.634190
13.233102,30.634189
13.253076,30.634188
13.273145,30.634187
13.293123,30.634186
13.313326,30.634185
13.333059,30.634184
13.353096,30.634182
13.372994,30.634181
13.393053,30.634180
13.413005,30.634179
13.432972,30.634178
13.452965,30.634177
13.472944,30.634176
13.492943,30.634175
13.512957,30.634174
13.533041,30.634173
13.553003,30.634172
13.572996,30.634171
13.593044,30.634170
13.612907,30.634169
13.632914,30.634168
13.652949,30.634167
13.673003,30.634166
13.692890,30.634165
13.712946,30.634164
13.732848,30.634163
13.753250,30.634162
13.772937,30.634161
13.792878,30.634160
13.812880,30.634159
13.832782,30.634158
13.854087,30.634157
13.872961,30.634156
13.892830,30.634155
13.912909,30.634154
13.932738,30.634153
13.952873,30.634152
13.972716,30.634151
13.993087,30.634150
14.012753,30.634150
14.032709,30.634149
14.052738,30.634148
14.073722,30.634147
14.093421,30.634146
14.113058,30.634145
14.132982,30.634144
14.152855,30.634143
14.172821,30.634143
14.192810,30.634142
14.212622,30.634141
14.232645,30.634140
14.252598,30.634139
14.272586,30.634138
14.292719,30.634138
14.312888,30.634137
14.332545,30.634136
14.352549,30.634135
14.372652,30.634134
14.392554,30.634134
14.412515,30.634133
14.432588,30.634132
14.452615,30.634132
14.472489,30.634131
14.492616,30.634130
14.512672,30.634129
14.533619,30.634129
14.552523,30.634128
14.572726,30.634127
14.592776,30.634126
14.612390,30.634126
14.633635,30.634125
14.652385,30.634124
14.672427,30.634124
14.693395,30.634123
14.712641,30.634122
14.733378,30.634122
14.754492,30.634121
14.773704,30.634120
14.793395,30.634120
14.813478,30.634119
14.833360,30.634119
14.853293,30.634118
14.873441,30.634117
14.893298,30.634117
14.913289,30.634116
14.933297,30.634116
14.953489,30.634115
14.973337,30.634114
14.993314,30.634114
15.013438,30.634113
15.033238,30.634113
15.053216,30.634112
15.073328,30.634112
15.093402,30.634111
15.113156,30.634111
15.133183,30.634110
15.153187,30.634110
15.173147,30.634109
15.193392,30.634109
15.213071,30.634108
15.233252,30.634108
15.253108,30.634107
15.273086,30.634107
15.293044,30.634106
15.313005,30.634106
15.333017,30.634105
15.352959,30.634105
15.373052,30.634104
15.393107,30.634104
15.413088,30.634104
15.432979,30.634103
15.453198,30.634103
15.472938,30.634102
15.493098,30.634102
15.513190,30.634102
15.532949,30.634101
15.552947,30.634101
15.572901,30.634100
15.592959,30.634100
15.614702,30.634100
15.632967,30.634099
15.652896,30.634099
15.673185,30.634099
15.692862,30.634098
15.712834,30.634098
15.732805,30.634098
15.752860,30.634097
15.772952,30.634097
15.792803,30.634097
15.812827,30.634097
15.832859,30.634096
15.852761,30.634096
15.872754,30.634096
15.892768,30.634095
15.912921,30.634095
15.932748,30.634095
15.952785,30.634095
15.973090,30.634094
15.993022,30.634094
16.012677,30.634094
16.032817,30.634094
16.052675,30.634094
16.072668,30.634093
16.092819,30.634093
16.112779,30.634093
16.132643,30.634093
16.152694,30.634093
16.172576,30.634093
16.192767,30.634092
16.212562,30.634092
16.232578,30.634092
16.252528,30.634092
16.272513,30.634092
16.292713,30.634092
16.312814,30.634091
16.333589,30.634091
16.352466,30.634091
16.372727,30.634091
16.392500,30.634091
16.412847,30.634091
16.433548,30.634090
16.452577,30.634090
16.472686,30.634090
16.492618,30.634090
16.512550,30.634090
16.533430,30.634090
16.553666,30.634090
16.573439,30.634090
16.593448,30.634089
16.613481,30.634089
16.633533,30.634089
16.653424,30.634089
16.673487,30.634089
16.693369,30.634089
16.713489,30.634089
16.733273,30.634089
16.753327,30.634089
16.773231,30.634089
16.794747,30.634089
16.813611,30.634089
16.833223,30.634088
16.853234,30.634088
16.873201,30.634088
16.893165,30.634088
16.913162,30.634088
16.933139,30.634088
16.953164,30.634088
16.973492,30.634088
16.993251,30.634088
17.013049,30.634088
17.033404,30.634088
17.053059,30.634088
17.073635,30.634088
17.093288,30.634088
17.113557,30.634088
17.133137,30.634088
17.153044,30.634088
17.172988,30.634088
17.192945,30.634088
17.212922,30.634088
17.232958,30.634088
17.252936,30.634088
17.272938,30.634088
17.292925,30.634088
17.312826,30.634088
17.332864,30.634088
17.353020,30.634088
17.372838,30.634088
17.392781,30.634088
17.412913,30.634088
17.433054,30.634088
17.452795,30.634088
17.472830,30.634088
17.492880,30.634088
17.512866,30.634088
17.532871,30.634088
17.552746,30.634088
17.572927,30.634088
17.592695,30.634088
17.612862,30.634088
17.633157,30.634088
17.652688,30.634088
17.672705,30.634088
17.692687,30.634088
17.712631,30.634088
17.732656,30.634088
17.752678,30.634088
17.772686,30.634088
17.792762,30.634088
17.812592,30.634088
17.832595,30.634088
17.857638,30.634088
17.873479,30.634088
17.892666,30.634088
17.912509,30.634088
17.932629,30.634088
17.952694,30.634088
17.972528,30.634088
17.992469,30.634088
18.012455,30.634088
18.033607,30.634088
18.052601,30.634088
18.072799,30.634088
18.093506,30.634088
18.112504,30.634088
18.133529,30.634088
18.152550,30.634088
