0.170506,741640.510366
0.184568,741640.510379
0.190532,741640.510379
0.204727,741640.502374
0.210335,741640.502374
0.224664,741640.502324
0.230398,741640.502324
0.244711,741640.502299
0.250467,741640.502299
0.264628,741640.502226
0.270464,741640.502226
0.284728,741640.502135
0.290469,741640.502135
0.304712,741640.501990
0.310368,741640.501990
0.324818,741640.501964
0.330491,741640.501964
0.344723,741640.501937
0.350372,741640.501937
0.364799,741640.501845
0.370329,741640.501845
0.384641,741640.501875
0.390469,741640.501875
0.404687,741640.498382
0.410388,741640.498382
0.424781,741640.498418
0.430455,741640.498418
0.444732,741640.498340
0.450485,741640.498340
0.464686,741640.498327
0.470528,741640.498327
0.484753,741640.498303
0.490458,741640.498303
0.504629,741640.498332
0.510495,741640.498332
0.524725,741640.498322
0.530435,741640.498322
0.544760,741640.498288
0.550478,741640.498288
0.564639,741640.498289
0.570441,741640.498289
0.584899,741640.498307
0.590503,741640.498307
0.604799,741640.501623
0.610515,741640.501623
0.624795,741640.501663
0.630509,741640.501663
0.644741,741640.501588
0.650456,741640.501588
0.664605,741640.501583
0.670403,741640.501583
0.684741,741640.501528
0.690483,741640.501528
0.704579,741640.501546
0.710454,741640.501546
0.724728,741640.501517
0.730712,741640.501517
0.744843,741640.501361
0.750427,741640.501361
0.764719,741640.501383
0.770441,741640.501383
0.784683,741640.501275
0.790463,741640.501275
0.804762,741640.511140
0.810410,741640.511140
0.824754,741640.511119
0.830486,741640.511119
0.844652,741640.511162
0.850401,741640.511162
0.864794,741640.511286
0.870367,741640.511286
0.884642,741640.511381
0.890370,741640.511381
0.904685,741640.511443
0.911396,741640.511443
0.926080,741640.511578
0.931560,741640.511578
0.944857,741640.511695
0.950569,741640.511695
0.964823,741640.511838
0.970381,741640.511838
0.984601,741640.511958
0.990445,741640.511958
1.004706,741640.512110
1.010364,741640.512110
1.024712,741640.512229
1.030401,741640.512229
1.044650,741640.517398
1.050429,741640.517398
1.064640,741640.517533
1.070375,741640.517533
1.084813,741640.517694
1.090487,741640.517694
1.104618,741640.517855
1.110483,741640.517855
1.124656,741640.518105
1.130469,741640.518105
1.144661,741640.518231
1.150440,741640.518231
1.164671,741640.518447
1.170452,741640.518447
1.184767,741640.518585
1.190471,741640.518585
1.205677,741640.527158
1.211238,741640.527158
1.225734,741640.527339
1.230954,741640.527339
1.244808,741640.527646
1.250451,741640.527646
1.264782,741640.527773
1.270351,741640.527773
1.284682,741640.527983
1.290392,741640.527983
1.304787,741640.528323
1.310508,741640.528323
1.324672,741640.528593
1.330380,741640.528593
1.344688,741640.528938
1.350409,741640.528938
1.364741,741640.529321
1.370390,741640.529321
1.384692,741640.529789
1.390485,741640.529789
1.404601,741640.538416
1.410414,741640.538416
1.424650,741640.539077
1.430467,741640.539077
1.444779,741640.539700
1.450565,741640.539700
1.464781,741640.540281
1.470424,741640.540281
1.484684,741640.540939
1.490602,741640.540939
1.504652,741640.541520
1.510393,741640.541520
1.524568,741640.542112
1.530470,741640.542112
1.544699,741640.542722
1.550345,741640.542722
1.564756,741640.543333
1.570332,741640.543333
1.584695,741640.543905
1.590346,741640.543905
1.604766,741640.558906
1.610503,741640.558906
1.624728,741640.559782
1.630558,741640.559782
1.644836,741640.560550
1.650357,741640.560550
1.664687,741640.561550
1.670460,741640.561550
1.685112,741640.562472
1.690464,741640.562472
1.705060,741640.563489
1.710322,741640.563489
1.724660,741640.564533
1.730413,741640.564533
1.744728,741640.565475
1.750443,741640.565475
1.764717,741640.566493
1.770539,741640.566493
1.784747,741640.567495
1.790422,741640.567495
1.804835,741640.551874
1.810431,741640.551874
1.824592,741640.552821
1.830409,741640.552821
1.844719,741640.553851
1.850479,741640.553851
1.864617,741640.554761
1.870449,741640.554761
1.884593,741640.555814
1.890381,741640.555814
1.904613,741640.556765
1.910446,741640.556765
1.924737,741640.557842
1.930566,741640.557842
1.944739,741640.558832
1.950401,741640.558832
1.964720,741640.559807
1.970422,741640.559807
1.984720,741640.560852
1.990451,741640.560852
2.004681,741640.561959
2.010416,741640.561959
2.024723,741640.572168
2.030438,741640.572168
2.044778,741640.573416
2.050536,741640.573416
2.064682,741640.574567
2.070447,741640.574567
2.084656,741640.575864
2.090456,741640.575864
2.104657,741640.576982
2.110478,741640.576982
2.124700,741640.578249
2.130322,741640.578249
2.144776,741640.579397
2.150443,741640.579397
2.164688,741640.580635
2.170440,741640.580635
2.184710,741640.581859
2.190355,741640.581859
2.205557,741640.582801
2.211823,741640.582801
2.225179,741640.584105
2.230679,741640.584105
2.244756,741640.585502
2.250516,741640.585502
2.264665,741640.587003
2.270517,741640.587003
2.284696,741640.588354
2.290388,741640.588354
2.304684,741640.589808
2.310521,741640.589808
2.324673,741640.591328
2.330422,741640.591328
2.344613,741640.592842
2.350378,741640.592842
2.365079,741640.594400
2.370347,741640.594400
2.384689,741640.595950
2.390383,741640.595950
2.404677,741640.573946
2.410488,741640.573946
2.424572,741640.575289
2.430374,741640.575289
2.444719,741640.576554
2.450368,741640.576554
2.464721,741640.577740
2.470464,741640.577740
2.484592,741640.578887
2.492402,741640.578887
2.504792,741640.580125
2.510475,741640.580125
2.524667,741640.581283
2.530440,741640.581283
2.544751,741640.582503
2.550435,741640.582503
2.564702,741640.583686
2.570474,741640.583686
2.584718,741640.584948
2.590457,741640.584948
2.604745,741640.580741
2.610357,741640.580741
2.624700,741640.581895
2.630421,741640.581895
2.644823,741640.583224
2.650325,741640.583224
2.664951,741640.584444
2.670360,741640.584444
2.684722,741640.585764
2.690578,741640.585764
2.704767,741640.586950
2.710336,741640.586950
2.724679,741640.588282
2.730489,741640.588282
2.745854,741640.589484
2.751242,741640.589484
2.765548,741640.590792
2.771640,741640.590792
2.784858,741640.592199
2.790624,741640.592199
2.804711,741640.571257
2.810454,741640.571257
2.824613,741640.572492
2.830485,741640.572492
2.844681,741640.573810
2.850421,741640.573810
2.864758,741640.574971
2.870421,741640.574971
2.884798,741640.576257
2.890430,741640.576257
2.904681,741640.577511
2.910367,741640.577511
2.924742,741640.578824
2.930416,741640.578824
2.944643,741640.580166
2.950613,741640.580166
2.964585,741640.581579
2.970482,741640.581579
2.984729,741640.583017
2.990470,741640.583017
3.004672,741640.584505
3.010385,741640.584505
3.024804,741640.586004
3.030514,741640.586004
3.044766,741640.569879
3.050502,741640.569879
3.064673,741640.571342
3.070429,741640.571342
3.084743,741640.572674
3.090403,741640.572674
3.104701,741640.574058
3.110509,741640.574058
3.124812,741640.575344
3.130426,741640.575344
3.144614,741640.576582
3.150419,741640.576582
3.164741,741640.577689
3.170441,741640.577689
3.184714,741640.579031
3.190372,741640.579031
3.204643,741640.583024
3.210470,741640.583024
3.224732,741640.584292
3.230446,741640.584292
3.244642,741640.585531
3.250470,741640.585531
3.264784,741640.586747
3.270380,741640.586747
3.284519,741640.587980
3.290442,741640.587980
3.304673,741640.589324
3.310338,741640.589324
3.324758,741640.590606
3.330411,741640.590606
3.344673,741640.591848
3.350568,741640.591848
3.364724,741640.593101
3.370439,741640.593101
3.384631,741640.594434
3.390492,741640.594434
3.404700,741640.600819
3.410436,741640.600819
3.424686,741640.602098
3.430555,741640.602098
3.444621,741640.603464
3.450381,741640.603464
3.464773,741640.604768
3.470326,741640.604768
3.484766,741640.606157
3.490514,741640.606157
3.504661,741640.607479
3.510351,741640.607479
3.524611,741640.608805
3.530494,741640.608805
3.544642,741640.610191
3.550463,741640.610191
3.564833,741640.611606
3.570559,741640.611606
3.584595,741640.612975
3.590442,741640.612975
3.604673,741640.605134
3.610409,741640.605134
3.624681,741640.606489
3.630443,741640.606489
3.644773,741640.607882
3.650496,741640.607882
3.664610,741640.609284
3.670407,741640.609284
3.684634,741640.610702
3.690462,741640.610702
3.704807,741640.612155
3.710398,741640.612155
3.724787,741640.613608
3.730419,741640.613608
3.744776,741640.615102
3.750406,741640.615102
3.764843,741640.616586
3.770476,741640.616586
3.784837,741640.618129
3.790469,741640.618129
3.804736,741640.614958
3.810362,741640.614958
3.824613,741640.616434
3.831350,741640.616434
3.845123,741640.618003
3.850734,741640.618003
3.864871,741640.619519
3.870509,741640.619519
3.884637,741640.621102
3.890477,741640.621102
3.904686,741640.622722
3.910437,741640.622722
3.925344,741640.624244
3.931536,741640.624244
3.945147,741640.625804
3.950731,741640.625804
3.964717,741640.627331
3.970438,741640.627331
3.984681,741640.628804
3.990462,741640.628804
4.004732,741640.630435
4.010532,741640.630435
4.024603,741640.614029
4.030479,741640.614029
4.044735,741640.615405
4.050413,741640.615405
4.064714,741640.616759
4.070480,741640.616759
4.084733,741640.618132
4.090307,741640.618132
4.104798,741640.619598
4.110393,741640.619598
4.124665,741640.620979
4.130342,741640.620979
4.144668,741640.622377
4.150409,741640.622377
4.164675,741640.623721
4.170384,741640.623721
4.185595,741640.625187
4.191316,741640.625187
4.205260,741640.623843
4.210785,741640.623843
4.224886,741640.625214
4.230425,741640.625214
4.244658,741640.626426
4.250425,741640.626426
4.264621,741640.627838
4.270468,741640.627838
4.284809,741640.629109
4.290465,741640.629109
4.304716,741640.630508
4.310415,741640.630508
4.324649,741640.631964
4.330443,741640.631964
4.344625,741640.633410
4.350384,741640.633410
4.364678,741640.634989
4.370545,741640.634989
4.384592,741640.636613
4.390399,741640.636613
4.404750,741640.635052
4.410373,741640.635052
4.424617,741640.636759
4.430388,741640.636759
4.444635,741640.638547
4.450454,741640.638547
4.464745,741640.640340
4.470406,741640.640340
4.484676,741640.642224
4.490474,741640.642224
4.504697,741640.644054
4.510464,741640.644054
4.524773,741640.645888
4.530484,741640.645888
4.544650,741640.647769
4.550431,741640.647769
4.564684,741640.649478
4.570467,741640.649478
4.584721,741640.641564
4.590491,741640.641564
4.604596,741640.643161
4.610487,741640.643161
4.624786,741640.644685
4.630403,741640.644685
4.644633,741640.646150
4.650608,741640.646150
4.664714,741640.647555
4.670499,741640.647555
4.684627,741640.649063
4.690455,741640.649063
4.704620,741640.650498
4.710528,741640.650498
4.724745,741640.651802
4.730416,741640.651802
4.744739,741640.653258
4.750451,741640.653258
4.764647,741640.654672
4.770383,741640.654672
4.784688,741640.655839
4.790396,741640.655839
4.804791,741640.657302
4.810559,741640.657302
4.825556,741640.658709
4.831313,741640.658709
4.845766,741640.660136
4.850899,741640.660136
4.864724,741640.661561
4.870617,741640.661561
4.884755,741640.662996
4.890547,741640.662996
4.904694,741640.664443
4.910394,741640.664443
4.924677,741640.665940
4.930493,741640.665940
4.944768,741640.667396
4.950441,741640.667396
4.964626,741640.668923
4.970354,741640.668923
4.984615,741640.670418
4.990471,741640.670418
5.004557,741640.664938
5.010410,741640.664938
5.024599,741640.666543
5.030545,741640.666543
5.046045,741640.668137
5.051098,741640.668137
5.065183,741640.669873
5.070745,741640.669873
5.084739,741640.671602
5.090449,741640.671602
5.104649,741640.673329
5.110393,741640.673329
5.124560,741640.675107
5.130518,741640.675107
5.144618,741640.676882
5.150481,741640.676882
5.164602,741640.678569
5.170360,741640.678569
5.184747,741640.680319
5.190444,741640.680319
5.204661,741640.675125
5.210383,741640.675125
5.224710,741640.676872
5.230423,741640.676872
5.244658,741640.678500
5.250446,741640.678500
5.264662,741640.680159
5.270472,741640.680159
5.284635,741640.681726
5.290420,741640.681726
5.304807,741640.683355
5.310409,741640.683355
5.324605,741640.684828
5.330367,741640.684828
5.344697,741640.686339
5.350420,741640.686339
5.364640,741640.687779
5.370379,741640.687779
5.384750,741640.684116
5.390495,741640.684116
5.404661,741640.685634
5.410323,741640.685634
5.424681,741640.687113
5.430386,741640.687113
5.444807,741640.688712
5.450440,741640.688712
5.464635,741640.690320
5.470384,741640.690320
5.484650,741640.692001
5.490503,741640.692001
5.504651,741640.693703
5.510412,741640.693703
5.524747,741640.695386
5.530471,741640.695386
5.544747,741640.697106
5.550433,741640.697106
5.564662,741640.698797
5.570451,741640.698797
5.584813,741640.700536
5.590329,741640.700536
5.604680,741640.693618
5.610431,741640.693618
5.624724,741640.695255
5.630547,741640.695255
5.644675,741640.696812
5.650380,741640.696812
5.664725,741640.698452
5.670479,741640.698452
5.684673,741640.700097
5.690374,741640.700097
5.704718,741640.701764
5.710465,741640.701764
5.724685,741640.703356
5.730416,741640.703356
5.744630,741640.704990
5.750345,741640.704990
5.764616,741640.706556
5.770314,741640.706556
5.784688,741640.708035
5.790368,741640.708035
5.804697,741640.707195
5.810375,741640.707195
5.824589,741640.708689
5.830458,741640.708689
5.844715,741640.710255
5.850419,741640.710255
5.864704,741640.711754
5.870385,741640.711754
5.884775,741640.713326
5.890455,741640.713326
5.904736,741640.714943
5.910333,741640.714943
5.924709,741640.716787
5.930457,741640.716787
5.944643,741640.718647
5.950587,741640.718647
5.964664,741640.720346
5.970540,741640.720346
5.984744,741640.722115
5.990436,741640.722115
6.004709,741640.724006
6.010432,741640.724006
6.024712,741640.721484
6.030479,741640.721484
6.044622,741640.723266
6.050432,741640.723266
6.064663,741640.724982
6.070312,741640.724982
6.084664,741640.726690
6.090431,741640.726690
6.104614,741640.728343
6.110456,741640.728343
6.124691,741640.729978
6.130418,741640.729978
6.144740,741640.731556
6.150409,741640.731556
6.164711,741640.733231
6.170340,741640.733231
6.184753,741640.734790
6.190482,741640.734790
6.204616,741640.750459
6.210467,741640.750459
6.224652,741640.752167
6.230388,741640.752167
6.244624,741640.753975
6.250415,741640.753975
6.264587,741640.755822
6.270363,741640.755822
6.284638,741640.757692
6.290435,741640.757692
6.304716,741640.759644
6.310290,741640.759644
6.324683,741640.761531
6.330510,741640.761531
6.344635,741640.763607
6.350683,741640.763607
6.364674,741640.765765
6.370434,741640.765765
6.384703,741640.767957
6.390469,741640.767957
6.404730,741640.770923
6.410447,741640.770923
6.424736,741640.773178
6.430424,741640.773178
6.444618,741640.775507
6.450412,741640.775507
6.464683,741640.777848
6.470457,741640.777848
6.484723,741640.780211
6.490426,741640.780211
6.504816,741640.782560
6.510434,741640.782560
6.524768,741640.784951
6.530436,741640.784951
6.544780,741640.787319
6.550360,741640.787319
6.564653,741640.789823
6.570408,741640.789823
6.584750,741640.792271
6.590466,741640.792271
6.604730,741640.780404
6.610515,741640.780404
6.624629,741640.782799
6.630420,741640.782799
6.644621,741640.785189
6.650446,741640.785189
6.664805,741640.787264
6.670300,741640.787264
6.684632,741640.789410
6.690323,741640.789410
6.704688,741640.791466
6.710485,741640.791466
6.724694,741640.793519
6.730334,741640.793519
6.745988,741640.795575
6.750885,741640.795575
6.764780,741640.797562
6.770678,741640.797562
6.784671,741640.799541
6.790392,741640.799541
6.804701,741640.805987
6.810503,741640.805987
6.824611,741640.808044
6.830765,741640.808044
6.844647,741640.810239
6.850308,741640.810239
6.864655,741640.812318
6.870464,741640.812318
6.884732,741640.814415
6.890414,741640.814415
6.904604,741640.816582
6.910393,741640.816582
6.924685,741640.818755
6.930473,741640.818755
6.944715,741640.820973
6.950349,741640.820973
6.964885,741640.823216
6.970419,741640.823216
6.984682,741640.825492
6.990386,741640.825492
7.004730,741640.827866
7.010353,741640.827866
7.024583,741640.836262
7.030286,741640.836262
7.044693,741640.838672
7.050403,741640.838672
7.064727,741640.841133
7.070461,741640.841133
7.084660,741640.843582
7.090474,741640.843582
7.104768,741640.846439
7.110442,741640.846439
7.124884,741640.848856
7.130531,741640.848856
7.144681,741640.851383
7.150429,741640.851383
7.164766,741640.853992
7.170540,741640.853992
7.184724,741640.856670
7.190377,741640.856670
7.204730,741640.856466
7.210515,741640.856466
7.224729,741640.859171
7.230449,741640.859171
7.244723,741640.861973
7.250586,741640.861973
7.264655,741640.864735
7.270360,741640.864735
7.284721,741640.867468
7.290548,741640.867468
7.304702,741640.870265
7.310582,741640.870265
7.325531,741640.873087
7.331150,741640.873087
7.345422,741640.875851
7.350729,741640.875851
7.364693,741640.878556
7.370444,741640.878556
7.384681,741640.881194
7.390430,741640.881194
7.404798,741640.875116
7.410483,741640.875116
7.424610,741640.877621
7.430492,741640.877621
7.444797,741640.880249
7.450505,741640.880249
7.464663,741640.882454
7.470481,741640.882454
7.484613,741640.884613
7.490399,741640.884613
7.504665,741640.886781
7.510499,741640.886781
7.524638,741640.888810
7.530436,741640.888810
7.544672,741640.890923
7.550472,741640.890923
7.564671,741640.893030
7.570365,741640.893030
7.584682,741640.888216
7.590332,741640.888216
7.604602,741640.890379
7.610368,741640.890379
7.624795,741640.892643
7.630420,741640.892643
7.644697,741640.895009
7.650502,741640.895009
7.664712,741640.897332
7.670307,741640.897332
7.684755,741640.899831
7.690444,741640.899831
7.704709,741640.902425
7.710460,741640.902425
7.724655,741640.905079
7.730445,741640.905079
7.744641,741640.907767
7.750416,741640.907767
7.764769,741640.910460
7.770383,741640.910460
7.784658,741640.907101
7.790581,741640.907101
7.804643,741640.909830
7.810425,741640.909830
7.824595,741640.912537
7.830350,741640.912537
7.844682,741640.915114
7.850410,741640.915114
7.864657,741640.917650
7.870501,741640.917650
7.884760,741640.920068
7.890477,741640.920068
7.904639,741640.922443
7.910505,741640.922443
7.924742,741640.924760
7.930478,741640.924760
7.944685,741640.926961
7.950426,741640.926961
7.964702,741640.929195
7.970335,741640.929195
7.984785,741640.931405
7.990407,741640.931405
8.004714,741640.925076
8.010423,741640.925076
8.026062,741640.927151
8.031683,741640.927151
8.045464,741640.929263
8.050642,741640.929263
8.064687,741640.931385
8.070435,741640.931385
8.084700,741640.933617
8.090443,741640.933617
8.104670,741640.935699
8.110443,741640.935699
8.124794,741640.937892
8.130452,741640.937892
8.144670,741640.940029
8.150321,741640.940029
8.164770,741640.942291
8.170475,741640.942291
8.184822,741640.944537
8.190399,741640.944537
8.204692,741640.947667
8.210424,741640.947667
8.224683,741640.949966
8.230447,741640.949966
8.244607,741640.952248
8.250379,741640.952248
8.264635,741640.954647
8.270351,741640.954647
8.284647,741640.956945
8.290282,741640.956945
8.304812,741640.959373
8.310313,741640.959373
8.324557,741640.961803
8.330494,741640.961803
8.344523,741640.964287
8.350332,741640.964287
8.364746,741640.966741
8.370427,741640.966741
8.384705,741640.969210
8.390488,741640.969210
8.404826,741640.962018
8.410456,741640.962018
8.424696,741640.964383
8.430646,741640.964383
8.444669,741640.966859
8.450492,741640.966859
8.464679,741640.969391
8.470369,741640.969391
8.484766,741640.971856
8.490433,741640.971856
8.504652,741640.974392
8.510422,741640.974392
8.524693,741640.976809
8.530362,741640.976809
8.544744,741640.979252
8.550448,741640.979252
8.564657,741640.981682
8.570514,741640.981682
8.584655,741640.984066
8.590397,741640.984066
8.604748,741640.983608
8.610451,741640.983608
8.624784,741640.985878
8.630494,741640.985878
8.644692,741640.988658
8.650461,741640.988658
8.664820,741640.990924
8.670463,741640.990924
8.684772,741640.993232
8.690490,741640.993232
8.704705,741640.995591
8.710434,741640.995591
8.725680,741640.997967
8.731192,741640.997967
8.745511,741641.000312
8.751595,741641.000312
8.765093,741641.002805
8.770563,741641.002805
8.784539,741641.005160
8.790459,741641.005160
8.804620,741640.999544
8.810379,741640.999544
8.824770,741641.001914
8.830453,741641.001914
8.844672,741641.004381
8.850330,741641.004381
8.864664,741641.006820
8.870448,741641.006820
8.884621,741641.009285
8.890497,741641.009285
8.904746,741641.011789
8.910417,741641.011789
8.924644,741641.014132
8.930398,741641.014132
8.944675,741641.016503
8.950448,741641.016503
8.964564,741641.018773
8.970532,741641.018773
8.984621,741641.021113
8.990522,741641.021113
9.004771,741641.023405
9.010447,741641.023405
9.024730,741641.022020
9.030463,741641.022020
9.044669,741641.024329
9.050512,741641.024329
9.064727,741641.026720
9.070422,741641.026720
9.084581,741641.029120
9.090544,741641.029120
9.104645,741641.031425
9.110461,741641.031425
9.124656,741641.033937
9.130432,741641.033937
9.144757,741641.036209
9.150513,741641.036209
9.164687,741641.038663
9.170403,741641.038663
9.184682,741641.041072
9.190440,741641.041072
9.204550,741641.026787
9.210385,741641.026787
9.224739,741641.029111
9.230437,741641.029111
9.244723,741641.031558
9.250350,741641.031558
9.264611,741641.033944
9.270457,741641.033944
9.284768,741641.036295
9.290396,741641.036295
9.305970,741641.038824
9.311529,741641.038824
9.325515,741641.041215
9.331089,741641.041215
9.344835,741641.043637
9.350529,741641.043637
9.364740,741641.046224
9.370553,741641.046224
9.384740,741641.048781
9.390395,741641.048781
9.404761,741641.057280
9.410515,741641.057280
9.424720,741641.059694
9.430524,741641.059694
9.444698,741641.062164
9.450499,741641.062164
9.464629,741641.064590
9.470368,741641.064590
9.484679,741641.066948
9.490406,741641.066948
9.504692,741641.069327
9.510400,741641.069327
9.524721,741641.071572
9.530403,741641.071572
9.544654,741641.073889
9.550447,741641.073889
9.564718,741641.076268
9.570412,741641.076268
9.584790,741641.078684
9.590418,741641.078684
9.604640,741641.086430
9.610488,741641.086430
9.624704,741641.088971
9.630498,741641.088971
9.644669,741641.091473
9.650450,741641.091473
9.664666,741641.094128
9.670430,741641.094128
9.684702,741641.096858
9.690429,741641.096858
9.704724,741641.099659
9.710327,741641.099659
9.724660,741641.102334
9.730422,741641.102334
9.744782,741641.105093
9.750399,741641.105093
9.764688,741641.107744
9.770541,741641.107744
9.784720,741641.110607
9.790454,741641.110607
9.804620,741641.113005
9.810444,741641.113005
9.824821,741641.115813
9.830361,741641.115813
9.844744,741641.118720
9.850291,741641.118720
9.864741,741641.121534
9.870395,741641.121534
9.884636,741641.124403
9.890369,741641.124403
9.904668,741641.127230
9.910410,741641.127230
9.924591,741641.130050
9.930388,741641.130050
9.944802,741641.132976
9.950440,741641.132976
9.964699,741641.135792
9.970326,741641.135792
9.984614,741641.138565
9.990458,741641.138565
10.004508,741641.137448
10.010424,741641.137448
10.024679,741641.140181
10.030597,741641.140181
10.044708,741641.143058
10.050551,741641.143058
10.064793,741641.146467
10.070453,741641.146467
10.084658,741641.149414
10.090371,741641.149414
10.104843,741641.152268
10.110458,741641.152268
10.124794,741641.155265
10.130392,741641.155265
10.144755,741641.158200
10.150368,741641.158200
10.164651,741641.161280
10.170383,741641.161280
10.184767,741641.164388
10.190508,741641.164388
10.204675,741641.156062
10.210438,741641.156062
10.224667,741641.159179
10.230316,741641.159179
10.244653,741641.162940
10.250473,741641.162940
10.264592,741641.166067
10.270478,741641.166067
10.284725,741641.169255
10.291181,741641.169255
10.305943,741641.172365
10.311091,741641.172365
10.324916,741641.175465
10.330487,741641.175465
10.344627,741641.178756
10.350348,741641.178756
10.364708,741641.182017
10.370456,741641.182017
10.384637,741641.185429
10.390292,741641.185429
10.404661,741641.180190
10.410437,741641.180190
10.424592,741641.183466
10.430431,741641.183466
10.444678,741641.186618
10.450418,741641.186618
10.464525,741641.189734
10.470368,741641.189734
10.484587,741641.192736
10.490502,741641.192736
10.504578,741641.195920
10.510386,741641.195920
10.524725,741641.199043
10.530423,741641.199043
10.544709,741641.202096
10.550300,741641.202096
10.564716,741641.205259
10.570427,741641.205259
10.584633,741641.208508
10.590486,741641.208508
10.604651,741641.209709
10.610404,741641.209709
10.624652,741641.213051
10.630532,741641.213051
10.644556,741641.216102
10.650464,741641.216102
10.664675,741641.219300
10.670404,741641.219300
10.684691,741641.222548
10.690471,741641.222548
10.704631,741641.226012
10.710447,741641.226012
10.724797,741641.229314
10.730369,741641.229314
10.744663,741641.232663
10.750393,741641.232663
10.764726,741641.236030
10.770422,741641.236030
10.784627,741641.239389
10.790540,741641.239389
10.804623,741641.237101
10.810469,741641.237101
10.824733,741641.240647
10.830363,741641.240647
10.844763,741641.244162
10.850392,741641.244162
10.864671,741641.247560
10.870466,741641.247560
10.884713,741641.251205
10.890595,741641.251205
10.904655,741641.254909
10.910421,741641.254909
10.924655,741641.258616
10.930376,741641.258616
10.944740,741641.262228
10.950395,741641.262228
10.964759,741641.265892
10.970505,741641.265892
10.984728,741641.269495
10.990466,741641.269495
11.004603,741641.273047
11.010405,741641.273047
11.024747,741641.272161
11.030350,741641.272161
11.044696,741641.275738
11.050465,741641.275738
11.064722,741641.279346
11.070404,741641.279346
11.084679,741641.282927
11.090383,741641.282927
11.104672,741641.286217
11.110360,741641.286217
11.124772,741641.289589
11.130374,741641.289589
11.144791,741641.292849
11.150352,741641.292849
11.164732,741641.296141
11.170426,741641.296141
11.184578,741641.299438
11.190538,741641.299438
11.204744,741641.300491
11.210327,741641.300491
11.224770,741641.303969
11.230471,741641.303969
11.244648,741641.307541
11.250401,741641.307541
11.264723,741641.311194
11.270500,741641.311194
11.284710,741641.314796
11.290408,741641.314796
11.304709,741641.318474
11.310313,741641.318474
11.324707,741641.322322
11.330491,741641.322322
11.344655,741641.326243
11.350477,741641.326243
11.364764,741641.330250
11.370395,741641.330250
11.384529,741641.334216
11.390422,741641.334216
11.404698,741641.328471
11.410293,741641.328471
11.424677,741641.332427
11.430458,741641.332427
11.444661,741641.336393
11.450368,741641.336393
11.464792,741641.340285
11.470378,741641.340285
11.484737,741641.344116
11.490412,741641.344116
11.504762,741641.348045
11.510365,741641.348045
11.524685,741641.351992
11.530503,741641.351992
11.544631,741641.355922
11.550482,741641.355922
11.564703,741641.359890
11.570359,741641.359890
11.584651,741641.363845
11.590533,741641.363845
11.604687,741641.374580
11.610394,741641.374580
11.624832,741641.378515
11.630421,741641.378515
11.644681,741641.382429
11.650476,741641.382429
11.664831,741641.386427
11.670498,741641.386427
11.684731,741641.390351
11.690440,741641.390351
11.704606,741641.394147
11.710438,741641.394147
11.724668,741641.397982
11.730475,741641.397982
11.744586,741641.401766
11.750414,741641.401766
11.764678,741641.405547
11.770349,741641.405547
11.784847,741641.409202
11.790347,741641.409202
11.804753,741641.409309
11.810362,741641.409309
11.824652,741641.413021
11.830361,741641.413021
11.844683,741641.416805
11.850390,741641.416805
11.864572,741641.420727
11.870426,741641.420727
11.884682,741641.424604
11.890558,741641.424604
11.904746,741641.428647
11.910543,741641.428647
11.924658,741641.432531
11.930369,741641.432531
11.944635,741641.436412
11.950505,741641.436412
11.964720,741641.440549
11.970364,741641.440549
11.984658,741641.444668
11.990388,741641.444668
12.004601,741641.448484
12.010389,741641.448484
12.024724,741641.445083
12.030523,741641.445083
12.044665,741641.448958
12.050467,741641.448958
12.064830,741641.452711
12.070376,741641.452711
12.084625,741641.456505
12.090520,741641.456505
12.104710,741641.460311
12.110354,741641.460311
12.124765,741641.463902
12.130540,741641.463902
12.144674,741641.467646
12.150386,741641.467646
12.164705,741641.471297
12.170433,741641.471297
12.184686,741641.475075
12.190482,741641.475075
12.204682,741641.477481
12.210380,741641.477481
12.224710,741641.481211
12.230546,741641.481211
12.244707,741641.485013
12.250423,741641.485013
12.264585,741641.489015
12.270435,741641.489015
12.284705,741641.493028
12.290381,741641.493028
12.304847,741641.497020
12.310407,741641.497020
12.324685,741641.501122
12.330420,741641.501122
12.344655,741641.505283
12.350438,741641.505283
12.364902,741641.509421
12.370456,741641.509421
12.384607,741641.513581
12.390491,741641.513581
12.404594,741641.514599
12.410382,741641.514599
12.424707,741641.518952
12.430696,741641.518952
12.444646,741641.523403
12.450410,741641.523403
12.464722,741641.527899
12.470476,741641.527899
12.484641,741641.532407
12.490437,741641.532407
12.504666,741641.536869
12.510425,741641.536869
12.524785,741641.541449
12.530464,741641.541449
12.544815,741641.545854
12.550442,741641.545854
12.564649,741641.550294
12.570425,741641.550294
12.584558,741641.554725
12.590421,741641.554725
12.604656,741641.542568
12.610359,741641.542568
12.624655,741641.546662
12.630377,741641.546662
12.644734,741641.550778
12.650332,741641.550778
12.664720,741641.554851
12.670517,741641.554851
12.684623,741641.558716
12.690416,741641.558716
12.704745,741641.562611
12.710376,741641.562611
12.724700,741641.566431
12.730484,741641.566431
12.744740,741641.570298
12.750429,741641.570298
12.764683,741641.574159
12.770439,741641.574159
12.784577,741641.578087
12.790431,741641.578087
12.804704,741641.574701
12.810448,741641.574701
12.824627,741641.578619
12.830528,741641.578619
12.844778,741641.583124
12.850342,741641.583124
12.864782,741641.587316
12.870466,741641.587316
12.884607,741641.591384
12.890519,741641.591384
12.904845,741641.595592
12.910400,741641.595592
12.924847,741641.599704
12.930453,741641.599704
12.944608,741641.603887
12.950435,741641.603887
12.964804,741641.608168
12.970458,741641.608168
12.984582,741641.612220
12.990463,741641.612220
13.004687,741641.616240
13.010426,741641.616240
13.024603,741641.610102
13.030434,741641.610102
13.044786,741641.614084
13.050430,741641.614084
13.064782,741641.617991
13.070516,741641.617991
13.084749,741641.621903
13.090403,741641.621903
13.104620,741641.625733
13.110328,741641.625733
13.124751,741641.629669
13.130431,741641.629669
13.145802,741641.633508
13.151124,741641.633508
13.165487,741641.637326
13.170747,741641.637326
13.184806,741641.641159
13.190516,741641.641159
13.204701,741641.642295
13.210470,741641.642295
13.224771,741641.646076
13.230416,741641.646076
13.244697,741641.649837
13.250344,741641.649837
13.264673,741641.653643
13.270509,741641.653643
13.284635,741641.657303
13.290618,741641.657303
13.304686,741641.660862
13.310566,741641.660862
13.324617,741641.664327
13.330345,741641.664327
13.344766,741641.667723
13.350468,741641.667723
13.364722,741641.671167
13.370391,741641.671167
13.384611,741641.674728
13.390413,741641.674728
13.404799,741641.676279
13.410478,741641.676279
13.424699,741641.679888
13.430428,741641.679888
13.444741,741641.683547
13.450459,741641.683547
13.464643,741641.687100
13.470415,741641.687100
13.484636,741641.690870
13.490488,741641.690870
13.504790,741641.694570
13.510432,741641.694570
13.524778,741641.698136
13.530349,741641.698136
13.544723,741641.701838
13.550453,741641.701838
13.564971,741641.705488
13.570537,741641.705488
13.584556,741641.709206
13.590420,741641.709206
13.604712,741641.712500
13.610438,741641.712500
13.624774,741641.716235
13.630430,741641.716235
13.644660,741641.719906
13.650383,741641.719906
13.664645,741641.723467
13.670462,741641.723467
13.684735,741641.726932
13.690465,741641.726932
13.704713,741641.730365
13.710490,741641.730365
13.724680,741641.733670
13.730320,741641.733670
13.744648,741641.736983
13.750303,741641.736983
13.764717,741641.740221
13.770401,741641.740221
13.784730,741641.743527
13.790439,741641.743527
13.804673,741641.740864
13.810375,741641.740864
13.824771,741641.743963
13.830450,741641.743963
13.845728,741641.747019
13.851424,741641.747019
13.865535,741641.750120
13.870782,741641.750120
13.884676,741641.753158
13.890517,741641.753158
13.904761,741641.756171
13.910494,741641.756171
13.924628,741641.759199
13.930423,741641.759199
13.944650,741641.762438
13.950447,741641.762438
13.964725,741641.765741
13.970499,741641.765741
13.984648,741641.769196
13.990453,741641.769196
14.004762,741641.772607
14.010446,741641.772607
14.024783,741641.772466
14.030472,741641.772466
14.044783,741641.775764
14.050413,741641.775764
14.064677,741641.779123
14.071671,741641.779123
14.085689,741641.782346
14.091583,741641.782346
14.105003,741641.785556
14.110628,741641.785556
14.124763,741641.788714
14.130494,741641.788714
14.144811,741641.791884
14.150463,741641.791884
14.164701,741641.795145
14.170382,741641.795145
14.184628,741641.798359
14.190332,741641.798359
14.204707,741641.806103
14.210580,741641.806103
14.224598,741641.809135
14.230340,741641.809135
14.244686,741641.812195
14.250466,741641.812195
14.264667,741641.815259
14.270516,741641.815259
14.284611,741641.818206
14.290354,741641.818206
14.304821,741641.821020
14.310471,741641.821020
14.324601,741641.823803
14.330461,741641.823803
14.344914,741641.826465
14.350386,741641.826465
14.364732,741641.829191
14.370435,741641.829191
14.384645,741641.831763
14.390360,741641.831763
14.404670,741641.832898
14.410426,741641.832898
14.424669,741641.835469
14.430436,741641.835469
14.444738,741641.838056
14.450501,741641.838056
14.464661,741641.840568
14.470468,741641.840568
14.484667,741641.843040
14.490407,741641.843040
14.504726,741641.845373
14.510538,741641.845373
14.524663,741641.847802
14.530445,741641.847802
14.544717,741641.850177
14.550491,741641.850177
14.564586,741641.852531
14.570454,741641.852531
14.584573,741641.854992
14.590475,741641.854992
14.604691,741641.858229
14.610454,741641.858229
14.624773,741641.860744
14.630428,741641.860744
14.644638,741641.863332
14.650445,741641.863332
14.664822,741641.866095
14.670442,741641.866095
14.684747,741641.868864
14.690298,741641.868864
14.704600,741641.871651
14.710484,741641.871651
14.724631,741641.874475
14.730598,741641.874475
14.745783,741641.877211
14.751282,741641.877211
14.765725,741641.879949
14.771093,741641.879949
14.784844,741641.882538
14.790594,741641.882538
14.804782,741641.870332
14.810430,741641.870332
14.824650,741641.872611
14.830344,741641.872611
14.844626,741641.874748
14.850494,741641.874748
14.865080,741641.876793
14.870422,741641.876793
14.884733,741641.878693
14.890433,741641.878693
14.904820,741641.880488
14.910390,741641.880488
14.924638,741641.882168
14.930507,741641.882168
14.944595,741641.883814
14.950372,741641.883814
14.964725,741641.885342
14.970396,741641.885342
14.984733,741641.886857
14.990450,741641.886857
15.004727,741641.878716
15.010404,741641.878716
15.024625,741641.880056
15.030518,741641.880056
15.044667,741641.881392
15.050479,741641.881392
15.064701,741641.882780
15.070486,741641.882780
15.084753,741641.884175
15.090437,741641.884175
15.104653,741641.885651
15.110532,741641.885651
15.124737,741641.886961
15.130498,741641.886961
15.144790,741641.888273
15.150385,741641.888273
15.164673,741641.889688
15.170310,741641.889688
15.184772,741641.886946
15.190353,741641.886946
15.204769,741641.888351
15.210397,741641.888351
15.224706,741641.889866
15.230336,741641.889866
15.244720,741641.891443
15.250396,741641.891443
15.264724,741641.892999
15.270435,741641.892999
15.284596,741641.894744
15.290389,741641.894744
15.304574,741641.896336
15.310479,741641.896336
15.324674,741641.898070
15.330348,741641.898070
15.344801,741641.899644
15.350408,741641.899644
15.364694,741641.901140
15.370543,741641.901140
15.384650,741641.902618
15.390509,741641.902618
15.404784,741641.905094
15.410532,741641.905094
15.424631,741641.906462
15.430476,741641.906462
15.444769,741641.907654
15.450388,741641.907654
15.464630,741641.908829
15.470398,741641.908829
15.484729,741641.909963
15.490353,741641.909963
15.504868,741641.911113
15.510429,741641.911113
15.524668,741641.912247
15.530477,741641.912247
15.544887,741641.913253
15.550529,741641.913253
15.564703,741641.914268
15.570445,741641.914268
15.584714,741641.915226
15.590472,741641.915226
15.605861,741641.919401
15.611253,741641.919401
15.625093,741641.920370
15.630714,741641.920370
15.644688,741641.921325
15.650531,741641.921325
15.664933,741641.922243
15.670387,741641.922243
15.684741,741641.923263
15.690460,741641.923263
15.704725,741641.924272
15.710428,741641.924272
15.724816,741641.925193
15.730382,741641.925193
15.744757,741641.926210
15.750501,741641.926210
15.764940,741641.927174
15.770361,741641.927174
15.784789,741641.915985
15.790479,741641.915985
15.804697,741641.916782
15.810454,741641.916782
15.824705,741641.917489
15.830429,741641.917489
15.844726,741641.918098
15.850421,741641.918098
15.864694,741641.918737
15.870404,741641.918737
15.884753,741641.919260
15.890445,741641.919260
15.904739,741641.919752
15.910464,741641.919752
15.924731,741641.920217
15.930425,741641.920217
15.944673,741641.920659
15.950521,741641.920659
15.964690,741641.921034
15.970375,741641.921034
15.984762,741641.921490
15.990325,741641.921490
16.004689,741641.922693
16.010409,741641.922693
16.024554,741641.923209
16.030405,741641.923209
16.044654,741641.923607
16.050377,741641.923607
16.064666,741641.924152
16.070348,741641.924152
16.084761,741641.924553
16.090347,741641.924553
16.104751,741641.925023
16.110461,741641.925023
16.124723,741641.925304
16.130693,741641.925304
16.144697,741641.925685
16.150442,741641.925685
16.164694,741641.925999
16.170411,741641.925999
16.184753,741641.926343
16.190383,741641.926343
16.204554,741641.919112
16.210521,741641.919112
16.224714,741641.919281
16.230468,741641.919281
16.244591,741641.919518
16.250374,741641.919518
16.264763,741641.919733
16.270330,741641.919733
16.284797,741641.919885
16.290427,741641.919885
16.304761,741641.920217
16.310365,741641.920217
16.324695,741641.920377
16.330487,741641.920377
16.344695,741641.920787
16.350419,741641.920787
16.364594,741641.921099
16.370486,741641.921099
16.384617,741641.921448
16.390453,741641.921448
16.404580,741641.921854
16.410510,741641.921854
16.424777,741641.922208
16.430308,741641.922208
16.444720,741641.922512
16.450509,741641.922512
16.464659,741641.922964
16.470502,741641.922964
16.484788,741641.923163
16.490570,741641.923163
16.504716,741641.923496
16.510444,741641.923496
16.524623,741641.923773
16.530494,741641.923773
16.544808,741641.924069
16.550423,741641.924069
16.564740,741641.924388
16.570419,741641.924388
16.584740,741641.924668
16.590474,741641.924668
16.604648,741641.919885
16.610477,741641.919885
16.624745,741641.920270
16.630412,741641.920270
16.644683,741641.920521
16.650432,741641.920521
16.664742,741641.920713
16.670366,741641.920713
16.684878,741641.921062
16.690353,741641.921062
16.704606,741641.921233
16.710493,741641.921233
16.724641,741641.921412
16.730504,741641.921412
16.744743,741641.921555
16.750699,741641.921555
16.764759,741641.921666
16.770392,741641.921666
16.784654,741641.921678
16.791540,741641.921678
16.805165,741641.926517
16.810820,741641.926517
16.824876,741641.926647
16.830537,741641.926647
16.844583,741641.926614
16.850472,741641.926614
16.864625,741641.926598
16.870515,741641.926598
16.884656,741641.926645
16.890380,741641.926645
16.904745,741641.926631
16.910402,741641.926631
16.924599,741641.926719
16.930361,741641.926719
16.944612,741641.926690
16.950408,741641.926690
16.964713,741641.926685
16.970514,741641.926685
16.984677,741641.926704
16.990461,741641.926704
17.004638,741641.926669
17.010365,741641.926669
17.024640,741641.922823
17.030577,741641.922823
17.044894,741641.922725
17.050455,741641.922725
17.064845,741641.922541
17.071008,741641.922541
17.084840,741641.922427
17.090560,741641.922427
17.104751,741641.922290
17.110595,741641.922290
17.124703,741641.922141
17.130389,741641.922141
17.144660,741641.922044
17.150412,741641.922044
17.165932,741641.921914
17.170381,741641.921914
17.184711,741641.921764
17.190491,741641.921764
17.204731,741641.916960
17.210395,741641.916960
17.224692,741641.916736
17.230397,741641.916736
17.244696,741641.916559
17.250305,741641.916559
17.264838,741641.916274
17.270478,741641.916274
17.284639,741641.916027
17.290412,741641.916027
17.304617,741641.915827
17.310541,741641.915827
17.324729,741641.915486
17.330429,741641.915486
17.344730,741641.915148
17.350613,741641.915148
17.364703,741641.914818
17.370393,741641.914818
17.384719,741641.914461
17.390445,741641.914461
17.404533,741641.915444
17.410473,741641.915444
17.424556,741641.915106
17.430431,741641.915106
17.444782,741641.914758
17.450498,741641.914758
17.464822,741641.914464
17.470528,741641.914464
17.484603,741641.914144
17.490456,741641.914144
17.504703,741641.913883
17.510468,741641.913883
17.524734,741641.913597
17.530327,741641.913597
17.544711,741641.913294
17.550472,741641.913294
17.564794,741641.913053
17.570463,741641.913053
17.584722,741641.912761
17.590410,741641.912761
17.604737,741641.910730
17.610507,741641.910730
17.624725,741641.910456
17.630506,741641.910456
17.644740,741641.910166
17.650372,741641.910166
17.664744,741641.909896
17.670455,741641.909896
17.684683,741641.909605
17.690525,741641.909605
17.704740,741641.909331
17.710450,741641.909331
17.724693,741641.909112
17.730434,741641.909112
17.744729,741641.908805
17.750346,741641.908805
17.764707,741641.908511
17.770345,741641.908511
17.784623,741641.909977
17.790475,741641.909977
17.804674,741641.909725
17.810408,741641.909725
17.824615,741641.909504
17.830426,741641.909504
17.846063,741641.909232
17.851361,741641.909232
17.865636,741641.909002
17.871353,741641.909002
17.884888,741641.908623
17.890640,741641.908623
17.904721,741641.908322
17.910413,741641.908322
17.924618,741641.908027
17.930376,741641.908027
17.944736,741641.907671
17.950471,741641.907671
17.964697,741641.907390
17.970398,741641.907390
17.984658,741641.907025
17.990531,741641.907025
18.004658,741641.916908
18.010438,741641.916908
18.024815,741641.916740
18.030392,741641.916740
18.044744,741641.916525
18.050473,741641.916525
18.064815,741641.916292
18.070365,741641.916292
18.084665,741641.916094
18.090377,741641.916094
18.104828,741641.915929
18.110382,741641.915929
18.124723,741641.915743
18.130445,741641.915743
18.144723,741641.915575
18.150426,741641.915575
18.164775,741641.915361
