2.180959,0.001722
2.200864,0.001623
2.220786,0.001470
2.240914,0.001368
2.260967,0.001262
2.281281,0.001170
2.300941,0.001077
2.320979,0.000998
2.341260,0.000932
2.361037,0.000871
2.381077,0.000826
2.401097,0.000778
2.421142,0.000735
2.441401,0.000702
2.461148,0.000667
2.481205,0.000637
2.501480,0.000608
2.521379,0.000583
2.541485,0.000576
2.561566,0.000557
2.581359,0.000534
2.601414,0.000515
2.621510,0.000495
2.641426,0.000478
2.661803,0.000462
2.681554,0.000447
2.701616,0.000432
2.721600,0.000419
2.741610,0.000407
2.761641,0.000395
2.781791,0.000384
2.801678,0.000373
2.821941,0.000363
2.841782,0.000353
2.861807,0.000344
2.881772,0.000335
2.901885,0.000334
2.921963,0.000327
2.942034,0.000320
2.962018,0.000312
2.982046,0.000305
3.002373,0.000299
3.022175,0.000293
3.042073,0.000287
3.062132,0.000283
3.082211,0.000276
3.102195,0.000272
3.122315,0.000266
3.142359,0.000260
3.162306,0.000255
3.182441,0.000251
3.202367,0.000246
3.222994,0.000241
3.242731,0.000237
3.262477,0.000232
3.282492,0.000228
3.302674,0.000226
3.322580,0.000222
3.342663,0.000219
3.362700,0.000215
3.382822,0.000213
3.402831,0.000209
3.422697,0.000206
3.442941,0.000205
3.463105,0.000211
3.482806,0.000212
3.502903,0.000209
3.522994,0.000206
3.542998,0.000203
3.563059,0.000200
3.582993,0.000197
3.603128,0.000196
3.623327,0.000193
3.643246,0.000191
3.663120,0.000191
3.683318,0.000188
3.703247,0.000186
3.723487,0.000187
3.743297,0.000194
3.763382,0.000198
3.783389,0.000207
3.803457,0.000210
3.823481,0.000218
3.844215,0.000232
3.863482,0.000245
3.883570,0.000265
3.903573,0.000289
3.923559,0.000299
3.944343,0.000315
3.963772,0.000338
3.983712,0.000349
4.003985,0.000364
4.023952,0.000386
4.043891,0.000411
4.063877,0.000444
4.083843,0.000469
4.104173,0.000484
4.123951,0.000504
4.144140,0.000516
4.164231,0.000522
4.184048,0.000521
4.204326,0.000522
4.224208,0.000521
4.244156,0.000523
4.264250,0.000531
4.284252,0.000547
4.304406,0.000555
4.324417,0.000560
4.344429,0.000565
4.364396,0.000575
4.384476,0.000592
4.404791,0.000605
4.424539,0.000610
4.444465,0.000618
4.464531,0.000618
4.484653,0.000620
4.504704,0.000627
4.524676,0.000628
4.544650,0.000625
4.564762,0.000621
4.584891,0.000618
4.604877,0.000618
4.624877,0.000623
4.645147,0.000624
4.664841,0.000628
4.684984,0.000626
4.705135,0.000626
4.724970,0.000629
4.745117,0.000629
4.765074,0.000632
4.785196,0.000629
4.805429,0.000625
4.825224,0.000624
4.845170,0.000620
4.865109,0.000617
4.885261,0.000618
4.905557,0.000616
4.925329,0.000616
4.945354,0.000615
4.965515,0.000615
4.985459,0.000614
5.005674,0.000615
5.025506,0.000614
5.045526,0.000613
5.065569,0.000611
5.085565,0.000608
5.105747,0.000605
5.125800,0.000604
5.145803,0.000601
5.165731,0.000598
5.185638,0.000594
5.205887,0.000590
5.226229,0.000587
5.245826,0.000583
5.265948,0.000579
5.285970,0.000577
5.306022,0.000577
5.326066,0.000578
5.346043,0.000577
5.366311,0.000573
5.386390,0.000570
5.406214,0.000566
5.426170,0.000564
5.446368,0.000561
5.466301,0.000557
5.486312,0.000554
5.506460,0.000551
5.526386,0.000549
5.546719,0.000550
5.566843,0.000548
5.586445,0.000545
5.606567,0.000543
5.626722,0.000541
5.646616,0.000538
5.666640,0.000536
5.686613,0.000533
5.707011,0.000532
5.726763,0.000530
5.747066,0.000527
5.767186,0.000524
5.787067,0.000522
5.807152,0.000519
5.827339,0.000517
5.847286,0.000514
5.867110,0.000511
5.886967,0.000508
5.907119,0.000506
5.927624,0.000503
5.947094,0.000501
5.967218,0.000500
5.987352,0.000498
6.007167,0.000495
6.027248,0.000492
6.047170,0.000489
6.067372,0.000487
6.087425,0.000484
6.107305,0.000482
6.127399,0.000479
6.147539,0.000477
6.167395,0.000474
6.187819,0.000472
6.207642,0.000470
6.227515,0.000468
6.247698,0.000467
6.267574,0.000465
6.287762,0.000462
6.308717,0.000460
6.327696,0.000458
6.348007,0.000457
6.367794,0.000455
6.388190,0.000452
6.408183,0.000451
6.427888,0.000450
6.448082,0.000450
6.468277,0.000449
6.488108,0.000447
6.508142,0.000446
6.528014,0.000444
6.548258,0.000441
6.568152,0.000439
6.588367,0.000437
6.608216,0.000435
6.628404,0.000433
6.648406,0.000431
6.668522,0.000429
6.688539,0.000429
6.708597,0.000428
6.728508,0.000426
6.748344,0.000424
6.768425,0.000423
6.790572,0.000421
6.808688,0.000420
6.829018,0.000419
6.848646,0.000422
6.868773,0.000422
6.888695,0.000421
6.908876,0.000420
6.928836,0.000418
6.948828,0.000416
6.968708,0.000414
6.988890,0.000413
7.008826,0.000411
7.028921,0.000410
7.049116,0.000408
7.068980,0.000406
7.089034,0.000404
7.109337,0.000403
7.129215,0.000403
7.149285,0.000402
7.169308,0.000400
7.189224,0.000399
7.209243,0.000397
7.229160,0.000396
7.249651,0.000394
7.269522,0.000393
7.289731,0.000391
7.309653,0.000390
7.329468,0.000389
7.349512,0.000388
7.369784,0.000386
7.389846,0.000385
7.409624,0.000384
7.430316,0.000382
7.449734,0.000381
7.469708,0.000379
7.489774,0.000378
7.509840,0.000376
7.530109,0.000376
7.549756,0.000375
7.569774,0.000374
7.590188,0.000373
7.609891,0.000372
7.629945,0.000370
7.649884,0.000369
7.669925,0.000367
7.690575,0.000366
7.710191,0.000365
7.730237,0.000364
7.750300,0.000362
7.770182,0.000361
7.790380,0.000360
7.810150,0.000358
7.830231,0.000357
7.850335,0.000356
7.870393,0.000355
7.890411,0.000354
7.910543,0.000353
7.930369,0.000351
7.950565,0.000351
7.970492,0.000350
7.990579,0.000349
8.010505,0.000348
8.030869,0.000347
8.050686,0.000347
8.072820,0.000345
8.091027,0.000344
8.110771,0.000343
8.130769,0.000342
8.150770,0.000341
8.170824,0.000340
8.190967,0.000339
8.210912,0.000338
8.231210,0.000336
8.251011,0.000336
8.271360,0.000334
8.292322,0.000333
8.311046,0.000332
8.331498,0.000331
8.351051,0.000330
8.371198,0.000329
8.391523,0.000328
8.411097,0.000327
8.431277,0.000325
8.451211,0.000324
8.473265,0.000323
8.491269,0.000322
8.511352,0.000321
8.531410,0.000320
8.551580,0.000319
8.571477,0.000318
8.591502,0.000318
8.611488,0.000317
8.631615,0.000316
8.651541,0.000315
8.671684,0.000314
8.691566,0.000313
8.711694,0.000312
8.731677,0.000311
8.751701,0.000310
8.771847,0.000309
8.791903,0.000309
8.811786,0.000308
8.831852,0.000307
8.851958,0.000306
8.872067,0.000306
8.891957,0.000305
8.912009,0.000303
8.932048,0.000303
8.952071,0.000302
8.972285,0.000301
8.992174,0.000300
9.012336,0.000299
9.032318,0.000298
9.052198,0.000298
9.072479,0.000297
9.092696,0.000296
9.112335,0.000295
9.132404,0.000295
9.152434,0.000294
9.172552,0.000293
9.192479,0.000292
9.212523,0.000291
9.232559,0.000290
9.252624,0.000289
9.272766,0.000289
9.292710,0.000288
9.312656,0.000287
9.332749,0.000287
9.352858,0.000286
9.373066,0.000285
9.393053,0.000284
9.412913,0.000283
9.432887,0.000283
9.453196,0.000282
9.473076,0.000281
9.493269,0.000281
9.513102,0.000280
9.533097,0.000279
9.553099,0.000278
9.573266,0.000277
9.593139,0.000277
9.613392,0.000276
9.633358,0.000275
9.653310,0.000274
9.673381,0.000274
9.693279,0.000273
9.713413,0.000272
9.733425,0.000271
9.753450,0.000270
9.773505,0.000270
9.793518,0.000269
9.813523,0.000268
9.833653,0.000267
9.853718,0.000267
9.873735,0.000266
9.893718,0.000265
9.913648,0.000265
9.933713,0.000264
9.953826,0.000264
9.973850,0.000264
9.993896,0.000264
10.013917,0.000264
10.033963,0.000263
10.054049,0.000263
10.073985,0.000262
10.094045,0.000262
10.114064,0.000261
10.134124,0.000260
10.154274,0.000260
10.174236,0.000259
10.194359,0.000258
10.214257,0.000258
10.234252,0.000257
10.254726,0.000256
10.274447,0.000256
10.294342,0.000255
10.314391,0.000254
10.334456,0.000254
10.354456,0.000253
10.374576,0.000252
10.394635,0.000252
10.414601,0.000251
10.434609,0.000251
10.454620,0.000250
10.474692,0.000250
10.494722,0.000249
10.514737,0.000249
10.534934,0.000248
10.554924,0.000247
10.574888,0.000247
10.595156,0.000246
10.615001,0.000246
10.635031,0.000245
10.654994,0.000244
10.675141,0.000244
10.695168,0.000244
10.715086,0.000243
10.735115,0.000243
10.755242,0.000242
10.775399,0.000241
10.795241,0.000241
10.815192,0.000240
10.835581,0.000240
10.855392,0.000240
10.875388,0.000239
10.895377,0.000239
10.915396,0.000238
10.935551,0.000238
10.955456,0.000238
10.975520,0.000237
10.995576,0.000237
11.015671,0.000236
11.035655,0.000236
11.056084,0.000235
11.075710,0.000235
11.095951,0.000234
11.115862,0.000234
11.135838,0.000233
11.155817,0.000233
11.175968,0.000234
11.195999,0.000236
11.215956,0.000237
11.236359,0.000237
11.256014,0.000236
11.276438,0.000236
11.296289,0.000235
11.316314,0.000234
11.336362,0.000234
11.356595,0.000233
11.376402,0.000233
11.396323,0.000232
11.416390,0.000232
11.436614,0.000232
11.456527,0.000231
11.476601,0.000230
11.496548,0.000230
11.516897,0.000230
11.536441,0.000229
11.556793,0.000229
11.576669,0.000228
11.596805,0.000228
11.616741,0.000228
11.636769,0.000228
11.656806,0.000227
11.676796,0.000227
11.696822,0.000227
11.716896,0.000226
11.736892,0.000226
11.756949,0.000225
11.777116,0.000225
11.797104,0.000224
11.817017,0.000224
11.837084,0.000223
11.857154,0.000223
11.877263,0.000222
11.897086,0.000222
11.917194,0.000221
11.937340,0.000221
11.957212,0.000220
11.977194,0.000220
11.997267,0.000219
12.017519,0.000219
12.037640,0.000219
12.057499,0.000219
12.077536,0.000219
12.097725,0.000219
12.117439,0.000218
12.137767,0.000218
12.157449,0.000217
12.177547,0.000217
12.199963,0.000216
12.217561,0.000216
12.237645,0.000215
12.257623,0.000215
12.277703,0.000215
12.297975,0.000215
12.317756,0.000215
12.337964,0.000214
12.357872,0.000214
12.378018,0.000214
12.397959,0.000213
12.418156,0.000213
12.438001,0.000212
12.458077,0.000212
12.478017,0.000212
12.498114,0.000211
12.518804,0.000211
12.538450,0.000212
12.558416,0.000214
12.578549,0.000215
12.598429,0.000215
12.618320,0.000214
12.638278,0.000214
12.658439,0.000214
12.678529,0.000213
12.698466,0.000213
12.718528,0.000212
12.738551,0.000212
12.758469,0.000212
12.778675,0.000211
12.798546,0.000211
12.818749,0.000211
12.838770,0.000210
12.858678,0.000210
12.878726,0.000209
12.898750,0.000209
12.918809,0.000209
12.939002,0.000209
12.958853,0.000209
12.978963,0.000209
12.999166,0.000209
13.018939,0.000208
13.039180,0.000208
13.059098,0.000207
13.079325,0.000207
13.099232,0.000207
13.119204,0.000207
13.139129,0.000206
13.159741,0.000206
13.179290,0.000206
13.199452,0.000205
13.219244,0.000205
13.239548,0.000205
13.259610,0.000204
13.279608,0.000204
13.299574,0.000204
13.319638,0.000203
13.339621,0.000203
13.359611,0.000202
13.379782,0.000202
13.399878,0.000202
13.420373,0.000202
13.439945,0.000201
13.459902,0.000201
13.479927,0.000201
13.499818,0.000201
13.519798,0.000201
13.540030,0.000201
13.560077,0.000200
13.579942,0.000200
13.600012,0.000201
13.620204,0.000201
13.640011,0.000200
13.660149,0.000200
13.680140,0.000200
13.700224,0.000201
13.720402,0.000201
13.740455,0.000201
13.760449,0.000201
13.780475,0.000201
13.800621,0.000201
13.820431,0.000201
13.840402,0.000201
13.860515,0.000201
13.880556,0.000200
13.900480,0.000200
13.920562,0.000200
13.940626,0.000199
13.960840,0.000199
13.980757,0.000199
14.000621,0.000199
14.020758,0.000199
14.040809,0.000198
14.060729,0.000198
14.080982,0.000198
14.100810,0.000198
14.120842,0.000197
14.141080,0.000197
14.160880,0.000197
14.181036,0.000196
14.201205,0.000196
14.221148,0.000196
14.240960,0.000196
14.261024,0.000195
14.281138,0.000195
14.301104,0.000195
14.321162,0.000195
14.341502,0.000195
14.361317,0.000194
14.381201,0.000194
14.401237,0.000194
14.421344,0.000194
14.441391,0.000194
14.461333,0.000193
14.481406,0.000193
14.501733,0.000193
14.521557,0.000192
14.541449,0.000192
14.561495,0.000192
14.581585,0.000191
14.601895,0.000191
14.621773,0.000191
14.641692,0.000190
14.662099,0.000190
14.681719,0.000190
14.701728,0.000190
14.721987,0.000190
14.741851,0.000190
14.761856,0.000190
14.781937,0.000189
14.802017,0.000189
14.822134,0.000189
14.842085,0.000189
14.862279,0.000188
14.882071,0.000188
14.902081,0.000187
14.922304,0.000187
14.942170,0.000187
14.962182,0.000186
14.982252,0.000186
15.002440,0.000186
15.022456,0.000185
15.042301,0.000185
15.062345,0.000185
15.082470,0.000184
15.102420,0.000184
15.122732,0.000183
15.142644,0.000183
15.162542,0.000183
15.182739,0.000182
15.202649,0.000182
15.222701,0.000182
15.242748,0.000181
15.262702,0.000181
15.282713,0.000181
15.303051,0.000180
15.322855,0.000180
15.342875,0.000180
15.362878,0.000179
15.382934,0.000179
15.403000,0.000179
15.422936,0.000178
15.443044,0.000178
15.463129,0.000178
15.483130,0.000177
15.503203,0.000177
15.523348,0.000177
15.543227,0.000176
15.563280,0.000176
15.583277,0.000176
15.603689,0.000175
15.623405,0.000175
15.643416,0.000175
15.663364,0.000174
15.683424,0.000174
15.703423,0.000174
15.723774,0.000174
15.743560,0.000173
15.763626,0.000173
15.783980,0.000173
15.803612,0.000172
15.823712,0.000172
15.843724,0.000172
15.863775,0.000171
15.883895,0.000171
15.903829,0.000171
15.923956,0.000170
15.944354,0.000170
15.964025,0.000170
15.984016,0.000169
16.004344,0.000169
16.024059,0.000169
16.044145,0.000168
16.064300,0.000168
16.084108,0.000168
16.104627,0.000168
16.124337,0.000167
16.144329,0.000167
16.164304,0.000167
16.184282,0.000166
16.204366,0.000166
16.224499,0.000166
16.244384,0.000165
16.264539,0.000165
16.284515,0.000165
16.304485,0.000165
16.324656,0.000164
16.344558,0.000164
16.364615,0.000164
16.384679,0.000163
16.404819,0.000163
16.424781,0.000163
16.445002,0.000162
16.464856,0.000162
16.484754,0.000162
16.504811,0.000162
16.525398,0.000161
16.544847,0.000161
16.564961,0.000161
16.585078,0.000160
16.604937,0.000160
16.625061,0.000160
16.645153,0.000160
16.665240,0.000159
16.685162,0.000159
16.705167,0.000159
16.725171,0.000158
16.745328,0.000158
16.765490,0.000158
16.785348,0.000158
16.805465,0.000157
16.825398,0.000157
16.845456,0.000157
16.865721,0.000156
16.885503,0.000156
16.905980,0.000156
16.925509,0.000156
16.945750,0.000155
16.965545,0.000155
16.985621,0.000155
17.005851,0.000155
17.025720,0.000154
17.045783,0.000154
17.065951,0.000154
17.085804,0.000153
17.106387,0.000153
17.125974,0.000153
17.145986,0.000153
17.165921,0.000152
17.186079,0.000152
17.206103,0.000152
17.226410,0.000152
17.246176,0.000151
17.266117,0.000151
17.286644,0.000151
17.306245,0.000151
17.326488,0.000150
17.346545,0.000150
17.366489,0.000150
17.386748,0.000149
17.406497,0.000149
17.426599,0.000149
17.447249,0.000149
17.466421,0.000148
17.486505,0.000148
17.506709,0.000148
17.526914,0.000148
17.547104,0.000147
17.566938,0.000147
17.586822,0.000147
17.607130,0.000147
17.627736,0.000146
17.647276,0.000146
17.668337,0.000146
17.687088,0.000146
17.707093,0.000145
17.727311,0.000145
17.747083,0.000145
17.767160,0.000145
17.787084,0.000144
17.807322,0.000144
17.829855,0.000144
17.847105,0.000144
17.867145,0.000143
17.887130,0.000143
17.907839,0.000143
17.927317,0.000143
17.947354,0.000143
17.967251,0.000142
