0.098203,0.375000
0.118253,0.383333
0.138211,0.388889
0.158257,0.397222
0.178308,0.405556
0.198317,0.411111
0.218416,0.419444
0.238361,0.427778
0.258392,0.436111
0.279181,0.441667
0.298472,0.450000
0.318522,0.458333
0.338561,0.463889
0.358576,0.472222
0.378685,0.477778
0.398796,0.486111
0.418693,0.494444
0.438806,0.502778
0.458712,0.511111
0.478802,0.516667
0.498835,0.525000
0.518858,0.530556
0.538909,0.536111
0.558944,0.541667
0.579019,0.547222
0.599048,0.550000
0.619122,0.555556
0.639069,0.558333
0.659060,0.563889
0.679147,0.566667
0.699272,0.572222
0.719252,0.575000
0.739258,0.577778
0.759303,0.583333
0.779348,0.586111
0.799362,0.591667
0.819317,0.597222
0.839427,0.602778
0.859844,0.605556
0.879516,0.611111
0.899526,0.616667
0.919638,0.622222
0.939545,0.627778
0.959578,0.630556
0.979669,0.636111
0.999676,0.641667
1.019728,0.644444
1.039721,0.647222
1.059832,0.652778
1.079958,0.658333
1.099835,0.663889
1.119885,0.666667
1.139939,0.672222
1.159944,0.675000
1.180047,0.680556
1.200113,0.686111
1.220139,0.691667
1.240792,0.694444
1.260196,0.700000
1.280212,0.702778
1.300221,0.708333
1.320263,0.711111
1.340299,0.716667
1.360357,0.719444
1.380470,0.722222
1.400445,0.725000
1.420561,0.730556
1.440464,0.736111
1.460559,0.738889
1.480519,0.744444
1.500534,0.750000
1.520598,0.758333
1.540659,0.763889
1.560727,0.769444
1.580788,0.777778
1.600735,0.783333
1.620800,0.794444
1.641015,0.805556
1.661215,0.816667
1.681250,0.825000
1.701000,0.836111
1.721156,0.850000
1.741107,0.863889
1.761094,0.880556
1.781127,0.902778
1.801162,0.922222
1.821260,0.936111
1.841160,0.950000
1.861181,0.969444
1.881829,0.994444
1.901232,1.019444
1.921317,1.044444
1.941571,1.072222
1.961376,1.097222
1.981454,1.125000
2.001456,1.150000
2.021722,1.172222
2.041531,1.200000
2.061605,1.227778
2.081756,1.258333
2.101609,1.286111
2.121681,1.319444
2.141694,1.355556
2.161776,1.386111
2.181728,1.419444
2.201777,1.452778
2.221807,1.488889
2.241869,1.522222
2.261887,1.555556
2.281980,1.588889
2.301924,1.622222
2.321972,1.658333
2.342130,1.694445
2.362192,1.727778
2.382148,1.761111
2.402179,1.791667
2.422216,1.819445
2.442157,1.852778
2.462227,1.886111
2.482310,1.919444
2.502321,1.952778
2.522639,1.988889
2.542396,2.022222
2.562447,2.055556
2.582539,2.088889
2.602476,2.119445
2.622595,2.152778
2.642538,2.183333
2.662592,2.211111
2.682657,2.241667
2.702682,2.275000
2.722759,2.302778
2.742747,2.336111
2.762736,2.363889
2.782845,2.394444
2.802869,2.419445
2.822844,2.447222
2.842953,2.475000
2.863085,2.502778
2.882978,2.530556
2.903199,2.555556
2.923200,2.580556
2.943070,2.608333
2.963279,2.636111
2.983169,2.663889
3.003244,2.691667
3.023214,2.713889
3.043370,2.738889
3.063366,2.763889
3.083324,2.788889
3.103725,2.811111
3.123349,2.833333
3.143384,2.855556
3.163849,2.877778
3.183438,2.897222
3.203511,2.919445
3.223592,2.944444
3.243550,2.969445
3.263604,2.988889
3.283624,3.008333
3.303655,3.036111
3.323722,3.063889
3.343729,3.086111
3.363761,3.111111
3.383844,3.136111
3.403860,3.155556
3.423864,3.177778
3.443921,3.200000
3.463969,3.219445
3.484015,3.238889
3.504018,3.258333
3.524061,3.280556
3.544103,3.300000
3.564116,3.322222
3.584288,3.344445
3.604229,3.366667
3.624377,3.383333
3.644295,3.405556
3.664381,3.427778
3.684447,3.450000
3.704364,3.469445
3.724406,3.491667
3.744413,3.511111
3.764464,3.530556
3.784508,3.550000
3.804540,3.569444
3.824639,3.588889
3.844646,3.605556
3.864667,3.625000
3.884712,3.644444
3.904778,3.663889
3.924812,3.686111
3.944837,3.705556
3.965097,3.725000
3.984883,3.744445
4.004941,3.761111
4.024946,3.780556
4.044996,3.797222
4.065038,3.822222
4.085072,3.838889
4.105047,3.850000
4.125127,3.877778
4.145132,3.886111
4.165149,3.905556
4.185339,3.936111
4.205256,3.955556
4.225256,3.963889
4.245353,3.983333
4.265367,4.013889
4.285455,4.022223
4.305591,4.044445
4.325473,4.055556
4.345545,4.072222
4.365557,4.086111
4.385635,4.108334
4.405652,4.116667
4.425652,4.141667
4.445933,4.147223
4.465886,4.163889
4.485917,4.191667
4.506013,4.211111
4.525830,4.219445
4.546069,4.233334
4.566102,4.252778
4.586170,4.263889
4.606025,4.280556
4.625994,4.302778
4.646013,4.311111
4.666086,4.333333
4.686109,4.347222
4.706114,4.361111
4.726166,4.375000
4.746189,4.380556
4.766286,4.397223
4.786300,4.408333
4.806386,4.422222
4.826393,4.436111
4.846300,4.444445
4.866370,4.461111
4.886445,4.475000
4.906488,4.491667
4.926496,4.502778
4.946531,4.508333
4.966644,4.527778
4.986603,4.541667
5.006634,4.552778
5.026706,4.566667
5.046722,4.575000
5.066775,4.597222
5.086800,4.608334
5.106850,4.622222
5.126893,4.630556
5.147012,4.636111
5.166962,4.650000
5.186948,4.661111
5.207003,4.677778
5.227018,4.686111
5.247203,4.691667
5.267077,4.705555
5.287188,4.716667
5.307224,4.719445
5.327473,4.736111
5.347295,4.744444
5.367598,4.761111
5.387411,4.769444
5.407369,4.780556
5.427517,4.791667
5.447387,4.797222
5.467577,4.805556
5.488261,4.808333
5.507735,4.830555
5.528214,4.844445
5.547817,4.847222
5.568116,4.850000
5.588622,4.861111
5.607759,4.875000
5.628403,4.883334
5.648409,4.886111
5.668074,4.897223
5.688342,4.905556
5.707916,4.913889
5.728099,4.922222
5.748547,4.927778
5.768150,4.941667
5.788136,4.952778
5.808076,4.963889
5.828120,4.975000
5.848315,4.983334
5.868130,4.997222
5.888383,5.008334
5.908450,5.019444
5.928419,5.025000
5.948279,5.033333
5.968442,5.047222
5.988420,5.055556
6.008508,5.072222
6.028411,5.080556
6.048652,5.083333
6.068482,5.091667
6.088538,5.097222
6.108619,5.108334
6.128755,5.116667
6.148680,5.119444
6.168701,5.125000
6.188709,5.130556
6.208746,5.136111
6.228882,5.144444
6.248986,5.152778
6.268870,5.150000
6.288944,5.152778
6.309002,5.161111
6.328989,5.166667
6.348989,5.166667
6.369055,5.169445
6.389217,5.172222
6.409144,5.175000
6.429269,5.177778
6.449277,5.180556
6.469180,5.183333
6.489449,5.183333
6.509400,5.186111
6.529474,5.186111
6.549631,5.188889
6.569375,5.188889
6.589477,5.188889
6.609645,5.191667
6.629596,5.194445
6.649543,5.194445
6.669552,5.197222
6.689647,5.194445
6.709996,5.194445
6.729909,5.197222
6.749857,5.194445
6.769701,5.197222
6.790177,5.200000
6.809808,5.200000
6.830292,5.197222
6.850000,5.200000
6.869898,5.200000
6.889900,5.191667
6.910128,5.188889
6.930105,5.194445
6.950056,5.191667
6.970088,5.183333
6.990094,5.191667
7.010150,5.194445
7.030239,5.194445
7.050267,5.194445
7.070247,5.197222
7.090258,5.194445
7.110303,5.183333
7.130399,5.188889
7.150368,5.188889
7.170477,5.183333
7.190516,5.180556
7.210525,5.180556
7.230519,5.177778
7.250594,5.175000
7.270669,5.172222
7.290645,5.169445
7.310635,5.166667
7.330698,5.163889
7.350729,5.158333
7.370769,5.158333
7.390933,5.155556
7.410846,5.152778
7.430908,5.155556
7.450991,5.155556
7.470960,5.152778
7.490987,5.150000
7.511067,5.147223
7.531094,5.150000
7.551129,5.147223
7.571136,5.144444
7.591139,5.141667
7.611265,5.136111
7.631224,5.136111
7.651257,5.133334
7.671356,5.122222
7.691286,5.116667
7.711344,5.122222
7.731405,5.116667
7.751428,5.108334
7.771508,5.102778
7.791467,5.102778
7.811570,5.102778
7.832031,5.100000
7.851578,5.097222
7.871678,5.097222
7.891661,5.094445
7.911744,5.097222
7.931751,5.091667
7.951805,5.088889
7.971850,5.088889
7.992073,5.088889
8.011881,5.088889
8.031971,5.086111
8.052195,5.083333
8.072119,5.080556
8.092055,5.075000
8.112145,5.072222
8.132214,5.069445
8.152188,5.069445
8.172152,5.069445
8.192384,5.063889
8.212307,5.061111
8.232394,5.063889
8.252333,5.061111
8.272317,5.047222
8.292361,5.050000
8.312484,5.050000
8.332521,5.050000
8.352461,5.044445
8.372502,5.036111
8.392621,5.044445
8.412627,5.047222
8.432624,5.041667
8.452636,5.030556
8.472726,5.033333
8.492728,5.033333
8.512744,5.027778
8.532823,5.027778
8.552825,5.025000
8.572921,5.008334
8.592954,5.000000
8.612961,4.997222
8.633057,4.994444
8.653227,4.991667
8.673063,4.986111
8.693142,4.983334
8.713092,4.986111
8.733112,4.980556
8.753222,4.980556
8.773176,4.983334
8.793293,4.980556
8.813535,4.977778
8.833331,4.980556
8.853306,4.977778
8.873415,4.977778
8.893472,4.975000
8.913503,4.975000
8.933542,4.966667
8.953624,4.961111
8.973600,4.958333
8.993652,4.958333
9.013836,4.952778
9.033736,4.947222
9.053879,4.947222
9.073756,4.944445
9.093719,4.941667
9.114206,4.938889
9.134026,4.938889
9.153867,4.936111
9.173907,4.933333
9.193908,4.930556
9.214021,4.930556
9.233988,4.927778
9.254011,4.919445
9.274071,4.922222
9.294219,4.922222
9.314193,4.916667
9.334194,4.913889
9.354223,4.913889
9.374202,4.911111
9.394296,4.908333
9.414281,4.908333
9.434427,4.905556
9.454338,4.900000
9.474406,4.894444
9.494487,4.891667
9.514465,4.888889
9.534552,4.883334
9.554586,4.880556
9.574579,4.877778
9.594688,4.875000
9.614718,4.872222
9.634728,4.866667
9.654714,4.863889
9.674742,4.863889
9.694963,4.861111
9.714882,4.858334
9.734926,4.855556
9.754975,4.855556
9.774921,4.852778
9.794958,4.850000
9.815194,4.850000
9.835050,4.847222
9.855053,4.844445
9.875112,4.838889
9.895110,4.841667
9.915201,4.847222
9.935230,4.852778
9.955229,4.852778
9.975341,4.850000
9.995376,4.850000
10.015349,4.855556
10.035366,4.855556
10.055462,4.858334
10.075470,4.861111
10.095490,4.863889
10.115852,4.866667
10.135733,4.869444
10.155685,4.875000
10.175678,4.877778
10.195644,4.886111
10.216251,4.891667
10.235836,4.891667
10.255898,4.897223
10.275827,4.908333
10.296083,4.916667
10.316067,4.919445
10.336042,4.925000
10.355975,4.933333
10.376121,4.938889
10.396085,4.944445
10.416127,4.950000
10.436083,4.958333
10.456199,4.963889
10.476177,4.972222
10.496227,4.977778
10.516229,4.983334
10.536218,4.988889
10.556302,4.997222
10.576311,5.002778
10.596378,5.008334
10.616395,5.019444
10.636400,5.027778
10.656475,5.033333
10.676596,5.041667
10.696579,5.050000
10.716596,5.058333
10.736638,5.063889
10.756660,5.072222
10.776836,5.077778
10.796710,5.077778
10.816801,5.077778
10.836775,5.083333
10.856811,5.091667
10.876824,5.097222
10.896993,5.100000
10.916919,5.102778
10.936996,5.108334
10.957016,5.111111
10.977010,5.116667
10.997125,5.119444
11.017090,5.122222
11.037060,5.125000
11.057128,5.127778
11.077159,5.127778
11.097229,5.133334
11.117307,5.138889
11.137295,5.141667
11.157424,5.138889
11.177439,5.136111
11.197494,5.136111
11.217461,5.136111
11.237496,5.136111
11.257634,5.130556
11.277616,5.127778
11.297672,5.133334
11.317698,5.138889
11.337687,5.138889
11.358109,5.136111
11.377927,5.136111
11.397784,5.138889
11.418113,5.141667
11.437972,5.138889
11.458149,5.138889
11.477967,5.136111
11.497933,5.138889
11.518106,5.141667
11.537985,5.141667
11.558036,5.141667
11.578038,5.138889
11.598095,5.141667
11.618385,5.138889
11.638385,5.136111
11.658508,5.133334
11.678345,5.130556
11.698380,5.127778
11.718431,5.122222
11.738417,5.119444
11.758406,5.116667
11.778668,5.113889
11.798664,5.111111
11.818614,5.108334
11.838711,5.105556
11.858608,5.102778
11.878666,5.100000
11.898649,5.097222
11.918874,5.097222
11.938881,5.094445
11.958912,5.094445
11.978927,5.094445
11.998997,5.094445
12.019366,5.091667
12.039006,5.088889
12.059160,5.086111
12.079232,5.083333
12.099155,5.080556
12.119132,5.077778
12.139178,5.072222
12.159118,5.072222
12.179194,5.066667
12.199187,5.061111
12.219234,5.061111
12.239233,5.061111
12.259281,5.055556
12.279312,5.050000
12.299360,5.050000
12.319372,5.050000
12.339427,5.047222
12.359523,5.047222
12.379463,5.044445
12.399521,5.041667
12.419590,5.041667
12.439625,5.038889
12.459636,5.033333
12.479697,5.027778
12.499704,5.025000
12.519757,5.019444
12.539771,5.013889
12.559765,5.011111
12.580064,5.008334
12.599917,5.005556
12.619986,5.000000
12.639988,4.997222
12.659933,4.997222
12.680016,4.994444
12.700096,4.988889
12.720072,4.986111
12.740119,4.986111
12.760195,4.986111
12.780177,4.983334
12.800244,4.977778
12.820250,4.977778
12.840513,4.975000
12.860540,4.972222
12.880489,4.969445
12.900472,4.966667
12.920499,4.966667
12.940511,4.966667
12.960564,4.961111
12.980488,4.955555
13.000607,4.952778
13.020720,4.950000
13.040651,4.950000
13.060880,4.944445
13.081534,4.941667
13.100698,4.941667
13.120781,4.936111
13.140811,4.930556
13.160818,4.933333
13.180897,4.930556
13.200906,4.922222
13.221081,4.916667
13.241064,4.913889
13.261115,4.911111
13.281051,4.908333
13.301065,4.908333
13.321114,4.908333
13.341230,4.905556
13.361141,4.900000
13.381269,4.897223
13.401293,4.894444
13.421287,4.888889
13.441379,4.886111
13.461416,4.886111
13.481447,4.886111
13.501430,4.883334
13.521458,4.883334
13.541574,4.880556
13.561731,4.880556
13.581573,4.880556
13.601653,4.877778
13.621580,4.877778
13.641697,4.877778
13.661735,4.877778
13.681725,4.875000
13.701800,4.875000
13.721858,4.875000
13.741858,4.875000
13.762008,4.872222
13.781926,4.869444
13.802048,4.869444
13.822101,4.866667
13.842068,4.863889
13.862086,4.863889
13.882061,4.863889
13.902131,4.872222
13.922192,4.877778
13.942300,4.877778
13.962226,4.880556
13.982296,4.886111
14.002382,4.888889
14.022338,4.897223
14.042414,4.900000
14.062440,4.902778
14.082500,4.908333
14.102528,4.916667
14.122509,4.919445
14.142645,4.925000
14.162685,4.930556
14.182668,4.927778
14.202821,4.933333
14.222765,4.941667
14.242765,4.944445
14.262809,4.950000
14.282871,4.958333
14.302839,4.969445
14.322885,4.980556
14.342936,4.988889
14.363098,4.994444
14.382954,5.008334
14.403127,5.019444
14.423202,5.033333
14.443173,5.044445
14.463194,5.055556
14.483279,5.066667
14.503243,5.075000
14.523219,5.083333
14.543278,5.091667
14.563274,5.097222
14.583332,5.102778
14.603386,5.108334
14.623462,5.111111
14.643434,5.119444
14.663531,5.125000
14.683537,5.130556
14.703680,5.136111
14.723599,5.141667
14.743767,5.150000
14.763659,5.161111
14.783700,5.166667
14.803842,5.172222
14.823741,5.177778
14.843783,5.177778
14.863832,5.175000
14.883825,5.175000
14.903947,5.180556
14.923913,5.186111
14.944081,5.186111
14.963946,5.186111
14.983994,5.186111
15.004054,5.186111
15.024050,5.188889
15.044177,5.188889
15.064151,5.191667
15.084222,5.191667
15.104216,5.194445
15.124223,5.194445
15.144290,5.194445
15.164324,5.194445
15.184447,5.194445
15.204393,5.191667
15.224537,5.194445
15.244382,5.194445
15.264462,5.194445
15.284539,5.191667
15.304558,5.191667
15.324593,5.191667
15.344631,5.188889
15.364622,5.191667
15.384868,5.188889
15.404797,5.186111
15.424718,5.186111
15.444875,5.186111
15.464835,5.183333
15.484853,5.183333
15.504905,5.180556
15.524934,5.177778
15.545023,5.172222
15.565044,5.169445
15.585048,5.169445
15.605181,5.166667
15.625167,5.161111
15.645255,5.158333
15.665208,5.158333
15.685191,5.158333
15.705327,5.155556
15.725264,5.155556
15.745326,5.158333
15.765354,5.161111
15.785442,5.158333
15.805501,5.155556
15.825433,5.150000
15.845536,5.150000
15.865607,5.150000
15.885586,5.144444
15.905652,5.136111
15.925702,5.127778
15.945646,5.125000
15.965731,5.125000
15.985734,5.122222
16.005804,5.116667
16.025916,5.113889
16.046108,5.108334
16.065873,5.108334
16.086208,5.116667
16.105941,5.108334
16.125981,5.094445
16.146029,5.097222
16.166100,5.097222
16.186133,5.094445
16.206188,5.086111
16.226131,5.083333
16.246279,5.083333
16.266248,5.077778
16.286305,5.075000
16.306361,5.069445
16.326330,5.063889
16.346464,5.061111
16.366437,5.052778
16.386508,5.047222
16.406504,5.044445
16.426534,5.036111
16.446551,5.036111
16.466567,5.033333
16.486640,5.030556
16.506684,5.033333
16.526672,5.030556
16.546773,5.025000
16.566784,5.027778
16.586875,5.025000
16.606893,5.016667
16.626854,5.016667
16.646908,5.013889
16.667141,5.011111
16.687176,5.005556
16.706979,4.994444
16.727261,4.994444
16.747222,4.991667
16.767350,4.977778
16.787498,4.975000
16.807182,4.969445
16.827321,4.966667
16.847290,4.966667
16.867267,4.958333
16.887477,4.955555
16.907333,4.952778
16.927420,4.952778
16.947490,4.952778
16.967442,4.947222
16.987476,4.944445
17.007537,4.947222
17.027568,4.947222
17.047624,4.944445
17.067688,4.938889
17.087641,4.936111
17.107704,4.927778
17.127985,4.927778
17.147994,4.925000
17.168121,4.916667
17.187951,4.911111
17.208073,4.902778
17.227977,4.897223
17.248553,4.897223
17.268406,4.891667
17.288402,4.883334
17.308182,4.883334
17.328363,4.880556
17.348541,4.880556
17.368811,4.877778
17.388791,4.875000
17.408492,4.877778
17.428893,4.875000
17.448850,4.872222
17.468798,4.869444
17.488868,4.863889
17.508493,4.858334
17.528988,4.858334
17.548802,4.858334
17.569116,4.844445
17.589099,4.836111
17.608766,4.838889
17.629026,4.836111
17.648911,4.836111
17.669112,4.827778
17.689148,4.827778
17.708910,4.825000
17.728862,4.819445
17.748850,4.813889
17.769126,4.813889
17.789094,4.811111
17.808901,4.816667
17.829178,4.816667
17.849002,4.816667
17.869071,4.811111
17.889302,4.813889
17.909124,4.816667
17.929144,4.813889
17.949267,4.819445
17.969248,4.825000
17.989210,4.825000
18.009290,4.830555
18.029276,4.833333
18.049395,4.836111
18.069422,4.847222
18.089454,4.850000
18.109468,4.855556
18.129562,4.858334
18.149564,4.861111
18.169717,4.866667
18.189688,4.869444
18.209657,4.872222
18.229635,4.877778
18.249678,4.883334
18.269769,4.886111
18.289732,4.888889
18.309843,4.894444
18.329833,4.897223
18.349830,4.911111
18.369956,4.916667
18.389909,4.919445
18.409918,4.919445
18.429994,4.922222
18.450191,4.930556
18.470075,4.936111
18.490114,4.936111
18.510117,4.938889
18.530207,4.941667
18.550412,4.941667
18.570236,4.941667
18.590296,4.944445
18.610327,4.944445
18.630320,4.947222
18.650503,4.950000
18.670409,4.950000
18.690635,4.950000
18.710472,4.952778
18.730531,4.950000
18.750564,4.950000
18.770615,4.944445
18.790700,4.944445
18.810639,4.919445
18.830658,4.869444
18.850725,4.833333
18.870762,4.822222
18.890766,4.800000
18.910811,4.797222
18.930824,4.794445
18.950980,4.775000
18.970961,4.747222
18.990929,4.716667
19.010985,4.686111
19.031178,4.647223
19.051084,4.605556
19.071126,4.569445
19.091165,4.536111
19.111204,4.511111
19.131206,4.486111
19.151258,4.461111
19.171262,4.433333
19.191415,4.416667
19.211334,4.400000
19.231375,4.372222
19.251463,4.338889
19.271486,4.302778
19.291479,4.275000
19.311554,4.252778
19.331598,4.227778
19.351593,4.205555
19.371625,4.191667
19.391676,4.177778
19.411680,4.166667
19.431788,4.147223
19.451750,4.133333
19.471777,4.116667
19.491932,4.100000
19.511859,4.086111
19.531924,4.069445
19.551937,4.055556
19.571957,4.044445
19.592001,4.038889
19.612031,4.030556
19.632121,4.022223
19.652087,4.013889
19.672156,4.008333
19.692248,3.997222
19.712285,3.986111
19.732351,3.975000
19.752253,3.966667
19.772336,3.958333
19.792364,3.947222
19.812360,3.944445
19.832484,3.938889
19.852589,3.936111
