0.666795,0.523000
0.700160,0.523000
0.730638,0.523000
0.867209,0.523000
0.933259,0.523000
1.067900,0.523000
1.102279,0.523000
1.135767,0.523000
1.166162,0.523000
1.237100,0.523000
1.269462,0.523000
1.370897,0.523000
1.437690,0.523000
1.470164,0.523000
1.537971,0.523000
1.606992,0.523000
1.640397,0.523000
1.738551,0.523000
1.803381,0.523000
2.004086,0.523000
2.038681,0.523000
2.106468,0.523000
2.142584,0.523000
2.174857,0.523000
2.304540,0.523000
2.507716,0.523000
2.704228,0.488000
3.002841,0.488000
3.137871,0.492000
3.169318,0.493000
3.203821,0.493000
3.402301,0.515000
3.436817,0.515000
3.503647,0.522000
3.637194,0.537000
3.705020,0.541000
3.737632,0.546000
3.804423,0.555000
3.902652,0.565000
4.070842,0.579000
4.135725,0.586000
4.172281,0.586000
4.204651,0.588000
4.241093,0.592000
4.375805,0.602000
4.404294,0.602000
4.472123,0.609000
4.504564,0.610000
4.603969,0.612000
4.705115,0.614000
4.741478,0.614000
4.974479,0.601000
5.208581,0.580000
5.242886,0.573000
5.277477,0.566000
5.442580,0.497000
5.476231,0.495000
5.508412,0.456000
5.575387,0.405000
5.608917,0.407000
5.643098,0.414000
5.744721,0.358000
5.779124,0.347000
5.876394,0.344000
5.975770,0.342000
6.109041,0.316000
6.175849,0.314000
6.276222,0.349000
6.308672,0.349000
6.374437,0.352000
6.474917,0.365000
6.507356,0.384000
6.674603,0.409000
6.740427,0.393000
6.807231,0.384000
6.842663,0.388000
6.940919,0.370000
6.975368,0.370000
7.008499,0.395000
7.042217,0.389000
7.174196,0.412000
7.275263,0.412000
7.307687,0.414000
7.375573,0.409000
7.441807,0.411000
7.574483,0.419000
7.675840,0.405000
7.741593,0.407000
7.776074,0.414000
7.841919,0.419000
7.909167,0.437000
8.011910,0.421000
8.176177,0.407000
8.209696,0.409000
8.276467,0.409000
8.310961,0.389000
8.478072,0.423000
8.512472,0.423000
8.713097,0.428000
8.745514,0.423000
8.812543,0.444000
8.881654,0.432000
8.913687,0.405000
9.012928,0.393000
9.079860,0.386000
9.146677,0.372000
9.245943,0.402000
9.280745,0.412000
9.513948,0.421000
9.615354,0.400000
9.780812,0.365000
9.880925,0.389000
10.046087,0.398000
10.145734,0.388000
10.212129,0.407000
10.244610,0.414000
10.279200,0.409000
10.311494,0.402000
10.379437,0.384000
10.446285,0.381000
10.479964,0.381000
10.545544,0.391000
10.679330,0.393000
10.780678,0.412000
10.880973,0.435000
11.013605,0.391000
11.214261,0.409000
11.280120,0.407000
11.314449,0.414000
11.480711,0.442000
11.648783,0.425000
11.782467,0.423000
11.849466,0.414000
12.021478,0.432000
12.052790,0.444000
12.086771,0.423000
12.219071,0.462000
12.384501,0.456000
12.418937,0.441000
12.453276,0.421000
12.519448,0.418000
12.551986,0.416000
12.586367,0.407000
12.684699,0.418000
12.720428,0.418000
12.753565,0.402000
12.820352,0.421000
12.922175,0.433000
13.021183,0.472000
13.085912,0.476000
13.120248,0.467000
13.484907,0.404000
13.884315,0.472000
13.951121,0.481000
14.017977,0.463000
14.086806,0.446000
14.150740,0.451000
14.184361,0.439000
14.251094,0.416000
14.752028,0.414000
14.784550,0.414000
14.851337,0.428000
15.017527,0.467000
15.052840,0.467000
15.121100,0.462000
15.352839,0.402000
15.518875,0.340000
15.553069,0.312000
15.587740,0.303000
15.622024,0.316000
15.656415,0.277000
15.721259,0.319000
15.790090,0.328000
15.822506,0.326000
15.856929,0.280000
15.891368,0.294000
15.921715,0.293000
16.092331,0.280000
16.159151,0.293000
16.189586,0.273000
16.323217,0.275000
16.423561,0.305000
16.522763,0.293000
16.590637,0.296000
16.691936,0.272000
16.756797,0.331000
16.890573,0.358000
16.923018,0.363000
17.089429,0.367000
17.122736,0.365000
17.487421,0.317000
17.655532,0.293000
17.689240,0.279000
17.788207,0.310000
18.021172,0.293000
18.090165,0.319000
18.124421,0.326000
18.228382,0.340000
18.257145,0.340000
18.290495,0.354000
18.491245,0.363000
18.556361,0.361000
18.589697,0.382000
18.792513,0.409000
18.891447,0.407000
18.990749,0.453000
19.057639,0.437000
19.126460,0.432000
19.262227,0.393000
19.298680,0.393000
19.430516,0.430000
19.562291,0.407000
19.629230,0.423000
19.734601,0.453000
19.798320,0.453000
19.962373,0.456000
20.062546,0.467000
20.163941,0.474000
20.297571,0.483000
20.629938,0.492000
20.799047,0.493000
20.897429,0.493000
20.933847,0.493000
20.997769,0.490000
21.098030,0.490000
21.300767,0.486000
21.365690,0.486000
21.400319,0.486000
21.500960,0.483000
21.566361,0.481000
21.599801,0.481000
21.765986,0.479000
21.800544,0.479000
21.835950,0.479000
21.934107,0.476000
22.001956,0.474000
22.136761,0.472000
22.240496,0.469000
22.344209,0.469000
22.373682,0.469000
22.410186,0.469000
22.540898,0.469000
22.641443,0.469000
22.741522,0.467000
22.773987,0.467000
22.806326,0.467000
22.841742,0.467000
23.006961,0.469000
23.442496,0.467000
23.477018,0.467000
23.506415,0.467000
23.641108,0.467000
23.677541,0.467000
23.741514,0.467000
23.945961,0.467000
23.978374,0.467000
24.108159,0.467000
24.142624,0.467000
24.178956,0.467000
24.209408,0.467000
24.243987,0.467000
24.478791,0.467000
24.576050,0.467000
24.608419,0.467000
24.642982,0.467000
24.944144,0.467000
25.252140,0.467000
25.487567,0.467000
25.517957,0.467000
25.553513,0.467000
25.584858,0.467000
25.617350,0.467000
26.184765,0.467000
26.217134,0.467000
26.352188,0.467000
26.418041,0.467000
26.485968,0.467000
26.520436,0.467000
26.552887,0.467000
26.753446,0.467000
26.818502,0.467000
26.852885,0.467000
26.954020,0.467000
26.988504,0.467000
27.021037,0.467000
27.121230,0.467000
27.223737,0.467000
27.256001,0.467000
27.290884,0.467000
27.491499,0.467000
27.526002,0.467000
27.691974,0.465000
27.759900,0.467000
27.828820,0.467000
27.927052,0.467000
28.061713,0.467000
28.098190,0.467000
28.230052,0.465000
28.262298,0.467000
28.296818,0.465000
28.331318,0.465000
28.363950,0.465000
28.461955,0.465000
28.496514,0.465000
28.529903,0.465000
28.762808,0.465000
28.797204,0.465000
28.962970,0.465000
29.063422,0.465000
29.132317,0.465000
29.199198,0.465000
29.331019,0.465000
29.397840,0.465000
29.463735,0.465000
29.500443,0.465000
29.632766,0.465000
29.699856,0.465000
29.734102,0.465000
29.902023,0.465000
29.934596,0.465000
30.034847,0.465000
30.068252,0.465000
30.104615,0.465000
30.205992,0.465000
30.335625,0.465000
30.370089,0.465000
30.441031,0.465000
30.507953,0.465000
30.541280,0.465000
30.711432,0.465000
30.744317,0.465000
30.873443,0.465000
30.942331,0.465000
30.974733,0.465000
31.072060,0.465000
31.108576,0.465000
31.341060,0.467000
31.507168,0.467000
31.541218,0.467000
31.672939,0.467000
31.740870,0.467000
31.807704,0.467000
31.841407,0.467000
31.874398,0.467000
32.074068,0.465000
32.141924,0.465000
32.174293,0.465000
32.210647,0.465000
32.576369,0.465000
32.645290,0.465000
32.714032,0.465000
32.812354,0.465000
32.878262,0.465000
32.979794,0.465000
33.045406,0.467000
33.077891,0.467000
33.145720,0.465000
33.315027,0.465000
33.350381,0.465000
33.484275,0.465000
33.514477,0.467000
33.548960,0.467000
33.850821,0.467000
34.014853,0.467000
34.082740,0.467000
34.115201,0.467000
34.249933,0.467000
34.683739,0.467000
34.713981,0.467000
34.748462,0.467000
35.015823,0.467000
35.216468,0.467000
35.252831,0.467000
35.285272,0.467000
35.416942,0.467000
35.453367,0.467000
35.489236,0.467000
35.551984,0.467000
35.618817,0.467000
35.787076,0.467000
35.887480,0.467000
35.955270,0.467000
35.991776,0.467000
36.022050,0.467000
36.255018,0.467000
36.289771,0.467000
36.320154,0.467000
36.356779,0.467000
36.458986,0.467000
36.494528,0.467000
36.526783,0.467000
36.561299,0.467000
36.593642,0.467000
36.625259,0.467000
36.659753,0.467000
36.725483,0.467000
36.792514,0.467000
36.826907,0.467000
37.027575,0.467000
37.062010,0.467000
37.360042,0.467000
37.493613,0.467000
37.560709,0.467000
37.625222,0.467000
37.759047,0.467000
37.793434,0.467000
37.996180,0.467000
38.064857,0.467000
38.099478,0.467000
38.131829,0.467000
38.163143,0.467000
38.330355,0.467000
38.364730,0.467000
38.399305,0.467000
38.698175,0.467000
38.730366,0.467000
38.763877,0.467000
38.800720,0.467000
38.899909,0.467000
39.068151,0.467000
39.106734,0.467000
39.134931,0.467000
39.335658,0.467000
39.367855,0.467000
39.467167,0.467000
39.501605,0.467000
39.568408,0.467000
39.602869,0.467000
39.636406,0.467000
39.702230,0.467000
39.801627,0.467000
39.867779,0.467000
39.969230,0.467000
40.104062,0.467000
40.336765,0.467000
40.369303,0.467000
40.403787,0.467000
40.435088,0.467000
40.638649,0.467000
40.670147,0.467000
40.837391,0.467000
40.906026,0.467000
41.070171,0.467000
41.144180,0.467000
41.173368,0.467000
41.209844,0.467000
41.339475,0.467000
41.372365,0.467000
41.442836,0.467000
41.507629,0.467000
41.572499,0.467000
41.709211,0.467000
41.841858,0.467000
41.947249,0.467000
42.011082,0.467000
42.113243,0.467000
42.181114,0.467000
42.217615,0.469000
42.249097,0.469000
42.282484,0.469000
42.349292,0.467000
42.381746,0.467000
42.483672,0.469000
42.649194,0.469000
42.716107,0.469000
42.781969,0.469000
42.914720,0.469000
42.981504,0.469000
43.115264,0.469000
43.219753,0.469000
43.350466,0.469000
43.415107,0.469000
43.451552,0.469000
43.485926,0.467000
43.517317,0.469000
43.585184,0.469000
43.751389,0.467000
43.784932,0.469000
44.152487,0.469000
44.488936,0.467000
44.523427,0.467000
44.724020,0.467000
44.824496,0.467000
44.861004,0.467000
44.893276,0.467000
44.958062,0.467000
45.024958,0.467000
45.059453,0.467000
45.092826,0.467000
45.359331,0.467000
45.491813,0.467000
45.558810,0.467000
45.957850,0.467000
46.024770,0.467000
46.225269,0.467000
46.259857,0.467000
46.294511,0.467000
46.394745,0.467000
46.460909,0.467000
46.761670,0.467000
46.996558,0.467000
47.061398,0.467000
47.261411,0.467000
47.464852,0.467000
47.502290,0.467000
47.532775,0.467000
47.565163,0.467000
47.599621,0.467000
47.665224,0.467000
47.698738,0.467000
47.831354,0.467000
47.999550,0.467000
48.034000,0.467000
48.066361,0.467000
48.233589,0.467000
48.331957,0.467000
48.465633,0.467000
48.698434,0.467000
48.732852,0.467000
48.765577,0.467000
48.865468,0.467000
49.064889,0.467000
49.265444,0.467000
49.498582,0.467000
49.534953,0.467000
49.567400,0.467000
49.603916,0.467000
49.635268,0.467000
49.734674,0.467000
49.802468,0.467000
49.838869,0.467000
49.871577,0.467000
49.902705,0.467000
50.069835,0.467000
50.106326,0.467000
50.138709,0.467000
50.268503,0.467000
50.302804,0.467000
50.369878,0.467000
50.408174,0.467000
50.438608,0.467000
50.471116,0.467000
50.540952,0.467000
50.643209,0.467000
50.708090,0.467000
50.875457,0.467000
50.907651,0.467000
50.974605,0.467000
51.076012,0.467000
51.112368,0.467000
51.444597,0.467000
51.679707,0.467000
51.713998,0.467000
51.744411,0.467000
52.044277,0.467000
52.110721,0.467000
52.145284,0.467000
52.212139,0.467000
52.378372,0.467000
52.611186,0.467000
52.682096,0.467000
52.721262,0.467000
52.747523,0.467000
52.811289,0.467000
52.847671,0.467000
52.947071,0.467000
52.979550,0.467000
53.047296,0.467000
53.113040,0.467000
53.216295,0.467000
53.314045,0.467000
53.383276,0.467000
53.415434,0.467000
53.756453,0.467000
53.789383,0.467000
53.853147,0.467000
53.919076,0.467000
54.120072,0.467000
54.386516,0.467000
54.519250,0.467000
54.653039,0.467000
54.685217,0.467000
54.718823,0.467000
55.153503,0.467000
55.185861,0.467000
55.354143,0.467000
55.453448,0.467000
55.587070,0.467000
55.820246,0.467000
55.854805,0.467000
55.919449,0.467000
55.953900,0.467000
55.986229,0.467000
56.288078,0.467000
56.320595,0.467000
56.555633,0.467000
56.656856,0.467000
56.756232,0.467000
56.790739,0.467000
56.857678,0.467000
56.892070,0.467000
57.090788,0.467000
57.125075,0.467000
57.224275,0.467000
57.424966,0.467000
57.457618,0.467000
57.491965,0.467000
57.556845,0.467000
57.623588,0.467000
57.656214,0.467000
57.690517,0.467000
57.724866,0.467000
57.757430,0.467000
58.123290,0.467000
58.188995,0.467000
58.388674,0.467000
58.423050,0.467000
58.454612,0.467000
58.588408,0.467000
58.621838,0.467000
58.688100,0.467000
58.722148,0.467000
58.754730,0.467000
58.955347,0.467000
58.989782,0.467000
59.054772,0.467000
59.222887,0.467000
59.289794,0.467000
59.354758,0.467000
59.423358,0.467000
59.455917,0.467000
59.555279,0.467000
59.588733,0.467000
59.688999,0.467000
59.723302,0.467000
59.756878,0.467000
59.922920,0.467000
60.056377,0.467000
60.224455,0.467000
60.360227,0.467000
60.392698,0.467000
60.494022,0.467000
60.528392,0.467000
60.561083,0.467000
60.726909,0.467000
60.761393,0.467000
60.792087,0.467000
60.828271,0.467000
60.994310,0.467000
61.028966,0.467000
61.063253,0.467000
61.227374,0.467000
61.294421,0.467000
61.655056,0.467000
61.760391,0.467000
61.792860,0.467000
61.859764,0.467000
61.959188,0.467000
61.991551,0.467000
62.025813,0.467000
62.224393,0.467000
62.259064,0.467000
62.291335,0.467000
62.492105,0.467000
62.526286,0.467000
62.592328,0.467000
62.626812,0.467000
62.690513,0.467000
62.759551,0.467000
62.791885,0.467000
63.061290,0.467000
63.128170,0.467000
63.158605,0.467000
63.225473,0.467000
63.260075,0.467000
63.392709,0.467000
63.460578,0.467000
63.493126,0.467000
63.594456,0.467000
63.726088,0.467000
63.760732,0.467000
64.064530,0.467000
64.097112,0.467000
64.167115,0.467000
64.297949,0.467000
64.364663,0.467000
64.498427,0.467000
64.597857,0.467000
64.666643,0.467000
64.701368,0.467000
64.798390,0.467000
64.830774,0.467000
64.929949,0.467000
64.965564,0.467000
65.098162,0.467000
65.130522,0.467000
65.198450,0.467000
65.264236,0.467000
65.397040,0.467000
65.497267,0.467000
65.596522,0.467000
65.696728,0.467000
65.762506,0.467000
65.795920,0.467000
65.961410,0.467000
65.995757,0.467000
66.027935,0.467000
66.128286,0.467000
66.297414,0.467000
66.327955,0.467000
66.530479,0.467000
66.597224,0.467000
66.730861,0.467000
66.763229,0.467000
66.797869,0.467000
66.897028,0.467000
66.931716,0.467000
66.963944,0.467000
67.162482,0.467000
67.231443,0.467000
67.263891,0.467000
67.298328,0.467000
67.364113,0.467000
67.600272,0.467000
67.736197,0.467000
67.803014,0.467000
67.835293,0.467000
67.901195,0.467000
68.167716,0.465000
68.303749,0.465000
68.338341,0.465000
68.501263,0.476000
68.802027,0.483000
68.835266,0.485000
68.967029,0.488000
69.133194,0.490000
69.266557,0.492000
69.300616,0.492000
69.499395,0.490000
69.566092,0.488000
69.600640,0.488000
69.633051,0.486000
69.799296,0.483000
69.866645,0.481000
70.101112,0.470000
70.166888,0.469000
70.200241,0.469000
70.233730,0.469000
70.300250,0.465000
70.534237,0.423000
70.666906,0.402000
70.834174,0.391000
70.869240,0.381000
71.035433,0.358000
71.067892,0.358000
71.102287,0.342000
71.136891,0.347000
71.339457,0.386000
71.373897,0.414000
71.444799,0.481000
71.537701,0.519000
71.672419,0.529000
71.704827,0.537000
71.772660,0.552000
71.872954,0.574000
71.939743,0.589000
71.975565,0.597000
72.073736,0.601000
72.175076,0.607000
72.208386,0.609000
72.373543,0.614000
72.604661,0.611000
72.837770,0.591000
72.939315,0.574000
73.137586,0.538000
73.338120,0.441000
73.403024,0.388000
73.637311,0.444000
73.837845,0.467000
74.072868,0.423000
74.105192,0.414000
74.174071,0.428000
74.238016,0.412000
74.338380,0.428000
74.473267,0.423000
74.575504,0.398000
74.607837,0.418000
74.676680,0.405000
74.710100,0.400000
74.742105,0.405000
74.842850,0.335000
74.877284,0.418000
74.944248,0.331000
74.976655,0.307000
75.013057,0.293000
75.081275,0.319000
75.110397,0.323000
75.142815,0.272000
75.243999,0.282000
75.343223,0.294000
75.377684,0.314000
75.410109,0.340000
75.579271,0.393000
75.643115,0.409000
75.677594,0.409000
75.711012,0.414000
75.776776,0.428000
75.843759,0.472000
76.009828,0.495000
76.175931,0.583000
76.541395,0.573000
76.642576,0.570000
76.674951,0.568000
76.709456,0.566000
76.875534,0.518000
76.975864,0.453000
77.009321,0.439000
77.143058,0.414000
77.310272,0.381000
77.409923,0.418000
77.476817,0.418000
77.677376,0.419000
77.910425,0.462000
78.111104,0.495000
78.146575,0.509000
78.180921,0.517000
78.280277,0.513000
78.413903,0.460000
78.648841,0.442000
78.714725,0.467000
78.816237,0.504000
78.848894,0.504000
78.880381,0.509000
78.916480,0.508000
78.981529,0.499000
79.015925,0.504000
79.149587,0.474000
79.281533,0.442000
79.481961,0.476000
79.946952,0.460000
80.147446,0.451000
80.248751,0.499000
80.281207,0.510000
80.514237,0.522000
80.613528,0.513000
81.114047,0.428000
81.180762,0.456000
81.313681,0.428000
81.348094,0.437000
81.413990,0.462000
81.448417,0.499000
81.547602,0.528000
81.683385,0.532000
81.916396,0.442000
82.017741,0.421000
82.151432,0.412000
82.287396,0.456000
82.357383,0.486000
82.451367,0.497000
82.485859,0.483000
82.717868,0.485000
82.752419,0.460000
82.853567,0.435000
83.018652,0.474000
83.085425,0.465000
83.615821,0.460000
83.651359,0.460000
83.684013,0.469000
83.716103,0.442000
83.782995,0.465000
83.886378,0.509000
83.916875,0.509000
83.951302,0.510000
83.984700,0.509000
84.184893,0.513000
84.251765,0.497000
84.452613,0.483000
84.484890,0.476000
84.787176,0.463000
84.985369,0.477000
85.086723,0.503000
85.188101,0.514000
85.222427,0.509000
85.254967,0.521000
85.289313,0.512000
85.322352,0.529000
85.356311,0.556000
85.392795,0.555000
85.457726,0.547000
85.556016,0.510000
85.756513,0.474000
85.856958,0.479000
85.925615,0.481000
85.957120,0.472000
85.991748,0.481000
86.024271,0.492000
86.056494,0.512000
86.123379,0.504000
86.224557,0.526000
86.257130,0.508000
86.291494,0.492000
86.590404,0.513000
86.723122,0.509000
87.023043,0.508000
87.123275,0.483000
87.189432,0.460000
87.491155,0.497000
87.523506,0.490000
87.555954,0.481000
87.589357,0.458000
87.689780,0.467000
87.754479,0.481000
87.791270,0.481000
87.924084,0.483000
87.956864,0.483000
87.990779,0.472000
88.025201,0.472000
88.155412,0.537000
88.324596,0.472000
88.357153,0.453000
88.389506,0.449000
88.525319,0.462000
88.657141,0.460000
88.689591,0.455000
88.927876,0.508000
89.029234,0.508000
89.063772,0.495000
89.128447,0.472000
89.161970,0.479000
89.193316,0.479000
89.229869,0.472000
89.294883,0.467000
89.462668,0.449000
89.495046,0.456000
89.564083,0.500000
89.595403,0.501000
89.894409,0.481000
90.227458,0.505000
90.360434,0.483000
90.392771,0.483000
90.559997,0.488000
90.628897,0.470000
90.692586,0.492000
90.759390,0.501000
90.791814,0.501000
90.893173,0.521000
90.992356,0.510000
91.026741,0.509000
91.061295,0.514000
91.128142,0.497000
91.192868,0.499000
91.259855,0.488000
91.492803,0.486000
91.694016,0.469000
91.728351,0.469000
91.760907,0.503000
91.924153,0.500000
91.995108,0.500000
92.027321,0.497000
92.162509,0.529000
92.430670,0.550000
92.466069,0.550000
92.499464,0.550000
92.667041,0.531000
92.700393,0.526000
92.765253,0.522000
92.897920,0.532000
93.099772,0.527000
93.131262,0.526000
93.265743,0.526000
93.300280,0.526000
93.399496,0.504000
93.466329,0.510000
93.664853,0.476000
93.732628,0.490000
94.098627,0.521000
94.464278,0.462000
94.530088,0.456000
94.597052,0.446000
94.663854,0.488000
94.799760,0.483000
94.831955,0.497000
95.030546,0.488000
95.099795,0.469000
95.231223,0.405000
95.267611,0.405000
95.300135,0.423000
95.331442,0.425000
95.564712,0.444000
95.633781,0.432000
95.700474,0.412000
95.734915,0.421000
95.769269,0.421000
95.804265,0.400000
95.868669,0.389000
95.903095,0.391000
95.969017,0.402000
96.036797,0.421000
96.070250,0.419000
96.102740,0.421000
96.136214,0.439000
96.270009,0.409000
96.304452,0.462000
96.339679,0.460000
96.369241,0.386000
96.404217,0.379000
96.537343,0.449000
96.569697,0.416000
96.604173,0.430000
96.806110,0.479000
96.838249,0.458000
96.903086,0.441000
97.137730,0.425000
97.237031,0.435000
97.269514,0.435000
97.502479,0.483000
97.602270,0.428000
97.767895,0.397000
97.802445,0.404000
97.935079,0.448000
98.168236,0.430000
98.301957,0.462000
98.403365,0.433000
98.468204,0.430000
98.535339,0.437000
98.567483,0.437000
98.602009,0.455000
98.636489,0.467000
98.701371,0.460000
98.735875,0.481000
98.768284,0.481000
98.869547,0.425000
99.069058,0.446000
99.170648,0.423000
99.301559,0.419000
99.404894,0.444000
99.474046,0.501000
99.641063,0.446000
99.774905,0.446000
99.906374,0.423000
99.944970,0.432000
99.976342,0.414000
100.074563,0.395000
100.106974,0.384000
100.275106,0.428000
100.306523,0.460000
100.407751,0.501000
100.476633,0.449000
100.576155,0.449000
100.606485,0.439000
100.642600,0.453000
100.675532,0.439000
101.007096,0.411000
101.174091,0.474000
101.340584,0.453000
101.405122,0.446000
101.573335,0.402000
101.605717,0.398000
101.806523,0.435000
101.840923,0.437000
101.905765,0.458000
101.940255,0.453000
101.974731,0.449000
102.008076,0.449000
102.106417,0.453000
102.142944,0.470000
102.274538,0.474000
102.341464,0.465000
102.577332,0.411000
102.642952,0.372000
102.676653,0.411000
102.875724,0.446000
103.083157,0.460000
103.112545,0.451000
103.145014,0.444000
103.582115,0.439000
103.616181,0.439000
103.646816,0.465000
103.681030,0.470000
103.746800,0.505000
103.782357,0.508000
103.847148,0.500000
103.882118,0.469000
103.946432,0.465000
104.047823,0.463000
104.147020,0.501000
104.380169,0.460000
104.580833,0.433000
104.613386,0.433000
104.913286,0.462000
105.080285,0.414000
105.313284,0.425000
105.380185,0.449000
105.412578,0.446000
105.580787,0.435000
105.615279,0.435000
105.647657,0.467000
105.682221,0.469000
105.782492,0.469000
105.880746,0.428000
105.945668,0.412000
106.014616,0.409000
106.082276,0.435000
106.383414,0.425000
106.415870,0.428000
106.618508,0.368000
106.652984,0.389000
106.721947,0.393000
106.819281,0.407000
106.851643,0.391000
107.186517,0.465000
107.220965,0.477000
107.253370,0.469000
107.384064,0.416000
107.452909,0.430000
107.518728,0.389000
107.619069,0.388000
107.951442,0.451000
108.251349,0.419000
108.350655,0.377000
108.383155,0.377000
108.417588,0.379000
108.451286,0.377000
108.518109,0.395000
108.650899,0.437000
108.717754,0.469000
108.851516,0.398000
109.018679,0.409000
109.084442,0.358000
109.117986,0.349000
109.152356,0.349000
109.184903,0.377000
109.286184,0.442000
109.452594,0.416000
109.519478,0.456000
109.684494,0.432000
109.753104,0.391000
109.852556,0.363000
109.884854,0.363000
109.919374,0.367000
109.953979,0.370000
110.088664,0.411000
110.156509,0.421000
110.188908,0.432000
110.256800,0.397000
110.323971,0.412000
110.360345,0.402000
110.422273,0.407000
110.557991,0.389000
110.589314,0.389000
110.722229,0.384000
110.890645,0.365000
110.923246,0.382000
111.057716,0.381000
111.157979,0.370000
111.223333,0.377000
111.654942,0.430000
111.756249,0.416000
111.788744,0.421000
111.954769,0.379000
112.155041,0.405000
112.456067,0.435000
112.521923,0.428000
112.689122,0.414000
112.822156,0.384000
112.890741,0.381000
112.923420,0.374000
113.122706,0.384000
113.255603,0.411000
113.321416,0.425000
113.424191,0.398000
113.458389,0.393000
113.960330,0.381000
113.995186,0.395000
114.094843,0.437000
114.126006,0.437000
114.158582,0.405000
114.227430,0.386000
114.260193,0.395000
114.393587,0.368000
114.497062,0.388000
114.659096,0.426000
114.728040,0.479000
114.928640,0.458000
114.961097,0.455000
115.060554,0.446000
115.159794,0.448000
115.226758,0.465000
115.392862,0.483000
115.494069,0.488000
115.527619,0.470000
115.625759,0.499000
115.692778,0.508000
115.727160,0.504000
115.793169,0.510000
115.925975,0.512000
115.994925,0.517000
116.059639,0.504000
116.094134,0.486000
116.193367,0.460000
116.292683,0.456000
116.326138,0.458000
116.358538,0.462000
116.427449,0.467000
116.459964,0.483000
116.595737,0.533000
116.695160,0.538000
116.859389,0.522000
116.893894,0.523000
116.928222,0.523000
116.960758,0.523000
117.028609,0.527000
117.096460,0.545000
117.126789,0.552000
117.193642,0.555000
117.430727,0.558000
117.464074,0.556000
117.664623,0.527000
117.731613,0.518000
117.798585,0.476000
117.866298,0.467000
117.898746,0.467000
117.966608,0.469000
117.999041,0.472000
118.033526,0.463000
118.068057,0.465000
118.132885,0.486000
118.266836,0.460000
118.433013,0.425000
118.533286,0.361000
118.798019,0.433000
119.132388,0.448000
119.363965,0.453000
119.396367,0.453000
119.430895,0.453000
119.495779,0.460000
119.596035,0.476000
119.730817,0.467000
119.765243,0.462000
119.896858,0.456000
120.031603,0.453000
120.231194,0.453000
120.364789,0.449000
120.431837,0.493000
120.496750,0.465000
120.630459,0.467000
120.665820,0.467000
120.732893,0.435000
120.765091,0.439000
120.933316,0.451000
120.967842,0.425000
121.032502,0.451000
121.168223,0.467000
121.268554,0.483000
121.303071,0.488000
121.367837,0.470000
121.501545,0.476000
121.569445,0.451000
121.669037,0.446000
121.704256,0.446000
121.770999,0.460000
121.834902,0.460000
121.969474,0.455000
122.002022,0.449000
122.035363,0.465000
122.169439,0.439000
122.235500,0.453000
122.335924,0.448000
122.403140,0.439000
122.701583,0.451000
122.768367,0.435000
122.967088,0.458000
123.032955,0.449000
123.100701,0.412000
123.200939,0.435000
123.233345,0.442000
123.269781,0.449000
123.302337,0.439000
123.334648,0.418000
123.468483,0.398000
123.770349,0.481000
123.868583,0.469000
123.902768,0.479000
123.934384,0.483000
123.969331,0.483000
124.001466,0.497000
124.033837,0.479000
124.069195,0.456000
124.135145,0.435000
124.202545,0.426000
124.268583,0.458000
124.335520,0.474000
124.402844,0.490000
124.503863,0.446000
124.568482,0.446000
124.704707,0.446000
124.739308,0.444000
124.806031,0.430000
124.872967,0.395000
125.006774,0.386000
125.039361,0.405000
125.073586,0.423000
125.140441,0.432000
125.239725,0.437000
125.273137,0.432000
125.308338,0.432000
125.344778,0.453000
125.373410,0.453000
125.409858,0.444000
125.472643,0.435000
125.541492,0.428000
125.573975,0.414000
125.674330,0.428000
125.808342,0.437000
126.041577,0.439000
126.239827,0.409000
126.407911,0.432000
126.473040,0.432000
126.507331,0.432000
126.572193,0.425000
126.606755,0.418000
126.640102,0.416000
126.707062,0.400000
126.739407,0.402000
126.974346,0.409000
127.006970,0.407000
127.041611,0.407000
127.073704,0.397000
127.207474,0.402000
127.344714,0.425000
127.541850,0.388000
127.574373,0.393000
127.642203,0.391000
128.010831,0.397000
128.210451,0.397000
128.244957,0.397000
128.277700,0.398000
128.312223,0.395000
128.446849,0.398000
128.479368,0.398000
128.546107,0.400000
128.779041,0.398000
129.014213,0.400000
129.048687,0.409000
129.148067,0.414000
129.181264,0.407000
129.248174,0.389000
129.280653,0.386000
129.347386,0.384000
129.778915,0.416000
130.046687,0.430000
130.079840,0.433000
130.178384,0.439000
130.211903,0.456000
130.246114,0.456000
130.410257,0.425000
130.479263,0.423000
130.511617,0.423000
130.580336,0.435000
130.746401,0.432000
130.947047,0.428000
130.979376,0.419000
131.080872,0.423000
131.146676,0.433000
131.211481,0.430000
131.280391,0.444000
131.346411,0.467000
131.547068,0.469000
131.848145,0.439000
131.949290,0.414000
131.983852,0.425000
132.016260,0.423000
132.085054,0.430000
132.152369,0.462000
132.318106,0.444000
132.518067,0.439000
132.584986,0.414000
132.685251,0.433000
132.718685,0.433000
132.751312,0.428000
132.785547,0.428000
132.883991,0.435000
132.949736,0.423000
133.018690,0.425000
133.051085,0.423000
133.184715,0.405000
133.317581,0.426000
133.381212,0.419000
133.450190,0.430000
133.517077,0.449000
133.549544,0.449000
133.584066,0.463000
133.616323,0.462000
133.650969,0.425000
133.715605,0.418000
133.782687,0.423000
133.816933,0.409000
133.882940,0.439000
134.050031,0.435000
134.084402,0.398000
134.116824,0.397000
134.150176,0.411000
134.318418,0.425000
