0.128623,0.000000
0.149056,0.000000
0.168696,0.000000
0.188706,0.000000
0.208664,0.000000
0.228769,0.000000
0.248625,0.000000
0.268681,0.000000
0.288782,0.000000
0.308801,0.000000
0.328691,0.000000
0.348645,0.000000
0.368948,0.000000
0.388702,0.000000
0.408659,0.000000
0.428669,0.000000
0.448855,0.000000
0.468701,0.000000
0.488711,0.000000
0.508703,0.000000
0.528705,0.000000
0.548659,0.000000
0.568644,0.000000
0.588841,0.000000
0.608762,0.000000
0.628595,0.000000
0.648901,0.000000
0.668784,0.000000
0.688663,0.000000
0.708701,0.000000
0.728655,0.000000
0.748735,0.000000
0.768709,0.000000
0.788840,0.000000
0.808696,0.000000
0.828677,0.000000
0.848684,0.000000
0.868656,0.000000
0.888676,0.000000
0.908632,0.000000
0.928591,0.000000
0.948671,0.000000
0.968708,0.000000
0.988782,0.000000
1.008819,0.000000
1.028700,0.000000
1.048736,0.000000
1.068838,0.000000
1.088750,0.000000
1.108671,0.000000
1.128687,0.000000
1.148698,0.000000
1.168595,0.000000
1.188925,0.000000
1.208705,0.000000
1.228796,0.000000
1.248729,0.000000
1.268635,0.000000
1.288625,0.000000
1.308731,0.000000
1.328705,0.000000
1.348714,0.000000
1.368644,0.000000
1.388686,0.000000
1.408659,0.000000
1.428735,0.000000
1.448762,0.000000
1.468707,0.000000
1.488700,0.000000
1.508648,0.000000
1.528736,0.000000
1.548665,0.000000
1.568670,0.000000
1.588802,0.000000
1.608669,0.000000
1.628678,0.000000
1.648688,0.000000
1.668756,0.000000
1.688730,0.000000
1.708647,0.000000
1.728744,0.000000
1.748727,0.000000
1.768678,0.000000
1.788649,0.000000
1.808699,0.000000
1.828645,0.000000
1.848631,0.000000
1.868731,0.000000
1.888670,0.000000
1.908639,0.000000
1.928704,0.000000
1.948642,0.000000
1.968642,0.000000
1.988686,0.000000
2.008663,0.000000
2.028705,0.000000
2.048628,0.000000
2.068664,0.000000
2.088664,0.000000
2.108660,0.000000
2.128956,0.000000
2.148736,0.000000
2.168683,0.000000
2.188631,0.000000
2.208676,0.000000
2.228733,0.000000
2.248762,0.000000
2.268685,0.000000
2.288758,0.000000
2.308742,0.000000
2.328686,0.000000
2.348882,0.000000
2.368650,0.000000
2.388730,0.000000
2.408662,0.000000
2.428617,0.000000
2.448680,0.000000
2.468729,0.000000
2.488864,0.000000
2.508691,0.000000
2.528681,0.000000
2.548697,0.000000
2.568712,0.000000
2.588709,0.000000
2.608619,0.000000
2.628699,0.000000
2.648730,0.000000
2.668607,0.000000
2.688725,0.000000
2.708726,0.000000
2.728673,0.000000
2.748660,0.000000
2.768704,0.000000
2.788627,0.000000
2.808670,0.000000
2.828794,0.000000
2.848695,0.000000
2.868772,0.000000
2.888661,0.000000
2.908699,0.000000
2.928767,0.000000
2.948762,0.000000
2.968693,0.000000
2.988660,0.000000
3.008630,0.000000
3.028844,0.000000
3.048592,0.000000
3.068618,0.000000
3.088643,0.000000
3.108675,0.000000
3.128629,0.000000
3.148687,0.000000
3.168577,0.000000
3.188689,0.000000
3.208687,0.000000
3.228682,0.000000
3.248680,0.000000
3.268649,0.000000
3.288571,0.000000
3.308645,0.000000
3.328705,0.000000
3.348695,0.000000
3.368626,0.000000
3.388680,0.000000
3.408744,0.000000
3.428694,0.000000
3.448638,0.000000
3.468734,0.000000
3.488840,0.000000
3.508616,0.000000
3.528646,0.000000
3.548748,0.000000
3.568629,0.000000
3.588831,0.000000
3.608886,0.000000
3.628675,0.000000
3.648637,0.000000
3.668623,0.000000
3.688596,0.000000
3.708661,0.000000
3.728651,0.000000
3.748709,0.000000
3.768873,0.000000
3.788692,0.000000
3.808629,0.000000
3.828673,0.000000
3.848711,0.000000
3.868749,0.000000
3.888693,0.000000
3.908712,0.000000
3.928714,0.000000
3.948696,0.000000
3.968738,0.000000
3.988639,0.000000
4.008773,0.000000
4.028662,0.000000
4.048806,0.000000
4.068616,0.000000
4.088692,0.000000
4.108788,0.000000
4.128649,0.000000
4.148616,0.000000
4.168686,0.000000
4.188830,0.000000
4.208673,0.000000
4.228593,0.000000
4.248658,0.000000
4.268627,0.000000
4.308772,0.000000
4.308784,0.000000
4.352833,0.000000
4.352881,0.000000
4.396763,0.000000
4.396771,0.000000
4.440797,0.000000
4.440807,0.000000
4.484763,0.000000
4.484774,0.000000
4.528772,0.000000
4.528783,0.000000
4.528787,0.000000
4.572768,0.000000
4.572780,0.000000
4.588659,0.000000
4.608785,0.000000
4.652811,0.000000
4.652824,0.000000
4.696805,0.000000
4.696817,0.000000
4.740798,0.000000
4.740809,0.000000
4.784759,0.000000
4.784776,0.000000
4.828769,0.000000
4.828787,0.000000
4.828794,0.000000
4.872758,0.000000
4.872768,0.000000
4.888712,0.000000
4.908688,0.000000
4.948860,0.000000
4.948877,0.000000
4.992813,0.000000
4.992826,0.000000
5.036805,0.000000
5.036818,0.000000
5.080790,0.000000
5.080809,0.000000
5.124829,0.000000
5.124836,0.000000
5.168772,0.000000
5.168782,0.000000
5.212792,0.000000
5.212807,0.000000
5.212811,0.000000
5.256823,0.000000
5.256836,0.000000
5.268737,0.000000
5.288596,0.000000
5.328777,0.000000
5.328792,0.000000
5.372830,0.000000
5.372842,0.000000
5.416789,0.000000
5.416811,0.000000
5.460874,0.000000
5.460923,0.000000
5.504766,0.000000
5.504774,0.000000
5.548756,0.000000
5.548765,0.000000
5.592811,0.000000
5.592823,0.000000
5.592829,0.000000
5.636815,0.000000
5.636828,0.000000
5.648604,0.000000
5.668623,0.000000
5.708814,0.000000
5.708820,0.000000
5.756811,0.000000
5.756824,0.000000
5.800814,0.000000
5.800832,0.000000
5.844772,0.000000
5.844781,0.000000
5.888809,0.000000
5.888825,0.000000
5.888842,0.000000
5.932797,0.000000
5.932810,0.000000
5.948693,0.000000
5.968671,0.000000
6.008815,0.000000
6.008833,0.000000
6.052835,0.000000
6.052845,0.000000
6.096768,0.000000
6.096781,0.000000
6.140758,0.000000
6.140764,0.000000
6.184789,0.000000
6.184799,0.000000
6.228821,0.000000
6.228835,0.000000
6.228842,0.000000
6.272766,0.000000
6.272773,0.000000
6.288602,0.000000
6.308792,0.000000
6.352762,0.000000
6.352774,0.000000
6.396795,0.000000
6.396808,0.000000
6.440768,0.000000
6.440778,0.000000
6.484767,0.000000
6.484780,0.000000
6.528801,0.000000
6.528815,0.000000
6.528821,0.000000
6.572801,0.000000
6.572820,0.000000
6.588745,0.000000
6.608733,0.000000
6.648780,0.000000
6.648790,0.000000
6.692789,0.000000
6.692808,0.000000
6.740866,0.000000
6.740878,0.000000
6.784772,0.000000
6.784783,0.000000
6.828783,0.000000
6.828792,0.000000
6.872810,0.000000
6.872822,0.000000
6.872826,0.000000
6.916811,0.000000
6.916820,0.000000
6.928635,0.000000
6.948738,0.000000
6.988769,0.000000
6.988778,0.000000
7.032906,0.000000
7.032912,0.000000
7.076863,0.000000
7.076870,0.000000
7.120922,0.000000
7.120936,0.000000
7.164766,0.000000
7.164776,0.000000
7.208765,0.000000
7.208777,0.000000
7.208783,0.000000
7.252851,0.000000
7.252857,0.000000
7.268680,0.000000
7.288893,0.000000
7.332864,0.000000
7.332872,0.000000
7.376760,0.000000
7.376769,0.000000
7.420919,0.000000
7.420930,0.000000
7.464772,0.000000
7.464781,0.000000
7.508782,0.000000
7.508793,0.000000
7.508803,0.000000
7.552775,0.000000
7.552791,0.000000
7.568714,0.000000
7.588739,0.000000
7.628817,0.000000
7.628823,0.000000
7.672772,0.000000
7.672779,0.000000
7.716769,0.000000
7.716785,0.000000
7.760799,0.000000
7.760810,0.000000
7.804837,0.000000
7.804849,0.000000
7.848828,0.000000
7.848846,0.000000
7.848857,0.000000
7.892761,0.000000
7.892767,0.000000
7.908656,0.000000
7.928667,0.000000
7.968776,0.000000
8.012803,0.000000
8.012818,0.000000
8.012827,0.000000
8.056793,0.000000
8.056804,0.000000
8.068640,0.000000
8.088660,0.000000
8.128812,0.000000
8.128847,0.000000
8.172748,0.000000
8.172760,0.000000
8.216796,0.000000
8.216809,0.000000
8.260780,0.000000
8.260787,0.000000
8.304776,0.000000
8.304788,0.000000
8.348770,0.000000
8.348778,0.000000
8.348782,0.000000
8.396800,0.000000
8.396814,0.000000
8.408779,0.000000
8.428692,0.000000
8.468799,0.000000
8.468809,0.000000
8.512795,0.000000
8.512809,0.000000
8.556783,0.000000
8.556793,0.000000
8.600771,0.000000
8.600780,0.000000
8.644788,0.000000
8.644802,0.000000
8.688775,0.000000
8.688788,0.000000
8.688793,0.000000
8.732768,0.000000
8.732785,0.000000
8.748712,0.000000
8.768711,0.000000
8.808777,0.000000
8.808788,0.000000
8.852768,0.000000
8.852777,0.000000
8.896785,0.000000
8.896792,0.000000
8.940961,0.000000
8.940973,0.000000
8.984771,0.000000
8.984781,0.000000
9.028782,0.000000
9.028794,0.000000
9.028807,0.000000
9.072828,0.000000
9.072836,0.000000
9.088707,0.000000
9.108628,0.000000
9.148771,0.000000
9.148783,0.000000
9.192762,0.000000
9.192775,0.000000
9.236800,0.000000
9.236805,0.000000
9.280909,0.000000
9.280923,0.000000
9.324772,0.000000
9.324779,0.000000
9.368772,0.000000
9.368784,0.000000
9.368788,0.000000
9.412776,0.000000
9.412785,0.000000
9.428786,0.000000
9.448859,0.000000
9.492760,0.000000
9.492765,0.000000
9.536783,0.000000
9.536787,0.000000
9.580780,0.000000
9.580795,0.000000
9.628792,0.000000
9.628802,0.000000
9.628813,0.000000
9.672756,0.000000
9.672767,0.000000
9.688743,0.000000
9.708733,0.000000
9.748796,0.000000
9.792764,0.000000
9.792806,0.000000
9.792816,0.000000
9.836762,0.000000
9.836774,0.000000
9.848809,0.000000
9.868739,0.000000
9.908813,0.000000
9.908829,0.000000
9.952777,0.000000
9.952790,0.000000
9.996810,0.000000
9.996821,0.000000
10.044084,0.000000
10.044107,0.000000
10.084838,0.000000
10.084855,0.000000
10.128771,0.000000
10.128785,0.000000
10.128793,0.000000
10.172803,0.000000
10.172817,0.000000
10.188668,0.000000
10.208736,0.000000
10.248811,0.000000
10.292806,0.000000
10.292821,0.000000
10.292826,0.000000
10.336833,0.000000
10.336841,0.000000
10.348840,0.000000
10.368695,0.000000
10.408801,0.000000
10.408813,0.000000
10.452852,0.000000
10.452860,0.000000
10.496803,0.000000
10.496811,0.000000
10.540807,0.000000
10.540820,0.000000
10.584838,0.000000
10.584850,0.000000
10.628767,0.000000
10.628775,0.000000
10.628779,0.000000
10.672762,0.000000
10.672775,0.000000
10.688709,0.000000
10.708661,0.000000
10.748805,0.000000
10.748817,0.000000
10.792777,0.000000
10.792785,0.000000
10.836797,0.000000
10.836807,0.000000
10.880885,0.000000
10.880889,0.000000
10.924770,0.000000
10.924780,0.000000
10.968803,0.000000
10.968814,0.000000
10.968817,0.000000
11.012785,0.000000
11.012794,0.000000
11.028675,0.000000
11.048664,0.000000
11.088788,0.000000
11.088796,0.000000
11.132773,0.000000
11.132781,0.000000
11.176766,0.000000
11.176775,0.000000
11.220821,0.000000
11.220829,0.000000
11.264766,0.000000
11.264776,0.000000
11.308794,0.000000
11.308804,0.000000
11.352774,0.000000
11.352788,0.000000
11.352797,0.000000
11.396836,0.000000
11.396845,0.000000
11.408650,0.000000
11.428757,0.000000
11.468804,0.000000
11.468817,0.000000
11.512828,0.000000
11.512842,0.000000
11.556777,0.000000
11.556784,0.000000
11.600781,0.000000
11.600791,0.000000
11.644776,0.000000
11.644787,0.000000
11.688771,0.000000
11.688780,0.000000
11.688784,0.000000
11.732806,0.000000
11.732818,0.000000
11.748698,0.000000
11.768681,0.000000
11.808789,0.000000
11.808800,0.000000
11.852819,0.000000
11.852831,0.000000
11.896805,0.000000
11.896813,0.000000
11.940776,0.000000
11.940787,0.000000
11.984810,0.000000
11.984822,0.000000
12.028784,0.000000
