0.221668,741643.009240
0.232052,741643.002934
0.241849,741643.002934
0.252049,741643.002922
0.261766,741643.002922
0.272123,741643.002912
0.282135,741643.002912
0.293564,741643.002970
0.301878,741643.002970
0.312065,741643.002954
0.321772,741643.002954
0.331973,741643.002956
0.341728,741643.002956
0.352057,741643.003002
0.361642,741643.003002
0.372213,741643.003024
0.381558,741643.003024
0.391946,741643.003083
0.401685,741643.003083
0.412013,741643.003118
0.421711,741643.003118
0.432085,741643.003182
0.441704,741643.003182
0.452014,741643.005661
0.461863,741643.005661
0.472123,741643.005886
0.481717,741643.005886
0.491952,741643.006070
0.501788,741643.006070
0.512080,741643.006280
0.521744,741643.006280
0.532055,741643.006525
0.541784,741643.006525
0.552060,741643.006696
0.561738,741643.006696
0.572220,741643.006968
0.581757,741643.006968
0.592131,741643.007148
0.601779,741643.007148
0.612034,741643.007395
0.621789,741643.007395
0.632162,741643.000385
0.641770,741643.000385
0.652088,741643.000503
0.661785,741643.000503
0.672009,741643.000660
0.681730,741643.000660
0.692295,741643.000676
0.701842,741643.000676
0.712003,741643.000773
0.721728,741643.000773
0.732091,741643.000835
0.741786,741643.000835
0.752084,741643.000934
0.761702,741643.000934
0.771966,741643.000944
0.781834,741643.000944
0.791981,741643.000996
0.801764,741643.000996
0.812140,741643.001899
0.821738,741643.001899
0.832003,741643.002000
0.841838,741643.002000
0.852046,741643.002114
0.861609,741643.002114
0.872051,741643.002216
0.881673,741643.002216
0.892120,741643.002332
0.901720,741643.002332
0.912037,741643.002547
0.921652,741643.002547
0.932027,741643.002648
0.941737,741643.002648
0.952172,741643.002814
0.961700,741643.002814
0.972082,741643.003013
0.981711,741643.003013
0.991982,741643.003214
1.001863,741643.003214
1.012037,741643.000535
1.021791,741643.000535
1.032103,741643.000667
1.041849,741643.000667
1.052076,741643.000836
1.061761,741643.000836
1.072066,741643.000920
1.081713,741643.000920
1.092162,741643.001163
1.101763,741643.001163
1.112138,741643.001318
1.121691,741643.001318
1.132061,741643.001523
1.141742,741643.001523
1.152116,741643.001712
1.161623,741643.001712
1.172093,741643.001823
1.181705,741643.001823
1.192014,741643.001997
1.201725,741643.001997
1.212050,741642.990753
1.221718,741642.990753
1.232130,741642.990718
1.241729,741642.990718
1.251952,741642.990742
1.261643,741642.990742
1.272117,741642.990672
1.281755,741642.990672
1.292014,741642.990610
1.301770,741642.990610
1.312110,741642.990443
1.321807,741642.990443
1.332120,741642.990501
1.341756,741642.990501
1.352068,741642.990413
1.361743,741642.990413
1.372126,741642.990354
1.381727,741642.990354
1.392074,741642.990324
1.401692,741642.990324
1.411989,741642.990314
1.421764,741642.990314
1.432048,741642.998530
1.441804,741642.998530
1.452027,741642.998612
1.461707,741642.998612
1.472151,741642.998634
1.481720,741642.998634
1.491945,741642.998690
1.501781,741642.998690
1.511978,741642.998728
1.521746,741642.998728
1.532046,741642.998784
1.541693,741642.998784
1.552016,741642.998731
1.561716,741642.998731
1.571971,741642.998719
1.581761,741642.998719
1.591960,741642.998725
1.601778,741642.998725
1.612118,741643.007948
1.621717,741643.007948
1.632070,741643.008055
1.641795,741643.008055
1.652036,741643.008201
1.661635,741643.008201
1.672025,741643.008223
1.681619,741643.008223
1.691993,741643.008320
1.701848,741643.008320
1.712091,741643.008428
1.721626,741643.008428
1.732062,741643.008597
1.741752,741643.008597
1.752137,741643.008698
1.761802,741643.008698
1.771995,741643.008793
1.781806,741643.008793
1.791965,741643.008740
1.801609,741643.008740
1.811997,741643.001511
1.821710,741643.001511
1.831978,741643.001456
1.841759,741643.001456
1.851959,741643.001379
1.861856,741643.001379
1.872051,741643.001351
1.881701,741643.001351
1.892034,741643.001284
1.901746,741643.001284
1.911964,741643.001281
1.921865,741643.001281
1.931939,741643.001266
1.941786,741643.001266
1.952083,741643.001247
1.961718,741643.001247
1.972082,741643.001163
1.981763,741643.001163
1.991900,741643.001127
2.001746,741643.001127
2.012028,741643.004861
2.021669,741643.004861
2.032158,741643.004865
2.041593,741643.004865
2.052100,741643.004950
2.061653,741643.004950
2.072128,741643.004889
2.081861,741643.004889
2.092060,741643.004909
2.101667,741643.004909
2.112046,741643.004810
2.121667,741643.004810
2.132043,741643.004727
2.141752,741643.004727
2.152088,741643.004553
2.161739,741643.004553
2.172021,741643.004509
2.181802,741643.004509
2.192066,741643.004341
2.201588,741643.004341
2.212026,741643.006639
2.221770,741643.006639
2.232007,741643.006710
2.241685,741643.006710
2.251920,741643.006726
2.261722,741643.006726
2.272153,741643.006763
2.281860,741643.006763
2.292005,741643.007014
2.301753,741643.007014
2.312015,741643.007138
2.321770,741643.007138
2.331987,741643.007329
2.341750,741643.007329
2.352221,741643.007478
2.361618,741643.007478
2.372074,741643.007703
2.381718,741643.007703
2.392166,741643.007850
2.401783,741643.007850
2.412044,741643.008047
2.421742,741643.008047
2.432010,741643.008138
2.441768,741643.008138
2.452021,741642.991043
2.461663,741642.991043
2.471974,741642.991014
2.481768,741642.991014
2.492009,741642.990957
2.501772,741642.990957
2.512032,741642.990908
2.521776,741642.990908
2.532030,741642.990923
2.541830,741642.990923
2.552052,741642.990977
2.561624,741642.990977
2.572050,741642.991093
2.581638,741642.991093
2.592074,741642.991194
2.601773,741642.991194
2.612055,741642.991292
2.621666,741642.991292
2.632044,741642.995313
2.641731,741642.995313
2.652183,741642.995587
2.661685,741642.995587
2.672056,741642.995868
2.681594,741642.995868
2.691975,741642.996087
2.701771,741642.996087
2.712107,741642.996414
2.721726,741642.996414
2.732103,741642.996616
2.741712,741642.996616
2.752180,741642.996843
2.761780,741642.996843
2.772150,741642.997121
2.781636,741642.997121
2.792059,741642.997392
2.801795,741642.997392
2.812075,741642.997787
2.821745,741642.997787
2.832031,741642.989868
2.841751,741642.989868
2.852018,741642.990214
2.861710,741642.990214
2.872130,741642.990611
2.881651,741642.990611
2.892039,741642.991031
2.901775,741642.991031
2.912066,741642.991466
2.921775,741642.991466
2.932160,741642.991899
2.941688,741642.991899
2.952136,741642.992327
2.961735,741642.992327
2.972066,741642.992791
2.981695,741642.992791
2.992094,741642.993281
3.001737,741642.993281
3.011992,741642.993794
3.021744,741642.993794
3.032177,741642.988643
3.041678,741642.988643
3.052049,741642.989071
3.061742,741642.989071
3.072067,741642.989464
3.081817,741642.989464
3.092107,741642.989928
3.101690,741642.989928
3.112059,741642.990328
3.121743,741642.990328
3.132041,741642.990727
3.141730,741642.990727
3.152159,741642.991105
3.161692,741642.991105
3.172026,741642.991526
3.181722,741642.991526
3.192075,741642.991898
3.201809,741642.991898
3.211990,741642.992246
3.221660,741642.992246
3.232040,741642.987032
3.241705,741642.987032
3.252036,741642.987291
3.261734,741642.987291
3.272058,741642.987641
3.281738,741642.987641
3.292126,741642.987923
3.301840,741642.987923
3.312070,741642.988217
3.321793,741642.988217
3.332092,741642.988438
3.341677,741642.988438
3.351993,741642.988694
3.361762,741642.988694
3.372096,741642.988897
3.381727,741642.988897
3.392052,741642.989070
3.401657,741642.989070
3.412161,741642.989331
3.421673,741642.989331
3.432017,741642.989570
3.441756,741642.989570
3.452053,741642.984527
3.461695,741642.984527
3.472098,741642.984720
3.481746,741642.984720
3.492047,741642.984958
3.501695,741642.984958
3.512133,741642.985303
3.521712,741642.985303
3.531989,741642.985675
3.541737,741642.985675
3.552095,741642.985964
3.561816,741642.985964
3.572122,741642.986383
3.581691,741642.986383
3.592030,741642.986718
3.601738,741642.986718
3.612050,741642.987858
3.621718,741642.987858
3.632143,741642.988175
3.641596,741642.988175
3.652052,741642.988589
3.661695,741642.988589
3.672053,741642.989027
3.681804,741642.989027
3.692004,741642.989444
3.701636,741642.989444
3.712044,741642.989794
3.721732,741642.989794
3.731994,741642.990179
3.741670,741642.990179
3.752078,741642.990595
3.761623,741642.990595
3.771978,741642.990918
3.781842,741642.990918
3.792095,741642.991318
3.801758,741642.991318
3.811950,741642.985978
3.821745,741642.985978
3.832121,741642.986271
3.841854,741642.986271
3.851950,741642.986561
3.861781,741642.986561
3.872170,741642.986839
3.881760,741642.986839
3.892056,741642.987248
3.901688,741642.987248
3.912055,741642.987525
3.921629,741642.987525
3.932041,741642.987814
3.941808,741642.987814
3.952023,741642.988007
3.961733,741642.988007
3.972178,741642.988330
3.981751,741642.988330
3.992236,741642.988625
4.001819,741642.988625
4.012105,741642.981424
4.021669,741642.981424
4.031966,741642.981627
4.041773,741642.981627
4.052366,741642.981852
4.061621,741642.981852
4.072045,741642.982164
4.081742,741642.982164
4.092009,741642.982495
4.101777,741642.982495
4.112178,741642.982772
4.121655,741642.982772
4.132011,741642.983116
4.141721,741642.983116
4.152190,741642.983432
4.161622,741642.983432
4.172034,741642.983807
4.181744,741642.983807
4.192086,741642.984140
4.201860,741642.984140
4.211982,741642.984507
4.222187,741642.984507
4.232086,741642.984011
4.241827,741642.984011
4.252085,741642.984303
4.261779,741642.984303
4.272052,741642.984726
4.281633,741642.984726
4.292061,741642.985019
4.301779,741642.985019
4.312091,741642.985376
4.321810,741642.985376
4.332047,741642.985692
4.341720,741642.985692
4.351938,741642.985984
4.361725,741642.985984
4.372105,741642.986278
4.381835,741642.986278
4.392001,741642.986571
4.401817,741642.986571
4.411955,741642.986968
4.421749,741642.986968
4.432116,741642.987236
4.441678,741642.987236
4.451934,741642.987083
4.461611,741642.987083
4.472063,741642.987476
4.481749,741642.987476
4.491992,741642.987782
4.501677,741642.987782
4.511988,741642.988102
4.521815,741642.988102
4.532084,741642.988384
4.541739,741642.988384
4.551964,741642.988637
4.561756,741642.988637
4.572118,741642.989037
4.581770,741642.989037
4.592112,741642.989365
4.601693,741642.989365
4.611959,741642.989776
4.621657,741642.989776
4.632069,741642.989029
4.641746,741642.989029
4.652133,741642.989459
4.661648,741642.989459
4.672001,741642.989794
4.681574,741642.989794
4.692020,741642.990172
4.701697,741642.990172
4.712100,741642.990553
4.721756,741642.990553
4.731984,741642.990868
4.741667,741642.990868
4.752102,741642.991140
4.761577,741642.991140
4.772097,741642.991567
4.781844,741642.991567
4.792102,741642.991929
4.801707,741642.991929
4.811950,741642.989541
4.821727,741642.989541
4.832161,741642.989807
4.841702,741642.989807
4.852185,741642.990115
4.861729,741642.990115
4.872011,741642.990463
4.881664,741642.990463
4.892132,741642.990740
4.901673,741642.990740
4.912007,741642.991086
4.921659,741642.991086
4.931942,741642.991424
4.941651,741642.991424
4.952024,741642.991788
4.961774,741642.991788
4.971960,741642.992173
4.981820,741642.992173
4.991972,741642.992506
5.001694,741642.992506
5.012146,741642.992936
5.021628,741642.992936
5.032022,741642.991499
5.041605,741642.991499
5.052080,741642.991900
5.061741,741642.991900
5.072199,741642.992298
5.081759,741642.992298
5.092124,741642.992666
5.101682,741642.992666
5.112005,741642.992990
5.121689,741642.992990
5.132089,741642.993386
5.141766,741642.993386
5.151980,741642.993760
5.161701,741642.993760
5.172007,741642.994176
5.181602,741642.994176
5.191940,741642.994516
5.201718,741642.994516
5.212018,741642.994891
5.221784,741642.994891
5.232074,741642.990180
5.241760,741642.990180
5.252070,741642.990559
5.261645,741642.990559
5.272171,741642.990915
