0.174914,741638.769584
0.194974,741638.769605
0.214969,741638.769735
0.235005,741638.769761
0.254948,741638.769810
0.275006,741638.769968
0.295022,741638.770949
0.314812,741638.771116
0.334892,741638.771127
0.354846,741638.771270
0.374937,741638.771319
0.394956,741638.771412
0.414968,741638.771478
0.434893,741638.771506
0.455010,741638.771537
0.475022,741638.768401
0.495051,741638.768469
0.514914,741638.768530
0.535042,741638.768500
0.555004,741638.768534
0.575026,741638.768620
0.594891,741638.768633
0.614957,741638.768653
0.634985,741638.768659
0.655066,741638.768649
0.675017,741638.768672
0.694978,741638.768118
0.714994,741638.768085
0.734926,741638.768045
0.754886,741638.768074
0.775242,741638.768073
0.794930,741638.768135
0.814823,741638.768023
0.835016,741638.768108
0.855006,741638.768103
0.875118,741638.768147
0.894964,741638.767607
0.914987,741638.767630
0.935002,741638.767628
0.954992,741638.767619
0.974927,741638.767689
0.994912,741638.767703
1.014840,741638.767658
1.034810,741638.767726
1.054947,741638.767766
1.074827,741638.767800
1.094929,741638.767796
1.115082,741638.765972
1.134888,741638.765954
1.154902,741638.765997
1.174924,741638.766048
1.194877,741638.765976
1.214962,741638.765943
1.234950,741638.765993
1.254927,741638.765959
1.274997,741638.765989
1.294947,741638.765410
1.315005,741638.765393
1.334933,741638.765436
1.355081,741638.765443
1.374820,741638.765486
1.394933,741638.765397
1.414901,741638.765370
1.434993,741638.765443
1.454970,741638.765447
1.474949,741638.765515
1.494916,741638.769138
1.515046,741638.769260
1.534854,741638.769356
1.554903,741638.769355
1.574984,741638.769409
1.594958,741638.769535
1.614955,741638.769621
1.634891,741638.769635
1.654998,741638.769741
1.674983,741638.769828
1.694979,741638.766514
1.714977,741638.766605
1.734872,741638.766628
1.754914,741638.766701
1.775047,741638.766753
1.795018,741638.766843
1.814927,741638.766899
1.834959,741638.766992
1.855020,741638.767011
1.874954,741638.767137
1.894931,741638.766123
1.914905,741638.766356
1.935013,741638.766426
1.954913,741638.766546
1.974823,741638.766625
1.994919,741638.766724
2.014899,741638.766841
2.034992,741638.766941
2.055001,741638.767159
2.075007,741638.767327
2.094880,741638.767576
2.114799,741638.770998
2.134958,741638.771325
2.154991,741638.771684
2.175060,741638.771957
2.195007,741638.772386
2.214926,741638.772805
2.235074,741638.773214
2.254882,741638.773809
2.275099,741638.774223
2.295607,741638.764733
2.314969,741638.765209
2.334912,741638.765648
2.355024,741638.766048
2.375315,741638.766455
2.395028,741638.766851
2.414923,741638.767441
2.434996,741638.767966
2.454920,741638.768399
2.474888,741638.768883
2.494967,741638.774145
2.515030,741638.774775
2.534943,741638.775550
2.554902,741638.776072
2.574883,741638.776821
2.595069,741638.777441
2.614967,741638.778041
2.634972,741638.778802
2.654966,741638.779482
2.674846,741638.780245
2.694923,741638.777004
2.714821,741638.777744
2.734954,741638.778588
2.754989,741638.779275
2.775112,741638.780188
2.794863,741638.781063
2.814968,741638.781928
2.834910,741638.782826
2.855128,741638.783669
2.874961,741638.784716
2.894987,741638.780837
2.915000,741638.781854
2.934920,741638.782917
2.954864,741638.783725
2.974996,741638.784756
2.994889,741638.785753
3.014906,741638.786892
3.034976,741638.788032
3.054836,741638.789063
3.074942,741638.790247
3.095018,741638.800715
3.114920,741638.802172
3.135033,741638.803414
3.155096,741638.804897
3.175008,741638.806226
3.194992,741638.807710
3.214971,741638.809109
3.234966,741638.810602
3.255008,741638.812063
3.274927,741638.801127
3.294951,741638.802423
3.314994,741638.803776
3.334875,741638.805148
3.355138,741638.806491
3.375172,741638.807747
3.394997,741638.808980
3.415012,741638.810156
3.435002,741638.811307
3.455007,741638.812441
3.475346,741638.813593
3.494953,741638.816619
3.514849,741638.817942
3.534893,741638.819210
3.554924,741638.820529
3.574928,741638.821909
3.594869,741638.823378
3.614969,741638.824792
3.635594,741638.826236
3.654826,741638.827732
3.675025,741638.829239
3.694955,741638.824401
3.714902,741638.825817
3.734848,741638.827215
3.754826,741638.828644
3.774984,741638.830110
3.794880,741638.831708
3.814950,741638.833152
3.835016,741638.834788
3.855049,741638.836406
3.874906,741638.838148
3.894931,741638.840087
3.914976,741638.841875
3.935011,741638.843674
3.954914,741638.845448
3.975394,741638.847252
3.995001,741638.848993
4.014939,741638.850628
4.034955,741638.852244
4.054967,741638.853763
4.074965,741638.855147
4.094985,741638.856613
4.115040,741638.866834
4.134893,741638.868447
4.154997,741638.870050
4.174834,741638.871749
4.194889,741638.873516
4.214923,741638.875189
4.234846,741638.876869
4.254929,741638.878677
4.275063,741638.880429
4.294996,741638.882115
4.314936,741638.879498
4.334921,741638.881293
4.354948,741638.883084
4.374863,741638.884933
4.394947,741638.886964
4.414977,741638.888947
4.434852,741638.890864
4.454855,741638.892798
4.474917,741638.894795
4.494974,741638.882662
4.514968,741638.884261
4.534975,741638.885933
4.555003,741638.887453
4.575160,741638.888935
4.594960,741638.890359
4.615037,741638.891756
4.634872,741638.893144
4.654983,741638.894481
4.675035,741638.895811
4.694938,741638.892675
4.714910,741638.893907
4.734945,741638.895173
4.754941,741638.896391
4.774935,741638.897689
4.794889,741638.899044
4.814989,741638.900340
4.835031,741638.901836
4.854898,741638.903238
4.874910,741638.904810
4.894892,741638.904156
4.914938,741638.905753
4.934909,741638.907326
4.954818,741638.908944
4.974999,741638.910424
4.995007,741638.911964
5.014815,741638.913457
5.034920,741638.914847
5.054935,741638.916174
5.075105,741638.917425
5.094936,741638.920531
5.114992,741638.921832
5.134933,741638.923049
5.154844,741638.924233
5.174931,741638.925487
5.194875,741638.926656
5.214849,741638.927920
5.234896,741638.929142
5.254852,741638.930502
5.274948,741638.931839
5.294965,741638.939822
5.314998,741638.941344
5.334852,741638.943073
5.355099,741638.944674
5.375025,741638.946343
5.394964,741638.948098
5.414977,741638.949745
5.434945,741638.951504
5.454935,741638.953004
5.475240,741638.954731
5.495016,741638.949255
5.514942,741638.950662
5.534875,741638.952056
5.554965,741638.953366
5.574823,741638.954768
5.595059,741638.956068
5.614973,741638.957444
5.635032,741638.958748
5.654908,741638.959987
5.675373,741638.961120
5.695055,741638.963784
5.715086,741638.965154
5.734946,741638.966531
5.754907,741638.967948
5.774923,741638.969337
5.794989,741638.970924
5.814881,741638.972369
5.835004,741638.974035
5.854788,741638.975699
5.874896,741638.977488
5.895006,741638.973387
5.914938,741638.975118
5.934933,741638.976909
5.955029,741638.978673
5.974840,741638.980446
5.994878,741638.982117
6.015093,741638.983925
6.034940,741638.985453
6.054932,741638.987045
6.074962,741638.988651
6.094805,741638.990079
6.114851,741638.986086
6.134998,741638.987452
6.154883,741638.988766
6.175001,741638.990008
6.195010,741638.991194
6.214873,741638.992344
6.235002,741638.993699
6.254961,741638.994823
6.274897,741638.996099
6.294911,741638.999784
6.314931,741639.001307
6.334855,741639.002749
6.354906,741639.004354
6.375232,741639.005962
6.395023,741639.007637
6.414830,741639.009378
6.434908,741639.011045
6.454972,741639.012865
6.475209,741639.014529
6.494956,741638.995352
6.514885,741638.996717
6.535019,741638.998135
6.554980,741638.999438
6.575305,741639.000735
6.595046,741639.001927
6.615012,741639.003079
6.634883,741639.004250
6.654936,741639.005300
6.674963,741639.006280
6.694906,741639.008338
6.714908,741639.009469
6.734886,741639.010568
6.754947,741639.011765
6.774969,741639.013059
6.794894,741639.014237
6.815008,741639.015554
6.834923,741639.016877
6.854990,741639.018177
6.874960,741639.019608
6.894987,741639.017485
6.914954,741639.018832
6.934941,741639.020356
6.954846,741639.021653
6.974984,741639.023031
6.994926,741639.024374
7.014985,741639.025803
7.034928,741639.027124
7.054910,741639.028398
7.074886,741639.029755
7.095052,741639.031074
7.114960,741639.028625
7.134972,741639.029913
7.154906,741639.031245
7.174890,741639.032431
7.194823,741639.033514
7.215073,741639.034698
7.234997,741639.035890
7.254846,741639.037078
7.274929,741639.038303
7.294990,741639.029062
7.314946,741639.030193
7.334932,741639.031508
7.354873,741639.032857
7.374975,741639.034260
7.394903,741639.035711
7.414901,741639.037225
7.434916,741639.038675
7.454954,741639.040146
7.474885,741639.041563
7.494909,741639.040963
7.514921,741639.042249
7.534865,741639.043525
7.554994,741639.044858
7.574968,741639.046013
7.594961,741639.047169
7.615018,741639.048281
7.634989,741639.049347
7.654918,741639.050316
7.674987,741639.051278
7.694921,741639.052875
7.714888,741639.053782
7.734955,741639.055016
7.754939,741639.055912
7.774948,741639.056936
7.794952,741639.058105
7.815075,741639.059388
7.835051,741639.060724
7.854966,741639.062184
7.875244,741639.063655
7.895007,741639.058922
7.914839,741639.060491
7.935015,741639.062039
7.954914,741639.063575
7.974970,741639.065008
7.995034,741639.066475
8.014923,741639.067896
8.034874,741639.069344
8.054881,741639.070648
8.074955,741639.072057
8.094964,741639.073327
8.114909,741639.073590
8.134902,741639.074880
8.154842,741639.076061
8.174969,741639.077214
8.195039,741639.078394
8.214900,741639.079627
8.234787,741639.080750
8.255023,741639.082017
8.274929,741639.075719
8.295043,741639.076841
8.315029,741639.077976
8.335053,741639.079365
8.355555,741639.080606
8.375051,741639.081968
8.394994,741639.083273
8.414898,741639.084742
8.434974,741639.086090
8.454937,741639.087424
8.475025,741639.082289
8.495029,741639.083402
8.514954,741639.084683
8.534980,741639.085828
8.555182,741639.087000
8.575089,741639.087906
8.594932,741639.088844
8.614909,741639.089800
8.634915,741639.090630
8.655050,741639.091540
8.674935,741639.093922
8.694978,741639.094873
8.714954,741639.095832
8.734943,741639.096892
8.755008,741639.097836
8.774936,741639.098930
8.794866,741639.100074
8.814999,741639.101302
8.834858,741639.102651
8.854939,741639.103983
8.874831,741639.105497
8.894991,741639.102421
8.914991,741639.103969
8.934924,741639.105351
8.954987,741639.106856
8.974943,741639.108184
8.995033,741639.109621
9.014892,741639.111038
9.034897,741639.112318
9.054942,741639.113591
9.074997,741639.114725
9.094970,741639.115769
9.114963,741639.124151
9.134846,741639.125249
9.154875,741639.126394
9.175319,741639.127491
9.194840,741639.128617
9.214936,741639.129781
9.235001,741639.130865
9.255059,741639.132024
9.274966,741639.133188
9.294846,741639.135309
9.314943,741639.136637
9.335016,741639.137993
9.354902,741639.139340
9.374862,741639.140770
9.394919,741639.142243
9.415017,741639.143659
9.434907,741639.145146
9.454930,741639.146565
9.474998,741639.148143
9.494792,741639.143707
9.515003,741639.145060
9.534926,741639.146370
9.554930,741639.147624
9.574926,741639.148775
9.594929,741639.149913
9.614857,741639.151100
9.634879,741639.152093
9.654959,741639.153250
9.674934,741639.154360
9.694878,741639.154396
9.714963,741639.155737
9.734814,741639.156954
9.754902,741639.158380
9.774919,741639.159835
9.794991,741639.161359
9.814889,741639.163096
9.834867,741639.164686
9.854966,741639.166330
9.874970,741639.167993
9.895020,741639.163039
9.914932,741639.164593
9.934885,741639.166062
9.955035,741639.167638
9.974990,741639.169080
9.994940,741639.170498
10.015060,741639.171827
10.034874,741639.173134
10.055038,741639.174346
10.074790,741639.175576
10.095100,741639.176802
10.114955,741639.179185
10.134985,741639.180519
10.154923,741639.181867
10.174981,741639.183222
10.194891,741639.184700
10.214937,741639.186094
10.235017,741639.187550
10.255033,741639.189177
10.274945,741639.190657
10.294889,741639.176260
10.314889,741639.177818
10.335005,741639.179373
10.354949,741639.180885
10.375138,741639.182452
10.394965,741639.183934
10.414932,741639.185441
10.434955,741639.187004
10.454938,741639.188484
10.474979,741639.195686
10.495051,741639.197124
10.514939,741639.198498
10.534918,741639.199981
10.554832,741639.201335
10.574980,741639.202804
10.594901,741639.204234
10.614916,741639.205741
10.634897,741639.207213
10.654924,741639.208795
10.674977,741639.210509
10.695096,741639.212191
10.715029,741639.213963
10.735012,741639.215698
10.754871,741639.217623
10.774875,741639.219546
10.794909,741639.221288
10.815078,741639.223146
10.834924,741639.225066
10.854885,741639.226945
10.874938,741639.226595
10.895066,741639.228480
10.914927,741639.230257
10.934985,741639.232063
10.954807,741639.233701
10.975017,741639.235259
10.994982,741639.236808
11.014914,741639.238212
11.034845,741639.239660
11.055035,741639.240978
11.074970,741639.242355
11.094955,741639.243164
11.115072,741639.244580
11.135001,741639.246131
11.154900,741639.247622
11.174865,741639.249156
11.194994,741639.250774
11.214904,741639.252402
11.234968,741639.254094
11.254914,741639.255755
11.274933,741639.256515
11.294992,741639.258324
11.314952,741639.260104
11.334944,741639.261865
11.354900,741639.263618
11.374946,741639.265345
11.394994,741639.267086
11.414982,741639.268679
11.434990,741639.270292
11.454907,741639.271898
11.474994,741639.273424
11.494959,741639.262105
11.514929,741639.263453
11.534883,741639.264896
11.555020,741639.266314
11.574869,741639.267806
11.594988,741639.269299
11.614872,741639.270827
11.634966,741639.272337
11.655006,741639.274031
11.674968,741639.275628
11.694948,741639.267558
11.714802,741639.269231
11.734995,741639.271019
11.754970,741639.272917
11.774881,741639.274717
11.794985,741639.276539
11.814981,741639.278293
11.834890,741639.280049
11.855061,741639.281810
11.874996,741639.283544
11.894889,741639.284110
11.914837,741639.285729
11.934890,741639.287236
11.954991,741639.288773
11.975154,741639.290260
11.994996,741639.291657
12.015001,741639.293111
12.034939,741639.294612
12.054937,741639.296039
12.074859,741639.297539
12.094901,741639.298968
12.114995,741639.301179
12.134874,741639.302662
12.154939,741639.304330
12.174983,741639.306065
12.194981,741639.307777
12.214987,741639.309575
12.234966,741639.311430
12.254977,741639.313133
12.274883,741639.314920
12.294762,741639.304480
12.314838,741639.305995
12.335031,741639.307390
12.354881,741639.308809
12.374904,741639.310160
12.394929,741639.311439
12.414983,741639.312617
12.434838,741639.313952
12.454982,741639.315313
12.475008,741639.316693
12.495051,741639.321746
12.514894,741639.323048
12.534939,741639.324776
12.554925,741639.326252
12.574864,741639.327984
12.594981,741639.329568
12.614918,741639.331327
12.635216,741639.333159
12.654897,741639.335016
12.674880,741639.336877
12.694989,741639.336426
12.714905,741639.338110
12.734807,741639.339839
12.754935,741639.341525
12.774885,741639.343130
12.794941,741639.344728
12.814882,741639.346151
12.834832,741639.347567
12.854961,741639.348861
12.874829,741639.350153
12.894883,741639.347064
12.914949,741639.348206
12.934999,741639.349375
12.954939,741639.350513
12.974954,741639.351782
12.994935,741639.353071
13.015059,741639.354409
13.034931,741639.355769
13.055018,741639.357235
13.074952,741639.358861
13.095036,741639.354427
13.115031,741639.356159
13.134914,741639.357878
13.154913,741639.359644
13.174935,741639.361282
13.194839,741639.362876
13.215052,741639.364395
13.234969,741639.365842
13.254866,741639.367197
13.274914,741639.357560
13.295048,741639.358644
13.314931,741639.359954
13.334852,741639.361151
13.354906,741639.362288
13.374902,741639.363460
13.394935,741639.364473
13.415005,741639.365546
13.434895,741639.366596
13.454909,741639.367493
13.474912,741639.368366
13.495004,741639.364197
13.515024,741639.364787
13.534809,741639.365455
13.554949,741639.365945
13.575037,741639.366383
13.594820,741639.366821
13.614883,741639.367172
13.634907,741639.367432
13.654860,741639.367771
13.674943,741639.368019
13.694977,741639.376724
13.714903,741639.377076
13.734837,741639.377492
13.755002,741639.377920
13.774947,741639.378256
13.794903,741639.378573
13.815071,741639.378761
13.834963,741639.379100
13.854906,741639.379238
13.875001,741639.379467
13.894931,741639.376599
13.914959,741639.376745
13.934887,741639.376725
13.955055,741639.376813
13.974936,741639.376975
13.995006,741639.376911
14.014969,741639.376960
14.034905,741639.377040
14.054922,741639.377062
14.074952,741639.377120
14.094955,741639.377141
14.114924,741639.370790
14.134879,741639.370553
14.154990,741639.370320
14.174948,741639.370026
14.194922,741639.369765
14.214982,741639.369378
14.235002,741639.368925
14.254935,741639.368542
14.275035,741639.368128
14.294957,741639.365866
14.315010,741639.365456
14.335054,741639.365093
14.354953,741639.364793
14.374926,741639.364453
14.394928,741639.363991
14.414937,741639.363549
14.434933,741639.363100
14.454894,741639.362509
14.475033,741639.361940
14.494992,741639.364843
14.514902,741639.364394
14.534968,741639.363905
14.555012,741639.363379
14.574896,741639.362832
14.594963,741639.362313
14.614968,741639.361763
14.634949,741639.361213
14.654795,741639.360666
14.674938,741639.360132
14.694998,741639.357932
14.714960,741639.357426
14.735021,741639.357058
14.754938,741639.356599
14.774989,741639.356332
14.794944,741639.356000
14.814931,741639.355723
14.834919,741639.355398
14.854982,741639.355072
14.874970,741639.354753
14.895008,741639.354392
14.914863,741639.350334
14.934976,741639.349919
14.954985,741639.349494
14.974978,741639.349055
14.994891,741639.348627
15.014959,741639.348180
15.034911,741639.347743
15.054844,741639.347379
15.075006,741639.346979
15.095058,741639.346724
15.114957,741639.347408
15.134818,741639.347163
15.154920,741639.346841
15.175013,741639.346494
15.194867,741639.346143
15.214875,741639.345760
15.234933,741639.345216
15.254989,741639.344762
15.274917,741639.344239
15.294804,741639.347693
15.314972,741639.347191
15.334978,741639.346733
15.354992,741639.346266
15.374935,741639.345810
15.394888,741639.345436
15.415052,741639.345087
15.435020,741639.344641
15.454946,741639.344231
15.474896,741639.343870
15.494914,741639.343388
15.514960,741639.344354
15.535000,741639.344026
15.554936,741639.343514
15.574959,741639.343197
15.594825,741639.342776
15.615021,741639.342479
15.634951,741639.342063
15.655091,741639.341770
15.675070,741639.341428
15.694879,741639.339397
15.714969,741639.339083
15.735027,741639.338673
15.754864,741639.338276
15.774863,741639.337883
15.794924,741639.337450
15.814933,741639.337002
15.834900,741639.336586
15.854954,741639.336114
15.875015,741639.335753
15.894976,741639.336443
15.914913,741639.336074
15.934963,741639.335757
15.954987,741639.335307
15.974924,741639.334897
15.994956,741639.334524
16.015073,741639.334069
16.034925,741639.333731
16.055014,741639.333281
16.074830,741639.332802
16.094928,741639.332431
16.114994,741639.332763
16.134823,741639.332336
16.154892,741639.331977
16.175040,741639.331580
16.195062,741639.331224
16.214919,741639.330887
16.234838,741639.330497
16.255005,741639.330112
16.274867,741639.329755
16.294822,741639.335966
16.314908,741639.335758
16.334891,741639.335421
16.355039,741639.335119
16.374960,741639.334830
16.394853,741639.334538
16.414911,741639.334208
16.434904,741639.333924
16.454935,741639.333620
16.474970,741639.333330
16.494969,741639.336815
16.514999,741639.336487
16.534986,741639.336175
16.555011,741639.335926
16.574998,741639.335629
16.594896,741639.335302
16.615028,741639.334973
16.634842,741639.334660
16.654995,741639.334351
16.674962,741639.334031
16.695097,741639.331642
16.714827,741639.331203
16.734903,741639.330873
16.754952,741639.330497
16.774948,741639.330155
16.794868,741639.329811
16.814904,741639.329381
16.835014,741639.329056
16.854897,741639.328763
16.874947,741639.328334
16.894857,741639.330099
16.914971,741639.329718
16.934873,741639.329404
16.954922,741639.329142
16.974896,741639.328818
16.994922,741639.328524
17.014988,741639.328158
17.034906,741639.327842
17.054932,741639.327534
17.074902,741639.327218
17.094916,741639.326918
17.114956,741639.327270
17.134972,741639.326883
17.154956,741639.326634
17.174921,741639.326241
17.195010,741639.325943
17.214985,741639.325523
17.234900,741639.325223
17.254911,741639.324878
17.275063,741639.324487
17.294790,741639.320905
17.314924,741639.320434
17.334880,741639.319968
17.354989,741639.319537
17.374877,741639.319127
17.395021,741639.318650
17.414980,741639.318260
17.434958,741639.317871
17.454871,741639.317416
17.474943,741639.317089
17.494892,741639.320654
17.514948,741639.320244
17.534795,741639.319973
17.554868,741639.319662
17.574988,741639.319408
17.594956,741639.319129
17.614962,741639.318779
17.635004,741639.318437
17.654873,741639.318183
17.675049,741639.317725
17.694962,741639.320342
17.714932,741639.319917
17.734881,741639.319514
17.754856,741639.319105
17.774875,741639.318686
17.794961,741639.318147
17.814776,741639.317747
17.834879,741639.317353
17.854915,741639.316943
17.874969,741639.316576
17.894883,741639.313681
17.914854,741639.313244
17.934942,741639.312883
17.954848,741639.312472
17.974960,741639.312046
17.995009,741639.311589
18.014950,741639.311175
18.034933,741639.310843
18.054913,741639.310450
18.074894,741639.310093
18.094871,741639.309656
18.114838,741639.311833
18.134825,741639.311520
18.154998,741639.311119
18.174997,741639.310774
18.194875,741639.310348
18.214956,741639.309988
18.235036,741639.309547
18.255036,741639.309129
18.275241,741639.308786
18.295031,741639.311746
18.315008,741639.311339
18.334946,741639.310980
18.354996,741639.310589
18.374896,741639.310208
18.394938,741639.309811
18.414783,741639.309422
18.434933,741639.309037
18.454945,741639.308677
18.475060,741639.308292
18.494976,741639.311005
18.514813,741639.310602
18.535050,741639.310256
18.554919,741639.309898
18.574879,741639.309570
18.594920,741639.309150
18.614866,741639.308804
18.635041,741639.308470
18.654904,741639.308107
18.674953,741639.307747
18.694968,741639.317751
18.714878,741639.317443
18.734893,741639.317146
18.754875,741639.316965
18.775416,741639.316588
18.795010,741639.316342
18.814848,741639.315996
18.835075,741639.315742
18.855056,741639.315479
18.874853,741639.315117
18.894872,741639.310492
18.914863,741639.310133
18.935002,741639.309776
18.955008,741639.309437
18.974866,741639.309035
18.994927,741639.308680
19.015024,741639.308283
19.034919,741639.307940
19.055053,741639.307571
19.074982,741639.307147
19.095028,741639.306807
19.114964,741639.309716
19.134945,741639.309436
19.154851,741639.309142
19.175359,741639.308828
19.194868,741639.308483
19.214938,741639.308154
19.234901,741639.307796
19.254929,741639.307501
19.275009,741639.307157
19.294988,741639.312595
19.314976,741639.312248
19.334864,741639.311996
19.354987,741639.311636
19.374851,741639.311260
19.394972,741639.310947
19.414937,741639.310664
19.434953,741639.310406
19.455001,741639.309988
19.474953,741639.309743
19.495032,741639.308629
19.514803,741639.308196
19.535047,741639.307868
19.554958,741639.307431
19.574997,741639.307181
19.595010,741639.306795
19.614902,741639.306454
19.634981,741639.306044
19.654900,741639.305696
19.674929,741639.308035
19.695062,741639.307759
19.715024,741639.307447
19.734924,741639.307035
19.754924,741639.306804
19.775007,741639.306475
19.794887,741639.306117
19.814918,741639.305763
19.834908,741639.305377
19.854948,741639.305129
19.874957,741639.304747
19.895017,741639.310365
19.914917,741639.310011
19.935003,741639.309763
19.954795,741639.309481
19.974897,741639.309137
19.994937,741639.308873
