0.320862,0.000000
0.387677,0.000000
0.487014,0.000000
0.521439,0.000000
0.686658,0.000000
0.752540,0.000000
0.787007,0.000000
0.920805,0.000000
0.987478,0.000000
1.020960,0.000000
1.153680,0.000000
1.287333,0.000000
1.318866,0.000000
1.420978,0.000000
1.453427,0.000000
1.487841,0.000000
1.521461,0.000000
1.622672,0.000000
1.654151,0.000000
1.721545,0.000000
1.753462,0.000000
1.787843,0.000000
1.990385,0.000000
2.131289,0.000000
2.158972,0.000000
2.191009,0.000000
2.223479,0.000000
2.257838,0.000000
2.458660,0.000000
2.525432,0.000000
2.557907,0.000000
2.626920,0.000000
2.659188,0.000000
2.825539,0.000000
2.959872,0.000000
2.989689,0.000000
3.058603,0.000000
3.224814,0.000000
3.390843,0.000000
3.490148,0.000000
3.556071,0.000000
3.723314,0.000000
3.855128,0.000000
3.956461,0.000000
3.988981,0.000000
4.122534,0.000000
4.422721,0.000000
4.624074,0.000000
4.690102,0.000000
4.724520,0.000000
4.823971,0.000000
4.888715,0.000000
4.923247,0.000000
5.057009,0.000000
5.225148,0.000000
5.458399,0.000000
5.491835,0.000000
5.592808,0.000000
5.625249,0.000000
5.727662,0.000000
5.761941,0.000000
5.794444,0.000000
5.993159,0.000000
6.161422,0.000000
6.228269,0.000000
6.262635,0.000000
6.325431,0.000000
6.426811,0.000000
6.461277,0.000000
6.528053,0.000000
6.560553,0.000000
6.594373,0.000000
6.626350,0.000000
6.660978,0.000000
6.728763,0.000000
6.795904,0.000000
6.927272,0.000000
7.356862,0.460000
7.491664,0.460000
7.591877,0.460000
7.658796,0.460000
7.693133,0.460000
7.760289,0.460000
7.858301,0.460000
7.924214,0.460000
8.159339,0.460000
8.392313,0.460000
8.526072,0.460000
8.659959,0.460000
8.758244,0.460000
8.793607,0.460000
8.993164,0.460000
9.026731,0.460000
9.158515,0.460000
9.192919,0.460000
9.296382,0.460000
9.430049,0.460000
9.561713,0.460000
9.696543,0.460000
9.730037,0.460000
9.796836,0.460000
9.834379,0.460000
9.864643,0.460000
9.897188,0.460000
10.197999,0.460000
10.262855,0.460000
10.298341,0.460000
10.431236,0.460000
10.464040,0.460000
10.498146,0.460000
10.663975,0.460000
10.763625,0.460000
10.897023,0.460000
10.996385,0.460000
11.126090,0.460000
11.460405,0.460000
11.494823,0.460000
11.561527,0.460000
11.596095,0.460000
11.695359,0.460000
11.760103,0.460000
11.930321,0.460000
11.962598,0.460000
12.029435,0.460000
12.262670,0.460000
12.494726,0.460000
12.592854,0.460000
12.662775,0.460000
12.695307,0.460000
12.796495,0.460000
12.829839,0.460000
12.863247,0.460000
12.895649,0.460000
12.964607,0.460000
12.997120,0.460000
13.062879,0.460000
13.165577,0.460000
13.197872,0.460000
13.434922,0.460000
13.467210,0.460000
13.499635,0.460000
13.566517,0.460000
13.599469,0.460000
13.734668,0.460000
13.968019,0.460000
14.000295,0.460000
14.099576,0.460000
14.266886,0.460000
14.300196,0.460000
14.334589,0.460000
14.400340,0.460000
14.898079,0.460000
14.964772,0.460000
15.131445,0.460000
15.232366,0.460000
15.566074,0.460000
15.698709,0.460000
15.730896,0.460000
15.765387,0.460000
15.831442,0.460000
16.130020,0.460000
16.230352,0.460000
16.265851,0.460000
16.365320,0.460000
16.600474,0.460000
16.798923,0.460000
16.900182,0.460000
17.036111,0.460000
17.074511,0.460000
17.104998,0.460000
17.170469,0.460000
17.402927,0.460000
17.435121,0.460000
17.470007,0.460000
17.502086,0.460000
17.573412,0.460000
17.604321,0.460000
17.636800,0.460000
17.735058,0.460000
17.769912,0.460000
17.803865,0.460000
17.836525,0.460000
17.903366,0.460000
17.935953,0.460000
17.970190,0.460000
18.071488,0.460000
18.136518,0.460000
18.168947,0.460000
18.203619,0.460000
18.236051,0.460000
18.435234,0.460000
18.501365,0.460000
18.635214,0.460000
18.833616,0.460000
18.900707,0.460000
19.066824,0.460000
19.135699,0.460000
19.234901,0.460000
19.299819,0.460000
19.334579,0.460000
19.366605,0.460000
19.401102,0.460000
19.735655,0.460000
19.800543,0.460000
19.867301,0.460000
19.901627,0.460000
19.966530,0.460000
20.001047,0.460000
20.065848,0.460000
20.136828,0.460000
20.669760,0.460000
20.704169,0.460000
20.736586,0.460000
20.770021,0.460000
20.805599,0.460000
20.838940,0.460000
20.870303,0.460000
20.904847,0.460000
20.939389,0.460000
20.969522,0.460000
21.104427,0.460000
21.137923,0.460000
21.172890,0.460000
21.208733,0.460000
21.239178,0.460000
21.305953,0.460000
21.370893,0.460000
21.471132,0.460000
21.570344,0.460000
21.670672,0.460000
21.707661,0.460000
21.741991,0.460000
21.839046,0.460000
21.871565,0.460000
21.971999,0.460000
22.005246,0.460000
22.069974,0.460000
22.471094,0.460000
22.535984,0.460000
22.602826,0.460000
22.669710,0.460000
22.801464,0.460000
22.902909,0.460000
22.969799,0.460000
23.069963,0.460000
23.169348,0.460000
23.202978,0.460000
23.237380,0.460000
23.371117,0.460000
23.403511,0.460000
23.436106,0.460000
23.470516,0.460000
23.502811,0.460000
23.537429,0.460000
23.602178,0.460000
23.671111,0.460000
23.770506,0.460000
23.837304,0.460000
23.902676,0.460000
23.938696,0.460000
23.969923,0.460000
24.171595,0.460000
24.238655,0.460000
24.272934,0.460000
24.504441,0.460000
24.605319,0.460000
24.741204,0.460000
24.776663,0.460000
24.848383,0.460000
24.874877,0.460000
24.974123,0.460000
25.142163,0.460000
25.207070,0.460000
25.241535,0.460000
25.343809,0.460000
25.442148,0.460000
25.542348,0.460000
25.675620,0.460000
25.742189,0.460000
25.908425,0.460000
25.936891,0.460000
26.035306,0.460000
26.374583,0.460000
26.540009,0.460000
26.706965,0.460000
26.806317,0.460000
26.875340,0.460000
26.907470,0.460000
26.938084,0.460000
27.006859,0.460000
27.106252,0.460000
27.238890,0.460000
27.408191,0.460000
27.506577,0.460000
27.538885,0.460000
27.606797,0.460000
27.774081,0.460000
27.839881,0.460000
28.008284,0.460000
28.107308,0.460000
28.139772,0.460000
28.174230,0.460000
28.242956,0.460000
28.275530,0.460000
28.413404,0.460000
28.510648,0.460000
28.743748,0.460000
28.778210,0.460000
28.811604,0.460000
28.877510,0.460000
28.914226,0.460000
28.978846,0.460000
29.177730,0.460000
29.344768,0.460000
29.378145,0.460000
29.412810,0.460000
29.444945,0.460000
29.572624,0.460000
29.611183,0.460000
29.809798,0.460000
29.910046,0.460000
29.943417,0.460000
30.143469,0.460000
30.175650,0.460000
30.209886,0.460000
30.242306,0.460000
30.274877,0.460000
30.445047,0.460000
30.510082,0.460000
30.609136,0.460000
30.874611,0.460000
30.942472,0.460000
31.010376,0.460000
31.143982,0.460000
31.243379,0.460000
31.443837,0.400000
31.776411,0.400000
31.946775,0.400000
32.016907,0.400000
32.051545,0.400000
32.214177,0.400000
32.380180,0.400000
32.414675,0.400000
32.515866,0.400000
32.549283,0.400000
32.647755,0.400000
32.680086,0.400000
32.813891,0.400000
32.880857,0.400000
33.015640,0.400000
33.113730,0.400000
33.314708,0.400000
33.480507,0.400000
33.580682,0.400000
33.646660,0.400000
33.746958,0.400000
33.779531,0.400000
33.945581,0.400000
33.980073,0.400000
34.180491,0.400000
34.277894,0.400000
34.312212,0.400000
34.347039,0.400000
34.379406,0.400000
34.411682,0.400000
34.446023,0.400000
34.480509,0.400000
34.513376,0.400000
34.579735,0.400000
34.646696,0.400000
34.745837,0.400000
34.847287,0.400000
34.945560,0.400000
35.046943,0.400000
35.080373,0.400000
35.112835,0.400000
35.179888,0.400000
35.345884,0.400000
35.380538,0.400000
35.412776,0.400000
35.447700,0.400000
35.512189,0.400000
35.581109,0.400000
35.714770,0.400000
35.950685,0.400000
35.984260,0.400000
36.150469,0.400000
36.184744,0.400000
36.383332,0.400000
36.517074,0.400000
36.618365,0.400000
36.750006,0.400000
36.784759,0.400000
36.818034,0.400000
36.918416,0.400000
36.950748,0.400000
37.017673,0.400000
37.183666,0.400000
37.249265,0.400000
37.512714,0.400000
37.548112,0.400000
37.648538,0.400000
37.682979,0.400000
37.981931,0.400000
38.048943,0.400000
38.082315,0.400000
38.116781,0.400000
38.183681,0.400000
38.218147,0.400000
38.250554,0.400000
38.416637,0.400000
38.449066,0.400000
38.516311,0.400000
38.684235,0.400000
38.949679,0.400000
39.084402,0.400000
39.118210,0.400000
39.150401,0.400000
39.184856,0.400000
39.419846,0.400000
39.452266,0.400000
39.486655,0.400000
39.521179,0.400000
39.620461,0.400000
39.723761,0.400000
39.754192,0.400000
39.853470,0.400000
39.885887,0.400000
39.920316,0.400000
39.987479,0.400000
40.086480,0.400000
40.121001,0.400000
40.253902,0.400000
40.353883,0.400000
40.386295,0.400000
40.586970,0.400000
40.621405,0.400000
40.755263,0.400000
40.787876,0.400000
40.886694,0.400000
40.986145,0.400000
41.152399,0.400000
41.484586,0.400000
41.519187,0.400000
41.551255,0.400000
41.853790,0.400000
41.885751,0.400000
41.920131,0.400000
41.953617,0.400000
42.019446,0.400000
42.153226,0.400000
42.321436,0.400000
42.386398,0.400000
42.453070,0.400000
42.550493,0.400000
42.586990,0.400000
42.621417,0.400000
42.653822,0.400000
42.752972,0.400000
42.886801,0.400000
42.953753,0.400000
42.987256,0.400000
43.121943,0.400000
43.155396,0.400000
43.257813,0.400000
43.359216,0.400000
43.421984,0.400000
43.490993,0.400000
43.556659,0.400000
43.657130,0.400000
43.857696,0.400000
43.892129,0.400000
43.991390,0.400000
44.023714,0.400000
44.557856,0.400000
44.856735,0.400000
44.922496,0.400000
44.956000,0.400000
45.056305,0.400000
45.122192,0.400000
45.156567,0.400000
45.189350,0.400000
45.221552,0.400000
45.255873,0.400000
45.290374,0.400000
45.322702,0.400000
45.357398,0.400000
45.490020,0.400000
45.554351,0.400000
45.622719,0.400000
45.657186,0.400000
45.723104,0.400000
45.855930,0.400000
45.892272,0.400000
46.090990,0.400000
46.157853,0.400000
46.223788,0.400000
46.324456,0.400000
46.390998,0.400000
46.591509,0.400000
46.625991,0.400000
46.692723,0.400000
46.794153,0.400000
46.860976,0.400000
46.895984,0.400000
46.928000,0.400000
46.997029,0.400000
47.028101,0.400000
47.128326,0.400000
47.160780,0.400000
47.195308,0.400000
47.428377,0.400000
47.498331,0.400000
47.628980,0.400000
47.661547,0.400000
47.728249,0.400000
47.828704,0.400000
48.095079,0.400000
48.293606,0.400000
48.593433,0.400000
48.625972,0.400000
48.692739,0.000000
48.792124,0.000000
48.826568,0.000000
49.027184,0.000000
49.058639,0.000000
49.126406,0.000000
49.157839,0.000000
49.193456,0.000000
49.226656,0.000000
49.292542,0.000000
49.359617,0.000000
49.458753,0.000000
49.626944,0.000000
49.793082,0.000000
49.992666,0.000000
50.127478,0.000000
50.192338,0.000000
50.261320,0.000000
50.293589,0.000000
50.362519,0.000000
50.427297,0.000000
50.598001,0.000000
50.630014,0.000000
50.664423,0.000000
50.696882,0.000000
50.865063,0.000000
50.896011,0.000000
50.964470,0.000000
51.067009,0.000000
51.098396,0.000000
51.132613,0.000000
51.464972,0.000000
51.497441,0.000000
51.565347,0.000000
51.598926,0.000000
51.698418,0.000000
51.829713,0.000000
52.295003,0.000000
52.328289,0.000000
52.462737,0.000000
52.562609,0.000000
