0.129952,50.101000
0.149921,50.101000
0.169892,50.090000
0.189894,50.090000
0.209793,50.090000
0.229955,50.090000
0.249835,50.090000
0.269819,50.090000
0.289831,50.090000
0.309907,50.090000
0.329864,50.090000
0.349926,50.090000
0.369826,50.076000
0.389786,50.076000
0.409802,50.076000
0.429851,50.076000
0.449775,50.076000
0.469803,50.076000
0.489774,50.076000
0.509756,50.076000
0.530717,50.076000
0.549741,50.076000
0.569709,50.082000
0.589733,50.082000
0.609660,50.082000
0.629680,50.082000
0.649744,50.082000
0.670699,50.082000
0.689678,50.082000
0.709625,50.082000
0.730693,50.082000
0.750581,50.082000
0.770585,50.083000
0.790643,50.083000
0.810724,50.083000
0.830657,50.083000
0.850537,50.083000
0.870611,50.083000
0.890556,50.083000
0.910444,50.083000
0.930541,50.083000
0.950444,50.083000
0.970479,50.083000
0.990492,50.095000
1.010376,50.095000
1.030472,50.095000
1.050408,50.095000
1.070432,50.095000
1.090478,50.095000
1.110368,50.095000
1.130397,50.095000
1.150433,50.095000
1.170383,50.095000
1.190433,50.110000
1.210394,50.110000
1.230337,50.110000
1.250324,50.110000
1.270414,50.110000
1.290352,50.110000
1.310304,50.110000
1.330293,50.110000
1.350283,50.110000
1.370298,50.110000
1.390266,50.103000
1.410280,50.103000
1.430232,50.103000
1.450300,50.103000
1.470248,50.103000
1.490253,50.103000
1.510247,50.103000
1.530282,50.103000
1.550208,50.103000
1.570197,50.103000
1.590290,50.100000
1.610244,50.100000
1.630198,50.100000
1.650122,50.100000
1.670189,50.100000
1.690224,50.100000
1.710162,50.100000
1.730165,50.100000
1.750102,50.100000
1.770104,50.100000
1.789988,50.094000
1.810093,50.094000
1.829964,50.094000
1.850098,50.094000
1.870040,50.094000
1.890052,50.094000
1.909957,50.094000
1.930006,50.094000
1.949962,50.094000
1.969992,50.094000
1.989970,50.094000
2.010001,50.108000
2.030010,50.108000
2.049952,50.108000
2.069979,50.108000
2.089832,50.108000
2.110011,50.108000
2.129982,50.108000
2.149949,50.108000
2.169844,50.108000
2.189898,50.107000
2.209894,50.107000
2.229893,50.107000
2.249921,50.107000
2.269786,50.107000
2.289832,50.107000
2.309817,50.107000
2.329829,50.107000
2.349778,50.107000
2.370077,50.119000
2.389785,50.119000
2.409658,50.119000
2.429814,50.119000
2.450831,50.119000
2.469630,50.119000
2.489643,50.119000
2.509760,50.119000
2.529733,50.119000
2.550721,50.119000
2.570620,50.119000
2.590590,50.133000
2.610618,50.133000
2.630676,50.133000
2.650585,50.133000
2.670586,50.133000
2.690583,50.133000
2.710552,50.133000
2.730551,50.133000
2.750552,50.133000
2.770610,50.133000
2.790513,50.136000
2.810493,50.136000
2.830569,50.136000
2.850536,50.136000
2.870559,50.136000
2.890508,50.136000
2.910492,50.136000
2.930556,50.136000
2.950400,50.136000
2.970516,50.136000
2.990386,50.136000
3.010454,50.128000
3.030469,50.128000
3.050390,50.128000
3.070356,50.128000
3.090426,50.128000
3.110390,50.128000
3.130445,50.128000
3.150273,50.128000
3.170260,50.120000
3.190241,50.120000
3.210293,50.120000
3.230344,50.120000
3.250257,50.120000
3.270238,50.120000
3.290248,50.120000
3.310223,50.120000
3.330186,50.120000
3.350220,50.120000
3.370149,50.114000
3.390215,50.114000
3.410193,50.114000
3.430176,50.114000
3.450163,50.114000
3.470088,50.114000
3.490211,50.114000
3.510292,50.114000
3.530177,50.114000
3.550069,50.114000
3.570092,50.107000
3.590090,50.107000
3.610023,50.107000
3.630034,50.107000
3.650083,50.107000
3.670217,50.107000
3.690056,50.107000
3.709978,50.107000
3.730045,50.107000
3.750012,50.107000
3.769944,50.101000
3.789984,50.101000
3.809975,50.101000
3.829920,50.101000
3.849922,50.101000
3.869951,50.101000
3.889963,50.101000
3.909910,50.101000
3.929914,50.101000
3.949927,50.101000
3.970201,50.101000
3.989828,50.101000
4.009884,50.087000
4.029857,50.087000
4.049806,50.087000
4.069842,50.087000
4.089848,50.087000
4.109815,50.087000
4.129899,50.087000
4.149925,50.087000
4.169810,50.087000
4.189796,50.080000
4.209761,50.080000
4.229773,50.080000
4.249689,50.080000
4.270160,50.080000
4.289726,50.080000
4.310725,50.080000
4.329711,50.080000
4.350630,50.080000
4.370694,50.080000
4.389740,50.077000
4.410636,50.077000
4.429708,50.077000
4.450674,50.077000
4.470639,50.077000
4.490637,50.077000
4.510578,50.077000
4.530599,50.077000
4.550599,50.077000
4.570513,50.077000
4.590609,50.055000
4.610568,50.055000
4.630668,50.055000
4.650558,50.055000
4.670444,50.055000
4.690465,50.055000
4.710357,50.055000
4.730528,50.055000
4.750428,50.055000
4.770407,50.055000
4.790431,50.018000
4.810315,50.018000
4.830355,50.018000
4.850343,50.018000
4.870333,50.018000
4.890276,50.018000
4.910254,50.018000
4.930280,50.018000
4.950259,50.018000
4.970308,50.018000
4.990271,50.012000
5.010184,50.012000
5.030285,50.012000
5.050332,50.012000
5.070162,50.012000
5.090246,50.012000
5.110249,50.012000
5.130201,50.012000
5.150201,50.012000
5.170175,50.012000
5.190131,50.012000
5.210151,50.012000
5.230055,50.012000
5.250137,50.012000
5.270136,50.012000
5.290123,50.012000
5.310039,50.012000
5.330068,50.012000
5.349993,50.012000
5.369989,49.984000
5.390008,49.984000
5.410033,49.984000
5.430043,49.984000
5.450021,49.984000
5.470010,49.984000
5.489960,49.984000
5.509979,49.984000
5.529990,49.984000
5.549976,49.984000
5.569939,49.959000
5.589947,49.959000
5.609941,49.959000
5.629865,49.959000
5.649879,49.959000
5.669816,49.959000
5.689816,49.959000
5.709715,49.959000
5.729833,49.959000
5.750004,49.959000
5.769807,49.941000
5.789788,49.941000
5.809813,49.941000
5.829794,49.941000
5.849726,49.941000
5.869730,49.941000
5.889713,49.941000
5.910806,49.941000
5.930782,49.941000
5.949667,49.941000
5.970592,49.941000
5.990639,49.899000
6.010670,49.899000
6.030693,49.899000
6.050616,49.899000
6.070641,49.899000
6.090575,49.899000
6.110540,49.899000
6.130521,49.899000
6.150541,49.899000
6.170561,49.885000
6.190565,49.885000
6.210470,49.885000
6.230486,49.885000
6.250451,49.885000
6.270509,49.885000
6.290513,49.885000
6.310544,49.885000
6.330508,49.885000
6.350447,49.885000
6.370428,49.859000
6.390513,49.859000
6.410387,49.859000
6.430422,49.859000
6.450360,49.859000
6.470388,49.859000
6.490323,49.859000
6.510391,49.859000
6.530300,49.859000
6.550286,49.859000
6.570329,49.859000
6.590323,49.830000
6.610323,49.830000
6.630344,49.830000
6.650250,49.830000
6.670310,49.830000
6.690287,49.830000
6.710207,49.830000
6.730247,49.830000
6.750241,49.830000
6.770276,49.830000
6.790179,49.839000
6.810224,49.839000
6.830193,49.839000
6.850142,49.839000
6.870224,49.839000
6.890176,49.839000
6.910196,49.839000
6.930181,49.839000
6.950075,49.839000
6.970062,49.839000
6.990120,49.839000
7.010034,49.835000
7.030036,49.835000
7.050065,49.835000
7.070079,49.835000
7.090110,49.835000
7.110109,49.835000
7.130165,49.835000
7.150019,49.835000
7.169944,49.835000
7.190019,49.812000
7.210014,49.812000
7.229980,49.812000
7.249924,49.812000
7.269940,49.812000
7.289931,49.812000
7.309901,49.812000
7.329888,49.812000
7.349840,49.812000
7.369807,49.812000
7.389854,49.812000
7.409896,49.812000
7.429853,49.812000
7.449853,49.812000
7.469780,49.812000
7.489832,49.812000
7.509885,49.812000
7.529757,49.812000
7.549762,49.812000
7.569740,49.812000
7.589702,49.808000
7.609776,49.808000
7.629695,49.808000
7.649721,49.808000
7.669731,49.808000
7.690604,49.808000
7.710580,49.808000
7.730656,49.808000
7.750702,49.808000
7.770670,49.808000
7.790597,49.813000
7.810574,49.813000
7.830726,49.813000
7.850740,49.813000
7.870595,49.813000
7.890644,49.813000
7.910492,49.813000
7.930514,49.813000
7.950522,49.813000
7.970507,49.813000
7.990508,49.803000
8.010417,49.803000
8.030547,49.803000
8.050530,49.803000
8.070438,49.803000
8.090558,49.803000
8.110379,49.803000
8.130444,49.803000
8.150441,49.803000
8.170409,49.803000
8.190379,49.763000
8.210356,49.763000
8.230382,49.763000
8.250412,49.763000
8.270326,49.763000
8.290318,49.763000
8.310257,49.763000
8.330422,49.763000
8.350329,49.763000
8.370293,49.734000
8.390404,49.734000
8.410294,49.734000
8.430330,49.734000
8.450402,49.734000
8.470316,49.734000
8.490285,49.734000
8.510267,49.734000
8.530228,49.734000
8.550203,49.734000
8.570241,49.734000
8.590193,49.707000
8.610151,49.707000
8.630256,49.707000
8.650198,49.707000
8.670170,49.707000
8.690232,49.707000
8.710125,49.707000
8.730225,49.707000
8.750191,49.707000
8.770169,49.707000
8.790168,49.686000
8.810097,49.686000
8.830075,49.686000
8.850030,49.686000
8.870016,49.686000
8.890142,49.686000
8.910043,49.686000
8.930019,49.686000
8.949991,49.686000
8.969976,49.686000
8.989958,49.686000
9.009910,49.698000
9.030000,49.698000
9.049962,49.698000
9.069948,49.698000
9.089874,49.698000
9.110025,49.698000
9.129898,49.698000
9.149942,49.698000
9.169845,49.755000
9.189826,49.755000
9.209798,49.755000
9.229779,49.755000
9.249869,49.755000
9.269807,49.755000
9.289717,49.755000
9.310726,49.755000
9.329795,49.755000
9.349750,49.755000
9.369671,49.755000
9.389702,49.801000
9.410615,49.801000
9.430727,49.801000
9.450615,49.801000
9.470614,49.801000
9.490677,49.801000
9.510539,49.801000
9.530661,49.801000
9.550611,49.801000
9.570641,49.801000
9.590602,49.847000
9.610517,49.847000
9.630564,49.847000
9.650514,49.847000
9.670613,49.847000
9.690523,49.847000
9.710439,49.847000
9.730516,49.847000
9.750527,49.847000
9.770460,49.896000
9.790487,49.896000
9.810403,49.896000
9.830454,49.896000
9.850432,49.896000
9.870491,49.896000
9.890402,49.896000
9.910400,49.896000
9.930373,49.896000
9.950380,49.896000
9.970314,49.896000
9.990389,49.912000
10.010305,49.912000
10.030402,49.912000
10.050371,49.912000
10.070333,49.912000
10.090272,49.912000
10.110252,49.912000
10.130241,49.912000
10.150313,49.912000
10.170189,49.955000
10.190248,49.955000
10.210205,49.955000
10.230315,49.955000
10.250199,49.955000
10.270246,49.955000
10.290303,49.955000
10.310161,49.955000
10.330234,49.955000
10.350151,49.955000
10.370168,49.955000
10.390162,49.992000
10.410150,49.992000
10.430204,49.992000
10.450174,49.992000
10.470256,49.992000
10.490147,49.992000
10.510124,49.992000
10.530120,49.992000
10.550103,49.992000
10.570182,49.992000
10.590108,50.014000
10.610046,50.014000
10.630196,50.014000
10.650083,50.014000
10.670025,50.014000
10.690037,50.014000
10.710023,50.014000
10.730007,50.014000
10.749986,50.014000
10.769946,50.014000
10.790001,50.031000
10.809952,50.031000
10.829917,50.031000
10.849915,50.031000
10.869976,50.031000
10.889970,50.031000
10.909914,50.031000
10.929889,50.031000
10.949907,50.031000
10.969857,50.031000
10.989849,50.076000
11.009907,50.076000
11.029888,50.076000
11.049853,50.076000
11.069771,50.076000
11.089777,50.076000
11.109835,50.076000
11.130781,50.076000
11.149763,50.076000
11.169798,50.076000
11.189691,50.118000
11.209707,50.118000
11.230720,50.118000
11.249700,50.118000
11.270643,50.118000
11.290663,50.118000
11.310565,50.118000
11.330605,50.118000
11.350593,50.118000
11.370624,50.118000
11.390597,50.131000
11.410526,50.131000
11.430610,50.131000
11.450589,50.131000
11.470611,50.131000
11.490547,50.131000
11.510534,50.131000
11.530512,50.131000
11.550494,50.131000
11.570545,50.168000
11.590533,50.168000
11.610409,50.168000
11.630450,50.168000
11.650476,50.168000
11.670434,50.168000
11.690469,50.168000
11.710369,50.168000
11.730472,50.168000
11.750421,50.168000
11.770375,50.168000
11.790377,50.196000
11.810366,50.196000
11.830349,50.196000
