0.207994,-96.478772
0.228131,-96.478772
0.248077,-96.478772
0.267953,-96.478772
0.287947,-96.478772
0.307921,-96.478772
0.327891,-96.478772
0.347974,-96.478772
0.367958,-96.478772
0.387819,-96.478772
0.407809,-96.478772
0.427908,-96.478772
0.447826,-96.478772
0.467829,-96.478772
0.487806,-96.478772
0.507781,-96.478772
0.527909,-96.478772
0.547787,-96.478772
0.567920,-96.478772
0.588018,-96.478772
0.607825,-96.478772
0.627862,-96.478772
0.647814,-96.478772
0.667717,-96.478772
0.687721,-96.478772
0.707801,-96.478772
0.727738,-96.478772
0.747918,-96.478772
0.767623,-96.478772
0.787729,-96.478772
0.807640,-96.478772
0.827717,-96.478772
0.847661,-96.478772
0.867567,-96.478772
0.887652,-96.478772
0.907739,-96.478772
0.927776,-96.478772
0.948642,-96.478772
0.967587,-96.478772
0.987514,-96.478772
1.007517,-96.478772
1.028493,-96.478772
1.048631,-96.478772
1.067464,-96.478772
1.087509,-96.478772
1.108583,-96.478772
1.128491,-96.478772
1.148464,-96.478772
1.168609,-96.478772
1.188426,-96.478772
1.208443,-96.478772
1.228898,-96.478772
1.248338,-96.478772
1.268428,-96.478772
1.288337,-96.478772
1.308394,-96.478772
1.328387,-96.478772
1.348320,-96.478772
1.368472,-96.478772
1.388572,-96.478772
1.408319,-96.478772
1.428317,-96.478772
1.448198,-96.478772
1.468417,-96.478772
1.488242,-96.478772
1.508280,-96.478772
1.528403,-96.478772
1.548255,-96.478772
1.568354,-96.478772
1.588184,-96.478772
1.608212,-96.478772
1.628331,-96.478772
1.648242,-96.478772
1.668224,-96.478772
1.688355,-96.478772
1.708206,-96.478772
1.728393,-96.478772
1.748349,-96.478772
1.768336,-96.478772
1.788161,-96.478772
1.808107,-96.478772
1.828067,-96.478772
1.847967,-96.478772
1.868268,-96.478772
1.888030,-96.478772
1.908067,-96.478772
1.928107,-96.478772
1.947984,-96.478772
1.968025,-96.478772
1.988009,-96.478772
2.007939,-96.478772
2.028121,-96.478772
2.048052,-96.478772
2.067905,-96.478772
2.088039,-96.478772
2.107916,-96.478772
2.127856,-96.478772
2.147983,-96.478772
2.167902,-96.478772
2.188129,-96.478772
2.207828,-96.478772
2.227799,-96.478772
2.247982,-96.478772
2.267867,-96.478772
2.287987,-96.478772
2.307747,-96.478772
2.327812,-96.478772
2.347808,-96.478772
2.367840,-96.478772
2.387752,-96.478772
2.407762,-96.478772
2.427977,-96.478772
2.447838,-96.478772
2.467797,-96.478772
2.487781,-96.478772
2.507776,-96.478772
2.527859,-96.478772
2.547646,-96.478772
2.567699,-96.478772
2.587624,-96.478772
2.607682,-96.478772
2.627718,-96.478772
2.647741,-96.478772
2.667674,-96.478772
2.687636,-96.478772
2.707681,-96.478772
2.727651,-96.478772
2.747728,-96.478772
2.767732,-96.478772
2.787568,-96.478772
2.808697,-96.478772
2.827622,-96.478772
2.848540,-96.478772
2.867522,-96.478772
2.887550,-96.478772
2.908545,-96.478772
2.928634,-96.478772
2.948497,-96.478772
2.968453,-96.478772
2.988510,-96.478772
3.008411,-96.478772
3.028412,-96.478772
3.048599,-96.478772
3.068512,-96.478772
3.088435,-96.478772
3.108353,-96.478772
3.128369,-96.478772
3.148437,-96.478772
3.168343,-96.478772
3.188350,-96.478772
3.208338,-96.478772
3.228542,-96.478772
3.248256,-96.478772
3.268433,-96.478772
3.288333,-96.478772
3.308437,-96.478772
3.328372,-96.478772
3.348325,-96.478772
3.368227,-96.478772
3.388312,-96.478772
3.408239,-96.478772
3.428159,-96.478772
3.448229,-96.478772
3.468195,-96.478772
3.488152,-96.478772
3.508136,-96.478772
3.528251,-96.478772
3.548095,-96.478772
3.568083,-96.478772
3.588043,-96.478772
3.608088,-96.478772
3.628120,-96.478772
3.648064,-96.478772
3.668135,-96.478772
3.688184,-96.478772
3.707958,-96.478772
3.728074,-96.478772
3.748011,-96.478772
3.767946,-96.478772
3.788178,-96.478772
3.808090,-96.478772
3.827919,-96.478772
3.847980,-96.478772
3.867925,-96.478772
3.887975,-96.478772
3.908093,-96.478772
3.927923,-96.478772
3.947895,-96.478772
3.967855,-96.478772
3.987983,-96.478772
4.007803,-96.478772
4.027848,-96.478772
4.047843,-96.478772
4.067871,-96.478772
4.087989,-96.478772
4.107965,-96.478772
4.127950,-96.478772
4.147941,-96.478772
4.167816,-96.478772
4.187827,-96.478772
4.207761,-96.478772
4.227841,-96.478772
4.247792,-96.478772
4.267889,-96.478772
4.287639,-96.478772
4.307691,-96.478772
4.328048,-96.478772
4.347705,-96.478772
4.367780,-96.478772
4.387703,-96.478772
4.407652,-96.478772
4.427702,-96.478772
4.447687,-96.478772
4.467735,-96.478772
4.487611,-96.478772
4.507636,-96.478772
4.528008,-96.478772
4.548584,-96.478772
4.567579,-96.478772
4.587617,-96.478772
4.607664,-96.478772
4.628616,-96.478772
4.648710,-96.478772
4.668564,-96.478772
4.688467,-96.478772
4.708534,-96.478772
4.728517,-96.478772
4.748618,-96.478772
4.768629,-96.478772
4.788481,-96.478772
4.808583,-96.478772
4.828398,-96.478772
4.848617,-96.478772
4.868362,-96.478772
4.888500,-96.478772
4.908392,-96.478772
4.928389,-96.478772
4.948414,-96.478772
4.968544,-96.478772
4.988359,-96.478772
5.008550,-96.478772
5.028409,-96.478772
5.048347,-96.478772
5.068415,-96.478772
5.088441,-96.478772
5.108288,-96.478772
5.128298,-96.478772
5.148306,-96.478772
5.168304,-96.478772
5.188206,-96.478772
5.208251,-96.478772
5.228307,-96.478772
5.248172,-96.478772
5.268198,-96.478772
5.288309,-96.478772
5.308190,-96.478772
5.328223,-96.478772
5.348169,-96.478772
5.368161,-96.478771
5.388302,-96.478771
5.408101,-96.478771
5.428179,-96.478771
5.448266,-96.478771
5.468122,-96.478772
5.488059,-96.478772
5.508107,-96.478772
5.528115,-96.478772
5.548202,-96.478772
5.568080,-96.478772
5.588139,-96.478772
5.608042,-96.478771
5.628042,-96.478771
5.648032,-96.478772
5.667958,-96.478772
5.688010,-96.478771
5.708155,-96.478771
5.728073,-96.478771
5.748087,-96.478771
5.768013,-96.478771
5.787912,-96.478771
5.808058,-96.478771
5.827973,-96.478771
5.847993,-96.478771
5.867898,-96.478771
5.887836,-96.478771
5.907874,-96.478771
5.928072,-96.478771
5.947962,-96.478771
5.967862,-96.478771
5.987891,-96.478771
6.007845,-96.478771
6.028139,-96.478771
6.048351,-96.478771
6.067965,-96.478771
6.087877,-96.478771
6.107915,-96.478771
6.127824,-96.478771
6.147975,-96.478771
6.167864,-96.478771
6.187820,-96.478771
6.207800,-96.478771
6.227833,-96.478771
6.247692,-96.478771
6.267653,-96.478771
6.287629,-96.478771
6.307684,-96.478771
6.327625,-96.478771
6.347673,-96.478771
6.367604,-96.478771
6.387699,-96.478771
6.408761,-96.478771
6.427611,-96.478771
6.448727,-96.478771
6.467626,-96.478771
6.488562,-96.478771
6.508643,-96.478771
6.528603,-96.478771
6.548676,-96.478771
6.568527,-96.478771
6.588511,-96.478771
6.608741,-96.478771
6.628484,-96.478771
6.648480,-96.478771
6.668535,-96.478771
6.688517,-96.478771
6.708506,-96.478771
6.729089,-96.478771
6.748713,-96.478771
6.768589,-96.478771
6.788402,-96.478771
6.808836,-96.478771
6.828415,-96.478771
6.848430,-96.478771
6.868454,-96.478771
6.888395,-96.478771
6.908297,-96.478771
6.928380,-96.478771
6.948345,-96.478771
6.968857,-96.478771
6.988535,-96.478771
7.008289,-96.478771
7.028446,-96.478771
7.048367,-96.478770
7.068540,-96.478770
7.088335,-96.478770
7.108216,-96.478770
7.128243,-96.478770
7.148377,-96.478770
7.168397,-96.478770
7.188336,-96.478770
7.208268,-96.478770
7.228243,-96.478770
7.248191,-96.478770
7.268349,-96.478770
7.288210,-96.478770
7.308415,-96.478770
7.328362,-96.478770
7.348222,-96.478770
7.368150,-96.478770
7.388214,-96.478770
7.408183,-96.478770
7.428124,-96.478770
7.448068,-96.478770
7.468154,-96.478770
7.488047,-96.478770
7.508194,-96.478770
7.528055,-96.478770
7.548052,-96.478770
7.568084,-96.478770
7.588130,-96.478770
7.607973,-96.478770
7.628263,-96.478770
7.648010,-96.478770
7.668025,-96.478770
7.688178,-96.478770
7.708032,-96.478770
7.727928,-96.478770
7.747936,-96.478770
7.768237,-96.478770
7.787908,-96.478770
7.807991,-96.478770
7.827926,-96.478770
7.847948,-96.478770
7.867910,-96.478770
7.887879,-96.478770
7.907961,-96.478770
7.927909,-96.478770
7.947922,-96.478770
7.967937,-96.478770
7.987994,-96.478770
8.007946,-96.478770
8.027985,-96.478770
8.047790,-96.478770
8.067738,-96.478770
8.087796,-96.478770
8.107840,-96.478770
8.127923,-96.478770
8.147809,-96.478770
8.167796,-96.478770
8.188190,-96.478770
8.207885,-96.478770
8.228097,-96.478770
8.248670,-96.478770
8.267840,-96.478770
8.287625,-96.478770
8.307649,-96.478770
8.327593,-96.478770
8.348629,-96.478770
8.367769,-96.478770
8.387576,-96.478770
8.408746,-96.478770
8.427812,-96.478770
8.448536,-96.478770
8.467683,-96.478770
8.487549,-96.478770
8.508605,-96.478770
8.528585,-96.478770
8.548628,-96.478770
8.568483,-96.478770
8.588578,-96.478770
8.608790,-96.478770
8.628462,-96.478770
8.648556,-96.478770
8.668559,-96.478770
8.688574,-96.478770
8.708409,-96.478770
8.728391,-96.478770
8.748468,-96.478770
8.768553,-96.478770
8.788476,-96.478770
8.808539,-96.478770
8.828418,-96.478770
8.848440,-96.478770
8.868344,-96.478770
8.888371,-96.478770
8.908403,-96.478770
8.928421,-96.478770
8.948307,-96.478770
8.968437,-96.478770
8.988418,-96.478770
9.008289,-96.478770
9.028381,-96.478770
9.048361,-96.478770
9.068281,-96.478770
9.088324,-96.478770
9.108246,-96.478770
9.128587,-96.478770
9.148367,-96.478769
9.168267,-96.478769
9.188261,-96.478769
9.208129,-96.478769
9.228317,-96.478769
9.248220,-96.478769
9.268196,-96.478769
9.288119,-96.478769
9.308261,-96.478769
9.328341,-96.478769
9.348637,-96.478769
9.368282,-96.478769
9.388122,-96.478769
9.408125,-96.478769
9.428109,-96.478769
9.448064,-96.478769
9.468080,-96.478769
9.487970,-96.478769
9.508045,-96.478769
9.528044,-96.478769
9.548050,-96.478769
9.568142,-96.478769
9.587960,-96.478769
9.608065,-96.478769
9.628009,-96.478769
9.647939,-96.478769
9.667966,-96.478769
9.687865,-96.478769
9.708196,-96.478769
9.727925,-96.478769
9.747916,-96.478769
9.767969,-96.478769
9.788080,-96.478769
9.807876,-96.478769
9.827868,-96.478769
9.847910,-96.478769
9.867930,-96.478769
9.887816,-96.478769
9.907801,-96.478769
9.928271,-96.478769
9.947871,-96.478769
9.967751,-96.478769
9.987765,-96.478769
10.007821,-96.478769
10.027973,-96.478769
10.047835,-96.478769
10.067872,-96.478769
10.087806,-96.478769
10.107777,-96.478769
10.127850,-96.478769
10.147649,-96.478769
10.167766,-96.478769
10.187809,-96.478769
10.207664,-96.478769
10.227937,-96.478769
10.248041,-96.478769
10.267623,-96.478769
10.287660,-96.478769
10.307648,-96.478769
10.328527,-96.478769
10.348660,-96.478769
10.367603,-96.478769
10.388602,-96.478769
10.408651,-96.478769
10.428518,-96.478769
10.448621,-96.478769
10.468645,-96.478769
10.488504,-96.478769
10.508748,-96.478769
10.528551,-96.478769
10.548469,-96.478769
10.568466,-96.478769
10.588444,-96.478769
10.608610,-96.478769
10.628482,-96.478769
10.648434,-96.478769
10.668416,-96.478769
10.688501,-96.478769
10.708516,-96.478769
10.728374,-96.478769
10.748399,-96.478769
10.768549,-96.478769
10.788385,-96.478769
10.808436,-96.478769
10.828605,-96.478769
10.848304,-96.478769
10.868325,-96.478769
10.888341,-96.478769
10.908284,-96.478769
10.928298,-96.478769
10.948336,-96.478769
10.968370,-96.478769
10.988253,-96.478768
11.008200,-96.478768
11.028178,-96.478768
11.048341,-96.478769
11.068134,-96.478769
11.088155,-96.478769
11.108187,-96.478769
11.128181,-96.478769
11.148423,-96.478769
11.168226,-96.478769
11.188098,-96.478769
11.208097,-96.478769
11.228115,-96.478768
11.248075,-96.478768
11.268089,-96.478768
11.288231,-96.478768
11.308104,-96.478768
11.328113,-96.478768
11.348071,-96.478768
11.368150,-96.478768
11.388148,-96.478768
11.407966,-96.478768
11.428407,-96.478768
11.448029,-96.478768
11.468050,-96.478768
11.488061,-96.478768
11.508044,-96.478768
11.528123,-96.478768
11.547923,-96.478768
11.567917,-96.478768
11.587973,-96.478768
11.607853,-96.478768
11.627859,-96.478768
11.647888,-96.478768
11.667856,-96.478768
11.687828,-96.478768
11.707883,-96.478768
11.727956,-96.478768
11.747807,-96.478768
11.767821,-96.478768
11.787909,-96.478768
11.808100,-96.478768
11.827977,-96.478768
11.847755,-96.478768
11.867831,-96.478768
11.887805,-96.478768
11.907789,-96.478768
11.927754,-96.478768
11.948695,-96.478768
11.967707,-96.478768
11.987635,-96.478768
12.007667,-96.478768
12.027727,-96.478768
12.047737,-96.478768
12.067627,-96.478768
12.088908,-96.478768
12.108756,-96.478768
12.127725,-96.478768
12.148615,-96.478768
12.168590,-96.478768
12.188629,-96.478768
12.208696,-96.478768
12.228639,-96.478768
12.248667,-96.478768
12.268554,-96.478768
12.288511,-96.478768
12.308550,-96.478768
12.328687,-96.478768
12.348649,-96.478768
12.368603,-96.478768
12.388417,-96.478768
12.408868,-96.478768
12.428750,-96.478768
12.448605,-96.478768
12.468447,-96.478768
12.488549,-96.478768
12.508467,-96.478768
12.528404,-96.478768
12.548568,-96.478768
12.568470,-96.478768
12.588389,-96.478768
12.608445,-96.478768
12.628615,-96.478768
12.648408,-96.478768
12.668313,-96.478768
12.688370,-96.478768
12.708452,-96.478768
12.728296,-96.478768
12.748504,-96.478768
12.768491,-96.478768
12.788594,-96.478768
12.808664,-96.478768
12.828538,-96.478768
12.848264,-96.478768
12.868247,-96.478768
12.888311,-96.478768
12.908663,-96.478768
12.928389,-96.478768
12.948184,-96.478768
12.968193,-96.478768
12.988657,-96.478768
13.008337,-96.478768
13.028311,-96.478768
13.048145,-96.478768
13.068576,-96.478768
13.088088,-96.478768
13.108242,-96.478768
13.128324,-96.478768
13.148194,-96.478768
13.168123,-96.478768
13.188034,-96.478768
13.208018,-96.478768
13.228163,-96.478768
13.248190,-96.478768
13.268051,-96.478768
13.287996,-96.478768
13.308394,-96.478768
13.328072,-96.478768
13.348001,-96.478768
13.368065,-96.478768
13.388012,-96.478768
13.407923,-96.478768
13.428058,-96.478768
13.448045,-96.478768
13.467958,-96.478768
13.487958,-96.478768
13.508096,-96.478768
13.527846,-96.478768
13.548207,-96.478768
13.567800,-96.478768
13.587909,-96.478768
13.607838,-96.478768
13.627919,-96.478768
13.647744,-96.478768
13.667819,-96.478768
13.687852,-96.478768
13.707915,-96.478768
13.727871,-96.478768
13.747955,-96.478768
13.767834,-96.478768
13.787798,-96.478768
13.807744,-96.478768
13.827702,-96.478768
13.848763,-96.478768
13.867839,-96.478768
13.887634,-96.478768
13.907701,-96.478768
13.928715,-96.478768
13.948601,-96.478768
13.967742,-96.478768
13.987592,-96.478768
14.007611,-96.478768
14.029396,-96.478768
14.049091,-96.478768
14.068662,-96.478768
14.088579,-96.478768
14.108559,-96.478768
14.128576,-96.478768
14.148518,-96.478768
14.168628,-96.478768
14.188488,-96.478768
14.208489,-96.478768
14.228797,-96.478768
14.249094,-96.478768
14.269082,-96.478768
14.288580,-96.478768
14.308518,-96.478768
14.328682,-96.478768
14.348517,-96.478768
14.368610,-96.478768
14.388597,-96.478768
14.408431,-96.478768
14.428408,-96.478768
14.448406,-96.478768
14.468489,-96.478768
14.488400,-96.478768
14.508327,-96.478768
14.528379,-96.478768
14.548355,-96.478768
14.568329,-96.478768
14.588337,-96.478768
14.608407,-96.478768
14.628320,-96.478768
14.648241,-96.478768
14.668399,-96.478768
14.688287,-96.478768
14.708359,-96.478768
14.728254,-96.478768
14.748196,-96.478768
14.768228,-96.478768
14.788213,-96.478768
14.808180,-96.478768
14.828212,-96.478768
14.848114,-96.478768
14.868186,-96.478768
14.888164,-96.478768
14.908125,-96.478768
14.928105,-96.478768
14.948118,-96.478768
14.968121,-96.478768
14.988296,-96.478768
15.008214,-96.478768
15.028106,-96.478768
15.048096,-96.478768
15.068101,-96.478768
15.088060,-96.478768
15.108011,-96.478768
15.128186,-96.478768
15.148041,-96.478768
15.167950,-96.478768
15.187987,-96.478768
15.207926,-96.478768
15.227975,-96.478768
15.247903,-96.478768
15.267976,-96.478768
15.287922,-96.478768
15.307991,-96.478768
15.327960,-96.478768
15.347945,-96.478768
15.367972,-96.478768
15.388005,-96.478768
15.407851,-96.478768
15.427896,-96.478768
15.449047,-96.478768
15.468014,-96.478768
15.487786,-96.478768
15.507849,-96.478768
15.527830,-96.478768
15.548968,-96.478768
15.567919,-96.478768
15.587694,-96.478768
15.607697,-96.478768
15.627860,-96.478768
15.648675,-96.478768
15.667769,-96.478768
15.687610,-96.478768
15.708764,-96.478768
15.727606,-96.478768
15.748574,-96.478768
15.767735,-96.478768
15.788593,-96.478768
15.808584,-96.478768
15.828709,-96.478768
15.848592,-96.478768
15.868673,-96.478768
15.888563,-96.478768
15.908475,-96.478768
15.928784,-96.478768
15.948505,-96.478768
15.968542,-96.478768
15.988468,-96.478768
16.008550,-96.478768
16.028590,-96.478768
16.048429,-96.478768
16.068448,-96.478768
16.088421,-96.478768
16.108482,-96.478768
16.128381,-96.478768
16.148371,-96.478768
16.168364,-96.478768
16.188528,-96.478768
16.208436,-96.478768
16.228374,-96.478768
16.248319,-96.478768
16.268448,-96.478768
16.288414,-96.478768
16.308575,-96.478768
16.328383,-96.478768
16.348311,-96.478768
16.368318,-96.478768
16.388482,-96.478768
16.408477,-96.478768
16.428234,-96.478768
16.448305,-96.478768
16.468484,-96.478768
16.488445,-96.478768
16.508270,-96.478768
16.528361,-96.478768
16.548179,-96.478768
16.568177,-96.478768
16.588346,-96.478768
16.608161,-96.478768
16.628371,-96.478768
16.648318,-96.478768
16.668383,-96.478768
16.688195,-96.478768
16.708239,-96.478768
16.728106,-96.478768
16.748083,-96.478768
16.768284,-96.478768
16.788131,-96.478768
16.808132,-96.478768
16.828247,-96.478768
16.848073,-96.478768
16.868115,-96.478768
16.888036,-96.478768
16.908128,-96.478768
16.928047,-96.478768
16.948106,-96.478768
16.968051,-96.478768
16.987944,-96.478768
17.008905,-96.478768
17.028503,-96.478768
17.047992,-96.478768
17.067986,-96.478768
17.088123,-96.478768
17.107990,-96.478768
17.127985,-96.478768
17.147994,-96.478768
17.167954,-96.478768
17.187934,-96.478768
17.207906,-96.478768
17.227957,-96.478768
17.248034,-96.478768
17.268055,-96.478768
17.287874,-96.478768
17.307852,-96.478768
17.328077,-96.478768
17.347807,-96.478768
17.367885,-96.478768
17.387819,-96.478768
17.407798,-96.478768
17.427816,-96.478768
17.447784,-96.478768
17.467969,-96.478768
17.487861,-96.478768
17.507839,-96.478768
17.527766,-96.478768
17.548950,-96.478768
17.567723,-96.478768
17.587908,-96.478768
17.607702,-96.478768
17.627649,-96.478768
17.648749,-96.478768
17.667744,-96.478768
17.688818,-96.478768
17.707734,-96.478768
17.728655,-96.478768
17.747609,-96.478768
17.768691,-96.478768
17.787753,-96.478768
17.808919,-96.478768
17.828614,-96.478768
17.848752,-96.478768
17.868790,-96.478768
17.888606,-96.478768
17.908813,-96.478768
17.928571,-96.478768
17.948551,-96.478768
17.968528,-96.478768
17.988607,-96.478768
18.008693,-96.478768
18.028453,-96.478768
18.048483,-96.478768
18.068646,-96.478768
18.088412,-96.478768
18.108393,-96.478768
18.128638,-96.478768
18.148440,-96.478768
18.168420,-96.478768
18.188445,-96.478768
18.208486,-96.478768
18.228408,-96.478768
18.248464,-96.478768
18.268819,-96.478768
18.288462,-96.478768
18.308433,-96.478768
18.328290,-96.478768
18.348288,-96.478768
18.368312,-96.478768
18.388302,-96.478768
18.408302,-96.478768
18.428339,-96.478768
18.448304,-96.478768
18.468290,-96.478768
18.488253,-96.478768
18.508688,-96.478768
18.528330,-96.478768
18.548318,-96.478768
18.568300,-96.478768
18.588203,-96.478768
18.608279,-96.478768
18.628180,-96.478768
18.648185,-96.478768
18.668351,-96.478768
18.688218,-96.478768
18.708340,-96.478768
18.728109,-96.478768
18.748155,-96.478768
18.768274,-96.478768
18.788113,-96.478768
18.808039,-96.478768
18.828232,-96.478768
18.848028,-96.478768
18.868080,-96.478768
18.888216,-96.478768
18.908190,-96.478768
18.928147,-96.478768
18.947952,-96.478768
18.968037,-96.478768
18.988104,-96.478768
19.007895,-96.478768
19.027932,-96.478768
19.048032,-96.478768
19.067916,-96.478768
19.087936,-96.478768
19.107912,-96.478768
19.127852,-96.478768
19.147895,-96.478768
19.167831,-96.478768
19.187938,-96.478768
19.207880,-96.478768
19.227912,-96.478768
19.247791,-96.478768
19.267915,-96.478768
19.287822,-96.478768
19.307804,-96.478768
19.327941,-96.478768
19.347785,-96.478768
19.368822,-96.478768
19.387831,-96.478768
19.407782,-96.478768
19.427840,-96.478768
19.447889,-96.478768
19.468975,-96.478768
19.487827,-96.478768
19.507905,-96.478768
19.527645,-96.478768
19.547769,-96.478768
19.568818,-96.478768
19.587658,-96.478768
19.608691,-96.478768
19.628636,-96.478768
19.648783,-96.478768
19.668612,-96.478768
19.688745,-96.478768
19.708802,-96.478768
19.728639,-96.478768
19.749051,-96.478768
19.768533,-96.478768
19.788666,-96.478768
19.808971,-96.478768
19.828530,-96.478768
19.848471,-96.478768
19.868616,-96.478768
19.888564,-96.478768
19.908574,-96.478768
19.928638,-96.478768
19.948476,-96.478768
19.968430,-96.478768
19.988578,-96.478768
20.008507,-96.478768
20.028372,-96.478768
20.048405,-96.478768
20.068395,-96.478768
20.088487,-96.478768
20.108897,-96.478768
20.128433,-96.478768
20.148359,-96.478768
20.168406,-96.478768
20.188374,-96.478768
20.209469,-96.478768
20.229216,-96.478768
20.248257,-96.478768
20.268403,-96.478768
20.288289,-96.478768
20.308277,-96.478768
20.328316,-96.478768
20.348290,-96.478768
20.368251,-96.478769
20.388448,-96.478769
20.408245,-96.478769
20.428398,-96.478769
20.448193,-96.478768
20.468166,-96.478768
20.488158,-96.478769
