0.168392,-96.478772
0.188090,-96.478772
0.208076,-96.478772
0.228150,-96.478772
0.248098,-96.478772
0.268035,-96.478772
0.288021,-96.478772
0.308010,-96.478772
0.327944,-96.478772
0.348004,-96.478772
0.367987,-96.478772
0.387923,-96.478772
0.407870,-96.478772
0.427933,-96.478772
0.447905,-96.478772
0.467852,-96.478772
0.488061,-96.478772
0.507932,-96.478772
0.527958,-96.478772
0.547861,-96.478772
0.567953,-96.478772
0.588035,-96.478772
0.607898,-96.478772
0.627888,-96.478772
0.647832,-96.478772
0.667836,-96.478772
0.687769,-96.478772
0.707873,-96.478772
0.728049,-96.478772
0.747935,-96.478772
0.767697,-96.478772
0.787754,-96.478772
0.807892,-96.478772
0.827740,-96.478772
0.847681,-96.478772
0.867647,-96.478772
0.887700,-96.478772
0.907869,-96.478772
0.927793,-96.478772
0.948653,-96.478772
0.967610,-96.478772
0.987619,-96.478772
1.007623,-96.478772
1.028585,-96.478772
1.048647,-96.478772
1.067536,-96.478772
1.087561,-96.478772
1.108682,-96.478772
1.128546,-96.478772
1.148582,-96.478772
1.168622,-96.478772
1.188530,-96.478772
1.208539,-96.478772
1.228925,-96.478772
1.248455,-96.478772
1.268567,-96.478772
1.288439,-96.478772
1.308481,-96.478772
1.328475,-96.478772
1.348504,-96.478772
1.368496,-96.478772
1.388604,-96.478772
1.408391,-96.478772
1.428342,-96.478772
1.448435,-96.478772
1.468464,-96.478772
1.488325,-96.478772
1.508345,-96.478772
1.528426,-96.478772
1.548404,-96.478772
1.568380,-96.478772
1.588280,-96.478772
1.608237,-96.478772
1.628358,-96.478772
1.648258,-96.478772
1.668282,-96.478772
1.688380,-96.478772
1.708238,-96.478772
1.728519,-96.478772
1.748365,-96.478772
1.768401,-96.478772
1.788246,-96.478772
1.808169,-96.478772
1.828171,-96.478772
1.848105,-96.478772
1.868325,-96.478772
1.888101,-96.478772
1.908121,-96.478772
1.928169,-96.478772
1.948056,-96.478772
1.968043,-96.478772
1.988129,-96.478772
2.007976,-96.478772
2.028145,-96.478772
2.048137,-96.478772
2.068163,-96.478772
2.088052,-96.478772
2.108330,-96.478772
2.127932,-96.478772
2.148011,-96.478772
2.167998,-96.478772
2.188156,-96.478772
2.207938,-96.478772
2.227929,-96.478772
2.248002,-96.478772
2.267945,-96.478772
2.287999,-96.478772
2.307835,-96.478772
2.327904,-96.478772
2.347909,-96.478772
2.367942,-96.478772
2.387861,-96.478772
2.407883,-96.478772
2.428013,-96.478772
2.447855,-96.478772
2.467836,-96.478772
2.487838,-96.478772
2.507912,-96.478772
2.527887,-96.478772
2.547744,-96.478772
2.567715,-96.478772
2.587748,-96.478772
2.607734,-96.478772
2.627903,-96.478772
2.647756,-96.478772
2.667821,-96.478772
2.687721,-96.478772
2.707796,-96.478772
2.727675,-96.478772
2.747748,-96.478772
2.767750,-96.478772
2.787646,-96.478772
2.808745,-96.478772
2.827675,-96.478772
2.848638,-96.478772
2.867569,-96.478772
2.887567,-96.478772
2.908636,-96.478772
2.928655,-96.478772
2.948649,-96.478772
2.968548,-96.478772
2.988542,-96.478772
3.008516,-96.478772
3.028536,-96.478772
3.048633,-96.478772
3.068593,-96.478772
3.088471,-96.478772
3.108437,-96.478772
3.128433,-96.478772
3.148531,-96.478772
3.168416,-96.478772
3.188439,-96.478772
3.208397,-96.478772
3.228869,-96.478772
3.248366,-96.478772
3.268451,-96.478772
3.288609,-96.478772
3.308453,-96.478772
3.328397,-96.478772
3.348341,-96.478772
3.368426,-96.478772
3.388331,-96.478772
3.408337,-96.478772
3.428242,-96.478772
3.448343,-96.478772
3.468631,-96.478772
3.488237,-96.478772
3.508375,-96.478772
3.528277,-96.478772
3.548252,-96.478772
3.568285,-96.478772
3.588131,-96.478772
3.608201,-96.478772
3.628165,-96.478772
3.648169,-96.478772
3.668159,-96.478772
3.688206,-96.478772
3.708064,-96.478772
3.728121,-96.478772
3.748060,-96.478772
3.768164,-96.478772
3.788195,-96.478772
3.808113,-96.478772
3.828198,-96.478772
3.848049,-96.478772
3.868032,-96.478772
3.888060,-96.478772
3.908136,-96.478772
3.928011,-96.478772
3.948008,-96.478772
3.967933,-96.478772
3.988013,-96.478772
4.008144,-96.478772
4.027968,-96.478772
4.047929,-96.478772
4.067887,-96.478772
4.088048,-96.478772
4.108079,-96.478772
4.128088,-96.478772
4.147959,-96.478772
4.168031,-96.478772
4.187936,-96.478772
4.207885,-96.478772
4.227855,-96.478772
4.247970,-96.478772
4.267906,-96.478772
4.287809,-96.478772
4.307814,-96.478772
4.328342,-96.478772
4.347852,-96.478772
4.367846,-96.478772
4.387786,-96.478772
4.407751,-96.478772
4.428102,-96.478772
4.448069,-96.478772
4.468016,-96.478772
4.487800,-96.478772
4.507700,-96.478772
4.528069,-96.478772
4.548701,-96.478772
4.567634,-96.478772
4.588012,-96.478772
4.607702,-96.478772
4.628841,-96.478772
4.648879,-96.478772
4.668697,-96.478772
4.688571,-96.478772
4.708653,-96.478772
4.728877,-96.478772
4.748866,-96.478772
4.768706,-96.478772
4.788502,-96.478772
4.808710,-96.478772
4.828722,-96.478772
4.848634,-96.478772
4.868464,-96.478772
4.888514,-96.478772
4.908488,-96.478772
4.928470,-96.478772
4.948656,-96.478772
4.968559,-96.478772
4.988398,-96.478772
5.008709,-96.478772
5.028425,-96.478772
5.048439,-96.478772
5.068516,-96.478772
5.088610,-96.478772
5.108332,-96.478772
5.128372,-96.478772
5.148425,-96.478772
5.168521,-96.478772
5.188317,-96.478772
5.208270,-96.478772
5.228324,-96.478772
5.248303,-96.478772
5.268335,-96.478772
5.288444,-96.478772
5.308275,-96.478772
5.328401,-96.478772
5.348220,-96.478772
5.368283,-96.478771
5.388462,-96.478771
5.408216,-96.478771
5.428302,-96.478771
5.448286,-96.478771
5.468157,-96.478772
5.488188,-96.478772
5.508200,-96.478772
5.528213,-96.478772
5.548470,-96.478772
5.568208,-96.478772
5.588507,-96.478772
5.608121,-96.478771
5.628134,-96.478771
5.648098,-96.478772
5.668081,-96.478772
5.688064,-96.478771
5.708174,-96.478771
5.728086,-96.478771
5.748129,-96.478771
5.768098,-96.478771
5.788017,-96.478771
5.808153,-96.478771
5.828058,-96.478771
5.848011,-96.478771
5.868000,-96.478771
5.887907,-96.478771
5.907931,-96.478771
5.928088,-96.478771
5.948011,-96.478771
5.967970,-96.478771
5.987991,-96.478771
6.007879,-96.478771
6.028215,-96.478771
6.048363,-96.478771
6.068013,-96.478771
6.087933,-96.478771
6.107945,-96.478771
6.127952,-96.478771
6.148018,-96.478771
6.167908,-96.478771
6.187940,-96.478771
6.207836,-96.478771
6.227907,-96.478771
6.247782,-96.478771
6.267741,-96.478771
6.287764,-96.478771
6.307761,-96.478771
6.327702,-96.478771
6.347828,-96.478771
6.367728,-96.478771
6.387727,-96.478771
6.409115,-96.478771
6.427640,-96.478771
6.448759,-96.478771
6.467651,-96.478771
6.488631,-96.478771
6.508674,-96.478771
6.528637,-96.478771
6.548710,-96.478771
6.568615,-96.478771
6.588601,-96.478771
6.608757,-96.478771
6.628626,-96.478771
6.648545,-96.478771
6.668761,-96.478771
6.688600,-96.478771
6.708587,-96.478771
6.729353,-96.478771
6.748804,-96.478771
6.768611,-96.478771
6.788462,-96.478771
6.808846,-96.478771
6.828470,-96.478771
6.848786,-96.478771
6.868569,-96.478771
6.888479,-96.478771
6.908426,-96.478771
6.928492,-96.478771
6.948480,-96.478771
6.968870,-96.478771
6.988554,-96.478771
7.008464,-96.478771
7.028478,-96.478771
7.048380,-96.478770
7.068566,-96.478770
7.088375,-96.478770
7.108319,-96.478770
7.128381,-96.478770
7.148439,-96.478770
7.168412,-96.478770
7.188353,-96.478770
7.208569,-96.478770
7.228259,-96.478770
7.248270,-96.478770
7.268423,-96.478770
7.288304,-96.478770
7.308440,-96.478770
7.328373,-96.478770
7.348235,-96.478770
7.368206,-96.478770
7.388332,-96.478770
7.408197,-96.478770
7.428180,-96.478770
7.448185,-96.478770
7.468274,-96.478770
7.488133,-96.478770
7.508201,-96.478770
7.528165,-96.478770
7.548125,-96.478770
7.568114,-96.478770
7.588228,-96.478770
7.608081,-96.478770
7.628289,-96.478770
7.648093,-96.478770
7.668217,-96.478770
7.688208,-96.478770
7.708130,-96.478770
7.728016,-96.478770
7.748040,-96.478770
7.768265,-96.478770
7.788027,-96.478770
7.808044,-96.478770
7.828011,-96.478770
7.847970,-96.478770
7.867954,-96.478770
7.887955,-96.478770
7.907991,-96.478770
7.927932,-96.478770
7.948247,-96.478770
7.967954,-96.478770
7.988008,-96.478770
8.007962,-96.478770
8.028015,-96.478770
8.047872,-96.478770
8.067822,-96.478770
8.087886,-96.478770
8.107942,-96.478770
8.128002,-96.478770
8.147992,-96.478770
8.167904,-96.478770
8.188207,-96.478770
8.207859,-96.478770
8.228117,-96.478770
8.248788,-96.478770
8.267890,-96.478770
8.287771,-96.478770
8.307795,-96.478770
8.327683,-96.478770
8.348679,-96.478770
8.367819,-96.478770
8.387640,-96.478770
8.408762,-96.478770
8.427846,-96.478770
8.448641,-96.478770
8.467712,-96.478770
8.487582,-96.478770
8.508729,-96.478770
8.528620,-96.478770
8.548751,-96.478770
8.568764,-96.478770
8.588623,-96.478770
8.608809,-96.478770
8.628741,-96.478770
8.648610,-96.478770
8.668590,-96.478770
8.688585,-96.478770
8.708478,-96.478770
8.728465,-96.478770
8.748540,-96.478770
8.768570,-96.478770
8.788490,-96.478770
8.808589,-96.478770
8.828533,-96.478770
8.848561,-96.478770
8.868448,-96.478770
8.888447,-96.478770
8.908491,-96.478770
8.928436,-96.478770
8.948436,-96.478770
8.968454,-96.478770
8.988516,-96.478770
9.008463,-96.478770
9.028388,-96.478770
9.048398,-96.478770
9.068395,-96.478770
9.088379,-96.478770
9.108363,-96.478770
9.128652,-96.478770
9.148497,-96.478769
9.168282,-96.478769
9.188357,-96.478769
9.208522,-96.478769
9.228429,-96.478769
9.248317,-96.478769
9.268324,-96.478769
9.288229,-96.478769
9.308295,-96.478769
9.328358,-96.478769
9.348932,-96.478769
9.368423,-96.478769
9.388301,-96.478769
9.408215,-96.478769
9.428184,-96.478769
9.448313,-96.478769
9.468146,-96.478769
9.488090,-96.478769
9.508144,-96.478769
9.528104,-96.478769
9.548111,-96.478769
9.568176,-96.478769
9.588174,-96.478769
9.608188,-96.478769
9.628058,-96.478769
9.648094,-96.478769
9.668065,-96.478769
9.687954,-96.478769
9.708252,-96.478769
9.728011,-96.478769
9.748106,-96.478769
9.767983,-96.478769
9.788110,-96.478769
9.807963,-96.478769
9.827998,-96.478769
9.848031,-96.478769
9.867964,-96.478769
9.887868,-96.478769
9.907920,-96.478769
9.928288,-96.478769
9.947990,-96.478769
9.967835,-96.478769
9.987829,-96.478769
10.007946,-96.478769
10.027993,-96.478769
10.047881,-96.478769
10.067890,-96.478769
10.087829,-96.478769
10.107852,-96.478769
10.127868,-96.478769
10.147740,-96.478769
10.167830,-96.478769
10.188245,-96.478769
10.207737,-96.478769
10.227949,-96.478769
10.248075,-96.478769
10.267683,-96.478769
10.287676,-96.478769
10.307734,-96.478769
10.328624,-96.478769
10.348675,-96.478769
10.367660,-96.478769
10.388712,-96.478769
10.408669,-96.478769
10.428648,-96.478769
10.448634,-96.478769
10.468665,-96.478769
10.488563,-96.478769
10.509056,-96.478769
10.528582,-96.478769
10.548558,-96.478769
10.568578,-96.478769
10.588543,-96.478769
10.608667,-96.478769
10.628502,-96.478769
10.648537,-96.478769
10.668486,-96.478769
10.688686,-96.478769
10.708572,-96.478769
10.728469,-96.478769
10.748518,-96.478769
10.768572,-96.478769
10.788489,-96.478769
10.808677,-96.478769
10.828690,-96.478769
10.848382,-96.478769
10.868422,-96.478769
10.888376,-96.478769
10.908381,-96.478769
10.928410,-96.478769
10.948390,-96.478769
10.968404,-96.478769
10.988297,-96.478768
11.008236,-96.478768
11.028250,-96.478768
11.048362,-96.478769
11.068220,-96.478769
11.088227,-96.478769
11.108260,-96.478769
11.128320,-96.478769
11.148429,-96.478769
11.168313,-96.478769
11.188241,-96.478769
11.208176,-96.478769
11.228152,-96.478768
11.248175,-96.478768
11.268211,-96.478768
11.288235,-96.478768
11.308297,-96.478768
11.328175,-96.478768
11.348305,-96.478768
11.368187,-96.478768
11.388223,-96.478768
11.408071,-96.478768
11.428419,-96.478768
11.448363,-96.478768
11.468314,-96.478768
11.488077,-96.478768
11.508080,-96.478768
11.528133,-96.478768
11.548002,-96.478768
11.568048,-96.478768
11.588072,-96.478768
11.607956,-96.478768
11.628002,-96.478768
11.648039,-96.478768
11.667882,-96.478768
11.687926,-96.478768
11.707960,-96.478768
11.727986,-96.478768
11.747904,-96.478768
11.768070,-96.478768
11.787949,-96.478768
11.808112,-96.478768
11.827994,-96.478768
11.847849,-96.478768
11.867851,-96.478768
11.887879,-96.478768
11.907872,-96.478768
11.927802,-96.478768
11.948739,-96.478768
11.967802,-96.478768
11.987744,-96.478768
12.007714,-96.478768
12.027790,-96.478768
12.047753,-96.478768
12.067766,-96.478768
12.088940,-96.478768
12.108769,-96.478768
12.127744,-96.478768
12.148670,-96.478768
12.168628,-96.478768
12.188642,-96.478768
12.208714,-96.478768
12.228664,-96.478768
12.248676,-96.478768
12.269253,-96.478768
12.288605,-96.478768
12.308701,-96.478768
12.328699,-96.478768
12.348662,-96.478768
12.368619,-96.478768
12.388493,-96.478768
12.408886,-96.478768
12.428761,-96.478768
12.448628,-96.478768
12.468484,-96.478768
12.488697,-96.478768
12.508543,-96.478768
12.528517,-96.478768
12.548584,-96.478768
12.568484,-96.478768
12.588469,-96.478768
12.608462,-96.478768
12.628635,-96.478768
12.648426,-96.478768
12.668379,-96.478768
12.688586,-96.478768
12.708475,-96.478768
12.729147,-96.478768
12.748518,-96.478768
12.768507,-96.478768
12.788617,-96.478768
12.808679,-96.478768
12.828553,-96.478768
12.848278,-96.478768
12.868618,-96.478768
12.888348,-96.478768
12.908683,-96.478768
12.928577,-96.478768
12.948236,-96.478768
12.968207,-96.478768
12.988664,-96.478768
13.008360,-96.478768
13.028329,-96.478768
13.048266,-96.478768
13.068609,-96.478768
13.088165,-96.478768
13.108255,-96.478768
13.128341,-96.478768
13.148209,-96.478768
13.168212,-96.478768
13.188164,-96.478768
13.208113,-96.478768
13.228312,-96.478768
13.248204,-96.478768
13.268135,-96.478768
13.288071,-96.478768
13.308457,-96.478768
13.328090,-96.478768
13.348125,-96.478768
13.368093,-96.478768
13.388546,-96.478768
13.408053,-96.478768
13.428133,-96.478768
13.448064,-96.478768
13.468067,-96.478768
13.488032,-96.478768
13.508124,-96.478768
13.527933,-96.478768
13.548231,-96.478768
13.567916,-96.478768
13.587928,-96.478768
13.607898,-96.478768
13.628387,-96.478768
13.647829,-96.478768
13.667871,-96.478768
13.687910,-96.478768
13.707980,-96.478768
13.728068,-96.478768
13.747976,-96.478768
13.767988,-96.478768
13.787810,-96.478768
13.807828,-96.478768
13.827818,-96.478768
13.848827,-96.478768
13.868150,-96.478768
13.887695,-96.478768
13.907818,-96.478768
13.928767,-96.478768
13.948683,-96.478768
13.967759,-96.478768
13.987706,-96.478768
14.007702,-96.478768
14.029998,-96.478768
14.049244,-96.478768
14.068897,-96.478768
14.088648,-96.478768
14.108891,-96.478768
14.128718,-96.478768
14.148632,-96.478768
14.168677,-96.478768
14.188581,-96.478768
14.208575,-96.478768
14.228840,-96.478768
14.249291,-96.478768
14.269262,-96.478768
14.288653,-96.478768
14.308535,-96.478768
14.328711,-96.478768
14.348587,-96.478768
14.368650,-96.478768
14.388656,-96.478768
14.408491,-96.478768
14.428500,-96.478768
14.448423,-96.478768
14.468614,-96.478768
14.488537,-96.478768
14.508422,-96.478768
14.528461,-96.478768
14.548506,-96.478768
14.568444,-96.478768
14.588410,-96.478768
14.608498,-96.478768
14.628432,-96.478768
14.648376,-96.478768
14.668477,-96.478768
14.688352,-96.478768
14.708518,-96.478768
14.728441,-96.478768
14.748290,-96.478768
14.768459,-96.478768
14.788324,-96.478768
14.808276,-96.478768
14.828285,-96.478768
14.848219,-96.478768
14.868248,-96.478768
14.888243,-96.478768
14.908258,-96.478768
14.928209,-96.478768
14.948169,-96.478768
14.968375,-96.478768
14.988371,-96.478768
15.008245,-96.478768
15.028207,-96.478768
15.048369,-96.478768
15.068118,-96.478768
15.088122,-96.478768
15.108226,-96.478768
15.128213,-96.478768
15.148105,-96.478768
15.168084,-96.478768
15.188053,-96.478768
15.208036,-96.478768
15.228055,-96.478768
15.248015,-96.478768
15.268071,-96.478768
15.288024,-96.478768
15.308042,-96.478768
15.328073,-96.478768
15.347963,-96.478768
15.367990,-96.478768
15.388023,-96.478768
15.407914,-96.478768
15.427922,-96.478768
15.449082,-96.478768
15.468027,-96.478768
15.487874,-96.478768
15.507954,-96.478768
15.527910,-96.478768
15.548981,-96.478768
15.567977,-96.478768
15.587780,-96.478768
15.607852,-96.478768
15.627907,-96.478768
15.648717,-96.478768
15.667887,-96.478768
15.687694,-96.478768
15.708798,-96.478768
15.727750,-96.478768
15.748691,-96.478768
15.767753,-96.478768
15.788918,-96.478768
15.808664,-96.478768
15.828724,-96.478768
15.848711,-96.478768
15.868692,-96.478768
15.888661,-96.478768
15.908590,-96.478768
15.928807,-96.478768
15.948595,-96.478768
15.968593,-96.478768
15.988549,-96.478768
16.008653,-96.478768
16.028601,-96.478768
16.048776,-96.478768
16.068531,-96.478768
16.088495,-96.478768
16.108607,-96.478768
16.128514,-96.478768
16.148448,-96.478768
16.168435,-96.478768
16.188550,-96.478768
16.208457,-96.478768
16.228415,-96.478768
16.248491,-96.478768
16.268544,-96.478768
16.288431,-96.478768
16.308592,-96.478768
16.328504,-96.478768
16.348356,-96.478768
16.368403,-96.478768
16.388499,-96.478768
16.408489,-96.478768
16.428336,-96.478768
16.448385,-96.478768
16.468524,-96.478768
16.488466,-96.478768
16.508369,-96.478768
16.528419,-96.478768
16.548433,-96.478768
16.568274,-96.478768
16.588395,-96.478768
16.608242,-96.478768
16.628387,-96.478768
16.648340,-96.478768
16.668412,-96.478768
16.688264,-96.478768
16.708323,-96.478768
16.728322,-96.478768
16.748311,-96.478768
16.768310,-96.478768
16.788234,-96.478768
16.808254,-96.478768
16.828357,-96.478768
16.848116,-96.478768
16.868197,-96.478768
16.888124,-96.478768
16.908180,-96.478768
16.928086,-96.478768
16.948122,-96.478768
16.968240,-96.478768
16.988121,-96.478768
17.008957,-96.478768
17.028552,-96.478768
17.048094,-96.478768
17.068089,-96.478768
17.088140,-96.478768
17.108016,-96.478768
17.128064,-96.478768
17.148116,-96.478768
17.168064,-96.478768
17.187988,-96.478768
17.207955,-96.478768
17.228013,-96.478768
17.248082,-96.478768
17.268118,-96.478768
17.287975,-96.478768
17.307958,-96.478768
17.328099,-96.478768
17.347894,-96.478768
17.367985,-96.478768
17.387916,-96.478768
17.407910,-96.478768
17.427886,-96.478768
17.447884,-96.478768
17.467988,-96.478768
17.488242,-96.478768
17.507903,-96.478768
17.527856,-96.478768
17.549004,-96.478768
17.567818,-96.478768
17.587931,-96.478768
17.607836,-96.478768
17.627784,-96.478768
17.648950,-96.478768
17.667830,-96.478768
17.688874,-96.478768
17.707744,-96.478768
17.728908,-96.478768
17.747696,-96.478768
17.768764,-96.478768
17.787770,-96.478768
17.808931,-96.478768
17.828707,-96.478768
17.848773,-96.478768
17.868803,-96.478768
17.888699,-96.478768
17.908832,-96.478768
17.928618,-96.478768
17.948637,-96.478768
17.968844,-96.478768
17.988687,-96.478768
18.008711,-96.478768
18.028524,-96.478768
18.048615,-96.478768
18.068697,-96.478768
18.088528,-96.478768
18.108652,-96.478768
18.128657,-96.478768
18.148485,-96.478768
18.168474,-96.478768
18.188684,-96.478768
18.208575,-96.478768
18.228466,-96.478768
18.248495,-96.478768
18.268833,-96.478768
18.288494,-96.478768
18.308469,-96.478768
18.328495,-96.478768
18.348388,-96.478768
18.368369,-96.478768
18.388355,-96.478768
18.408548,-96.478768
18.428354,-96.478768
18.448316,-96.478768
18.468338,-96.478768
18.488362,-96.478768
18.508688,-96.478768
18.528450,-96.478768
18.548388,-96.478768
18.568331,-96.478768
18.588559,-96.478768
18.608296,-96.478768
18.628223,-96.478768
18.648302,-96.478768
18.668365,-96.478768
18.688600,-96.478768
18.708353,-96.478768
18.728233,-96.478768
18.748175,-96.478768
18.768298,-96.478768
18.788195,-96.478768
18.808136,-96.478768
18.828300,-96.478768
18.848113,-96.478768
18.868189,-96.478768
18.888230,-96.478768
18.908242,-96.478768
18.928188,-96.478768
18.948022,-96.478768
18.968069,-96.478768
18.988121,-96.478768
19.007972,-96.478768
19.028040,-96.478768
19.048044,-96.478768
19.068018,-96.478768
19.087993,-96.478768
19.108192,-96.478768
19.127935,-96.478768
19.147984,-96.478768
19.167911,-96.478768
19.187947,-96.478768
19.207936,-96.478768
19.227941,-96.478768
19.247894,-96.478768
19.268021,-96.478768
19.287894,-96.478768
19.307906,-96.478768
19.327965,-96.478768
19.347835,-96.478768
19.368919,-96.478768
19.387874,-96.478768
19.407874,-96.478768
19.427887,-96.478768
19.447901,-96.478768
19.469044,-96.478768
19.487885,-96.478768
19.507921,-96.478768
19.527754,-96.478768
19.547786,-96.478768
19.568912,-96.478768
19.587774,-96.478768
19.608800,-96.478768
19.628747,-96.478768
19.648902,-96.478768
19.668756,-96.478768
19.688856,-96.478768
19.708818,-96.478768
19.728656,-96.478768
19.749069,-96.478768
19.768687,-96.478768
19.788886,-96.478768
19.809004,-96.478768
19.828768,-96.478768
19.848589,-96.478768
19.868633,-96.478768
19.888759,-96.478768
19.908648,-96.478768
19.928655,-96.478768
19.948565,-96.478768
19.968553,-96.478768
19.988593,-96.478768
20.008566,-96.478768
20.028517,-96.478768
20.048501,-96.478768
20.068496,-96.478768
20.088505,-96.478768
20.108932,-96.478768
20.128565,-96.478768
20.148591,-96.478768
20.168479,-96.478768
20.188702,-96.478768
20.209515,-96.478768
20.229244,-96.478768
20.248355,-96.478768
20.268501,-96.478768
20.288339,-96.478768
20.308725,-96.478768
20.328421,-96.478768
20.348469,-96.478768
20.368629,-96.478769
20.388469,-96.478769
20.408273,-96.478769
20.428735,-96.478769
20.448257,-96.478768
20.468204,-96.478768
20.488215,-96.478769
