0.246909,30.634817
0.266913,30.634817
0.286954,30.634817
0.306861,30.634817
0.326784,30.634817
0.346759,30.634817
0.366760,30.634817
0.386804,30.634817
0.406688,30.634817
0.426762,30.634817
0.446619,30.634817
0.466573,30.634817
0.486580,30.634817
0.506767,30.634817
0.526476,30.634817
0.546571,30.634817
0.567234,30.634817
0.588005,30.634817
0.606614,30.634817
0.626479,30.634817
0.646354,30.634817
0.666375,30.634817
0.686413,30.634817
0.706310,30.634817
0.726538,30.634817
0.746523,30.634817
0.766459,30.634817
0.786354,30.634817
0.806257,30.634817
0.826363,30.634817
0.846417,30.634817
0.866302,30.634817
0.886233,30.634817
0.906203,30.634817
0.926209,30.634817
0.947785,30.634817
0.966386,30.634817
0.986184,30.634817
1.006125,30.634817
1.026118,30.634817
1.046001,30.634817
1.066112,30.634817
1.086073,30.634817
1.106030,30.634817
1.126271,30.634817
1.146053,30.634817
1.166942,30.634817
1.187030,30.634817
1.206876,30.634817
1.226951,30.634817
1.246911,30.634817
1.266879,30.634817
1.286781,30.634817
1.306825,30.634817
1.326810,30.634817
1.346946,30.634817
1.366817,30.634817
1.386770,30.634817
1.406714,30.634817
1.426710,30.634817
1.446780,30.634817
1.466783,30.634817
1.486727,30.634817
1.506702,30.634817
1.526619,30.634817
1.546622,30.634817
1.566593,30.634817
1.586550,30.634817
1.606502,30.634817
1.626569,30.634817
1.646561,30.634817
1.666467,30.634817
1.686585,30.634817
1.706467,30.634817
1.726483,30.634817
1.746455,30.634817
1.766642,30.634817
1.786603,30.634817
1.806240,30.634817
1.826211,30.634817
1.846606,30.634817
1.866203,30.634817
1.886183,30.634817
1.906377,30.634817
1.926265,30.634817
1.946199,30.634817
1.966297,30.634817
1.986542,30.634817
2.006206,30.634817
2.026038,30.634817
2.046071,30.634817
2.066117,30.634817
2.086084,30.634817
2.106244,30.634817
2.126012,30.634817
2.145974,30.634817
2.166407,30.634817
2.187442,30.634817
2.207470,30.634817
2.237541,30.634817
2.258653,30.634817
2.266898,30.634817
2.289044,30.634817
2.306938,30.634817
2.327076,30.634817
2.346924,30.634817
2.366789,30.634817
2.386902,30.634817
2.406754,30.634817
2.426780,30.634817
2.446820,30.634817
2.466809,30.634817
2.486839,30.634817
2.506717,30.634817
2.526623,30.634817
2.546891,30.634817
2.566666,30.634817
2.586526,30.634817
2.606632,30.634817
2.626480,30.634817
2.646586,30.634817
2.666664,30.634817
2.686621,30.634817
2.706615,30.634817
2.726468,30.634817
2.746623,30.634817
2.766388,30.634817
2.786470,30.634817
2.806382,30.634817
2.826298,30.634817
2.846404,30.634817
2.866372,30.634817
2.886261,30.634817
2.906190,30.634817
2.926276,30.634817
2.946217,30.634817
2.966237,30.634817
2.986212,30.634817
3.006123,30.634817
3.026229,30.634817
3.046254,30.634817
3.066190,30.634817
3.086288,30.634817
3.106112,30.634817
3.126060,30.634817
3.145957,30.634817
3.167030,30.634817
3.185982,30.634817
3.205884,30.634817
3.226984,30.634817
3.246912,30.634817
3.266992,30.634817
3.287048,30.634817
3.306951,30.634817
3.327053,30.634817
3.346947,30.634817
3.366837,30.634817
3.387180,30.634817
3.406833,30.634817
3.426901,30.634817
3.446796,30.634817
3.466806,30.634817
3.486626,30.634817
3.506878,30.634817
3.526661,30.634817
3.546823,30.634817
3.566640,30.634817
3.586524,30.634817
3.606580,30.634817
3.626563,30.634817
3.646663,30.634817
3.666621,30.634817
3.686511,30.634817
3.706798,30.634817
3.726431,30.634817
3.746809,30.634817
3.766380,30.634817
3.786307,30.634817
3.806365,30.634817
3.826484,30.634817
3.846604,30.634817
3.866456,30.634817
3.886466,30.634817
3.906312,30.634817
3.926304,30.634817
3.946575,30.634817
3.966218,30.634817
3.986147,30.634817
4.006268,30.634817
4.026224,30.634817
4.048056,30.634817
4.066681,30.634817
4.086395,30.634817
4.106073,30.634817
4.127153,30.634817
4.146070,30.634817
4.165979,30.634817
4.187301,30.634817
4.206057,30.634817
4.227164,30.634817
4.246979,30.634817
4.267045,30.634817
4.286920,30.634817
4.306936,30.634817
4.326922,30.634817
4.347368,30.634817
4.366792,30.634817
4.386853,30.634817
4.406799,30.634817
4.427288,30.634817
4.447315,30.634817
4.466742,30.634817
4.486727,30.634817
4.506922,30.634817
4.526610,30.634817
4.547038,30.634817
4.566582,30.634817
4.586932,30.634817
4.607311,30.634817
4.626591,30.634817
4.646835,30.634817
4.666531,30.634817
4.686650,30.634817
4.706528,30.634817
4.726593,30.634817
4.746536,30.634817
4.766538,30.634817
4.786678,30.634817
4.808209,30.634817
4.827160,30.634817
4.846393,30.634817
4.866323,30.634817
4.886530,30.634817
4.906189,30.634817
4.926207,30.634817
4.946548,30.634817
4.966242,30.634817
4.986562,30.634817
5.006234,30.634817
5.026208,30.634817
5.046218,30.634817
5.066060,30.634817
5.086284,30.634817
5.106196,30.634817
5.126236,30.634817
5.147206,30.634817
5.166046,30.634817
5.186074,30.634817
5.206921,30.634817
5.226951,30.634817
5.246893,30.634817
5.266921,30.634817
5.286973,30.634817
5.307069,30.634817
5.326864,30.634817
5.346912,30.634817
5.366929,30.634817
5.386784,30.634817
5.406850,30.634817
5.426780,30.634817
5.446853,30.634817
5.466876,30.634817
5.486697,30.634817
5.506781,30.634817
5.526778,30.634817
5.546701,30.634817
5.566617,30.634817
5.586621,30.634817
5.606790,30.634817
5.626648,30.634817
5.646522,30.634817
5.666524,30.634817
5.686555,30.634817
5.706675,30.634817
5.726528,30.634817
5.746606,30.634817
5.766490,30.634817
5.786527,30.634817
5.806423,30.634817
5.826444,30.634817
5.846292,30.634817
5.866274,30.634817
5.886388,30.634817
5.906253,30.634817
5.926243,30.634817
5.946939,30.634817
5.966230,30.634817
5.986379,30.634817
6.006312,30.634817
6.026222,30.634817
6.046272,30.634817
6.066138,30.634817
6.086176,30.634817
6.106191,30.634817
6.126144,30.634817
6.145985,30.634817
6.167140,30.634817
6.185972,30.634817
6.207134,30.634817
6.227217,30.634817
6.247100,30.634817
6.267018,30.634817
6.286950,30.634817
6.306913,30.634817
6.326864,30.634817
6.346822,30.634817
6.366801,30.634817
6.386985,30.634817
6.406812,30.634817
6.426877,30.634817
6.446971,30.634817
6.467140,30.634817
6.486655,30.634817
6.506855,30.634817
6.526614,30.634817
6.546675,30.634817
6.566688,30.634817
6.587125,30.634817
6.606567,30.634817
6.626556,30.634817
6.646519,30.634817
6.666501,30.634817
6.686495,30.634817
6.706563,30.634817
6.726833,30.634817
6.746870,30.634817
6.766365,30.634817
6.786436,30.634817
6.806352,30.634817
6.826396,30.634817
6.846300,30.634817
6.866290,30.634817
6.886337,30.634817
6.906428,30.634817
6.927348,30.634817
6.947097,30.634817
6.966217,30.634817
6.986336,30.634817
7.006258,30.634817
7.026132,30.634817
7.046078,30.634817
7.066339,30.634817
7.086074,30.634817
7.106200,30.634817
7.126192,30.634817
7.145972,30.634817
7.166200,30.634817
7.187002,30.634817
7.207019,30.634817
7.227062,30.634817
7.246908,30.634817
7.266973,30.634817
7.286908,30.634817
7.307114,30.634817
7.327070,30.634817
7.347137,30.634817
7.366961,30.634817
7.387124,30.634817
7.406820,30.634817
7.426877,30.634817
7.446707,30.634817
7.466796,30.634817
7.486830,30.634817
7.506678,30.634817
7.526675,30.634817
7.546818,30.634817
7.566690,30.634817
7.586647,30.634817
7.606847,30.634817
7.626578,30.634817
7.646549,30.634817
7.666757,30.634817
7.686496,30.634817
7.706459,30.634817
7.726578,30.634817
7.746470,30.634817
7.766654,30.634817
7.786457,30.634817
7.806415,30.634817
7.826544,30.634817
7.846596,30.634817
7.866469,30.634817
7.886277,30.634817
7.906296,30.634817
7.926324,30.634817
7.946203,30.634817
7.966249,30.634817
7.986247,30.634817
8.006173,30.634817
8.026554,30.634817
8.046150,30.634817
8.066176,30.634817
8.086368,30.634817
8.106080,30.634817
8.126133,30.634817
8.146005,30.634817
8.167070,30.634817
8.187160,30.634817
8.207137,30.634817
8.227049,30.634817
8.246929,30.634817
8.266858,30.634817
8.286966,30.634817
8.306799,30.634817
8.326842,30.634817
8.346806,30.634817
8.366765,30.634817
8.386788,30.634817
8.406752,30.634817
8.427035,30.634817
8.446635,30.634817
8.466878,30.634817
8.486786,30.634817
8.506941,30.634817
8.526703,30.634817
8.547111,30.634817
8.566838,30.634817
8.586685,30.634817
8.606625,30.634817
8.626838,30.634817
8.646632,30.634817
8.666548,30.634817
8.686602,30.634817
8.706526,30.634817
8.726695,30.634817
8.746583,30.634817
8.766574,30.634817
8.786382,30.634817
8.806334,30.634817
8.826525,30.634817
8.846270,30.634817
8.866265,30.634817
8.886493,30.634817
8.906248,30.634817
8.926475,30.634817
8.946301,30.634817
8.966224,30.634817
8.986178,30.634817
9.006141,30.634817
9.026243,30.634817
9.046245,30.634817
9.066085,30.634817
9.086111,30.634817
9.106076,30.634817
9.127182,30.634817
9.146058,30.634817
9.166071,30.634817
9.186039,30.634817
9.206973,30.634817
9.226954,30.634817
9.247286,30.634817
9.266952,30.634817
9.286947,30.634817
9.307008,30.634817
9.326968,30.634817
9.347003,30.634817
9.366851,30.634817
9.386830,30.634817
9.407075,30.634817
9.427308,30.634817
9.446801,30.634817
9.466822,30.634817
9.486783,30.634817
9.506784,30.634817
9.526927,30.634817
9.546625,30.634817
9.566673,30.634817
9.586695,30.634817
9.606640,30.634817
9.626572,30.634817
9.646503,30.634817
9.666545,30.634817
9.686516,30.634817
9.706495,30.634817
9.726491,30.634817
9.746413,30.634817
9.766478,30.634817
9.786971,30.634817
9.806385,30.634817
9.826388,30.634817
9.846481,30.634817
9.866397,30.634817
9.886274,30.634817
9.906273,30.634817
9.926229,30.634817
9.946244,30.634817
9.966266,30.634817
9.986318,30.634817
10.006239,30.634817
10.026231,30.634817
10.046108,30.634817
10.066224,30.634817
10.086385,30.634817
10.106250,30.634817
10.126178,30.634817
10.146084,30.634817
10.166066,30.634817
10.187047,30.634817
10.207072,30.634817
10.227100,30.634817
10.246959,30.634817
10.266994,30.634817
10.286927,30.634817
10.307251,30.634817
10.326819,30.634817
10.346830,30.634817
10.367011,30.634817
10.386912,30.634817
10.406879,30.634817
10.427052,30.634817
10.446844,30.634817
10.466995,30.634817
10.486736,30.634817
10.506853,30.634817
10.526738,30.634817
10.546883,30.634817
10.566709,30.634817
10.586866,30.634817
10.606695,30.634817
10.626653,30.634817
10.646910,30.634817
10.666597,30.634817
10.686569,30.634817
10.706727,30.634817
10.726588,30.634817
10.746795,30.634817
10.766596,30.634817
10.786569,30.634817
10.806742,30.634817
10.826680,30.634817
10.846551,30.634817
10.866645,30.634817
10.886537,30.634817
10.906411,30.634817
10.926356,30.634817
10.946736,30.634817
10.966332,30.634817
10.986510,30.634817
11.006365,30.634817
11.027081,30.634817
11.047119,30.634817
11.066468,30.634817
11.086455,30.634817
11.106316,30.634817
11.126296,30.634817
11.146157,30.634817
11.166349,30.634817
11.186521,30.634817
11.206088,30.634817
11.226186,30.634817
11.246370,30.634817
11.267084,30.634817
11.286251,30.634817
11.306036,30.634817
11.326104,30.634817
11.348568,30.634817
11.368308,30.634817
11.387051,30.634817
11.407060,30.634817
11.426935,30.634817
11.446870,30.634817
11.467005,30.634817
11.486866,30.634817
11.506986,30.634817
11.527014,30.634817
11.547272,30.634817
11.566724,30.634817
11.586821,30.634817
11.606700,30.634817
11.626687,30.634817
11.646842,30.634817
11.667024,30.634817
11.686773,30.634817
11.706872,30.634817
11.726568,30.634817
11.746618,30.634817
11.766628,30.634817
11.786573,30.634817
11.806693,30.634817
11.826852,30.634817
11.846555,30.634817
11.866705,30.634817
11.886517,30.634817
11.906472,30.634817
11.926595,30.634817
11.947222,30.634817
11.967195,30.634817
11.986403,30.634817
12.006356,30.634817
12.026785,30.634817
12.047521,30.634817
12.067130,30.634817
12.087214,30.634817
12.106291,30.634817
12.126253,30.634817
12.146405,30.634817
12.166153,30.634817
12.186291,30.634817
12.206230,30.634817
12.226152,30.634817
12.246270,30.634817
12.266643,30.634817
12.286127,30.634817
12.306180,30.634817
12.327023,30.634817
12.347097,30.634817
12.367035,30.634817
12.387010,30.634817
12.406979,30.634817
12.426976,30.634817
12.446985,30.634817
12.467268,30.634817
12.486840,30.634817
12.507066,30.634817
12.526977,30.634817
12.546785,30.634817
12.567678,30.634817
12.587008,30.634817
12.606708,30.634817
12.626731,30.634817
12.646687,30.634817
12.666799,30.634817
12.686682,30.634817
12.706681,30.634817
12.726600,30.634817
12.746510,30.634817
12.766541,30.634817
12.786527,30.634817
12.806486,30.634817
12.826513,30.634817
12.846593,30.634817
12.866575,30.634817
12.886518,30.634817
12.906474,30.634817
12.926522,30.634817
12.946323,30.634817
12.966392,30.634817
12.986418,30.634817
13.006301,30.634817
13.026338,30.634817
13.046525,30.634817
13.066922,30.634817
13.086724,30.634817
13.106283,30.634817
13.126217,30.634817
13.146283,30.634817
13.166183,30.634817
13.186166,30.634817
13.206134,30.634817
13.226433,30.634817
13.246150,30.634817
13.266268,30.634817
13.286265,30.634817
13.306169,30.634817
13.326078,30.634817
13.347125,30.634817
13.367064,30.634817
13.387074,30.634817
13.407034,30.634817
13.426966,30.634817
13.446976,30.634817
13.467748,30.634817
13.487431,30.634817
13.506849,30.634817
13.526931,30.634817
13.546875,30.634817
13.566772,30.634817
13.587605,30.634817
13.607121,30.634817
13.626814,30.634817
13.646677,30.634817
13.666948,30.634817
13.686886,30.634817
13.706682,30.634817
13.726821,30.634817
13.746764,30.634817
13.766605,30.634817
13.786633,30.634817
13.807419,30.634817
13.827303,30.634817
13.846770,30.634817
13.866963,30.634817
