0.299689,0.000000
0.333925,0.000000
0.368680,0.000000
0.401192,0.000000
0.435559,0.000000
0.599766,0.000000
0.633898,0.000000
0.800404,0.000000
0.834560,0.000000
0.901527,0.000000
0.935949,0.000000
0.968085,0.000000
1.000697,0.000000
1.065393,0.000000
1.100115,0.000000
1.134504,0.000000
1.201382,0.000000
1.264118,0.000000
1.332820,0.000000
1.529497,0.000000
1.732228,0.000000
1.795091,0.000000
1.898621,0.000000
1.966160,0.000000
2.030220,0.000000
2.097185,0.000000
2.295470,0.000000
2.432245,0.000000
2.466548,0.000000
2.527469,0.000000
2.631834,0.000000
2.698673,0.000000
2.730174,0.000000
2.796042,0.000000
2.830491,0.000000
2.899375,0.000000
3.000768,0.000000
3.199368,0.000000
3.298752,0.000000
3.331147,0.000000
3.400109,0.000000
3.432261,0.000000
3.466918,0.000000
3.631357,0.000000
3.665864,0.000000
3.699910,0.000000
3.934915,0.000000
4.002910,0.000000
4.069823,0.000000
4.103078,0.000000
4.135681,0.000000
4.202336,0.000000
4.402909,0.000000
4.435288,0.000000
4.603505,0.000000
4.635803,0.000000
4.702755,0.000000
4.735030,0.000000
4.769553,0.000000
4.903383,0.000000
5.003727,0.000000
5.234653,0.000000
5.256882,0.000000
5.290397,0.000000
5.298496,0.000000
5.323565,0.000000
5.335029,0.000000
5.356929,0.000000
5.390280,0.000000
5.402066,0.000000
5.423664,0.000000
5.456927,0.000000
5.467643,0.000000
5.490397,0.000000
5.501309,0.000000
5.523623,0.000000
5.556918,0.000000
5.566830,0.000000
5.590350,0.000000
5.623724,0.000000
5.657008,0.000000
5.690176,0.000000
5.700758,0.000000
5.723559,0.000000
5.756932,0.000000
5.790346,0.000000
5.801008,0.000000
5.823573,0.000000
5.833455,0.000000
5.856986,0.000000
5.865791,0.000000
5.890298,0.000000
5.900683,0.000000
5.923569,0.000000
5.956997,0.000000
5.990296,0.000000
5.999774,0.000000
6.023594,0.000000
6.057029,0.000000
6.067556,0.000000
6.090228,0.000000
6.123686,0.000000
6.157029,0.000000
6.165792,0.000000
6.190274,0.000000
6.200397,0.000000
6.223667,0.000000
6.257002,0.000000
6.265626,0.000000
6.290289,0.000000
6.323688,0.000000
6.356979,0.000000
6.390187,0.000000
6.423496,0.000000
6.456987,0.000000
6.490274,0.000000
6.523659,0.000000
6.556880,0.000000
6.590263,0.000000
6.623563,0.000000
6.656874,0.000000
6.690189,0.000000
6.723589,0.000000
6.757045,0.000000
6.790347,0.000000
6.823607,0.000000
6.856822,0.000000
6.890229,0.000000
6.923578,0.000000
6.958693,0.000000
6.990232,0.000000
7.023839,0.000000
7.057362,0.000000
7.090438,0.000000
7.123675,0.000000
7.156974,0.000000
7.190291,0.000000
7.223688,0.000000
7.256886,0.000000
7.290204,0.000000
7.323638,0.000000
7.356992,0.000000
7.390290,0.000000
7.423644,0.000000
7.456964,0.000000
7.490206,0.000000
7.523647,0.000000
7.556973,0.000000
7.590306,0.000000
7.623645,0.000000
7.656934,0.000000
7.690653,0.000000
7.723656,0.000000
7.757040,0.000000
7.790257,0.000000
7.823672,0.000000
7.856925,0.000000
7.890254,0.000000
7.923578,0.000000
7.956881,0.000000
7.990265,0.000000
8.023632,0.000000
8.057007,0.000000
8.090240,0.000000
8.123628,0.000000
8.156967,0.000000
8.190373,0.000000
8.223580,0.000000
8.256904,0.000000
8.290220,0.000000
8.323575,0.000000
8.356899,0.000000
8.390373,0.000000
8.423667,0.000000
8.456933,0.000000
8.490271,0.000000
8.523588,0.000000
8.556932,0.000000
8.590339,0.000000
8.623683,0.000000
8.656866,0.000000
8.690171,0.000000
8.723609,0.000000
8.757233,0.000000
8.790215,0.000000
8.823681,0.000000
8.856994,0.000000
8.890303,0.000000
8.923659,0.000000
8.956903,0.000000
8.990551,0.000000
9.023694,0.000000
9.056919,0.000000
9.090271,0.000000
9.123600,0.000000
9.156889,0.000000
9.190233,0.000000
9.223626,0.000000
9.256968,0.000000
9.290163,0.000000
9.323567,0.000000
9.356946,0.000000
9.390125,0.000000
9.423564,0.000000
9.456962,0.000000
9.490201,0.000000
9.523575,0.000000
9.556890,0.000000
9.590171,0.000000
9.623675,0.000000
9.657079,0.000000
9.690360,0.000000
9.723533,0.000000
9.756935,0.000000
9.790201,0.000000
9.823693,0.000000
9.857029,0.000000
9.890575,0.000000
9.923541,0.000000
9.957065,0.000000
9.990201,0.000000
10.023563,0.000000
10.056916,0.000000
10.090290,0.000000
10.123679,0.000000
10.156975,0.000000
10.190376,0.000000
10.223682,0.000000
10.256913,0.000000
10.290212,0.000000
10.323555,0.000000
10.356988,0.000000
10.390241,0.000000
10.423618,0.000000
10.456926,0.000000
10.490367,0.000000
10.523571,0.000000
10.556952,0.000000
10.590258,0.000000
10.623640,0.000000
10.656988,0.000000
10.690348,0.000000
10.723619,0.000000
