0.184897,-96.482870
0.204901,-96.482870
0.224842,-96.482870
0.244850,-96.482870
0.264886,-96.482870
0.284887,-96.482870
0.304736,-96.482870
0.324836,-96.482870
0.344766,-96.482870
0.364822,-96.482870
0.384809,-96.482870
0.404785,-96.482870
0.424813,-96.482870
0.444823,-96.482870
0.464774,-96.482870
0.484717,-96.482870
0.504776,-96.482870
0.524738,-96.482870
0.544696,-96.482870
0.564682,-96.482870
0.584655,-96.482870
0.604683,-96.482870
0.624582,-96.482870
0.644576,-96.482870
0.664571,-96.482870
0.684586,-96.482870
0.704601,-96.482870
0.724633,-96.482870
0.744628,-96.482870
0.764640,-96.482870
0.784531,-96.482870
0.804509,-96.482870
0.824478,-96.482870
0.844489,-96.482870
0.864505,-96.482870
0.884548,-96.482870
0.904438,-96.482870
0.924521,-96.482870
0.944446,-96.482870
0.964414,-96.482870
0.984377,-96.482870
1.004444,-96.482870
1.024416,-96.482870
1.044419,-96.482870
1.064418,-96.482870
1.084386,-96.482870
1.104398,-96.482870
1.124363,-96.482870
1.144386,-96.482870
1.164290,-96.482870
1.184342,-96.482870
1.204252,-96.482870
1.224307,-96.482870
1.244326,-96.482870
1.264254,-96.482870
1.284289,-96.482870
1.304301,-96.482870
1.324243,-96.482870
1.344213,-96.482870
1.364417,-96.482872
1.384226,-96.482872
1.404182,-96.482872
1.424411,-96.482872
1.444189,-96.482872
1.464224,-96.482872
1.484310,-96.482872
1.504108,-96.482872
1.524151,-96.482872
1.544142,-96.482872
1.565111,-96.482874
1.584107,-96.482874
1.604197,-96.482874
1.624088,-96.482874
1.644123,-96.482874
1.665073,-96.482874
1.684048,-96.482874
1.705334,-96.482874
1.724003,-96.482874
1.744070,-96.482874
1.765001,-96.482878
1.784992,-96.482878
1.804993,-96.482878
1.825026,-96.482878
1.845126,-96.482878
1.864967,-96.482878
1.884958,-96.482878
1.905169,-96.482878
1.924917,-96.482878
1.944919,-96.482883
1.964926,-96.482883
1.984932,-96.482883
2.004917,-96.482883
2.024938,-96.482883
2.044838,-96.482883
2.064882,-96.482883
2.084785,-96.482883
2.104835,-96.482883
2.124826,-96.482883
2.144816,-96.482888
2.164802,-96.482888
2.184757,-96.482888
2.204831,-96.482888
2.224775,-96.482888
2.244732,-96.482888
2.264714,-96.482888
2.284694,-96.482888
2.304597,-96.482888
2.324654,-96.482888
2.344758,-96.482888
2.364605,-96.482895
2.384642,-96.482895
2.404586,-96.482895
2.424625,-96.482895
2.444539,-96.482895
2.464557,-96.482895
2.484578,-96.482895
2.504579,-96.482895
2.524581,-96.482895
2.544588,-96.482903
2.564600,-96.482903
2.584566,-96.482903
2.604556,-96.482903
2.624597,-96.482903
2.644480,-96.482903
2.664461,-96.482903
2.684488,-96.482903
2.704424,-96.482903
2.724373,-96.482903
2.744482,-96.482911
2.764380,-96.482911
2.784411,-96.482911
2.804436,-96.482911
2.824305,-96.482911
2.844288,-96.482911
2.864366,-96.482911
2.884327,-96.482911
2.904264,-96.482911
2.924263,-96.482911
2.944337,-96.482911
2.964255,-96.482921
2.984238,-96.482921
3.004255,-96.482921
3.024288,-96.482921
3.044214,-96.482921
3.064205,-96.482921
3.084152,-96.482921
3.104204,-96.482921
3.124197,-96.482921
3.144133,-96.482932
3.164188,-96.482932
3.184126,-96.482932
3.204091,-96.482932
3.225121,-96.482932
3.244158,-96.482932
3.265208,-96.482932
3.284133,-96.482932
3.304086,-96.482932
3.324120,-96.482932
3.344114,-96.482932
3.365044,-96.482944
3.385087,-96.482944
3.403994,-96.482944
3.424042,-96.482944
3.443999,-96.482944
3.464988,-96.482944
3.484964,-96.482944
3.504969,-96.482944
3.524996,-96.482944
3.544997,-96.482957
3.564958,-96.482957
3.584953,-96.482957
3.604960,-96.482957
3.624954,-96.482957
3.645127,-96.482957
3.664979,-96.482957
3.684879,-96.482957
3.704960,-96.482957
3.724848,-96.482957
3.744868,-96.482970
3.764873,-96.482970
3.784834,-96.482970
3.804829,-96.482970
3.824759,-96.482970
3.844920,-96.482970
3.864763,-96.482970
3.884893,-96.482970
3.904831,-96.482970
3.924805,-96.482970
3.944762,-96.482983
3.964810,-96.482983
3.984799,-96.482983
4.004691,-96.482983
4.024727,-96.482983
4.044782,-96.482983
4.064730,-96.482983
4.084690,-96.482983
4.104605,-96.482983
4.124665,-96.482983
4.144679,-96.482998
4.164682,-96.482998
4.184710,-96.482998
4.204571,-96.482998
4.224627,-96.482998
4.244637,-96.482998
4.264627,-96.482998
4.284669,-96.482998
4.304617,-96.482998
4.324590,-96.482998
4.344566,-96.482998
4.364565,-96.482998
4.384557,-96.483013
4.404431,-96.483013
4.424401,-96.483013
4.444498,-96.483013
4.464583,-96.483013
4.484452,-96.483013
4.504445,-96.483013
4.524383,-96.483013
4.544365,-96.483028
4.564360,-96.483028
4.584492,-96.483028
4.604314,-96.483028
4.624414,-96.483028
4.644355,-96.483028
4.664403,-96.483028
4.684365,-96.483028
4.704254,-96.483028
4.724337,-96.483028
4.744335,-96.483044
4.764390,-96.483044
4.784292,-96.483044
4.804265,-96.483044
4.824281,-96.483044
4.844306,-96.483044
4.864348,-96.483044
4.884312,-96.483044
4.904167,-96.483044
4.924187,-96.483044
4.944211,-96.483061
4.964227,-96.483061
4.984194,-96.483061
5.004097,-96.483061
5.024146,-96.483061
5.044121,-96.483061
5.064181,-96.483061
5.084105,-96.483061
5.105095,-96.483061
5.124186,-96.483061
5.145180,-96.483061
5.164231,-96.483078
5.185091,-96.483078
5.205031,-96.483078
5.224019,-96.483078
5.245074,-96.483078
5.265081,-96.483078
5.285243,-96.483078
5.305550,-96.483078
5.324878,-96.483078
5.344967,-96.483078
5.364991,-96.483095
5.384958,-96.483095
5.404957,-96.483095
5.424865,-96.483095
5.444925,-96.483095
5.464926,-96.483095
5.484845,-96.483095
5.505053,-96.483095
5.524843,-96.483095
5.544909,-96.483095
5.564793,-96.483113
5.584826,-96.483113
5.604749,-96.483113
5.624713,-96.483113
5.644764,-96.483113
5.664904,-96.483113
5.684729,-96.483113
5.704698,-96.483113
5.724668,-96.483113
5.744687,-96.483131
5.764743,-96.483131
5.784710,-96.483131
5.804766,-96.483131
5.824605,-96.483131
5.844734,-96.483131
5.864675,-96.483131
5.884657,-96.483131
5.904574,-96.483131
5.924559,-96.483131
5.944607,-96.483149
5.964667,-96.483149
5.984616,-96.483149
6.004574,-96.483149
6.024494,-96.483149
6.044559,-96.483149
6.064466,-96.483149
6.084523,-96.483149
6.104471,-96.483149
6.124576,-96.483149
6.144541,-96.483167
6.164454,-96.483167
6.184497,-96.483167
6.204454,-96.483167
6.224387,-96.483167
6.244478,-96.483167
6.264478,-96.483167
6.284434,-96.483167
6.304399,-96.483167
6.324312,-96.483167
6.344424,-96.483167
6.364386,-96.483185
6.384378,-96.483185
6.404396,-96.483185
6.424272,-96.483185
6.444359,-96.483185
6.464356,-96.483185
6.484424,-96.483185
6.504224,-96.483185
6.524208,-96.483185
6.544367,-96.483202
6.564288,-96.483202
6.584250,-96.483202
6.604199,-96.483202
6.624134,-96.483202
6.644177,-96.483202
6.664195,-96.483202
6.684157,-96.483202
6.704148,-96.483202
6.724098,-96.483202
6.744141,-96.483220
6.764149,-96.483220
6.784155,-96.483220
6.805107,-96.483220
6.824051,-96.483220
6.844215,-96.483220
6.865157,-96.483220
6.884032,-96.483220
6.905026,-96.483220
6.924952,-96.483220
6.945009,-96.483237
6.964944,-96.483237
6.985010,-96.483237
7.005012,-96.483237
7.024881,-96.483237
7.044973,-96.483237
7.064970,-96.483237
7.084948,-96.483237
7.104883,-96.483237
7.124827,-96.483237
7.144889,-96.483255
7.164970,-96.483255
7.184866,-96.483255
7.204848,-96.483255
7.224833,-96.483255
7.244933,-96.483255
7.264831,-96.483255
7.284892,-96.483255
7.304885,-96.483255
7.324844,-96.483255
7.344916,-96.483255
7.364835,-96.483273
7.384948,-96.483273
7.404737,-96.483273
7.424697,-96.483273
7.444772,-96.483273
7.464756,-96.483273
7.484784,-96.483273
7.504759,-96.483273
7.524651,-96.483273
7.544678,-96.483273
7.564722,-96.483292
7.584755,-96.483292
7.604635,-96.483292
7.624625,-96.483292
7.644612,-96.483292
7.664659,-96.483292
7.684656,-96.483292
7.704579,-96.483292
7.724562,-96.483292
7.744691,-96.483292
7.764626,-96.483311
7.784596,-96.483311
7.804602,-96.483311
7.824506,-96.483311
7.844530,-96.483311
7.864539,-96.483311
7.884603,-96.483311
7.904561,-96.483311
7.924501,-96.483311
7.944502,-96.483329
7.964509,-96.483329
7.984439,-96.483329
8.004520,-96.483329
8.024477,-96.483329
8.044559,-96.483329
8.064445,-96.483329
8.084479,-96.483329
8.104445,-96.483329
8.124362,-96.483329
8.144430,-96.483329
8.164454,-96.483348
8.184482,-96.483348
8.204431,-96.483348
8.224324,-96.483348
8.244352,-96.483348
8.264349,-96.483348
8.284326,-96.483348
8.304327,-96.483348
8.324226,-96.483348
8.344292,-96.483348
8.364322,-96.483367
8.384295,-96.483367
8.404206,-96.483367
8.424225,-96.483367
8.444235,-96.483367
8.464183,-96.483367
8.484234,-96.483367
8.504190,-96.483367
8.524115,-96.483367
8.544176,-96.483367
8.564205,-96.483386
8.584094,-96.483386
8.604180,-96.483386
8.624118,-96.483386
8.644220,-96.483386
8.664205,-96.483386
8.685129,-96.483386
8.704127,-96.483386
8.725096,-96.483386
8.745197,-96.483406
8.765154,-96.483406
8.785059,-96.483406
8.805094,-96.483406
8.824960,-96.483406
8.845023,-96.483406
8.865029,-96.483406
8.885005,-96.483406
8.904920,-96.483406
8.924927,-96.483406
8.944919,-96.483425
8.964974,-96.483425
8.984937,-96.483425
9.004915,-96.483425
9.024827,-96.483425
9.044938,-96.483425
9.064942,-96.483425
9.084821,-96.483425
9.104852,-96.483425
9.124792,-96.483425
9.144828,-96.483445
9.164876,-96.483445
9.184848,-96.483445
9.204772,-96.483445
9.224735,-96.483445
9.244844,-96.483445
9.264811,-96.483445
9.284762,-96.483445
9.304749,-96.483445
9.324831,-96.483445
9.344744,-96.483445
9.364772,-96.483465
9.384693,-96.483465
9.404695,-96.483465
9.424602,-96.483465
9.444636,-96.483465
9.464713,-96.483465
9.484638,-96.483465
9.504680,-96.483465
9.524545,-96.483465
9.544578,-96.483485
9.564569,-96.483485
9.584558,-96.483485
9.604703,-96.483485
9.624428,-96.483485
9.644590,-96.483485
9.664498,-96.483485
9.684435,-96.483485
9.704492,-96.483485
9.724402,-96.483485
9.744400,-96.483505
9.764482,-96.483505
9.784471,-96.483505
9.804418,-96.483505
9.824349,-96.483505
9.844397,-96.483505
9.864413,-96.483505
9.884415,-96.483505
9.904440,-96.483505
9.924274,-96.483505
9.944376,-96.483526
9.964305,-96.483526
9.984344,-96.483526
10.004379,-96.483526
10.024262,-96.483526
10.044316,-96.483526
10.064315,-96.483526
10.084298,-96.483526
10.104392,-96.483526
10.124177,-96.483526
10.144194,-96.483526
10.164164,-96.483546
10.184307,-96.483546
10.204175,-96.483546
10.224141,-96.483546
10.244210,-96.483546
10.264214,-96.483546
10.285124,-96.483546
10.305181,-96.483546
10.325055,-96.483546
10.345159,-96.483546
10.365102,-96.483546
10.385147,-96.483567
10.405113,-96.483567
10.424976,-96.483567
10.445113,-96.483567
10.465095,-96.483567
10.484994,-96.483567
10.505002,-96.483567
10.524963,-96.483567
10.544955,-96.483567
10.564973,-96.483587
10.584974,-96.483587
10.604913,-96.483587
10.624865,-96.483587
10.644967,-96.483587
10.664900,-96.483587
10.684929,-96.483587
10.704884,-96.483587
10.724859,-96.483587
10.744902,-96.483587
