0.246365,-96.478714
0.266362,-96.478714
0.286423,-96.478714
0.306185,-96.478714
0.326150,-96.478714
0.346255,-96.478714
0.366127,-96.478714
0.386261,-96.478714
0.406202,-96.478714
0.426147,-96.478714
0.446863,-96.478714
0.466520,-96.478714
0.486091,-96.478714
0.506165,-96.478714
0.526110,-96.478714
0.546252,-96.478714
0.566066,-96.478714
0.586090,-96.478714
0.606060,-96.478714
0.625989,-96.478714
0.646193,-96.478714
0.666090,-96.478714
0.686005,-96.478714
0.706024,-96.478714
0.726091,-96.478714
0.746153,-96.478714
0.765991,-96.478714
0.785858,-96.478714
0.805997,-96.478714
0.826045,-96.478714
0.845931,-96.478714
0.866116,-96.478714
0.885838,-96.478714
0.906022,-96.478714
0.925827,-96.478714
0.945905,-96.478714
0.966841,-96.478714
0.985835,-96.478714
1.005956,-96.478714
1.025784,-96.478714
1.045752,-96.478714
1.066855,-96.478714
1.085747,-96.478714
1.105718,-96.478714
1.125787,-96.478714
1.147050,-96.478714
1.166743,-96.478714
1.186900,-96.478714
1.206798,-96.478714
1.226644,-96.478714
1.246782,-96.478714
1.266714,-96.478714
1.286664,-96.478714
1.306627,-96.478714
1.326669,-96.478714
1.346666,-96.478714
1.366702,-96.478714
1.386555,-96.478714
1.406607,-96.478714
1.426664,-96.478714
1.446731,-96.478714
1.466744,-96.478714
1.486609,-96.478714
1.506503,-96.478714
1.526735,-96.478714
1.546570,-96.478714
1.566440,-96.478714
1.586495,-96.478714
1.606493,-96.478714
1.626524,-96.478714
1.646400,-96.478714
1.666450,-96.478714
1.686498,-96.478714
1.706547,-96.478714
1.726453,-96.478714
1.746597,-96.478714
1.766571,-96.478714
1.786420,-96.478714
1.806391,-96.478714
1.826436,-96.478714
1.846279,-96.478714
1.866504,-96.478714
1.886342,-96.478714
1.906378,-96.478714
1.926277,-96.478714
1.946338,-96.478714
1.966390,-96.478714
1.986415,-96.478714
2.006491,-96.478714
2.026171,-96.478714
2.046230,-96.478714
2.066192,-96.478714
2.086260,-96.478714
2.106539,-96.478714
2.126364,-96.478714
2.146363,-96.478714
2.166152,-96.478714
2.186143,-96.478714
2.206088,-96.478714
2.226134,-96.478714
2.246127,-96.478714
2.266160,-96.478714
2.286054,-96.478714
2.306085,-96.478714
2.326197,-96.478714
2.346041,-96.478714
2.366209,-96.478714
2.386039,-96.478714
2.406050,-96.478714
2.426256,-96.478714
2.445983,-96.478714
2.466027,-96.478714
2.486056,-96.478714
2.505938,-96.478714
2.526041,-96.478714
2.546022,-96.478714
2.565939,-96.478714
2.585880,-96.478714
2.606201,-96.478714
2.625856,-96.478714
2.645850,-96.478714
2.665872,-96.478714
2.685911,-96.478714
2.705856,-96.478714
2.725919,-96.478714
2.745894,-96.478714
2.766840,-96.478714
2.785784,-96.478714
2.805846,-96.478714
2.825860,-96.478714
2.845947,-96.478714
2.866914,-96.478714
2.885793,-96.478714
2.906005,-96.478714
2.926866,-96.478714
2.945797,-96.478714
2.966770,-96.478714
2.986771,-96.478714
3.006365,-96.478714
3.026773,-96.478714
3.046898,-96.478714
3.067047,-96.478714
3.086760,-96.478714
3.106753,-96.478714
3.126701,-96.478714
3.146673,-96.478714
3.166915,-96.478714
3.186706,-96.478714
3.206682,-96.478714
3.226815,-96.478714
3.246680,-96.478714
3.266872,-96.478714
3.286554,-96.478714
3.306703,-96.478714
3.326748,-96.478714
3.346530,-96.478714
3.366633,-96.478714
3.386667,-96.478714
3.407053,-96.478714
3.426587,-96.478714
3.446517,-96.478714
3.466593,-96.478714
3.486474,-96.478714
3.506458,-96.478714
3.526446,-96.478714
3.546455,-96.478714
3.566442,-96.478714
3.586463,-96.478714
3.606411,-96.478714
3.626386,-96.478714
3.646399,-96.478714
3.666361,-96.478714
3.686365,-96.478714
3.706544,-96.478714
3.726451,-96.478714
3.746583,-96.478714
3.766302,-96.478714
3.786302,-96.478714
3.806347,-96.478714
3.826332,-96.478714
3.846406,-96.478714
3.866337,-96.478714
3.886352,-96.478714
3.906446,-96.478714
3.926315,-96.478714
3.946200,-96.478714
3.966188,-96.478714
3.986176,-96.478714
4.006305,-96.478714
4.026404,-96.478714
4.046242,-96.478714
4.066229,-96.478714
4.086882,-96.478715
4.106755,-96.478715
4.126469,-96.478715
4.146248,-96.478715
4.166067,-96.478715
4.186194,-96.478715
4.206186,-96.478715
4.226115,-96.478715
4.246053,-96.478715
4.266203,-96.478715
4.286094,-96.478715
4.306116,-96.478715
4.326036,-96.478715
4.346053,-96.478715
4.366053,-96.478715
4.385973,-96.478715
4.406009,-96.478715
4.425952,-96.478715
4.446684,-96.478715
4.466369,-96.478715
4.485984,-96.478715
4.505854,-96.478715
4.526052,-96.478715
4.545918,-96.478715
4.565843,-96.478715
4.586035,-96.478715
4.605889,-96.478715
4.625849,-96.478715
4.645872,-96.478715
4.666867,-96.478715
4.685769,-96.478715
4.705856,-96.478715
4.726746,-96.478715
4.745678,-96.478715
4.766773,-96.478715
4.786763,-96.478715
4.805848,-96.478715
4.826855,-96.478715
4.846859,-96.478715
4.866919,-96.478715
4.886695,-96.478715
4.906658,-96.478715
4.926775,-96.478715
4.946669,-96.478715
4.966734,-96.478715
4.986866,-96.478715
5.006729,-96.478715
5.026635,-96.478715
5.046640,-96.478715
5.066661,-96.478715
5.086543,-96.478715
5.106629,-96.478715
5.126691,-96.478715
5.146844,-96.478715
5.166488,-96.478715
5.186540,-96.478715
5.206592,-96.478715
5.226642,-96.478715
5.246475,-96.478715
5.266549,-96.478715
5.286472,-96.478715
5.306588,-96.478715
5.326451,-96.478715
5.346501,-96.478715
5.366428,-96.478715
5.386454,-96.478715
5.406469,-96.478715
5.426677,-96.478715
5.446650,-96.478715
5.466368,-96.478715
5.486387,-96.478715
5.506504,-96.478715
5.526459,-96.478715
5.546404,-96.478715
5.566561,-96.478715
5.586380,-96.478715
5.606453,-96.478715
5.626379,-96.478715
5.646347,-96.478715
5.666273,-96.478715
5.686313,-96.478715
5.706424,-96.478715
5.727997,-96.478715
5.746996,-96.478715
5.766271,-96.478715
5.786257,-96.478715
5.806384,-96.478715
5.826517,-96.478715
5.846372,-96.478715
5.866331,-96.478715
5.886250,-96.478715
5.906363,-96.478715
5.926276,-96.478715
5.946285,-96.478715
5.966174,-96.478715
5.986228,-96.478715
6.006293,-96.478715
6.026261,-96.478715
6.046233,-96.478715
6.066172,-96.478715
6.086193,-96.478715
6.106175,-96.478715
6.126144,-96.478715
6.146362,-96.478715
6.166124,-96.478715
6.186105,-96.478715
6.206028,-96.478715
6.226219,-96.478715
6.246065,-96.478715
6.266109,-96.478715
6.286064,-96.478715
6.306082,-96.478715
6.326120,-96.478715
6.345989,-96.478715
6.366056,-96.478715
6.386069,-96.478715
6.405988,-96.478715
6.425973,-96.478715
6.445882,-96.478715
6.465905,-96.478715
6.485966,-96.478715
6.505923,-96.478715
6.526070,-96.478715
6.545905,-96.478715
6.566910,-96.478715
6.586061,-96.478715
6.605834,-96.478716
6.626793,-96.478715
6.645750,-96.478715
6.666863,-96.478715
6.686952,-96.478715
6.707154,-96.478715
6.726785,-96.478715
6.746820,-96.478715
6.766773,-96.478715
6.786760,-96.478715
6.806732,-96.478715
6.826848,-96.478715
6.846718,-96.478715
6.866680,-96.478715
6.886709,-96.478715
6.906737,-96.478715
6.926641,-96.478715
6.946857,-96.478715
6.966581,-96.478715
6.986617,-96.478715
7.006580,-96.478715
7.026701,-96.478715
7.046562,-96.478715
7.066570,-96.478715
7.086643,-96.478715
7.106538,-96.478715
7.126547,-96.478715
7.146795,-96.478715
7.166697,-96.478715
7.186567,-96.478715
7.206558,-96.478715
7.226601,-96.478715
7.246476,-96.478715
7.266560,-96.478715
7.286425,-96.478715
7.306381,-96.478715
7.326509,-96.478715
7.346423,-96.478715
7.366435,-96.478715
7.386342,-96.478715
7.406402,-96.478716
7.426514,-96.478716
7.446397,-96.478716
7.466304,-96.478716
7.486464,-96.478716
7.506320,-96.478716
7.526371,-96.478716
7.546413,-96.478716
7.566219,-96.478716
7.586348,-96.478716
7.606399,-96.478715
7.626297,-96.478715
7.646413,-96.478715
7.666331,-96.478715
7.686245,-96.478715
7.706432,-96.478715
7.726222,-96.478715
7.746263,-96.478715
7.766208,-96.478716
7.786210,-96.478716
7.806361,-96.478716
7.826391,-96.478716
7.846109,-96.478716
7.866191,-96.478716
7.886382,-96.478716
7.906227,-96.478716
7.926210,-96.478716
7.946249,-96.478716
7.966391,-96.478716
7.986100,-96.478716
8.006121,-96.478716
8.026231,-96.478716
8.046182,-96.478716
8.066024,-96.478716
8.086174,-96.478716
8.105988,-96.478716
8.126251,-96.478716
8.146035,-96.478716
8.166032,-96.478716
8.186061,-96.478716
8.206122,-96.478716
8.226070,-96.478716
8.246036,-96.478716
8.266032,-96.478716
8.286081,-96.478716
8.305995,-96.478716
8.325983,-96.478716
8.345954,-96.478716
8.365880,-96.478716
8.385925,-96.478716
8.405828,-96.478716
8.425885,-96.478716
8.446049,-96.478716
8.465823,-96.478716
8.486062,-96.478716
8.505913,-96.478716
8.525934,-96.478716
8.546002,-96.478716
8.566881,-96.478716
8.585895,-96.478716
8.606900,-96.478716
8.626862,-96.478716
8.646895,-96.478716
8.666829,-96.478716
8.686751,-96.478716
8.706946,-96.478716
8.726907,-96.478716
8.746867,-96.478716
8.766779,-96.478716
8.786767,-96.478716
8.806671,-96.478716
8.826744,-96.478715
8.846673,-96.478715
8.866652,-96.478715
8.886755,-96.478715
8.906611,-96.478715
8.927694,-96.478715
8.946892,-96.478715
8.966640,-96.478715
8.986839,-96.478715
9.006629,-96.478715
9.026663,-96.478715
9.046550,-96.478715
9.066775,-96.478715
9.086621,-96.478715
9.106524,-96.478715
9.126616,-96.478715
9.146623,-96.478715
9.166519,-96.478715
9.186583,-96.478715
9.206436,-96.478715
9.226840,-96.478715
9.246522,-96.478715
9.266476,-96.478715
9.286490,-96.478715
9.306443,-96.478715
9.326485,-96.478715
9.346414,-96.478715
9.366430,-96.478715
9.386429,-96.478715
9.406975,-96.478715
9.426402,-96.478715
9.446412,-96.478715
9.466543,-96.478715
9.486483,-96.478715
9.506446,-96.478715
9.526317,-96.478715
9.546514,-96.478715
9.566308,-96.478715
9.586227,-96.478715
9.606484,-96.478715
9.626231,-96.478715
9.646287,-96.478715
9.666356,-96.478715
9.686363,-96.478715
9.706313,-96.478715
9.726280,-96.478715
9.746325,-96.478715
9.766224,-96.478715
9.786276,-96.478715
9.806156,-96.478715
9.826373,-96.478715
9.846159,-96.478715
9.866066,-96.478715
9.886122,-96.478715
9.906069,-96.478715
9.926311,-96.478715
9.946069,-96.478715
9.966075,-96.478715
9.986050,-96.478715
10.006013,-96.478715
10.025987,-96.478715
10.046230,-96.478715
10.065970,-96.478715
10.086087,-96.478715
10.106128,-96.478715
10.126023,-96.478715
10.146176,-96.478715
10.165935,-96.478715
10.185949,-96.478715
10.206042,-96.478715
10.227020,-96.478715
10.246544,-96.478715
10.266008,-96.478716
10.285899,-96.478716
10.305851,-96.478716
10.325969,-96.478716
10.345833,-96.478716
10.365792,-96.478716
10.385812,-96.478716
10.406855,-96.478715
10.425957,-96.478715
10.445770,-96.478715
10.466911,-96.478716
10.486765,-96.478716
10.506878,-96.478716
10.526708,-96.478716
10.546721,-96.478716
10.566651,-96.478716
10.586699,-96.478716
10.606815,-96.478715
10.626685,-96.478715
10.646826,-96.478716
10.666626,-96.478716
10.686640,-96.478716
10.706586,-96.478716
10.726581,-96.478716
10.746666,-96.478716
10.766613,-96.478716
10.786823,-96.478716
10.806648,-96.478716
10.826684,-96.478716
10.846978,-96.478716
10.866506,-96.478716
10.886595,-96.478716
10.906515,-96.478716
10.926549,-96.478716
10.946611,-96.478716
10.966487,-96.478716
10.986562,-96.478716
11.006681,-96.478716
11.026502,-96.478716
11.046533,-96.478716
11.066517,-96.478716
11.086430,-96.478716
11.106475,-96.478716
11.126508,-96.478716
11.146442,-96.478716
11.166457,-96.478716
11.186399,-96.478716
11.206497,-96.478716
11.226501,-96.478716
11.246614,-96.478716
11.266394,-96.478716
11.286297,-96.478716
11.306432,-96.478716
11.326850,-96.478716
11.346723,-96.478716
11.366744,-96.478716
11.386292,-96.478716
11.406254,-96.478716
11.426358,-96.478716
11.446218,-96.478716
11.466202,-96.478716
11.486385,-96.478716
11.506287,-96.478716
11.526212,-96.478716
11.546262,-96.478716
11.566130,-96.478716
11.586112,-96.478716
11.606060,-96.478716
11.626160,-96.478716
11.646146,-96.478716
11.666093,-96.478716
11.686084,-96.478716
11.706193,-96.478716
11.726134,-96.478716
11.746175,-96.478716
11.766084,-96.478716
11.786094,-96.478716
11.806133,-96.478716
11.826143,-96.478716
11.846099,-96.478716
11.866199,-96.478716
11.886034,-96.478716
11.906053,-96.478716
11.926146,-96.478716
11.945988,-96.478716
11.965958,-96.478716
11.985986,-96.478716
12.006043,-96.478716
12.026029,-96.478716
12.045972,-96.478716
12.067167,-96.478716
12.085918,-96.478716
12.105897,-96.478716
12.126032,-96.478716
12.145960,-96.478716
12.166903,-96.478716
12.185888,-96.478716
12.205826,-96.478716
12.226372,-96.478716
12.246830,-96.478716
12.266889,-96.478716
12.286968,-96.478716
12.306925,-96.478716
12.326802,-96.478716
12.346877,-96.478716
12.366844,-96.478716
12.386788,-96.478716
12.406796,-96.478716
12.426861,-96.478716
12.446727,-96.478716
12.466722,-96.478716
12.486715,-96.478716
12.506818,-96.478716
12.526688,-96.478716
12.546726,-96.478716
12.566796,-96.478716
12.586818,-96.478716
12.606619,-96.478716
12.626744,-96.478716
12.646603,-96.478716
12.666924,-96.478716
12.686547,-96.478716
12.706627,-96.478716
12.726670,-96.478716
12.746604,-96.478716
12.766541,-96.478716
12.786583,-96.478716
12.806505,-96.478716
12.826690,-96.478716
12.846581,-96.478716
12.866696,-96.478716
12.886562,-96.478716
12.906536,-96.478716
12.926517,-96.478716
12.946506,-96.478716
12.966526,-96.478716
12.986498,-96.478716
13.006567,-96.478716
13.026510,-96.478716
13.046779,-96.478716
13.066669,-96.478716
13.086476,-96.478716
13.106540,-96.478716
13.126390,-96.478716
13.146377,-96.478716
13.166520,-96.478716
13.186442,-96.478716
13.206505,-96.478716
13.226292,-96.478716
13.246352,-96.478716
13.266442,-96.478716
13.286298,-96.478716
13.306592,-96.478716
13.326320,-96.478716
13.346459,-96.478716
13.366271,-96.478716
13.386590,-96.478716
13.406587,-96.478716
13.426414,-96.478716
13.446343,-96.478716
13.466367,-96.478716
13.486204,-96.478716
13.506440,-96.478716
13.526266,-96.478716
13.546255,-96.478716
13.566213,-96.478715
13.586176,-96.478715
13.606073,-96.478716
13.626158,-96.478716
13.646130,-96.478716
13.666097,-96.478716
13.686098,-96.478715
13.706087,-96.478715
13.726064,-96.478715
13.746021,-96.478715
13.766043,-96.478715
13.786082,-96.478715
13.806163,-96.478715
13.826047,-96.478715
13.846194,-96.478715
13.866118,-96.478715
13.886048,-96.478715
13.906034,-96.478715
13.926013,-96.478715
13.946096,-96.478715
13.966089,-96.478715
13.985937,-96.478715
14.005899,-96.478715
14.025960,-96.478715
14.045998,-96.478715
14.067011,-96.478715
14.085949,-96.478715
14.105954,-96.478715
14.125902,-96.478715
14.145869,-96.478715
14.166840,-96.478715
14.185859,-96.478715
14.206926,-96.478716
14.226817,-96.478716
14.246097,-96.478716
14.267076,-96.478716
14.286941,-96.478716
14.306792,-96.478716
14.326858,-96.478716
14.346829,-96.478716
14.366891,-96.478716
14.386780,-96.478716
14.406733,-96.478716
14.426795,-96.478716
14.446702,-96.478716
14.466678,-96.478716
14.486838,-96.478716
14.506719,-96.478716
14.526714,-96.478716
14.546679,-96.478716
14.566606,-96.478716
14.586914,-96.478716
14.606852,-96.478716
14.626650,-96.478716
14.646660,-96.478716
14.666526,-96.478716
14.686600,-96.478716
14.706521,-96.478716
14.726550,-96.478716
14.746721,-96.478716
14.766534,-96.478716
14.786638,-96.478716
14.806565,-96.478716
14.826603,-96.478716
14.846506,-96.478716
14.866431,-96.478716
14.886533,-96.478716
14.906496,-96.478716
14.926416,-96.478716
14.946478,-96.478716
14.966434,-96.478716
14.986392,-96.478716
15.006339,-96.478716
15.026529,-96.478716
15.046444,-96.478716
15.066353,-96.478716
15.086248,-96.478716
15.106303,-96.478716
15.126265,-96.478716
15.146229,-96.478716
15.166327,-96.478716
15.186324,-96.478716
15.206357,-96.478716
15.226293,-96.478716
15.246223,-96.478716
15.266307,-96.478716
15.286423,-96.478716
15.306224,-96.478716
15.326334,-96.478716
15.346267,-96.478716
15.366610,-96.478716
15.386204,-96.478716
15.406110,-96.478716
15.426303,-96.478716
15.446180,-96.478716
15.466197,-96.478716
15.486110,-96.478716
15.506319,-96.478716
15.526048,-96.478716
15.546179,-96.478716
15.566091,-96.478716
15.586214,-96.478716
15.606092,-96.478716
15.626004,-96.478716
15.646595,-96.478716
15.666591,-96.478716
15.686056,-96.478716
15.706213,-96.478716
15.725898,-96.478716
15.745957,-96.478716
15.766019,-96.478716
15.786046,-96.478716
15.806186,-96.478716
15.825916,-96.478716
15.845968,-96.478716
15.866156,-96.478716
15.885967,-96.478716
15.906129,-96.478716
15.926928,-96.478716
15.947062,-96.478716
15.966849,-96.478716
15.986889,-96.478716
16.006873,-96.478716
16.027207,-96.478716
16.046976,-96.478716
16.066970,-96.478716
16.086810,-96.478716
16.106786,-96.478716
16.126923,-96.478716
16.146998,-96.478716
16.166701,-96.478716
16.186841,-96.478716
16.206751,-96.478716
16.227097,-96.478716
16.246646,-96.478716
16.266647,-96.478716
16.286816,-96.478716
16.306614,-96.478716
16.326674,-96.478716
16.346618,-96.478716
16.366598,-96.478716
16.386552,-96.478716
16.406616,-96.478716
16.426779,-96.478716
16.446574,-96.478716
16.466537,-96.478716
16.486700,-96.478716
16.506547,-96.478717
16.526506,-96.478717
16.546520,-96.478717
16.566601,-96.478717
16.586477,-96.478717
16.606513,-96.478717
16.626408,-96.478717
16.646391,-96.478717
16.666593,-96.478717
16.686482,-96.478717
16.706493,-96.478717
16.726614,-96.478717
16.746550,-96.478717
16.766568,-96.478717
16.786334,-96.478717
16.806420,-96.478717
16.826523,-96.478717
16.846499,-96.478717
16.866352,-96.478717
16.886372,-96.478717
16.906427,-96.478717
16.926389,-96.478717
16.946337,-96.478717
16.966294,-96.478717
16.986468,-96.478717
17.006564,-96.478717
17.026274,-96.478717
17.046267,-96.478717
17.066516,-96.478717
17.086544,-96.478717
17.106291,-96.478717
17.126441,-96.478717
17.146425,-96.478717
17.166273,-96.478717
17.186402,-96.478717
17.206287,-96.478717
17.226257,-96.478717
17.246276,-96.478717
17.266181,-96.478717
17.286335,-96.478717
17.306206,-96.478717
17.326083,-96.478717
17.346199,-96.478717
17.366258,-96.478717
17.386100,-96.478717
17.406206,-96.478717
17.426318,-96.478717
17.446359,-96.478717
17.466130,-96.478717
17.486049,-96.478717
17.506176,-96.478717
17.526092,-96.478717
17.546052,-96.478717
17.566040,-96.478717
17.585949,-96.478717
17.606423,-96.478717
17.626053,-96.478717
17.646021,-96.478717
17.666124,-96.478717
17.685969,-96.478717
17.706005,-96.478717
17.725950,-96.478717
17.746029,-96.478717
17.767244,-96.478718
17.787025,-96.478718
17.806037,-96.478718
17.826901,-96.478718
17.846841,-96.478718
17.866929,-96.478718
17.886982,-96.478718
17.906789,-96.478718
17.926817,-96.478718
17.946998,-96.478718
17.966793,-96.478718
17.986867,-96.478718
18.006763,-96.478718
18.026848,-96.478718
18.046816,-96.478718
18.066782,-96.478718
18.086804,-96.478718
18.107020,-96.478718
18.126697,-96.478718
18.146882,-96.478718
18.166628,-96.478718
18.186716,-96.478718
18.206729,-96.478718
18.226666,-96.478718
18.246692,-96.478718
18.266654,-96.478718
18.286628,-96.478718
18.306647,-96.478718
18.326644,-96.478718
18.346767,-96.478718
18.366729,-96.478718
18.386578,-96.478718
18.406587,-96.478718
18.426635,-96.478718
18.446474,-96.478718
18.466551,-96.478718
18.486479,-96.478718
18.506496,-96.478718
18.526694,-96.478718
18.546429,-96.478718
18.566566,-96.478718
18.586492,-96.478718
18.606432,-96.478718
18.626446,-96.478718
18.646404,-96.478718
18.666373,-96.478718
18.686372,-96.478718
18.706449,-96.478718
18.726406,-96.478718
18.746403,-96.478718
18.766405,-96.478718
18.786434,-96.478718
18.806350,-96.478718
18.826445,-96.478718
18.846313,-96.478718
18.866468,-96.478718
18.886517,-96.478718
18.906340,-96.478718
18.926239,-96.478718
18.946265,-96.478718
18.966263,-96.478718
18.986311,-96.478718
19.006330,-96.478718
19.026401,-96.478718
19.046215,-96.478718
19.066539,-96.478718
19.086263,-96.478718
19.106222,-96.478718
19.126151,-96.478718
19.146350,-96.478718
19.167284,-96.478718
19.186335,-96.478718
19.206320,-96.478718
19.226160,-96.478718
19.246240,-96.478718
19.266171,-96.478718
19.286173,-96.478718
19.306134,-96.478718
19.326154,-96.478718
19.346069,-96.478718
19.366072,-96.478718
19.387011,-96.478718
19.406161,-96.478718
19.426095,-96.478718
19.446185,-96.478718
19.467266,-96.478718
19.486021,-96.478718
19.505967,-96.478718
19.525939,-96.478718
19.546618,-96.478718
19.567240,-96.478718
19.585997,-96.478718
19.605970,-96.478718
19.626069,-96.478718
19.645977,-96.478718
19.666927,-96.478718
19.685864,-96.478718
19.706969,-96.478718
19.726821,-96.478718
19.746839,-96.478718
19.766883,-96.478718
19.786932,-96.478718
19.806871,-96.478718
19.826843,-96.478718
19.847000,-96.478718
19.867265,-96.478718
19.886809,-96.478718
19.906816,-96.478719
19.926868,-96.478719
19.946792,-96.478719
19.966746,-96.478719
19.986676,-96.478719
20.006756,-96.478719
20.026954,-96.478718
20.046697,-96.478719
20.066733,-96.478719
20.086602,-96.478719
20.106718,-96.478719
20.126650,-96.478719
20.146645,-96.478719
20.166766,-96.478719
20.186591,-96.478719
20.206676,-96.478719
20.226612,-96.478719
20.246982,-96.478719
20.266727,-96.478719
20.286629,-96.478719
20.306537,-96.478719
20.326771,-96.478719
20.346690,-96.478719
20.366546,-96.478719
20.386561,-96.478719
20.406641,-96.478719
20.426443,-96.478719
20.446525,-96.478719
20.466424,-96.478719
20.486425,-96.478719
20.506453,-96.478719
20.526694,-96.478719
20.546453,-96.478719
20.566574,-96.478719
20.586517,-96.478719
20.606602,-96.478719
20.626330,-96.478719
20.646432,-96.478719
20.666498,-96.478719
20.686433,-96.478719
20.706443,-96.478719
20.726451,-96.478719
20.746296,-96.478719
20.766286,-96.478719
20.786324,-96.478719
20.806497,-96.478719
20.826414,-96.478719
20.846336,-96.478719
20.866199,-96.478719
20.886271,-96.478719
20.906320,-96.478719
20.927171,-96.478719
20.947755,-96.478719
20.966294,-96.478719
20.986484,-96.478719
21.006153,-96.478719
21.026217,-96.478719
21.046155,-96.478719
21.066216,-96.478719
21.086254,-96.478719
21.106075,-96.478719
21.126087,-96.478719
21.146240,-96.478719
21.166117,-96.478719
21.186038,-96.478719
21.206055,-96.478719
21.226038,-96.478719
21.246224,-96.478719
21.266011,-96.478719
21.286021,-96.478719
21.306123,-96.478719
21.326989,-96.478719
21.346211,-96.478719
21.367021,-96.478719
21.386021,-96.478719
21.405984,-96.478719
21.425923,-96.478719
21.446059,-96.478719
21.467060,-96.478719
21.485904,-96.478719
21.506971,-96.478719
21.527153,-96.478719
21.546919,-96.478719
21.567108,-96.478719
21.586831,-96.478719
21.606840,-96.478719
21.627114,-96.478719
21.646901,-96.478719
21.666927,-96.478719
21.686813,-96.478719
21.706969,-96.478719
21.727712,-96.478719
21.747160,-96.478719
21.766788,-96.478719
21.786832,-96.478719
21.806773,-96.478719
21.826770,-96.478719
21.846698,-96.478719
21.866766,-96.478719
21.886693,-96.478719
21.906683,-96.478719
21.926682,-96.478719
21.946986,-96.478719
21.966722,-96.478719
21.986698,-96.478719
22.007291,-96.478719
22.027161,-96.478719
22.046896,-96.478719
22.066610,-96.478719
22.086723,-96.478719
22.106877,-96.478719
22.126554,-96.478719
22.146635,-96.478719
22.166704,-96.478719
22.186548,-96.478719
22.206504,-96.478719
22.226989,-96.478719
22.246593,-96.478719
22.266788,-96.478719
22.286517,-96.478719
22.306649,-96.478719
22.326666,-96.478719
22.346435,-96.478719
22.366417,-96.478719
22.386456,-96.478719
22.406436,-96.478719
22.426469,-96.478719
22.446453,-96.478719
22.466496,-96.478719
22.486463,-96.478719
22.506423,-96.478719
22.526347,-96.478719
22.546475,-96.478719
22.566503,-96.478719
22.586345,-96.478719
22.606292,-96.478719
22.626283,-96.478719
22.647357,-96.478719
22.666979,-96.478719
22.686547,-96.478719
22.706472,-96.478719
22.726652,-96.478719
22.746196,-96.478719
22.766197,-96.478719
22.786257,-96.478719
22.806193,-96.478719
22.826243,-96.478719
22.846429,-96.478719
22.866400,-96.478719
22.886230,-96.478719
22.906300,-96.478719
22.926509,-96.478719
22.946121,-96.478719
22.966122,-96.478719
22.986150,-96.478719
23.006149,-96.478719
23.026136,-96.478719
23.046075,-96.478719
23.066129,-96.478719
23.086045,-96.478719
23.106160,-96.478719
23.126128,-96.478719
23.146285,-96.478719
23.166042,-96.478719
23.186204,-96.478719
23.206007,-96.478719
23.226032,-96.478719
23.246005,-96.478719
23.265925,-96.478719
23.286000,-96.478719
23.307065,-96.478719
23.327133,-96.478719
23.346981,-96.478719
23.367071,-96.478719
23.387139,-96.478719
23.406099,-96.478719
23.427006,-96.478719
23.446896,-96.478719
23.466918,-96.478719
23.486898,-96.478719
23.506882,-96.478719
23.526865,-96.478719
23.547149,-96.478719
23.566909,-96.478719
23.586871,-96.478719
23.606890,-96.478719
23.626783,-96.478719
23.646827,-96.478719
23.666910,-96.478719
23.686882,-96.478719
23.706932,-96.478719
23.726841,-96.478719
23.746997,-96.478719
23.766842,-96.478719
23.786983,-96.478719
23.806735,-96.478719
23.826665,-96.478719
23.846760,-96.478719
23.866710,-96.478719
23.886647,-96.478719
23.906683,-96.478719
23.926682,-96.478719
23.946758,-96.478719
23.966731,-96.478719
23.986776,-96.478719
24.006627,-96.478719
24.026978,-96.478719
24.046661,-96.478719
24.066943,-96.478719
24.086545,-96.478719
24.106548,-96.478719
24.126645,-96.478719
24.146526,-96.478719
24.166542,-96.478719
24.186579,-96.478719
24.206459,-96.478719
24.226564,-96.478719
24.246487,-96.478719
24.266474,-96.478719
24.286458,-96.478719
24.306528,-96.478719
24.326388,-96.478719
24.347345,-96.478719
24.367422,-96.478719
24.386359,-96.478719
24.406307,-96.478719
24.426440,-96.478719
24.446320,-96.478719
24.466319,-96.478719
24.486296,-96.478719
24.506426,-96.478719
24.526202,-96.478719
24.546241,-96.478719
24.566271,-96.478719
24.586266,-96.478719
24.606243,-96.478719
24.626153,-96.478719
24.646318,-96.478719
24.666255,-96.478719
24.686185,-96.478719
24.706295,-96.478719
24.726224,-96.478719
24.746302,-96.478719
24.766284,-96.478719
24.786258,-96.478719
24.806222,-96.478719
24.826244,-96.478719
24.846142,-96.478719
24.866488,-96.478719
24.886137,-96.478719
24.906054,-96.478719
24.926076,-96.478719
24.945989,-96.478719
24.966108,-96.478719
24.986072,-96.478719
25.006046,-96.478719
25.026139,-96.478719
25.046068,-96.478719
25.065973,-96.478719
25.086023,-96.478719
25.105927,-96.478719
25.125916,-96.478719
25.147077,-96.478719
25.166949,-96.478719
25.186043,-96.478719
25.205891,-96.478719
25.226938,-96.478719
25.246982,-96.478719
25.266862,-96.478719
25.287128,-96.478719
25.306856,-96.478719
25.326825,-96.478719
25.346847,-96.478719
25.366863,-96.478719
25.386840,-96.478719
25.406876,-96.478719
25.426867,-96.478719
25.446906,-96.478719
25.466933,-96.478719
25.486765,-96.478719
25.506914,-96.478719
25.526796,-96.478719
25.546688,-96.478719
25.566750,-96.478719
25.586740,-96.478719
25.606767,-96.478719
25.626815,-96.478719
25.646714,-96.478719
25.666650,-96.478719
25.686646,-96.478719
25.706784,-96.478719
25.726968,-96.478719
25.746636,-96.478719
25.766671,-96.478719
25.786857,-96.478719
25.806691,-96.478719
25.826649,-96.478719
25.846805,-96.478719
25.866612,-96.478719
25.886749,-96.478719
25.906660,-96.478719
25.926567,-96.478719
25.946566,-96.478719
25.966529,-96.478719
25.986591,-96.478719
26.006501,-96.478719
26.026458,-96.478719
26.046664,-96.478719
26.066640,-96.478719
26.086533,-96.478719
26.106513,-96.478719
26.126510,-96.478719
