0.222861,52.404000
0.242833,52.413000
0.262937,52.413000
0.282755,52.413000
0.303082,52.413000
0.322815,52.413000
0.342759,52.413000
0.362762,52.413000
0.382762,52.413000
0.402793,52.413000
0.422642,52.413000
0.442662,52.413000
0.462651,52.438000
0.482676,52.438000
0.502647,52.438000
0.522647,52.438000
0.542670,52.438000
0.563576,52.438000
0.582572,52.438000
0.603531,52.438000
0.623492,52.438000
0.643562,52.438000
0.663467,52.438000
0.682574,52.436000
0.703490,52.436000
0.723481,52.436000
0.743506,52.436000
0.763477,52.436000
0.783438,52.436000
0.803422,52.436000
0.823383,52.436000
0.843448,52.436000
0.863435,52.453000
0.883422,52.453000
0.903362,52.453000
0.923383,52.453000
0.943316,52.453000
0.963405,52.453000
0.983376,52.453000
1.003357,52.453000
1.023291,52.453000
1.043274,52.453000
1.063269,52.459000
1.083275,52.459000
1.103266,52.459000
1.123232,52.459000
1.143266,52.459000
1.163228,52.459000
1.183173,52.459000
1.203234,52.459000
1.223165,52.459000
1.243132,52.459000
1.263205,52.473000
1.283112,52.473000
1.303347,52.473000
1.323127,52.473000
1.343119,52.473000
1.363038,52.473000
1.382998,52.473000
1.403059,52.473000
1.423029,52.473000
1.443061,52.473000
1.463092,52.492000
1.483051,52.492000
1.503079,52.492000
1.523221,52.492000
1.543213,52.492000
1.563893,52.492000
1.583776,52.492000
1.606404,52.492000
1.623269,52.492000
1.642879,52.492000
1.662853,52.500000
1.682837,52.500000
1.702924,52.500000
1.722792,52.500000
1.742833,52.500000
1.762816,52.500000
1.782802,52.500000
1.802696,52.500000
1.822757,52.500000
1.842727,52.509000
1.862731,52.509000
1.882721,52.509000
1.902818,52.509000
1.922740,52.509000
1.942667,52.509000
1.962655,52.509000
1.982618,52.509000
2.003192,52.509000
2.022609,52.509000
2.042567,52.509000
2.062613,52.512000
2.082560,52.512000
2.102535,52.512000
2.123651,52.512000
2.143572,52.512000
2.163496,52.512000
2.183567,52.512000
2.203721,52.512000
2.223488,52.512000
2.243448,52.512000
2.263440,52.515000
2.283431,52.515000
2.303435,52.515000
2.323330,52.515000
2.343273,52.515000
2.363313,52.515000
2.383294,52.515000
2.403296,52.515000
2.423271,52.515000
2.443217,52.515000
2.463293,52.523000
2.483250,52.523000
2.503201,52.523000
2.523177,52.523000
2.543165,52.523000
2.563140,52.523000
2.583131,52.523000
2.603131,52.523000
2.623249,52.523000
2.643122,52.523000
2.663053,52.524000
2.683065,52.524000
2.703122,52.524000
2.723088,52.524000
2.743031,52.524000
2.762991,52.524000
2.783008,52.524000
2.803000,52.524000
2.822958,52.524000
2.842953,52.517000
2.862952,52.517000
2.882972,52.517000
2.902906,52.517000
2.922963,52.517000
2.942871,52.517000
2.962865,52.517000
2.982860,52.517000
3.002867,52.517000
3.022804,52.517000
3.042840,52.513000
3.062779,52.513000
3.082868,52.513000
3.102757,52.513000
3.122747,52.513000
3.142750,52.513000
3.162716,52.513000
3.182731,52.513000
3.202737,52.513000
3.222703,52.513000
3.242689,52.513000
3.262654,52.520000
3.282937,52.520000
3.302681,52.520000
3.322681,52.520000
3.342613,52.520000
3.362570,52.520000
3.382626,52.520000
3.402569,52.520000
3.423607,52.520000
3.442547,52.520000
3.463527,52.533000
3.483524,52.533000
3.502499,52.533000
3.523833,52.533000
3.543480,52.533000
3.563450,52.533000
3.583459,52.533000
3.603449,52.533000
3.623418,52.533000
3.643379,52.533000
3.663363,52.538000
3.683373,52.538000
3.703337,52.538000
3.723312,52.538000
3.743314,52.538000
3.763295,52.538000
3.783296,52.538000
3.803288,52.538000
3.823333,52.538000
3.843269,52.538000
3.863260,52.537000
3.883239,52.537000
3.903189,52.537000
3.923170,52.537000
3.943162,52.537000
3.963163,52.537000
3.983396,52.537000
4.003154,52.537000
4.023457,52.537000
4.043199,52.537000
4.063136,52.537000
4.083068,52.537000
4.103147,52.537000
4.123055,52.537000
4.143021,52.537000
4.163013,52.537000
4.183000,52.537000
4.203018,52.537000
4.223046,52.537000
4.243033,52.537000
4.263006,52.550000
4.283712,52.550000
4.302942,52.550000
4.322948,52.550000
4.342972,52.550000
4.362898,52.550000
4.382911,52.550000
4.402927,52.550000
4.422870,52.550000
4.442823,52.556000
4.462829,52.556000
4.483636,52.556000
4.502799,52.556000
4.522821,52.556000
4.542762,52.556000
4.562752,52.556000
4.582721,52.556000
4.602725,52.556000
4.622751,52.556000
4.642684,52.556000
4.662684,52.556000
4.682696,52.561000
4.702679,52.561000
4.722674,52.561000
4.742673,52.561000
4.762637,52.561000
4.783587,52.561000
4.802713,52.561000
4.823539,52.561000
4.842531,52.561000
4.862544,52.563000
4.883526,52.563000
4.903583,52.563000
4.923497,52.563000
4.943484,52.563000
4.963474,52.563000
4.983482,52.563000
5.003432,52.563000
5.023441,52.563000
5.043415,52.580000
5.063385,52.580000
5.083391,52.580000
5.103341,52.580000
5.124214,52.580000
5.143368,52.580000
5.163336,52.580000
5.183329,52.580000
5.203297,52.580000
5.223278,52.580000
5.243302,52.580000
5.263267,52.574000
5.283241,52.574000
5.303242,52.574000
5.323235,52.574000
5.343236,52.574000
5.363222,52.574000
5.383200,52.574000
5.403169,52.574000
5.423212,52.574000
5.443130,52.593000
5.463136,52.593000
5.483186,52.593000
5.503190,52.593000
5.525044,52.593000
5.543132,52.593000
5.563063,52.593000
5.583037,52.593000
5.602994,52.593000
5.623003,52.593000
5.642993,52.593000
5.662966,52.598000
5.682975,52.598000
5.702901,52.598000
5.722915,52.598000
5.742895,52.598000
5.762868,52.598000
5.782917,52.598000
5.802830,52.598000
5.822860,52.598000
5.842817,52.598000
5.862798,52.604000
5.882798,52.604000
5.902734,52.604000
5.922987,52.604000
5.942706,52.604000
5.962683,52.604000
5.982771,52.604000
6.002701,52.604000
6.022702,52.604000
6.042655,52.604000
6.062640,52.592000
6.082646,52.592000
6.102649,52.592000
6.122585,52.592000
6.142592,52.592000
6.162604,52.592000
6.183552,52.592000
6.204834,52.592000
6.223590,52.592000
6.243558,52.592000
6.263526,52.590000
6.283499,52.590000
6.303491,52.590000
6.323488,52.590000
6.343445,52.590000
6.363504,52.590000
6.383411,52.590000
6.403485,52.590000
6.423417,52.590000
6.443389,52.590000
6.463369,52.598000
6.483366,52.598000
6.503342,52.598000
6.523345,52.598000
6.543356,52.598000
6.563277,52.598000
6.583283,52.598000
6.603334,52.598000
6.623318,52.598000
6.643264,52.598000
6.663261,52.598000
6.683217,52.589000
6.703399,52.589000
6.723281,52.589000
6.743185,52.589000
6.763155,52.589000
6.783146,52.589000
6.804815,52.589000
6.823167,52.589000
6.843140,52.589000
6.863137,52.582000
6.883142,52.582000
6.903082,52.582000
6.923132,52.582000
6.943056,52.582000
6.963003,52.582000
6.983004,52.582000
7.003058,52.582000
7.023006,52.582000
7.042958,52.582000
7.062951,52.564000
7.082954,52.564000
7.102916,52.564000
7.122914,52.564000
7.142918,52.564000
7.162864,52.564000
7.182866,52.564000
7.202846,52.564000
7.222919,52.564000
7.242801,52.546000
7.262805,52.546000
7.282840,52.546000
7.302790,52.546000
7.322840,52.546000
7.342728,52.546000
7.362730,52.546000
7.382893,52.546000
7.402709,52.546000
7.422704,52.546000
7.442709,52.546000
7.462640,52.536000
7.483642,52.536000
7.502604,52.536000
7.522776,52.536000
7.542576,52.536000
7.563524,52.536000
7.583612,52.536000
7.603525,52.536000
7.623529,52.536000
7.643479,52.536000
7.663456,52.526000
7.683493,52.526000
7.703437,52.526000
7.723422,52.526000
7.743447,52.526000
7.763407,52.526000
7.783393,52.526000
7.803395,52.526000
7.823391,52.526000
7.843322,52.545000
7.863305,52.545000
7.883321,52.545000
7.903282,52.545000
7.923291,52.545000
7.943246,52.545000
7.963252,52.545000
7.983218,52.545000
8.003220,52.545000
8.026064,52.545000
8.043186,52.542000
8.063195,52.542000
8.083173,52.542000
8.103175,52.542000
8.123206,52.542000
8.143193,52.542000
8.163199,52.542000
8.183141,52.542000
8.203331,52.542000
8.223142,52.542000
8.243064,52.527000
8.263056,52.527000
8.283040,52.527000
8.304494,52.527000
8.323179,52.527000
8.342981,52.527000
8.363003,52.527000
8.382985,52.527000
8.402934,52.527000
8.422935,52.527000
8.442908,52.517000
8.462916,52.517000
8.482896,52.517000
8.502871,52.517000
8.522848,52.517000
8.542840,52.517000
8.562804,52.517000
8.582811,52.517000
8.602877,52.517000
8.622829,52.517000
8.642829,52.517000
8.662835,52.520000
8.682775,52.520000
8.702739,52.520000
8.722710,52.520000
8.742719,52.520000
8.762683,52.520000
8.782689,52.520000
8.802669,52.520000
8.822756,52.520000
8.842725,52.536000
8.862589,52.536000
8.883599,52.536000
8.904230,52.536000
8.923582,52.536000
8.943572,52.536000
8.963540,52.536000
8.983546,52.536000
9.003512,52.536000
9.023487,52.536000
9.043531,52.549000
9.063501,52.549000
9.083452,52.549000
9.103435,52.549000
9.123496,52.549000
9.143422,52.549000
9.163399,52.549000
9.183558,52.549000
9.203393,52.549000
9.223365,52.549000
9.243355,52.549000
9.263329,52.570000
9.283364,52.570000
9.303325,52.570000
9.323293,52.570000
9.343318,52.570000
9.363237,52.570000
9.383336,52.570000
9.403288,52.570000
9.423273,52.570000
9.443237,52.570000
9.463213,52.578000
9.483171,52.578000
9.503199,52.578000
9.523128,52.578000
9.543146,52.578000
9.563169,52.578000
9.583127,52.578000
9.603126,52.578000
9.623213,52.578000
9.643076,52.578000
9.663075,52.592000
9.683023,52.592000
9.703025,52.592000
9.723024,52.592000
9.742985,52.592000
9.762972,52.592000
9.782976,52.592000
9.802957,52.592000
9.822959,52.592000
9.842935,52.592000
9.862909,52.597000
9.882902,52.597000
9.902878,52.597000
9.923149,52.597000
9.942873,52.597000
9.962820,52.597000
9.982823,52.597000
10.002855,52.597000
10.022847,52.597000
10.042833,52.621000
10.062793,52.621000
10.082779,52.621000
10.102732,52.621000
10.122732,52.621000
10.142719,52.621000
10.162693,52.621000
10.182695,52.621000
10.202725,52.621000
10.222675,52.621000
10.242648,52.637000
10.262628,52.637000
10.283604,52.637000
10.302626,52.637000
10.323939,52.637000
10.343609,52.637000
10.363550,52.637000
10.383548,52.637000
10.403503,52.637000
10.423509,52.637000
10.443677,52.664000
10.463483,52.664000
10.483524,52.664000
10.503538,52.664000
10.523668,52.664000
10.546982,52.664000
10.563458,52.664000
10.583446,52.664000
10.603401,52.664000
10.623405,52.664000
10.643410,52.664000
10.663422,52.664000
10.683420,52.670000
10.703352,52.670000
10.723365,52.670000
10.743325,52.670000
10.763334,52.670000
10.783312,52.670000
10.803286,52.670000
10.823283,52.670000
10.843289,52.687000
10.863268,52.687000
10.883243,52.687000
10.903239,52.687000
10.923240,52.687000
10.943231,52.687000
10.963930,52.687000
10.983194,52.687000
11.003199,52.687000
11.023185,52.687000
11.043167,52.703000
11.063149,52.703000
11.083121,52.703000
11.103126,52.703000
11.123214,52.703000
11.143148,52.703000
11.163140,52.703000
11.183075,52.703000
11.203075,52.703000
11.223093,52.703000
11.243044,52.721000
11.263028,52.721000
11.283006,52.721000
11.302999,52.721000
11.323024,52.721000
11.342991,52.721000
11.362955,52.721000
11.382983,52.721000
11.402926,52.721000
11.422906,52.721000
11.442880,52.721000
11.462888,52.742000
11.482873,52.742000
11.502864,52.742000
11.523297,52.742000
11.542810,52.742000
11.562802,52.742000
11.582803,52.742000
11.602771,52.742000
11.622767,52.742000
11.642762,52.742000
11.662723,52.764000
11.682731,52.764000
11.702696,52.764000
11.724938,52.764000
11.742678,52.764000
11.762653,52.764000
11.782650,52.764000
11.802619,52.764000
11.822651,52.764000
11.843635,52.764000
11.863643,52.804000
11.883561,52.804000
11.903557,52.804000
11.923596,52.804000
11.943571,52.804000
11.963542,52.804000
11.983569,52.804000
12.003580,52.804000
12.023561,52.804000
12.043539,52.804000
12.063470,52.828000
12.083469,52.828000
12.103478,52.828000
12.123418,52.828000
12.143501,52.828000
12.163400,52.828000
12.183408,52.828000
12.203379,52.828000
12.223384,52.828000
12.243402,52.828000
12.263364,52.844000
12.283366,52.844000
12.303383,52.844000
12.323315,52.844000
12.343324,52.844000
12.363317,52.844000
12.383282,52.844000
12.403279,52.844000
12.423286,52.844000
12.443252,52.844000
12.463262,52.875000
12.483252,52.875000
12.503302,52.875000
12.523206,52.875000
12.543218,52.875000
12.563181,52.875000
12.583190,52.875000
12.603183,52.875000
12.623179,52.875000
12.643194,52.875000
12.663200,52.901000
12.683090,52.901000
12.703057,52.901000
12.723037,52.901000
12.742985,52.901000
12.762954,52.901000
12.782979,52.901000
12.803014,52.901000
12.822927,52.901000
12.842908,52.934000
12.862932,52.934000
12.882882,52.934000
12.902868,52.934000
12.922858,52.934000
12.942844,52.934000
12.962819,52.934000
12.982837,52.934000
13.002806,52.934000
13.022800,52.934000
13.042790,52.967000
13.062765,52.967000
13.082782,52.967000
13.102728,52.967000
13.122768,52.967000
13.142839,52.967000
13.162700,52.967000
13.182699,52.967000
13.202690,52.967000
13.222687,52.967000
13.242654,52.995000
13.262647,52.995000
13.283657,52.995000
13.303669,52.995000
13.323595,52.995000
13.343697,52.995000
13.363554,52.995000
13.383582,52.995000
13.403561,52.995000
13.423663,52.995000
13.443534,53.019000
13.463471,53.019000
13.483513,53.019000
13.503456,53.019000
13.523663,53.019000
13.543451,53.019000
13.563414,53.019000
13.583421,53.019000
13.603451,53.019000
13.623378,53.019000
13.643416,53.019000
13.663389,53.039000
13.683379,53.039000
13.703400,53.039000
13.723319,53.039000
13.743333,53.039000
13.763335,53.039000
13.783321,53.039000
13.803274,53.039000
13.823283,53.039000
13.843302,53.040000
13.863240,53.040000
13.883251,53.040000
13.903206,53.040000
13.923553,53.040000
13.943195,53.040000
13.963199,53.040000
13.983231,53.040000
14.003184,53.040000
14.023139,53.040000
14.043168,53.048000
14.063186,53.048000
14.083219,53.048000
14.103052,53.048000
14.124095,53.048000
14.143072,53.048000
14.163039,53.048000
14.183032,53.048000
14.203005,53.048000
14.223048,53.048000
14.242977,53.048000
14.262962,53.019000
14.282968,53.019000
14.302927,53.019000
14.322954,53.019000
14.342903,53.019000
14.362895,53.019000
14.382882,53.019000
14.402885,53.019000
14.422890,53.019000
14.442840,53.019000
14.462841,53.002000
14.482852,53.002000
14.502824,53.002000
14.522867,53.002000
14.542798,53.002000
14.562754,53.002000
14.582795,53.002000
14.602808,53.002000
14.622730,53.002000
14.642707,53.002000
14.662710,53.002000
14.682679,52.989000
14.703676,52.989000
14.722661,52.989000
14.743664,52.989000
14.762617,52.989000
14.783642,52.989000
14.803658,52.989000
14.823608,52.989000
14.843614,52.989000
14.863579,52.983000
14.883600,52.983000
14.903566,52.983000
14.923581,52.983000
14.943569,52.983000
14.963567,52.983000
14.983521,52.983000
15.003477,52.983000
15.024732,52.983000
15.043532,52.979000
15.063443,52.979000
15.084873,52.979000
15.103407,52.979000
15.123452,52.979000
15.143411,52.979000
15.163380,52.979000
15.183429,52.979000
15.203349,52.979000
15.223363,52.979000
15.243352,52.992000
15.263345,52.992000
15.283333,52.992000
15.303296,52.992000
15.323282,52.992000
15.343282,52.992000
15.363284,52.992000
15.383284,52.992000
15.403258,52.992000
15.423240,52.992000
15.443188,52.996000
15.463217,52.996000
15.483176,52.996000
15.503165,52.996000
15.523193,52.996000
15.543132,52.996000
15.563133,52.996000
15.583133,52.996000
15.603143,52.996000
15.623100,52.996000
15.643139,52.996000
15.663111,53.000000
15.683112,53.000000
15.703371,53.000000
15.723007,53.000000
15.743013,53.000000
15.762982,53.000000
15.782958,53.000000
15.802941,53.000000
15.822926,53.000000
15.842908,53.005000
15.862887,53.005000
15.882886,53.005000
15.902900,53.005000
15.922840,53.005000
15.942821,53.005000
15.962817,53.005000
15.982811,53.005000
16.002805,53.005000
16.022786,53.005000
16.042731,52.998000
16.062749,52.998000
16.082795,52.998000
16.103716,52.998000
16.122705,52.998000
16.142692,52.998000
16.163692,52.998000
16.182633,52.998000
16.203646,52.998000
16.223674,52.998000
16.243644,52.995000
16.263594,52.995000
16.283708,52.995000
16.303622,52.995000
16.323549,52.995000
16.343562,52.995000
16.363525,52.995000
16.383520,52.995000
16.403549,52.995000
16.423548,52.995000
16.443518,53.001000
16.463480,53.001000
16.483489,53.001000
16.503434,53.001000
16.523395,53.001000
16.543409,53.001000
16.563384,53.001000
16.583369,53.001000
16.603321,53.001000
16.623320,53.001000
16.643413,53.001000
16.663318,52.993000
16.683300,52.993000
16.703306,52.993000
16.723330,52.993000
16.743273,52.993000
16.763281,52.993000
16.783313,52.993000
16.803243,52.993000
16.823254,52.993000
16.843213,52.993000
16.863215,52.984000
16.883204,52.984000
16.903250,52.984000
16.923229,52.984000
16.943262,52.984000
16.963155,52.984000
16.983134,52.984000
17.003138,52.984000
17.023168,52.984000
17.043074,52.984000
17.063031,52.982000
17.082994,52.982000
17.102985,52.982000
17.123008,52.982000
17.142992,52.982000
17.162946,52.982000
17.182971,52.982000
17.202929,52.982000
17.222963,52.982000
17.242917,52.982000
17.262891,52.981000
17.282898,52.981000
17.302878,52.981000
17.322858,52.981000
17.342849,52.981000
17.362840,52.981000
17.382820,52.981000
17.402806,52.981000
17.422778,52.981000
17.442813,52.965000
17.463741,52.965000
17.482754,52.965000
17.502717,52.965000
17.522668,52.965000
17.542716,52.965000
17.563641,52.965000
17.583636,52.965000
17.603630,52.965000
17.623693,52.965000
17.643646,52.965000
17.663578,52.952000
17.683586,52.952000
17.703537,52.952000
17.723546,52.952000
17.743520,52.952000
17.763533,52.952000
17.783490,52.952000
17.803499,52.952000
17.823526,52.952000
17.843493,52.952000
17.863461,52.931000
17.883428,52.931000
17.903407,52.931000
17.925120,52.931000
17.943605,52.931000
17.963371,52.931000
17.983392,52.931000
18.003412,52.931000
18.023350,52.931000
18.043323,52.931000
18.063341,52.921000
18.083302,52.921000
18.103324,52.921000
18.123290,52.921000
18.143253,52.921000
18.163239,52.921000
18.183219,52.921000
18.203228,52.921000
18.223218,52.921000
18.243197,52.917000
18.263155,52.917000
18.283263,52.917000
18.303189,52.917000
18.323184,52.917000
18.343200,52.917000
18.363190,52.917000
18.383126,52.917000
18.403205,52.917000
18.423243,52.917000
18.443035,52.901000
18.463033,52.901000
18.483027,52.901000
18.502994,52.901000
18.523009,52.901000
18.542995,52.901000
18.562975,52.901000
18.582972,52.901000
18.603024,52.901000
18.622943,52.901000
18.642947,52.901000
18.662933,52.880000
18.682908,52.880000
18.702905,52.880000
18.723166,52.880000
18.742857,52.880000
18.762842,52.880000
18.782857,52.880000
18.802887,52.880000
18.822796,52.880000
18.842785,52.884000
18.862752,52.884000
18.882833,52.884000
18.902725,52.884000
18.922728,52.884000
18.942724,52.884000
18.963704,52.884000
18.982927,52.884000
19.003665,52.884000
19.023683,52.884000
19.043679,52.887000
19.063642,52.887000
19.083587,52.887000
19.103607,52.887000
19.123563,52.887000
19.143629,52.887000
19.163674,52.887000
19.183513,52.887000
19.203511,52.887000
19.223473,52.887000
19.243661,52.885000
19.263483,52.885000
19.283469,52.885000
19.303453,52.885000
19.323524,52.885000
19.343455,52.885000
19.363427,52.885000
19.383454,52.885000
19.403382,52.885000
19.423379,52.885000
19.443381,52.885000
19.463365,52.891000
19.483325,52.891000
19.503304,52.891000
19.523307,52.891000
19.543283,52.891000
19.563280,52.891000
19.583283,52.891000
19.603314,52.891000
19.623234,52.891000
19.643256,52.891000
19.663185,52.872000
19.683176,52.872000
19.703181,52.872000
19.723130,52.872000
19.743135,52.872000
19.763180,52.872000
19.783180,52.872000
19.803184,52.872000
19.823060,52.872000
19.843055,52.872000
19.863011,52.868000
19.883005,52.868000
19.902996,52.868000
19.923039,52.868000
19.942975,52.868000
19.963008,52.868000
19.982939,52.868000
20.002964,52.868000
20.022924,52.868000
20.042892,52.868000
20.062958,52.879000
20.082943,52.879000
20.102966,52.879000
20.122919,52.879000
20.142896,52.879000
20.162829,52.879000
20.182851,52.879000
20.202811,52.879000
20.222795,52.879000
20.242762,52.879000
20.262759,52.891000
20.282730,52.891000
20.302728,52.891000
20.323696,52.891000
20.342696,52.891000
20.363676,52.891000
20.383687,52.891000
20.403671,52.891000
20.423693,52.891000
20.443679,52.891000
20.463643,52.875000
20.483593,52.875000
20.503563,52.875000
20.523529,52.875000
20.543602,52.875000
20.563529,52.875000
20.583521,52.875000
20.603564,52.875000
20.623533,52.875000
20.643536,52.875000
20.663478,52.875000
20.683481,52.900000
20.703442,52.900000
20.723418,52.900000
20.743418,52.900000
20.763407,52.900000
20.783400,52.900000
20.803432,52.900000
20.823387,52.900000
20.843371,52.900000
20.863314,52.914000
20.883377,52.914000
20.903349,52.914000
20.923287,52.914000
20.943295,52.914000
20.963279,52.914000
20.983240,52.914000
21.003225,52.914000
21.023253,52.914000
21.043227,52.916000
21.063203,52.916000
21.083190,52.916000
21.103203,52.916000
21.123168,52.916000
21.143158,52.916000
21.163156,52.916000
21.183161,52.916000
21.203187,52.916000
21.223130,52.916000
21.243132,52.924000
21.263138,52.924000
21.283064,52.924000
21.303026,52.924000
21.323022,52.924000
21.343015,52.924000
21.362972,52.924000
21.383016,52.924000
21.402981,52.924000
21.422961,52.924000
21.442955,52.956000
21.462978,52.956000
21.482913,52.956000
21.502915,52.956000
21.522919,52.956000
21.542933,52.956000
21.562862,52.956000
21.582865,52.956000
21.602844,52.956000
21.623080,52.956000
21.642788,52.956000
21.668953,52.953000
21.682789,52.953000
21.703814,52.953000
21.723737,52.953000
21.743748,52.953000
21.763774,52.953000
21.783718,52.953000
21.803741,52.953000
21.823723,52.953000
21.843702,52.952000
21.863659,52.952000
21.883732,52.952000
21.903687,52.952000
21.923670,52.952000
21.943636,52.952000
21.963574,52.952000
21.983601,52.952000
22.003565,52.952000
22.023550,52.952000
22.043594,52.952000
22.063582,52.957000
22.083677,52.957000
22.103556,52.957000
22.123481,52.957000
22.143472,52.957000
22.163472,52.957000
22.183464,52.957000
22.203449,52.957000
22.223418,52.957000
22.243411,52.938000
22.263397,52.938000
22.283584,52.938000
22.303358,52.938000
22.323402,52.938000
22.343395,52.938000
22.363340,52.938000
22.383351,52.938000
22.403322,52.938000
22.423293,52.938000
22.443296,52.938000
22.463276,52.971000
22.483257,52.971000
22.503258,52.971000
22.523252,52.971000
22.543202,52.971000
22.563243,52.971000
22.583215,52.971000
22.603184,52.971000
22.623143,52.971000
22.643173,52.971000
22.663228,52.971000
22.683277,52.981000
22.703139,52.981000
22.723164,52.981000
22.743125,52.981000
22.763118,52.981000
22.783616,52.981000
22.803144,52.981000
22.823085,52.981000
22.843073,52.981000
22.863027,53.012000
22.883092,53.012000
22.903561,53.012000
22.922967,53.012000
22.944960,53.012000
22.962969,53.012000
22.982966,53.012000
23.002956,53.012000
23.022934,53.012000
23.042902,53.056000
23.062916,53.056000
23.082891,53.056000
23.102857,53.056000
23.122854,53.056000
23.142907,53.056000
23.162858,53.056000
23.182857,53.056000
23.202835,53.056000
23.223838,53.056000
23.242836,53.056000
23.263823,53.090000
23.283822,53.090000
23.302790,53.090000
23.323758,53.090000
23.343831,53.090000
23.363742,53.090000
23.383744,53.090000
23.403740,53.090000
23.423704,53.090000
23.443702,53.090000
23.463656,53.080000
23.483640,53.080000
23.503614,53.080000
23.523701,53.080000
23.543522,53.080000
23.563488,53.080000
23.585736,53.080000
23.603543,53.080000
23.623473,53.080000
23.643466,53.080000
23.663475,53.108000
23.683418,53.108000
23.703479,53.108000
23.724780,53.108000
23.743384,53.108000
23.763351,53.108000
23.783363,53.108000
23.803382,53.108000
23.823351,53.108000
23.843346,53.111000
23.863315,53.111000
23.883287,53.111000
23.903260,53.111000
23.923299,53.111000
23.943270,53.111000
23.963258,53.111000
23.983239,53.111000
24.003245,53.111000
24.023217,53.111000
24.043239,53.126000
24.063178,53.126000
24.083183,53.126000
24.103136,53.126000
24.123152,53.126000
24.143152,53.126000
24.163073,53.126000
24.183074,53.126000
24.203054,53.126000
24.223050,53.126000
24.243044,53.142000
24.263012,53.142000
24.283028,53.142000
24.302969,53.142000
24.323026,53.142000
24.342970,53.142000
24.362949,53.142000
24.382900,53.142000
24.402882,53.142000
24.422862,53.142000
24.442855,53.192000
24.462849,53.192000
24.482836,53.192000
24.502885,53.192000
24.522844,53.192000
24.542870,53.192000
24.562824,53.192000
24.583826,53.192000
24.602790,53.192000
24.623813,53.192000
24.643748,53.192000
24.663774,53.263000
24.683763,53.263000
24.703767,53.263000
24.723731,53.263000
24.743675,53.263000
24.763741,53.263000
24.783678,53.263000
24.803696,53.263000
24.823643,53.263000
24.843685,53.298000
24.863584,53.298000
24.883621,53.298000
24.903564,53.298000
24.923578,53.298000
24.943554,53.298000
24.963552,53.298000
24.983521,53.298000
25.003514,53.298000
25.023502,53.298000
25.043489,53.368000
25.063472,53.368000
25.083445,53.368000
25.103416,53.368000
25.123430,53.368000
25.143402,53.368000
25.163379,53.368000
25.183428,53.368000
25.203371,53.368000
25.223376,53.368000
25.243346,53.368000
25.263336,53.424000
25.283341,53.424000
25.303322,53.424000
25.323296,53.424000
25.343322,53.424000
25.363306,53.424000
25.383274,53.424000
25.403248,53.424000
25.423247,53.424000
25.443219,53.424000
25.463263,53.469000
25.483188,53.469000
25.503292,53.469000
25.523179,53.469000
25.543142,53.469000
25.563140,53.469000
25.583153,53.469000
25.603155,53.469000
25.623149,53.469000
25.643147,53.469000
25.663142,53.499000
25.683085,53.499000
25.703154,53.499000
25.723045,53.499000
25.743018,53.499000
25.762986,53.499000
25.783005,53.499000
25.802975,53.499000
25.822962,53.499000
25.842943,53.499000
25.862954,53.525000
25.882965,53.525000
25.902958,53.525000
25.922876,53.525000
25.942825,53.525000
25.962839,53.525000
25.983814,53.525000
26.002833,53.525000
26.022816,53.525000
26.042778,53.525000
26.062734,53.547000
26.083768,53.547000
26.103737,53.547000
26.123721,53.547000
26.143713,53.547000
26.163745,53.547000
26.183735,53.547000
26.203665,53.547000
26.223716,53.547000
26.243667,53.547000
26.263661,53.573000
26.283619,53.573000
26.303607,53.573000
26.323587,53.573000
26.343596,53.573000
26.363546,53.573000
26.383616,53.573000
26.403528,53.573000
26.423636,53.573000
26.443501,53.587000
26.463505,53.587000
26.483451,53.587000
26.503447,53.587000
26.523460,53.587000
26.543469,53.587000
26.563437,53.587000
26.583415,53.587000
26.603409,53.587000
26.623395,53.587000
26.643377,53.587000
26.663396,53.597000
26.683336,53.597000
26.703281,53.597000
26.723241,53.597000
26.743318,53.597000
26.763208,53.597000
26.783194,53.597000
26.803205,53.597000
26.823215,53.597000
26.843255,53.611000
26.863134,53.611000
26.883273,53.611000
26.903127,53.611000
26.923130,53.611000
26.943130,53.611000
26.963135,53.611000
26.983078,53.611000
27.003028,53.611000
27.024775,53.611000
27.043028,53.615000
27.063025,53.615000
27.083430,53.615000
27.103033,53.615000
27.122995,53.615000
27.142961,53.615000
27.162956,53.615000
27.182933,53.615000
27.202948,53.615000
27.222949,53.615000
27.242942,53.629000
27.262892,53.629000
27.282902,53.629000
27.302889,53.629000
27.322891,53.629000
27.342892,53.629000
27.362860,53.629000
27.382853,53.629000
27.402810,53.629000
27.422823,53.629000
27.442806,53.621000
27.462848,53.621000
27.483766,53.621000
27.503758,53.621000
27.523736,53.621000
27.543753,53.621000
27.563739,53.621000
27.583710,53.621000
27.603756,53.621000
27.623681,53.621000
27.643700,53.621000
27.663666,53.613000
27.683682,53.613000
27.703686,53.613000
27.723622,53.613000
27.743593,53.613000
27.763600,53.613000
27.783588,53.613000
27.803576,53.613000
27.823534,53.613000
27.843520,53.613000
27.863529,53.609000
27.883486,53.609000
27.903527,53.609000
27.923489,53.609000
27.943456,53.609000
27.963473,53.609000
27.983432,53.609000
28.003475,53.609000
28.023476,53.609000
28.043468,53.624000
28.063361,53.624000
28.083364,53.624000
28.103354,53.624000
28.123349,53.624000
28.143302,53.624000
28.163322,53.624000
28.183309,53.624000
28.203271,53.624000
28.223334,53.624000
28.243287,53.606000
28.263293,53.606000
28.283284,53.606000
28.303226,53.606000
28.324649,53.606000
28.343200,53.606000
28.363216,53.606000
28.383154,53.606000
28.403290,53.606000
28.423157,53.606000
28.443133,53.601000
28.463067,53.601000
28.483075,53.601000
28.503026,53.601000
28.523027,53.601000
28.543066,53.601000
28.563040,53.601000
28.583007,53.601000
28.602926,53.601000
28.622919,53.601000
28.642906,53.601000
28.662920,53.601000
28.682926,53.619000
28.702833,53.619000
28.722858,53.619000
28.742823,53.619000
28.762851,53.619000
28.783835,53.619000
28.803844,53.619000
28.823834,53.619000
28.843813,53.619000
28.863775,53.624000
28.884318,53.624000
28.903754,53.624000
28.923728,53.624000
28.943733,53.624000
28.963728,53.624000
28.983673,53.624000
29.003734,53.624000
29.023646,53.624000
29.043660,53.624000
29.063607,53.613000
29.083654,53.613000
29.103589,53.613000
29.123544,53.613000
29.143569,53.613000
29.163553,53.613000
29.183508,53.613000
29.203522,53.613000
29.223508,53.613000
29.243536,53.634000
29.263480,53.634000
29.283527,53.634000
29.303510,53.634000
29.323447,53.634000
29.343486,53.634000
29.363403,53.634000
29.383424,53.634000
29.403411,53.634000
29.423397,53.634000
29.443439,53.644000
29.463376,53.644000
29.483359,53.644000
29.503348,53.644000
29.523334,53.644000
29.543328,53.644000
29.563304,53.644000
29.583284,53.644000
29.603335,53.644000
29.623252,53.644000
29.643216,53.644000
29.663220,53.636000
29.683223,53.636000
29.703311,53.636000
29.723209,53.636000
29.743196,53.636000
29.763216,53.636000
29.783133,53.636000
29.803140,53.636000
29.823125,53.636000
29.843161,53.657000
29.863143,53.657000
29.883041,53.657000
29.903032,53.657000
29.923080,53.657000
29.943063,53.657000
29.962982,53.657000
29.983234,53.657000
30.002995,53.657000
30.022959,53.657000
30.042986,53.655000
30.062925,53.655000
30.082937,53.655000
30.102918,53.655000
30.122896,53.655000
30.143887,53.655000
30.162878,53.655000
30.182837,53.655000
30.202863,53.655000
30.223835,53.655000
30.243894,53.642000
30.263931,53.642000
30.283786,53.642000
30.303828,53.642000
30.323750,53.642000
30.343793,53.642000
30.363706,53.642000
30.383704,53.642000
30.403683,53.642000
30.423685,53.642000
30.443764,53.623000
30.463672,53.623000
30.483658,53.623000
30.503613,53.623000
30.523698,53.623000
30.543592,53.623000
30.564016,53.623000
30.583552,53.623000
30.603575,53.623000
30.623544,53.623000
30.643571,53.623000
30.663534,53.616000
30.683527,53.616000
30.703535,53.616000
30.723482,53.616000
30.743447,53.616000
30.763461,53.616000
30.783404,53.616000
30.803417,53.616000
30.823397,53.616000
30.843395,53.616000
30.863366,53.601000
30.883362,53.601000
30.903332,53.601000
30.923299,53.601000
30.943368,53.601000
30.963270,53.601000
30.983311,53.601000
31.003252,53.601000
31.023233,53.601000
31.043277,53.579000
31.063221,53.579000
31.083181,53.579000
31.103185,53.579000
31.123229,53.579000
31.143177,53.579000
31.163184,53.579000
31.183210,53.579000
31.203192,53.579000
31.223131,53.579000
31.243205,53.579000
31.263181,53.561000
31.283069,53.561000
31.303055,53.561000
31.323051,53.561000
31.343025,53.561000
31.363086,53.561000
31.383020,53.561000
31.403003,53.561000
31.422999,53.561000
31.442979,53.548000
31.462961,53.548000
31.482957,53.548000
31.502926,53.548000
31.522883,53.548000
31.542903,53.548000
31.562845,53.548000
31.582911,53.548000
31.603342,53.548000
31.622856,53.548000
31.643862,53.548000
31.663798,53.548000
31.683787,53.548000
31.703811,53.548000
31.723792,53.548000
31.743811,53.548000
31.763760,53.548000
31.783724,53.548000
31.803741,53.548000
31.823704,53.548000
31.843653,53.548000
31.863645,53.564000
31.883792,53.564000
31.903596,53.564000
31.925198,53.564000
31.943615,53.564000
31.963590,53.564000
31.983553,53.564000
32.003530,53.564000
32.023538,53.564000
32.043504,53.576000
32.063458,53.576000
32.083431,53.576000
32.103430,53.576000
32.123456,53.576000
32.143424,53.576000
32.163404,53.576000
32.183389,53.576000
32.203367,53.576000
32.223375,53.576000
32.243318,53.582000
32.263308,53.582000
32.283324,53.582000
32.303269,53.582000
32.323617,53.582000
32.343239,53.582000
32.363236,53.582000
32.383228,53.582000
32.403238,53.582000
32.423203,53.582000
32.443225,53.594000
32.463161,53.594000
32.483161,53.594000
32.503136,53.594000
32.523180,53.594000
32.543125,53.594000
32.563197,53.594000
32.583180,53.594000
32.603304,53.594000
32.623055,53.594000
32.643136,53.594000
32.663036,53.583000
32.683030,53.583000
32.703022,53.583000
32.722978,53.583000
32.743142,53.583000
32.762975,53.583000
32.782930,53.583000
32.802948,53.583000
32.822941,53.583000
32.843918,53.583000
32.862884,53.583000
32.883888,53.583000
32.903852,53.583000
32.923833,53.583000
32.943857,53.583000
32.963831,53.583000
32.983842,53.583000
33.003784,53.583000
33.023788,53.583000
33.043800,53.594000
33.063725,53.594000
33.083897,53.594000
33.103700,53.594000
33.123726,53.594000
33.143698,53.594000
33.164062,53.594000
33.183691,53.594000
33.203694,53.594000
33.223659,53.594000
33.243650,53.597000
33.263617,53.597000
33.283638,53.597000
33.303628,53.597000
33.323583,53.597000
33.343590,53.597000
33.363556,53.597000
33.383606,53.597000
33.403585,53.597000
33.423517,53.597000
33.443507,53.590000
33.463479,53.590000
33.483537,53.590000
33.503441,53.590000
33.523507,53.590000
33.543484,53.590000
33.563459,53.590000
33.583439,53.590000
33.603424,53.590000
33.623373,53.590000
33.643357,53.590000
33.663354,53.589000
33.683371,53.589000
33.703346,53.589000
33.723318,53.589000
33.743291,53.589000
33.763298,53.589000
33.783276,53.589000
33.803243,53.589000
33.823231,53.589000
33.843190,53.589000
33.863161,53.582000
33.883181,53.582000
33.903153,53.582000
33.923154,53.582000
33.943142,53.582000
33.963129,53.582000
33.983134,53.582000
34.003152,53.582000
34.023051,53.582000
34.043038,53.582000
34.063024,53.559000
34.083035,53.559000
34.102985,53.559000
34.122983,53.559000
34.142976,53.559000
34.162937,53.559000
34.182952,53.559000
34.202926,53.559000
34.223912,53.559000
34.243869,53.559000
34.262872,53.550000
34.283870,53.550000
34.303810,53.550000
34.323823,53.550000
34.343819,53.550000
34.363801,53.550000
34.383774,53.550000
34.403780,53.550000
34.423702,53.550000
34.443717,53.550000
34.463673,53.526000
34.483937,53.526000
34.503655,53.526000
34.523634,53.526000
34.543661,53.526000
34.563675,53.526000
34.583742,53.526000
34.603598,53.526000
34.623641,53.526000
34.643618,53.526000
34.663535,53.526000
34.683554,53.518000
34.703592,53.518000
34.723519,53.518000
34.743511,53.518000
34.763496,53.518000
34.783499,53.518000
34.803768,53.518000
34.823455,53.518000
34.843474,53.518000
34.863475,53.518000
34.883481,53.518000
34.903418,53.518000
34.923414,53.518000
34.943414,53.518000
34.963396,53.518000
34.983354,53.518000
35.003339,53.518000
35.023333,53.518000
35.043303,53.514000
35.063307,53.514000
35.083287,53.514000
35.103296,53.514000
35.123246,53.514000
35.143316,53.514000
35.163223,53.514000
35.183244,53.514000
35.203227,53.514000
35.223198,53.514000
35.243186,53.502000
35.263195,53.502000
35.283172,53.502000
35.303135,53.502000
35.323139,53.502000
35.343137,53.502000
35.363194,53.502000
35.383163,53.502000
35.403128,53.502000
35.423155,53.502000
35.443056,53.480000
35.463037,53.480000
35.483026,53.480000
35.503048,53.480000
35.523083,53.480000
35.542974,53.480000
35.562982,53.480000
35.582958,53.480000
35.603971,53.480000
35.622982,53.480000
35.643046,53.480000
35.662862,53.457000
35.682880,53.457000
35.703838,53.457000
35.723838,53.457000
35.743827,53.457000
35.763811,53.457000
35.783788,53.457000
35.803791,53.457000
35.824605,53.457000
35.843803,53.410000
35.863765,53.410000
35.883787,53.410000
35.903765,53.410000
35.923769,53.410000
35.943689,53.410000
35.963711,53.410000
35.983688,53.410000
36.003624,53.410000
36.023670,53.410000
36.043632,53.408000
36.063645,53.408000
36.083667,53.408000
36.103661,53.408000
36.123600,53.408000
36.143593,53.408000
36.163593,53.408000
36.183570,53.408000
36.203563,53.408000
36.223533,53.408000
36.243511,53.408000
36.263503,53.412000
36.283499,53.412000
36.303495,53.412000
36.323550,53.412000
36.343503,53.412000
36.363496,53.412000
36.383475,53.412000
36.403453,53.412000
36.423415,53.412000
36.443358,53.412000
36.463338,53.412000
36.483358,53.412000
36.503472,53.412000
36.523599,53.412000
36.543329,53.412000
36.563328,53.412000
36.583292,53.412000
36.603332,53.412000
36.623296,53.412000
36.643283,53.412000
36.663234,53.410000
36.683183,53.410000
36.703190,53.410000
36.723192,53.410000
36.743245,53.410000
36.763129,53.410000
36.783666,53.410000
36.803209,53.410000
36.823127,53.410000
36.843138,53.449000
36.863140,53.449000
36.883136,53.449000
36.903047,53.449000
36.923030,53.449000
36.943066,53.449000
36.963007,53.449000
36.983013,53.449000
37.003053,53.449000
37.023001,53.449000
37.042995,53.449000
37.062976,53.467000
37.082979,53.467000
37.102935,53.467000
37.122937,53.467000
37.142910,53.467000
37.163910,53.467000
37.182915,53.467000
37.204097,53.467000
37.223849,53.467000
37.243871,53.467000
37.263844,53.481000
37.285493,53.481000
37.303840,53.481000
37.323773,53.481000
37.343789,53.481000
37.363733,53.481000
37.383725,53.481000
37.403739,53.481000
37.423720,53.481000
37.443691,53.472000
37.469173,53.472000
37.483667,53.472000
37.503640,53.472000
37.523591,53.472000
37.543637,53.472000
37.563607,53.472000
37.583640,53.472000
37.603593,53.472000
37.623825,53.472000
37.643556,53.472000
37.663508,53.483000
37.683552,53.483000
37.703498,53.483000
37.723476,53.483000
37.743477,53.483000
37.763454,53.483000
37.783481,53.483000
37.803429,53.483000
37.823426,53.483000
37.843749,53.483000
37.863405,53.461000
37.883364,53.461000
37.903369,53.461000
37.923326,53.461000
37.943344,53.461000
37.963322,53.461000
37.983360,53.461000
38.003295,53.461000
38.023317,53.461000
38.043301,53.426000
38.063267,53.426000
38.083241,53.426000
38.103265,53.426000
38.123214,53.426000
38.143202,53.426000
38.163157,53.426000
38.183176,53.426000
38.203150,53.426000
38.223134,53.426000
38.243140,53.401000
38.263129,53.401000
38.283132,53.401000
38.303033,53.401000
38.323042,53.401000
38.343057,53.401000
38.363001,53.401000
38.382983,53.401000
38.402979,53.401000
38.422952,53.401000
38.444034,53.378000
38.462953,53.378000
38.482917,53.378000
38.503920,53.378000
38.522877,53.378000
38.543857,53.378000
38.563877,53.378000
38.583857,53.378000
38.603861,53.378000
38.623833,53.378000
38.643835,53.378000
38.663786,53.352000
38.684044,53.352000
38.703800,53.352000
38.723829,53.352000
38.743722,53.352000
38.763763,53.352000
38.783754,53.352000
38.803674,53.352000
38.823738,53.352000
38.843746,53.334000
38.863712,53.334000
38.883715,53.334000
38.903683,53.334000
38.923628,53.334000
38.943685,53.334000
38.963592,53.334000
38.983670,53.334000
39.003656,53.334000
39.023625,53.334000
39.043626,53.334000
39.063528,53.320000
39.083543,53.320000
39.103523,53.320000
39.123514,53.320000
39.143482,53.320000
39.163494,53.320000
39.183461,53.320000
39.203472,53.320000
39.223411,53.320000
39.243405,53.320000
39.263433,53.294000
39.283390,53.294000
39.303400,53.294000
39.323338,53.294000
39.343391,53.294000
39.363352,53.294000
39.383328,53.294000
39.403282,53.294000
39.423279,53.294000
39.443339,53.294000
39.463271,53.248000
39.483268,53.248000
39.503490,53.248000
39.523252,53.248000
39.543227,53.248000
39.563180,53.248000
39.583193,53.248000
39.603186,53.248000
39.623170,53.248000
39.643140,53.248000
39.663126,53.203000
39.683208,53.203000
39.703060,53.203000
39.723045,53.203000
39.743028,53.203000
39.763016,53.203000
39.783003,53.203000
39.803068,53.203000
39.823003,53.203000
39.842988,53.203000
39.863998,53.163000
39.882966,53.163000
39.903925,53.163000
39.923916,53.163000
39.943902,53.163000
39.963887,53.163000
39.983881,53.163000
40.003865,53.163000
40.023855,53.163000
40.043829,53.163000
40.063845,53.124000
40.083799,53.124000
40.103784,53.124000
40.123808,53.124000
40.143830,53.124000
40.163872,53.124000
40.183728,53.124000
40.203691,53.124000
40.223887,53.124000
40.243642,53.113000
40.263646,53.113000
40.283640,53.113000
40.303610,53.113000
40.323676,53.113000
40.343612,53.113000
40.363588,53.113000
40.383556,53.113000
40.403574,53.113000
40.423527,53.113000
40.443535,53.089000
40.463540,53.089000
40.483526,53.089000
40.503453,53.089000
40.523481,53.089000
40.543468,53.089000
40.563404,53.089000
40.583410,53.089000
40.603394,53.089000
40.623366,53.089000
40.643363,53.089000
40.663344,53.089000
40.683321,53.063000
40.703342,53.063000
40.723314,53.063000
40.743280,53.063000
40.763281,53.063000
40.783276,53.063000
40.803238,53.063000
40.823469,53.063000
40.843223,53.045000
40.863190,53.045000
40.883240,53.045000
40.903191,53.045000
40.923226,53.045000
40.943190,53.045000
40.963189,53.045000
40.983189,53.045000
41.003184,53.045000
41.023160,53.045000
41.043149,53.020000
41.063160,53.020000
41.083071,53.020000
41.103055,53.020000
41.123066,53.020000
41.143054,53.020000
41.163005,53.020000
41.183047,53.020000
41.203061,53.020000
41.224049,53.020000
41.243969,52.994000
41.263982,52.994000
41.282942,52.994000
41.304113,52.994000
41.322892,52.994000
41.344787,52.994000
41.363936,52.994000
41.383884,52.994000
41.403851,52.994000
41.423847,52.994000
41.443860,53.003000
41.463811,53.003000
41.483809,53.003000
41.503834,53.003000
41.523777,53.003000
41.543807,53.003000
41.563794,53.003000
41.583760,53.003000
41.603750,53.003000
41.623775,53.003000
41.643792,53.003000
41.663716,52.972000
41.689111,52.972000
41.703681,52.972000
41.723679,52.972000
41.744609,52.972000
41.763704,52.972000
41.783706,52.972000
41.803659,52.972000
41.823661,52.972000
41.843618,52.972000
41.863600,52.975000
41.883659,52.975000
41.903740,52.975000
41.923611,52.975000
41.943581,52.975000
41.963565,52.975000
41.983553,52.975000
42.003681,52.975000
42.023547,52.975000
42.043496,52.975000
42.063447,52.963000
42.083556,52.963000
42.103464,52.963000
42.123493,52.963000
42.143497,52.963000
42.163451,52.963000
42.183429,52.963000
42.203395,52.963000
42.223391,52.963000
42.243378,52.963000
42.263323,52.925000
42.283298,52.925000
42.303280,52.925000
42.323292,52.925000
42.343272,52.925000
42.363276,52.925000
42.383245,52.925000
42.403231,52.925000
42.423220,52.925000
42.443246,52.925000
42.463186,52.888000
42.483196,52.888000
42.503164,52.888000
42.523148,52.888000
42.543207,52.888000
42.563181,52.888000
42.583196,52.888000
42.603153,52.888000
42.623194,52.888000
42.643212,52.888000
42.663055,52.865000
42.683035,52.865000
42.703048,52.865000
42.723021,52.865000
42.743079,52.865000
42.762998,52.865000
42.783015,52.865000
42.802977,52.865000
42.823957,52.865000
42.842984,52.865000
42.863985,52.852000
42.882940,52.852000
42.903982,52.852000
42.923922,52.852000
42.943889,52.852000
42.963901,52.852000
42.983874,52.852000
43.003865,52.852000
43.023867,52.852000
43.043848,52.825000
43.063802,52.825000
43.083799,52.825000
43.103811,52.825000
43.124979,52.825000
43.143841,52.825000
43.163750,52.825000
43.184661,52.825000
43.203784,52.825000
43.223762,52.825000
43.243743,52.803000
43.263734,52.803000
43.283765,52.803000
43.303661,52.803000
43.323639,52.803000
43.343618,52.803000
43.363590,52.803000
43.383579,52.803000
43.403598,52.803000
43.423520,52.803000
43.443587,52.796000
43.463633,52.796000
43.483486,52.796000
43.503454,52.796000
43.523442,52.796000
43.543492,52.796000
43.563486,52.796000
43.583404,52.796000
43.603386,52.796000
43.623403,52.796000
43.643387,52.796000
43.663341,52.773000
43.683408,52.773000
43.703342,52.773000
43.723339,52.773000
43.743301,52.773000
43.763301,52.773000
43.783316,52.773000
43.803269,52.773000
43.823272,52.773000
43.843285,52.770000
43.863243,52.770000
43.883227,52.770000
43.903270,52.770000
43.923229,52.770000
43.943199,52.770000
43.963182,52.770000
43.983181,52.770000
44.003149,52.770000
44.023140,52.770000
44.043125,52.769000
44.063133,52.769000
44.083178,52.769000
44.103103,52.769000
44.124072,52.769000
44.143065,52.769000
44.164339,52.769000
44.183006,52.769000
44.203078,52.769000
44.224038,52.769000
44.244008,52.772000
44.263946,52.772000
44.283941,52.772000
44.303932,52.772000
44.324201,52.772000
44.343913,52.772000
44.363856,52.772000
44.383876,52.772000
44.403898,52.772000
44.423923,52.772000
44.443874,52.751000
44.463944,52.751000
44.483805,52.751000
44.503754,52.751000
44.523764,52.751000
44.543765,52.751000
44.563728,52.751000
44.583723,52.751000
44.603681,52.751000
44.623972,52.751000
44.643658,52.751000
44.663672,52.754000
44.683663,52.754000
44.703632,52.754000
44.723579,52.754000
44.743573,52.754000
44.763560,52.754000
44.783586,52.754000
44.803568,52.754000
44.823510,52.754000
44.843530,52.754000
44.863479,52.744000
44.883484,52.744000
44.903430,52.744000
44.923713,52.744000
44.943485,52.744000
44.963453,52.744000
44.983452,52.744000
45.003434,52.744000
45.023419,52.744000
45.043387,52.744000
45.063355,52.728000
45.083354,52.728000
45.103384,52.728000
45.123640,52.728000
45.143259,52.728000
45.163237,52.728000
45.183292,52.728000
45.203276,52.728000
45.223268,52.728000
45.243248,52.728000
45.263237,52.709000
45.283255,52.709000
45.303178,52.709000
45.323168,52.709000
45.343141,52.709000
45.363139,52.709000
45.383151,52.709000
45.403165,52.709000
45.424130,52.709000
45.443150,52.709000
45.463059,52.692000
45.483062,52.692000
45.503058,52.692000
45.523045,52.692000
45.543103,52.692000
45.564009,52.692000
45.583021,52.692000
45.602984,52.692000
45.624009,52.692000
45.644025,52.692000
45.663956,52.674000
45.683966,52.674000
45.703938,52.674000
45.723921,52.674000
45.743924,52.674000
45.763901,52.674000
45.783894,52.674000
45.803950,52.674000
45.823858,52.674000
45.843890,52.658000
45.863908,52.658000
45.883841,52.658000
45.903850,52.658000
45.924210,52.658000
45.943816,52.658000
45.963754,52.658000
45.983795,52.658000
46.003754,52.658000
46.023754,52.658000
46.043760,52.659000
46.063715,52.659000
46.083747,52.659000
46.103703,52.659000
46.123846,52.659000
46.143709,52.659000
46.163682,52.659000
46.183666,52.659000
46.203703,52.659000
46.223629,52.659000
46.243673,52.659000
46.263585,52.634000
46.283567,52.634000
46.303560,52.634000
46.323541,52.634000
46.343555,52.634000
46.363525,52.634000
46.383515,52.634000
46.403526,52.634000
46.423476,52.634000
46.443485,52.620000
46.463450,52.620000
46.483428,52.620000
46.503457,52.620000
46.523388,52.620000
46.543352,52.620000
46.563368,52.620000
46.583348,52.620000
46.603328,52.620000
46.623464,52.620000
46.643368,52.620000
46.663334,52.609000
46.683258,52.609000
46.703235,52.609000
46.723219,52.609000
46.743251,52.609000
46.763292,52.609000
46.783201,52.609000
46.803197,52.609000
46.823205,52.609000
46.843166,52.578000
46.863164,52.578000
46.883148,52.578000
46.903150,52.578000
46.923139,52.578000
46.943132,52.578000
46.963060,52.578000
46.984068,52.578000
47.003038,52.578000
47.023045,52.578000
47.043040,52.557000
47.063046,52.557000
47.084026,52.557000
47.102997,52.557000
47.124546,52.557000
47.143989,52.557000
47.163939,52.557000
47.183954,52.557000
47.203974,52.557000
47.223938,52.557000
47.243967,52.532000
47.263972,52.532000
47.283888,52.532000
47.303914,52.532000
47.323857,52.532000
47.343927,52.532000
47.363832,52.532000
47.383849,52.532000
47.403807,52.532000
47.423829,52.532000
47.443777,52.532000
47.463734,52.516000
47.483777,52.516000
47.503771,52.516000
47.523731,52.516000
47.543745,52.516000
47.563689,52.516000
47.583700,52.516000
47.603671,52.516000
47.623666,52.516000
47.643663,52.516000
47.663783,52.498000
47.683660,52.498000
47.703679,52.498000
47.723612,52.498000
47.743625,52.498000
47.763628,52.498000
47.783563,52.498000
47.803597,52.498000
47.823527,52.498000
47.843542,52.498000
47.863534,52.469000
47.883575,52.469000
47.903559,52.469000
47.923537,52.469000
47.943503,52.469000
47.963480,52.469000
47.983462,52.469000
48.003455,52.469000
48.023457,52.469000
48.043451,52.469000
48.063385,52.437000
48.083380,52.437000
48.103401,52.437000
48.123329,52.437000
48.143343,52.437000
48.163368,52.437000
48.183289,52.437000
48.203283,52.437000
48.223308,52.437000
48.243267,52.437000
48.263245,52.410000
48.283226,52.410000
48.303214,52.410000
48.323214,52.410000
48.343217,52.410000
48.363165,52.410000
48.383161,52.410000
48.403169,52.410000
48.423187,52.410000
48.443185,52.410000
48.463178,52.387000
48.483232,52.387000
48.503197,52.387000
48.523095,52.387000
48.544030,52.387000
48.563005,52.387000
48.584028,52.387000
48.603999,52.387000
48.624000,52.387000
48.643984,52.387000
48.663952,52.367000
48.683984,52.367000
48.703964,52.367000
48.723900,52.367000
48.743917,52.367000
48.763901,52.367000
48.783852,52.367000
48.803852,52.367000
48.823837,52.367000
48.843871,52.353000
48.863789,52.353000
48.883825,52.353000
48.903843,52.353000
48.923772,52.353000
48.943817,52.353000
48.963744,52.353000
48.983796,52.353000
49.003793,52.353000
49.023767,52.353000
49.043735,52.353000
49.063735,52.344000
49.083656,52.344000
49.103642,52.344000
49.124938,52.344000
49.143648,52.344000
49.163634,52.344000
49.183611,52.344000
49.203571,52.344000
49.223567,52.344000
49.243574,52.333000
49.263532,52.333000
49.283558,52.333000
49.303553,52.333000
49.323504,52.333000
49.343527,52.333000
49.363484,52.333000
49.384007,52.333000
49.403436,52.333000
49.423467,52.333000
49.443417,52.325000
49.463416,52.325000
49.483430,52.325000
49.503436,52.325000
49.523415,52.325000
49.543403,52.325000
49.563375,52.325000
49.583353,52.325000
49.603346,52.325000
49.623357,52.325000
49.643348,52.325000
49.663337,52.292000
49.683342,52.292000
49.703244,52.292000
49.723276,52.292000
49.743273,52.292000
49.763224,52.292000
49.783209,52.292000
49.803208,52.292000
49.823195,52.292000
49.843186,52.262000
49.863149,52.262000
49.883150,52.262000
49.903146,52.262000
49.923204,52.262000
49.944160,52.262000
49.963024,52.262000
49.984034,52.262000
50.004024,52.262000
50.024061,52.262000
50.044062,52.262000
50.064041,52.239000
50.084025,52.239000
50.103988,52.239000
50.123988,52.239000
50.143990,52.239000
50.163921,52.239000
50.183905,52.239000
50.203958,52.239000
50.223894,52.239000
50.243905,52.239000
50.263923,52.214000
50.283858,52.214000
50.303895,52.214000
50.323806,52.214000
50.343872,52.214000
50.363795,52.214000
50.383775,52.214000
50.403767,52.214000
50.423772,52.214000
50.443800,52.214000
50.463702,52.179000
50.483737,52.179000
50.503691,52.179000
50.523694,52.179000
50.543663,52.179000
50.563655,52.179000
50.583645,52.179000
50.603593,52.179000
50.623563,52.179000
50.643597,52.179000
50.663565,52.179000
50.683593,52.153000
50.703590,52.153000
50.723499,52.153000
50.743520,52.153000
50.763481,52.153000
50.783518,52.153000
50.803484,52.153000
50.823511,52.153000
50.843482,52.153000
50.863432,52.121000
50.883592,52.121000
50.903463,52.121000
50.923429,52.121000
50.943430,52.121000
50.963424,52.121000
50.983371,52.121000
51.003347,52.121000
51.023367,52.121000
51.043352,52.121000
51.063316,52.097000
51.083287,52.097000
51.103280,52.097000
51.123236,52.097000
51.143225,52.097000
51.163194,52.097000
51.183233,52.097000
51.203205,52.097000
51.223163,52.097000
51.243156,52.070000
51.263206,52.070000
51.283235,52.070000
51.304161,52.070000
51.323127,52.070000
51.344138,52.070000
51.363134,52.070000
51.385057,52.070000
51.404217,52.070000
51.423126,52.070000
51.444127,52.035000
51.463034,52.035000
51.483035,52.035000
51.504004,52.035000
51.524005,52.035000
51.543992,52.035000
51.563981,52.035000
51.583961,52.035000
51.603967,52.035000
51.623939,52.035000
51.643994,52.023000
51.663919,52.023000
51.683897,52.023000
51.703897,52.023000
51.725754,52.023000
51.743849,52.023000
51.763881,52.023000
51.783876,52.023000
51.803796,52.023000
51.823754,52.023000
51.843791,52.027000
51.863757,52.027000
51.883766,52.027000
51.903723,52.027000
51.923719,52.027000
51.943666,52.027000
51.963679,52.027000
51.983660,52.027000
52.003643,52.027000
52.023611,52.027000
52.043621,52.029000
52.063618,52.029000
52.083984,52.029000
52.103655,52.029000
52.123593,52.029000
52.143697,52.029000
52.163561,52.029000
52.183570,52.029000
52.203478,52.029000
52.223522,52.029000
52.243477,52.026000
52.263490,52.026000
52.283492,52.026000
52.303493,52.026000
52.323498,52.026000
52.343456,52.026000
52.363430,52.026000
52.383402,52.026000
52.403374,52.026000
52.423323,52.026000
52.443366,52.016000
52.463357,52.016000
52.483340,52.016000
52.503340,52.016000
52.523241,52.016000
52.543266,52.016000
52.563238,52.016000
52.583222,52.016000
52.603233,52.016000
52.623178,52.016000
52.643164,52.016000
52.663186,52.016000
52.683160,52.016000
52.704132,52.016000
52.724133,52.016000
52.744153,52.016000
52.763146,52.016000
52.783132,52.016000
52.804062,52.016000
52.823161,52.016000
52.844027,52.016000
52.864025,52.008000
52.884039,52.008000
52.904039,52.008000
52.923999,52.008000
52.944084,52.008000
52.963989,52.008000
52.984004,52.008000
53.004027,52.008000
53.023989,52.008000
53.043985,52.008000
53.063937,52.005000
53.083921,52.005000
53.103924,52.005000
53.123929,52.005000
53.143951,52.005000
53.163849,52.005000
53.183855,52.005000
53.203898,52.005000
53.223867,52.005000
53.243874,52.005000
53.263860,51.973000
53.283873,51.973000
53.303828,51.973000
53.323821,51.973000
53.343822,51.973000
53.363715,51.973000
53.383745,51.973000
53.403731,51.973000
53.423705,51.973000
53.443704,51.973000
53.463679,51.947000
53.483819,51.947000
53.503660,51.947000
53.524897,51.947000
53.543599,51.947000
53.563598,51.947000
53.583599,51.947000
53.603575,51.947000
53.623545,51.947000
53.643549,51.947000
53.663512,51.933000
53.683505,51.933000
53.703500,51.933000
53.723497,51.933000
53.743426,51.933000
53.763443,51.933000
53.783411,51.933000
53.803431,51.933000
53.823443,51.933000
53.843443,51.933000
53.863442,51.934000
53.883507,51.934000
53.903344,51.934000
53.923379,51.934000
53.943314,51.934000
53.963299,51.934000
53.983297,51.934000
54.003280,51.934000
54.023273,51.934000
54.043287,51.934000
54.063301,51.942000
54.083238,51.942000
54.103226,51.942000
54.123186,51.942000
54.143218,51.942000
54.163164,51.942000
54.183165,51.942000
54.203136,51.942000
54.224196,51.942000
54.244144,51.950000
54.264129,51.950000
54.284156,51.950000
54.304153,51.950000
54.324078,51.950000
54.344111,51.950000
54.364048,51.950000
54.384020,51.950000
54.404052,51.950000
54.424008,51.950000
54.444047,51.968000
54.464042,51.968000
54.483955,51.968000
54.504013,51.968000
54.523956,51.968000
54.543916,51.968000
54.563906,51.968000
54.583943,51.968000
54.603878,51.968000
54.623875,51.968000
54.643863,51.968000
54.663997,51.980000
54.683797,51.980000
54.703782,51.980000
54.724853,51.980000
54.743821,51.980000
54.763802,51.980000
54.783812,51.980000
54.803735,51.980000
54.823720,51.980000
54.843704,51.980000
54.863777,52.000000
54.883706,52.000000
54.903684,52.000000
54.923670,52.000000
54.943644,52.000000
54.963631,52.000000
54.983658,52.000000
55.003580,52.000000
55.023580,52.000000
55.043577,52.000000
55.063601,51.998000
55.083514,51.998000
55.103504,51.998000
55.123481,51.998000
55.143502,51.998000
55.163446,51.998000
55.183433,51.998000
55.203487,51.998000
55.223444,51.998000
55.243406,51.996000
55.263457,51.996000
55.283417,51.996000
55.303374,51.996000
55.323405,51.996000
55.343435,51.996000
55.363412,51.996000
55.383387,51.996000
55.403387,51.996000
55.423315,51.996000
55.443385,51.980000
55.463290,51.980000
55.483313,51.980000
55.503253,51.980000
55.523214,51.980000
55.543225,51.980000
55.563359,51.980000
55.583214,51.980000
55.603166,51.980000
55.623181,51.980000
55.643148,51.980000
55.664170,51.995000
55.684178,51.995000
55.704199,51.995000
55.724140,51.995000
55.744186,51.995000
55.764188,51.995000
55.784192,51.995000
55.804173,51.995000
55.824378,51.995000
55.844167,51.995000
55.864080,52.004000
55.884060,52.004000
55.904061,52.004000
55.924007,52.004000
55.944042,52.004000
55.963968,52.004000
55.984110,52.004000
56.004098,52.004000
56.023956,52.004000
56.043952,52.004000
56.063934,52.031000
56.083906,52.031000
56.103914,52.031000
56.123904,52.031000
56.143883,52.031000
56.163868,52.031000
56.183898,52.031000
56.203802,52.031000
56.223794,52.031000
56.243819,52.031000
56.263752,52.045000
56.283822,52.045000
56.303762,52.045000
56.323726,52.045000
56.343741,52.045000
56.363901,52.045000
56.383731,52.045000
56.403719,52.045000
56.423717,52.045000
56.443702,52.045000
56.463669,52.068000
56.483692,52.068000
56.503649,52.068000
56.523613,52.068000
56.543608,52.068000
56.563648,52.068000
56.583611,52.068000
56.603597,52.068000
56.623509,52.068000
56.643530,52.068000
56.663491,52.075000
56.683500,52.075000
56.703492,52.075000
56.723447,52.075000
56.743492,52.075000
56.763438,52.075000
56.783435,52.075000
56.803394,52.075000
56.823401,52.075000
56.843375,52.093000
56.863384,52.093000
56.883576,52.093000
56.903349,52.093000
56.923340,52.093000
56.943324,52.093000
56.964886,52.093000
56.983296,52.093000
57.003303,52.093000
57.023249,52.093000
57.043229,52.108000
57.063218,52.108000
57.083231,52.108000
57.103220,52.108000
57.124218,52.108000
57.143172,52.108000
57.163161,52.108000
57.183198,52.108000
57.204182,52.108000
57.224141,52.108000
57.244661,52.124000
57.264137,52.124000
57.284048,52.124000
57.304057,52.124000
57.324032,52.124000
57.344032,52.124000
57.364127,52.124000
57.384006,52.124000
57.403981,52.124000
57.423960,52.124000
57.443972,52.124000
57.464020,52.136000
57.483937,52.136000
57.503907,52.136000
57.524430,52.136000
57.543892,52.136000
57.563899,52.136000
57.583850,52.136000
57.603858,52.136000
57.623847,52.136000
57.643852,52.136000
57.663820,52.158000
57.683873,52.158000
57.703840,52.158000
57.723813,52.158000
57.743838,52.158000
57.763790,52.158000
57.783720,52.158000
57.803715,52.158000
57.823721,52.158000
57.843703,52.155000
57.863657,52.155000
57.883693,52.155000
57.903690,52.155000
57.923684,52.155000
57.943655,52.155000
57.963595,52.155000
57.983569,52.155000
58.003591,52.155000
58.024972,52.155000
58.043523,52.168000
58.063509,52.168000
58.083488,52.168000
58.104046,52.168000
58.123471,52.168000
58.143463,52.168000
58.163443,52.168000
58.183458,52.168000
58.203435,52.168000
58.223417,52.168000
58.243650,52.180000
58.263379,52.180000
58.283381,52.180000
58.303382,52.180000
58.323365,52.180000
58.343366,52.180000
58.363353,52.180000
58.383302,52.180000
58.403306,52.180000
58.423312,52.180000
58.443287,52.180000
58.463296,52.191000
58.483320,52.191000
58.503242,52.191000
58.523442,52.191000
58.543222,52.191000
58.563200,52.191000
58.583249,52.191000
58.603199,52.191000
58.624177,52.191000
58.643141,52.191000
58.664125,52.191000
58.684191,52.197000
58.704173,52.197000
58.724154,52.197000
58.744143,52.197000
58.764106,52.197000
58.784065,52.197000
58.804131,52.197000
58.824051,52.197000
58.844079,52.197000
58.864028,52.197000
58.884020,52.216000
58.903996,52.216000
58.923972,52.216000
58.944048,52.216000
58.963945,52.216000
58.983908,52.216000
59.003877,52.216000
59.023886,52.216000
59.043898,52.216000
59.063854,52.229000
59.083878,52.229000
59.103833,52.229000
59.123848,52.229000
59.144031,52.229000
59.163796,52.229000
59.183764,52.229000
59.203739,52.229000
59.223728,52.229000
59.243685,52.229000
59.263687,52.244000
59.283662,52.244000
59.303657,52.244000
59.323660,52.244000
59.343639,52.244000
59.363675,52.244000
59.383782,52.244000
59.403629,52.244000
59.423625,52.244000
59.443597,52.244000
59.463562,52.251000
59.483582,52.251000
59.503544,52.251000
59.524533,52.251000
59.543557,52.251000
59.563536,52.251000
59.583517,52.251000
59.603495,52.251000
59.624180,52.251000
59.643452,52.251000
59.663423,52.276000
59.683416,52.276000
59.703409,52.276000
59.723392,52.276000
59.743447,52.276000
59.763357,52.276000
59.784518,52.276000
59.803364,52.276000
59.823397,52.276000
59.843328,52.276000
59.863348,52.300000
59.883326,52.300000
59.903342,52.300000
59.923293,52.300000
59.943324,52.300000
59.963270,52.300000
59.983245,52.300000
60.003261,52.300000
60.023223,52.300000
60.043193,52.325000
60.063213,52.325000
60.084177,52.325000
60.103171,52.325000
60.123160,52.325000
60.143139,52.325000
60.164152,52.325000
60.184148,52.325000
60.204180,52.325000
60.224171,52.325000
60.244201,52.364000
60.264057,52.364000
60.284335,52.364000
60.304056,52.364000
60.324030,52.364000
60.344011,52.364000
60.364015,52.364000
60.384009,52.364000
60.408702,52.364000
60.423954,52.364000
60.443924,52.364000
60.463939,52.390000
60.484408,52.390000
60.503962,52.390000
60.523936,52.390000
60.543991,52.390000
60.563928,52.390000
60.583921,52.390000
60.603842,52.390000
60.624798,52.390000
60.643791,52.390000
60.663838,52.406000
60.683990,52.406000
60.703820,52.406000
60.723753,52.406000
60.743741,52.406000
60.763696,52.406000
60.783701,52.406000
60.803708,52.406000
60.823694,52.406000
60.843631,52.449000
60.863623,52.449000
60.883628,52.449000
60.903586,52.449000
60.923560,52.449000
60.943607,52.449000
60.963551,52.449000
60.983552,52.449000
61.003539,52.449000
61.023537,52.449000
61.043555,52.449000
61.063544,52.482000
61.083484,52.482000
61.103503,52.482000
61.123475,52.482000
61.143433,52.482000
61.163406,52.482000
61.184213,52.482000
61.203412,52.482000
61.223385,52.482000
61.243361,52.482000
61.263348,52.514000
61.283321,52.514000
61.303322,52.514000
61.323286,52.514000
61.343354,52.514000
61.363298,52.514000
61.383295,52.514000
61.403312,52.514000
61.423262,52.514000
61.443270,52.514000
61.463276,52.548000
61.484245,52.548000
61.503189,52.548000
61.524180,52.548000
61.544196,52.548000
61.564190,52.548000
61.584192,52.548000
61.604203,52.548000
61.624083,52.548000
61.644171,52.548000
61.663973,52.581000
61.683990,52.581000
61.703991,52.581000
61.723949,52.581000
61.743965,52.581000
61.763991,52.581000
61.783939,52.581000
61.803910,52.581000
61.823930,52.581000
61.843913,52.581000
61.863848,52.610000
61.883835,52.610000
61.903820,52.610000
61.923829,52.610000
61.943789,52.610000
61.963839,52.610000
61.983941,52.610000
62.003756,52.610000
62.023720,52.610000
62.043778,52.610000
62.063890,52.616000
62.083706,52.616000
62.103727,52.616000
62.123756,52.616000
62.143788,52.616000
62.163699,52.616000
62.183714,52.616000
62.203700,52.616000
62.223692,52.616000
62.243692,52.616000
62.263685,52.635000
62.283630,52.635000
62.303620,52.635000
62.323833,52.635000
62.343584,52.635000
62.363539,52.635000
62.383546,52.635000
62.403618,52.635000
62.423548,52.635000
62.443603,52.630000
62.463507,52.630000
62.483512,52.630000
62.503534,52.630000
62.523511,52.630000
62.543468,52.630000
62.563425,52.630000
62.583401,52.630000
62.603383,52.630000
62.623397,52.630000
62.643405,52.630000
62.663331,52.654000
62.683347,52.654000
62.703325,52.654000
62.723307,52.654000
62.743336,52.654000
62.763271,52.654000
62.783302,52.654000
62.803257,52.654000
62.823276,52.654000
62.844310,52.672000
62.863257,52.672000
62.883244,52.672000
62.903200,52.672000
62.923188,52.672000
62.944187,52.672000
62.964140,52.672000
62.984378,52.672000
63.004168,52.672000
63.024146,52.672000
63.044154,52.696000
63.064143,52.696000
63.084079,52.696000
63.104038,52.696000
63.124048,52.696000
63.144025,52.696000
63.164048,52.696000
63.183991,52.696000
63.204060,52.696000
63.224035,52.696000
63.243986,52.696000
63.263949,52.720000
63.283999,52.720000
63.303947,52.720000
63.323945,52.720000
63.344019,52.720000
63.363911,52.720000
63.383892,52.720000
63.403888,52.720000
63.423874,52.720000
63.443866,52.736000
63.463814,52.736000
63.483786,52.736000
63.503770,52.736000
63.524077,52.736000
63.543741,52.736000
63.563724,52.736000
63.583742,52.736000
63.603703,52.736000
63.623678,52.736000
63.643678,52.769000
63.663707,52.769000
63.683626,52.769000
63.703628,52.769000
63.723665,52.769000
63.743623,52.769000
63.763555,52.769000
63.783573,52.769000
63.803566,52.769000
63.823497,52.769000
63.843552,52.769000
63.863499,52.768000
63.883453,52.768000
63.903468,52.768000
63.923427,52.768000
63.943460,52.768000
63.963442,52.768000
63.983449,52.768000
64.003385,52.768000
64.023395,52.768000
64.043333,52.768000
64.063352,52.771000
64.083345,52.771000
64.103325,52.771000
64.123445,52.771000
64.144345,52.771000
64.163282,52.771000
64.183252,52.771000
64.203226,52.771000
64.224239,52.771000
64.244212,52.771000
64.263223,52.784000
64.284189,52.784000
64.304212,52.784000
64.324198,52.784000
64.344158,52.784000
64.364159,52.784000
64.384135,52.784000
64.404170,52.784000
64.424148,52.784000
64.444152,52.784000
64.464176,52.783000
64.484095,52.783000
64.504121,52.783000
64.524069,52.783000
64.544519,52.783000
64.563965,52.783000
64.583971,52.783000
64.603949,52.783000
64.623937,52.783000
64.643981,52.783000
64.663956,52.783000
64.683938,52.795000
64.703890,52.795000
64.723901,52.795000
64.743841,52.795000
64.763848,52.795000
64.784206,52.795000
64.803821,52.795000
64.823828,52.795000
64.843791,52.795000
64.863772,52.793000
64.883756,52.793000
64.903758,52.793000
64.923712,52.793000
64.943717,52.793000
64.963720,52.793000
64.983706,52.793000
65.003697,52.793000
65.023732,52.793000
65.043649,52.768000
65.063626,52.768000
65.083851,52.768000
65.103659,52.768000
65.123621,52.768000
65.143603,52.768000
65.163550,52.768000
65.183552,52.768000
65.203564,52.768000
65.223520,52.768000
65.243537,52.757000
65.263568,52.757000
65.283510,52.757000
65.303566,52.757000
65.323602,52.757000
65.343496,52.757000
65.363460,52.757000
65.383502,52.757000
65.403473,52.757000
65.423407,52.757000
65.443422,52.752000
65.463363,52.752000
65.483365,52.752000
65.503368,52.752000
65.523368,52.752000
65.543338,52.752000
65.563310,52.752000
65.583324,52.752000
65.603290,52.752000
65.623300,52.752000
65.644330,52.751000
65.663356,52.751000
65.684266,52.751000
65.704309,52.751000
65.724201,52.751000
65.744209,52.751000
65.764246,52.751000
65.784231,52.751000
65.804163,52.751000
65.824167,52.751000
65.844237,52.751000
65.864148,52.731000
65.884182,52.731000
65.904162,52.731000
65.924207,52.731000
65.944134,52.731000
65.964061,52.731000
65.984393,52.731000
66.004060,52.731000
66.025102,52.731000
66.044031,52.727000
66.064003,52.727000
66.084163,52.727000
66.103994,52.727000
66.123962,52.727000
66.143966,52.727000
66.163928,52.727000
66.183942,52.727000
66.203894,52.727000
66.223897,52.727000
66.243875,52.721000
66.263937,52.721000
66.283843,52.721000
66.303840,52.721000
66.325038,52.721000
66.343893,52.721000
66.363815,52.721000
66.383815,52.721000
66.403819,52.721000
66.423765,52.721000
66.443768,52.701000
66.463778,52.701000
66.483734,52.701000
66.503726,52.701000
66.523722,52.701000
66.543674,52.701000
66.563660,52.701000
66.583644,52.701000
66.603625,52.701000
66.623640,52.701000
66.643655,52.701000
66.663618,52.709000
66.683683,52.709000
66.703605,52.709000
66.723585,52.709000
66.743539,52.709000
66.763516,52.709000
66.783494,52.709000
66.803489,52.709000
66.823488,52.709000
66.843520,52.709000
66.863518,52.721000
66.883422,52.721000
66.903399,52.721000
66.923373,52.721000
66.943411,52.721000
66.963415,52.721000
66.983400,52.721000
67.003389,52.721000
67.023365,52.721000
67.043339,52.721000
67.063279,52.733000
67.083294,52.733000
67.104264,52.733000
67.124940,52.733000
67.144299,52.733000
67.164234,52.733000
67.184186,52.733000
67.204273,52.733000
67.224156,52.733000
67.244216,52.733000
67.264242,52.743000
67.284254,52.743000
67.304170,52.743000
67.324077,52.743000
67.344068,52.743000
67.364052,52.743000
67.384055,52.743000
67.404097,52.743000
67.424105,52.743000
67.444019,52.752000
67.464003,52.752000
67.483959,52.752000
67.504372,52.752000
67.523946,52.752000
67.543923,52.752000
67.563903,52.752000
67.583892,52.752000
67.603877,52.752000
67.623882,52.752000
67.643853,52.752000
67.663831,52.744000
67.683789,52.744000
67.703825,52.744000
67.723805,52.744000
67.743739,52.744000
67.763777,52.744000
67.783774,52.744000
67.803731,52.744000
67.823700,52.744000
67.843739,52.772000
67.863690,52.772000
67.883665,52.772000
67.903747,52.772000
67.923683,52.772000
67.943644,52.772000
67.963616,52.772000
67.984291,52.772000
68.003656,52.772000
68.023625,52.772000
68.043603,52.786000
68.063570,52.786000
68.083565,52.786000
68.103570,52.786000
68.123725,52.786000
68.143504,52.786000
68.163439,52.786000
68.183455,52.786000
68.203414,52.786000
68.223405,52.786000
68.243397,52.808000
68.263396,52.808000
68.283372,52.808000
68.303405,52.808000
68.323326,52.808000
68.343305,52.808000
68.363307,52.808000
68.383310,52.808000
68.403314,52.808000
68.423291,52.808000
68.444315,52.808000
68.464240,52.823000
68.484201,52.823000
68.504648,52.823000
68.524216,52.823000
68.544307,52.823000
68.564193,52.823000
68.584174,52.823000
68.604224,52.823000
68.624174,52.823000
68.644239,52.823000
68.664120,52.826000
68.684274,52.826000
68.704172,52.826000
68.724122,52.826000
68.744212,52.826000
68.764116,52.826000
68.784044,52.826000
68.804111,52.826000
68.824090,52.826000
68.844025,52.841000
68.863986,52.841000
68.884078,52.841000
68.903948,52.841000
68.923985,52.841000
68.944247,52.841000
68.964001,52.841000
68.983927,52.841000
69.003877,52.841000
69.023935,52.841000
69.043897,52.839000
69.063845,52.839000
69.083819,52.839000
69.103824,52.839000
69.123840,52.839000
69.143905,52.839000
69.163851,52.839000
69.183718,52.839000
69.203734,52.839000
69.223725,52.839000
69.243720,52.832000
69.263862,52.832000
69.283686,52.832000
69.303646,52.832000
69.323672,52.832000
69.343665,52.832000
69.363674,52.832000
69.383633,52.832000
69.403667,52.832000
69.423615,52.832000
69.443760,52.832000
69.463671,52.840000
69.483749,52.840000
69.503550,52.840000
69.523522,52.840000
69.543626,52.840000
69.563602,52.840000
69.583558,52.840000
69.603473,52.840000
69.623495,52.840000
69.643485,52.840000
69.663389,52.848000
69.683497,52.848000
69.703541,52.848000
69.723471,52.848000
69.743420,52.848000
69.763352,52.848000
69.783395,52.848000
69.804389,52.848000
69.823382,52.848000
