0.225581,0.000000
0.260027,0.000000
0.298634,0.000000
0.329011,0.000000
0.367619,0.000000
0.399880,0.000000
0.431288,0.000000
0.460720,0.000000
0.495225,0.000000
0.527547,0.000000
0.562379,0.000000
0.596552,0.000000
0.626875,0.000000
0.669698,0.000000
0.697895,0.000000
0.726221,0.000000
0.760690,0.000000
0.793164,0.000000
0.823385,0.000000
0.865980,0.000000
0.898363,0.000000
0.922667,0.000000
0.959175,0.000000
0.999591,0.000000
1.021913,0.000000
1.062448,0.000000
1.099075,0.000000
1.128452,0.000000
1.158913,0.000000
1.196406,0.000000
1.222657,0.000000
1.259314,0.000000
1.289732,0.000000
1.320866,0.000000
1.361383,0.000000
1.388874,0.000000
1.421186,0.000000
1.455715,0.000000
1.488231,0.000000
1.522682,0.000000
1.553156,0.000000
1.595604,0.000000
1.624007,0.000000
1.654392,0.000000
1.690883,0.000000
1.723177,0.000000
1.755870,0.000000
1.790281,0.000000
1.823436,0.000000
1.855946,0.000000
1.890472,0.000000
1.921753,0.000000
1.954373,0.000000
1.988747,0.000000
2.023229,0.000000
2.053662,0.000000
2.093279,0.000000
2.132790,0.000000
2.152996,0.000000
2.189416,0.000000
2.223873,0.000000
2.256425,0.000000
2.296989,0.000000
2.329340,0.000000
2.353674,0.000000
2.392076,0.000000
2.422374,0.000000
2.453881,0.000000
2.492311,0.000000
2.527908,0.000000
2.560219,0.000000
2.596800,0.000000
2.628199,0.000000
2.653602,0.000000
2.690036,0.000000
2.724339,0.000000
2.758969,0.000000
2.797554,0.000000
2.827896,0.000000
2.866406,0.000000
2.888877,0.000000
2.931456,0.000000
2.959694,0.000000
2.990138,0.000000
3.032738,0.000000
3.067150,0.000000
3.099465,0.000000
3.169404,0.000000
3.198733,0.000000
3.231398,0.000000
3.265684,0.000000
3.300086,0.000000
3.334653,0.000000
3.369182,0.000000
3.405628,0.000000
3.432319,0.000000
3.462375,0.000000
3.498903,0.000000
3.529214,0.000000
3.562600,0.000000
3.602211,0.000000
3.636696,0.000000
3.697437,0.000000
3.732033,0.000000
3.766209,0.000000
3.802736,0.000000
3.837280,0.000000
3.867732,0.000000
3.905137,0.000000
3.936385,0.000000
3.962848,0.000000
3.999327,0.000000
4.031858,0.000000
4.064228,0.000000
4.104977,0.000000
4.131221,0.000000
4.199942,0.000000
4.230577,0.000000
4.262974,0.000000
4.299278,0.410000
4.334010,0.410000
4.364255,0.410000
4.405779,0.500000
4.434104,0.500000
4.462507,0.500000
4.497039,0.790000
4.531486,0.790000
4.562073,0.790000
4.600158,1.120000
4.636744,1.120000
4.665241,1.120000
4.695537,1.450000
4.727829,1.450000
4.760216,1.450000
4.798884,1.750000
4.833558,1.750000
4.864702,1.750000
4.900123,2.130000
4.926517,2.130000
4.958936,2.130000
4.997466,2.640000
5.026868,2.640000
5.062695,2.640000
5.094719,3.240000
5.128143,3.240000
5.159517,3.240000
5.194121,3.730000
5.226428,3.730000
5.259387,3.730000
5.293349,4.200000
5.331765,4.200000
5.363151,4.200000
5.396769,4.640000
5.427135,4.640000
5.459662,4.640000
5.489921,5.190000
5.526397,5.190000
5.564897,5.190000
5.590300,5.700000
5.635971,5.700000
5.661270,5.700000
5.690698,6.080000
5.727106,6.080000
5.763565,6.080000
5.791800,6.520000
5.834516,6.520000
5.868919,6.520000
5.897320,6.970000
5.925935,6.970000
5.960582,6.970000
5.991632,7.240000
6.027043,7.240000
6.061373,7.240000
6.092944,7.690000
6.133540,7.690000
6.162023,7.690000
6.193404,8.000000
6.225733,8.000000
6.260103,8.000000
6.294640,8.300000
6.334095,8.300000
6.371773,8.300000
6.393929,8.630000
6.428355,8.630000
6.460764,8.630000
6.495582,8.850000
6.527678,8.850000
6.566319,8.850000
6.597779,9.160000
6.641230,9.160000
6.675746,9.160000
6.702060,9.430000
6.734528,9.430000
6.771022,9.430000
6.801362,9.830000
6.837775,9.830000
6.910825,10.060000
6.967453,10.060000
6.997824,10.310000
7.034883,10.310000
7.068889,10.310000
7.107275,10.640000
7.141790,10.640000
7.198618,10.930000
7.235029,10.930000
7.269465,10.930000
7.303858,11.110000
7.338665,11.110000
7.376940,11.110000
7.405156,11.380000
7.443660,11.380000
7.473004,11.380000
7.498477,11.530000
7.534885,11.530000
7.569331,11.530000
7.600626,11.790000
7.642205,11.790000
7.676669,11.790000
7.700855,12.020000
7.735452,12.020000
7.767823,12.020000
7.800250,12.210000
7.838011,12.210000
7.869226,12.210000
7.901664,12.410000
7.936159,12.410000
7.968813,12.410000
7.998987,12.590000
8.033515,12.590000
8.069803,12.590000
8.104339,12.820000
8.132860,12.820000
8.169327,12.820000
8.197579,13.000000
8.231883,13.000000
8.266363,13.000000
8.296663,13.230000
8.335290,13.230000
8.373676,13.230000
8.401002,13.420000
8.442798,13.420000
8.467031,13.420000
8.495334,13.670000
8.529755,13.670000
8.562137,13.670000
8.598695,13.870000
8.633090,13.870000
8.667772,13.870000
8.696254,13.970000
8.728566,13.970000
8.764986,13.970000
8.797311,14.110000
8.829854,14.110000
8.870209,14.110000
8.906789,14.240000
8.929135,14.240000
8.965635,14.240000
8.996070,14.350000
9.028527,14.350000
9.065834,14.350000
9.103364,14.530000
9.133897,14.530000
9.162070,14.530000
9.196743,14.680000
9.229135,14.680000
9.265517,14.680000
9.296015,14.880000
9.332481,14.880000
9.366888,14.880000
9.405400,15.060000
9.429858,15.060000
9.466213,15.060000
9.498706,15.250000
9.529056,15.250000
9.563593,15.250000
9.600106,15.350000
9.630873,15.350000
9.668966,15.350000
9.697299,15.430000
9.727742,15.430000
9.766105,15.430000
9.796556,15.610000
9.833265,15.610000
9.871690,15.610000
9.904342,15.680000
9.928646,15.680000
9.967075,15.680000
9.999500,15.860000
10.031002,15.860000
10.071722,15.860000
10.095935,16.110000
10.127240,16.110000
10.177892,16.110000
10.202329,16.280000
10.232674,16.280000
10.270322,16.280000
10.303621,16.330000
10.342061,16.330000
10.377689,16.330000
10.411162,16.280000
10.437663,16.280000
10.474032,16.280000
10.506342,16.420000
10.538916,16.420000
10.575280,16.420000
10.609700,16.640000
10.638096,16.640000
10.702890,16.850000
10.737366,16.850000
10.771742,16.850000
10.812471,16.960000
10.837773,16.960000
10.877319,16.960000
10.912723,16.930000
10.943195,16.930000
10.974609,16.930000
11.004915,17.000000
11.039478,17.000000
11.074201,17.000000
11.111356,17.160000
11.143674,17.160000
11.180217,17.160000
11.203495,17.260000
11.239922,17.260000
11.274672,17.260000
11.304981,17.430000
11.339394,17.430000
11.373889,17.430000
11.409348,17.590000
11.436747,17.590000
11.479108,17.590000
11.507739,17.700000
11.540031,17.700000
11.572596,17.700000
11.611072,17.690000
11.641448,17.690000
11.675909,17.690000
11.704224,17.810000
11.736863,17.810000
11.771268,17.810000
11.803519,17.860000
11.835003,17.860000
11.870760,17.860000
11.903821,17.950000
11.933247,17.950000
11.970018,17.950000
12.004317,18.080000
12.036702,18.080000
12.071188,18.080000
12.109657,18.290000
12.135968,18.290000
12.166324,18.290000
12.200670,18.510000
12.233267,18.510000
12.267653,18.510000
12.300012,18.520000
12.336612,18.520000
12.364785,18.520000
12.401208,18.500000
12.431826,18.500000
12.464053,18.500000
12.500649,18.630000
12.537228,18.630000
12.569809,18.630000
12.603157,18.690000
12.634488,18.690000
12.662821,18.690000
12.699828,18.740000
12.733882,18.740000
12.764378,18.740000
12.802868,18.880000
12.839350,18.880000
12.863882,18.880000
12.902161,19.010000
12.934541,19.010000
12.964973,19.010000
12.999474,19.110000
13.042155,19.110000
13.070346,19.110000
13.103741,19.210000
13.139236,19.210000
13.165555,19.210000
13.200212,19.320000
13.232537,19.320000
13.264836,19.320000
13.303406,19.480000
13.337858,19.480000
13.372535,19.480000
13.398803,19.540000
13.433187,19.540000
13.465551,19.540000
13.502064,19.580000
13.532778,19.580000
13.568237,19.580000
13.609653,19.670000
13.642996,19.670000
13.666178,19.670000
13.700660,19.680000
13.733130,19.680000
13.765838,19.680000
13.810147,19.770000
13.836637,19.770000
13.873156,19.770000
13.910688,19.880000
13.941918,19.880000
13.972454,19.880000
14.006770,19.920000
14.043183,19.920000
14.079030,19.920000
14.118374,20.050000
14.150870,20.050000
14.170924,20.050000
14.207427,20.050000
14.241894,20.050000
14.272545,20.050000
14.313253,20.080000
14.349225,20.080000
14.371735,20.080000
14.416082,20.200000
14.448591,20.200000
14.470906,20.200000
14.509771,20.300000
14.545751,20.300000
14.574131,20.300000
14.616682,20.510000
14.647119,20.510000
14.673370,20.510000
14.707889,20.430000
14.740570,20.430000
14.774773,20.430000
14.807266,20.490000
14.845567,20.490000
14.878283,20.490000
14.906445,20.570000
14.944964,20.570000
14.975252,20.570000
15.009798,20.660000
15.045179,20.660000
15.074934,20.660000
15.113157,20.750000
15.180020,20.750000
15.208622,20.770000
15.240730,20.770000
15.273412,20.770000
15.307677,20.850000
15.346070,20.850000
15.372486,20.850000
15.415019,20.880000
15.447575,20.880000
15.471821,20.880000
15.506383,20.940000
15.538793,20.940000
15.573236,20.940000
15.608747,20.990000
15.650323,20.990000
15.676543,20.990000
15.702955,21.140000
15.739457,21.140000
15.773972,21.140000
15.802370,21.260000
15.842830,21.260000
15.879233,21.260000
15.901653,21.190000
15.936007,21.190000
15.970673,21.190000
16.000828,21.190000
16.036323,21.190000
16.075963,21.190000
16.102223,21.260000
16.141778,21.260000
16.171407,21.260000
16.203715,21.330000
16.242100,21.330000
16.270562,21.330000
16.302041,21.390000
16.341377,21.390000
16.379739,21.390000
16.403121,21.470000
16.436699,21.470000
16.469033,21.470000
16.505546,21.580000
16.535929,21.580000
16.573446,21.580000
16.601757,21.600000
16.649343,21.600000
16.671831,21.600000
16.702073,21.620000
16.738619,21.620000
16.770837,21.620000
16.801185,21.680000
16.841985,21.680000
16.880208,21.680000
16.902609,21.810000
16.937007,21.810000
16.969544,21.810000
17.001937,21.790000
17.038480,21.790000
17.074036,21.790000
17.104310,21.880000
17.147161,21.880000
17.172222,21.880000
17.204588,21.940000
17.236975,21.940000
17.273499,21.940000
17.301731,22.050000
17.346490,22.050000
17.380830,22.050000
17.403159,21.980000
17.437701,21.980000
17.470147,21.980000
17.510446,21.980000
17.546853,21.980000
17.581698,21.980000
17.616107,22.090000
17.649171,22.090000
17.681662,22.090000
17.711084,22.170000
17.745530,22.170000
17.777912,22.170000
17.812407,22.250000
17.846874,22.250000
17.886375,22.250000
17.915787,22.310000
17.948409,22.310000
17.976738,22.310000
18.015290,22.340000
18.049587,22.340000
18.078063,22.340000
18.112499,22.330000
18.152985,22.330000
18.181290,22.330000
18.209751,22.410000
18.254245,22.410000
18.278658,22.410000
18.315174,22.450000
18.349674,22.450000
18.387972,22.450000
18.417603,22.460000
18.446836,22.460000
18.477177,22.460000
18.509554,22.470000
18.547132,22.470000
18.582455,22.470000
18.616029,22.790000
18.653661,22.790000
18.685966,22.790000
18.712219,22.960000
18.746586,22.960000
18.781139,22.960000
18.811475,22.770000
18.850031,22.770000
18.884474,22.770000
18.912895,22.620000
18.947264,22.620000
18.977712,22.620000
19.012212,22.670000
19.042539,22.670000
19.077073,22.670000
19.112518,22.710000
19.141930,22.710000
19.178408,22.710000
19.208791,22.870000
19.243177,22.870000
19.277689,22.870000
19.310130,22.960000
19.340446,22.960000
19.374861,22.960000
19.410415,23.020000
19.439694,23.020000
19.474195,23.020000
19.506733,23.110000
19.538033,23.110000
19.574550,23.110000
19.614288,23.040000
19.638400,23.040000
19.672748,23.040000
19.707286,22.900000
19.741658,22.900000
19.778096,22.900000
19.816766,22.950000
19.839929,22.950000
19.877844,22.950000
19.911995,23.060000
19.938508,23.060000
19.974933,23.060000
20.007400,23.340000
20.040560,23.340000
20.073182,23.340000
20.114721,23.420000
20.144261,23.420000
20.173539,23.420000
20.208062,23.380000
20.240307,23.380000
20.277011,23.380000
20.313183,23.310000
20.345576,23.310000
20.378137,23.310000
20.418700,23.390000
20.438869,23.390000
20.475499,23.390000
20.510156,23.370000
20.540297,23.370000
20.574799,23.370000
20.613280,23.390000
20.638673,23.390000
20.674164,23.390000
20.710537,23.490000
20.739976,23.490000
20.779407,23.490000
20.815953,23.580000
20.846439,23.580000
20.875035,23.580000
20.917239,23.710000
20.939543,23.710000
20.976116,23.710000
21.006639,23.720000
21.045047,23.720000
21.079456,23.720000
21.115130,23.680000
21.145392,23.680000
21.182992,23.680000
21.211308,23.820000
21.245753,23.820000
21.284263,23.820000
21.322819,23.740000
21.351190,23.740000
21.389687,23.740000
21.445359,23.860000
21.483909,23.860000
21.513239,23.880000
21.547833,23.880000
21.586234,23.880000
21.622642,23.840000
21.649066,23.840000
21.686590,23.840000
21.723058,23.980000
21.746519,23.980000
21.782920,23.980000
21.823493,24.040000
21.856043,24.040000
21.888382,24.040000
21.920698,24.110000
21.948108,24.110000
21.985755,24.110000
22.015876,24.040000
22.050359,24.040000
22.086771,24.040000
22.123350,24.210000
22.156383,24.210000
22.189316,24.210000
22.214526,24.230000
22.247067,24.230000
22.281327,24.230000
22.320258,24.210000
22.351420,24.210000
22.384750,24.210000
22.425313,24.300000
22.449605,24.300000
22.479941,24.300000
22.516632,24.320000
22.547314,24.320000
22.581367,24.320000
22.617805,24.370000
22.654523,24.370000
22.682824,24.370000
22.715082,24.420000
22.745475,24.420000
22.779869,24.420000
22.814385,24.570000
22.853121,24.570000
22.883333,24.570000
22.919733,24.500000
22.956023,24.500000
22.976644,24.500000
23.013055,24.570000
23.047746,24.570000
23.075677,24.570000
23.112206,24.480000
23.148602,24.480000
23.174903,24.480000
23.211438,24.570000
23.244804,24.570000
23.276334,24.570000
23.315768,24.490000
23.349245,24.490000
23.381558,24.490000
23.414088,24.670000
23.444391,24.670000
23.474820,24.670000
23.513369,24.760000
23.545878,24.760000
23.578333,24.760000
23.613037,24.690000
23.653440,24.690000
23.675593,24.690000
23.712041,24.660000
23.744437,24.660000
23.774847,24.660000
23.815497,24.720000
23.853798,24.720000
23.880186,24.720000
23.914615,24.790000
23.945130,24.790000
23.975479,24.790000
24.011863,24.880000
24.046279,24.880000
24.074670,24.880000
24.121299,24.940000
24.149722,24.940000
24.176059,24.940000
24.212568,24.990000
24.244996,24.990000
24.281365,24.990000
24.315109,24.890000
24.352378,24.890000
24.388870,24.890000
24.414309,24.990000
24.447802,24.990000
24.478148,24.990000
24.514596,25.070000
24.544960,25.070000
24.576358,25.070000
24.619846,24.980000
24.651572,24.980000
24.676853,24.980000
24.717295,25.110000
24.749680,25.110000
24.786161,25.110000
24.820536,25.330000
24.857538,25.330000
24.893533,25.330000
24.919836,25.210000
24.982647,25.210000
25.025224,25.130000
25.051595,25.130000
25.086073,25.130000
25.126608,25.150000
25.161052,25.150000
25.186358,25.150000
25.222832,25.240000
25.254570,25.240000
25.286767,25.240000
25.323237,25.410000
25.355846,25.410000
25.390136,25.410000
25.430611,25.410000
25.460953,25.410000
25.485188,25.410000
25.519673,25.290000
25.558192,25.290000
25.584481,25.290000
25.623018,25.510000
25.661469,25.510000
25.687911,25.510000
25.719292,25.590000
25.752673,25.590000
25.784967,25.590000
25.821543,25.570000
25.856093,25.570000
25.887485,25.570000
25.963418,25.530000
25.991828,25.530000
26.018195,25.530000
26.054563,25.530000
26.084977,25.530000
26.119424,25.540000
26.159997,25.540000
26.184366,25.540000
26.216817,25.580000
26.253214,25.580000
26.287810,25.580000
26.318189,25.670000
26.352739,25.670000
26.384085,25.670000
26.417511,25.790000
26.455000,25.790000
26.486305,25.840000
26.516849,25.840000
26.549270,25.840000
26.583598,25.840000
26.619101,25.840000
26.651641,25.840000
26.692124,25.860000
26.713349,25.860000
26.747920,25.860000
26.788332,25.860000
26.812709,25.820000
26.854165,25.820000
26.889699,25.930000
26.916339,25.930000
26.950588,25.930000
26.984825,25.780000
27.015291,25.780000
27.051843,25.780000
27.086203,25.880000
27.114771,25.880000
27.148160,25.880000
27.182508,26.020000
27.212386,26.020000
27.248477,26.020000
27.282656,26.070000
27.316220,26.070000
27.357850,26.070000
27.386083,25.950000
27.416563,25.950000
27.448946,25.950000
27.483362,25.890000
27.515809,25.890000
27.548321,25.890000
27.582911,25.900000
27.612281,25.900000
27.652800,25.900000
27.692246,26.000000
27.714564,26.000000
27.748901,26.000000
27.785377,26.000000
27.819800,26.000000
27.852320,26.000000
27.890723,25.970000
27.913143,25.970000
27.949575,25.970000
27.983954,26.200000
28.016514,26.200000
28.052859,26.200000
28.083394,26.020000
28.117821,26.020000
28.154259,26.020000
28.183666,25.880000
28.213103,25.880000
28.249604,25.880000
28.286013,25.960000
28.318314,25.960000
28.358991,25.960000
28.387282,25.980000
28.428041,25.980000
28.462266,25.980000
28.494751,25.920000
28.523106,25.920000
28.561689,25.920000
28.590104,26.120000
28.630576,26.120000
28.665042,26.120000
28.690322,26.160000
28.724799,26.160000
28.756231,26.160000
28.788621,26.000000
28.825078,26.000000
28.861787,26.000000
28.897970,25.990000
28.930382,25.990000
28.989196,26.150000
29.021512,26.150000
29.058094,26.150000
29.096527,26.060000
29.126801,26.060000
29.163298,26.060000
29.192920,26.030000
29.221919,26.030000
29.256727,26.030000
29.288934,25.960000
29.327497,25.960000
29.359889,25.960000
29.396565,26.140000
29.426801,26.140000
29.461275,26.140000
29.489737,26.040000
29.526073,26.040000
29.560584,26.040000
29.591007,26.160000
29.625476,26.160000
29.659095,26.160000
29.725826,26.120000
29.755212,26.120000
29.791699,26.060000
29.822082,26.060000
29.854616,26.060000
29.897269,25.890000
29.923537,25.890000
29.955037,25.890000
29.992512,26.080000
30.022841,26.080000
30.055373,26.080000
30.093776,26.030000
30.123216,26.030000
30.154745,26.030000
30.199210,26.090000
30.221546,26.090000
30.251990,26.090000
30.290415,25.990000
30.324687,25.990000
30.352124,25.990000
30.391682,25.930000
30.422036,25.930000
30.450419,25.930000
30.486874,25.930000
30.519340,25.930000
30.551842,25.930000
30.592668,25.980000
30.627070,25.980000
30.655443,25.980000
30.689891,25.920000
30.720302,25.920000
30.750624,25.920000
30.784900,25.960000
30.819314,25.960000
30.851841,25.960000
30.893339,25.980000
30.922601,25.980000
30.951112,25.980000
30.985425,25.900000
31.017937,25.900000
31.050476,25.900000
31.088888,26.000000
31.124431,26.000000
31.159847,26.000000
31.188075,26.020000
31.219022,26.020000
31.250975,26.020000
31.291861,25.970000
31.321844,25.970000
31.354240,25.970000
31.394796,25.940000
31.421177,25.940000
31.449535,25.940000
31.488416,25.800000
31.520370,25.800000
31.553171,25.800000
31.593483,25.850000
31.629924,25.850000
31.660232,25.850000
31.694712,25.890000
31.719115,25.890000
31.753599,25.890000
31.787861,25.940000
31.824341,25.940000
31.851759,25.940000
31.894375,25.950000
31.925762,25.950000
31.950041,25.950000
31.986416,25.820000
32.018894,25.820000
32.051292,25.820000
32.095968,25.870000
32.132423,25.870000
32.161791,25.870000
32.192241,25.820000
32.223607,25.820000
32.259087,25.820000
32.331100,25.740000
32.357401,25.740000
32.394909,25.690000
32.435521,25.690000
32.459669,25.690000
32.493319,25.800000
32.531715,25.800000
32.558070,25.800000
32.598626,25.800000
32.635259,25.800000
32.659363,25.800000
32.758671,25.760000
32.793091,25.840000
32.825565,25.840000
32.861160,25.840000
32.902588,25.730000
32.932996,25.730000
32.960310,25.730000
32.993926,25.660000
33.026110,25.660000
33.064668,25.660000
33.093161,25.620000
33.134171,25.620000
33.168125,25.620000
33.200499,25.680000
33.231022,25.680000
33.261343,25.680000
33.293886,25.700000
33.330185,25.700000
33.360488,25.700000
33.397030,25.590000
33.434087,25.590000
33.463095,25.590000
33.492406,25.620000
33.526804,25.620000
33.561215,25.620000
33.595737,25.620000
33.628308,25.620000
33.662708,25.620000
33.700108,25.660000
33.732535,25.660000
33.764036,25.660000
33.790488,25.530000
33.826676,25.530000
33.861368,25.530000
33.893744,25.490000
33.932389,25.490000
33.958672,25.490000
33.989076,25.570000
34.023443,25.570000
34.058131,25.570000
34.090523,25.590000
34.125762,25.590000
34.160224,25.590000
34.193638,25.590000
34.224025,25.590000
34.256562,25.590000
34.286896,25.670000
34.321265,25.670000
34.355835,25.670000
34.388154,25.540000
34.426988,25.540000
34.455002,25.540000
34.487480,25.530000
34.522036,25.530000
34.558328,25.530000
34.585603,25.470000
34.628190,25.470000
34.657810,25.470000
34.689008,25.520000
34.733709,25.520000
34.758962,25.520000
34.787262,25.570000
34.827824,25.570000
34.860589,25.570000
34.896846,25.410000
34.925104,25.410000
34.955544,25.410000
34.985743,25.510000
35.024719,25.510000
35.056890,25.510000
35.087211,25.350000
35.125695,25.350000
35.162151,25.350000
35.188502,25.400000
35.224903,25.400000
35.257604,25.400000
35.285898,25.420000
35.326447,25.420000
35.360947,25.420000
35.389201,25.410000
35.425574,25.410000
35.456034,25.410000
35.488508,25.410000
35.524856,25.410000
35.556482,25.410000
35.587778,25.500000
35.630314,25.500000
35.661637,25.500000
35.687050,25.430000
35.725540,25.430000
35.758091,25.430000
35.788312,25.400000
35.822817,25.400000
35.863408,25.400000
35.892981,25.360000
35.924177,25.360000
35.956614,25.360000
35.991014,25.390000
36.027419,25.390000
36.061965,25.390000
36.096423,25.450000
36.132956,25.450000
36.167436,25.450000
36.201823,25.440000
36.240201,25.440000
36.264606,25.440000
36.301003,25.390000
36.329331,25.390000
36.363827,25.390000
36.402393,25.430000
36.436745,25.430000
36.467091,25.430000
36.495926,25.310000
36.527941,25.310000
36.562370,25.310000
36.603229,25.390000
36.635355,25.390000
36.704185,25.530000
36.728400,25.530000
36.765005,25.530000
36.799477,25.400000
36.832095,25.400000
36.868637,25.400000
36.904952,25.380000
36.938544,25.380000
36.967789,25.380000
36.996062,25.260000
37.030473,25.260000
37.069072,25.260000
37.097352,25.280000
37.131810,25.280000
37.168301,25.280000
37.201061,25.390000
37.229111,25.390000
37.265497,25.390000
37.300978,25.310000
37.333432,25.310000
37.364786,25.310000
37.403340,25.320000
37.429705,25.320000
37.474422,25.320000
37.496760,25.390000
37.527042,25.390000
37.563446,25.390000
37.595905,25.370000
37.628395,25.370000
37.664780,25.370000
37.702238,25.430000
37.725488,25.430000
37.762192,25.430000
37.796604,25.420000
37.826982,25.420000
37.863497,25.420000
37.899976,25.330000
37.928422,25.330000
37.960657,25.330000
37.993307,25.420000
38.024551,25.420000
38.060003,25.420000
38.092633,25.430000
38.125995,25.430000
38.167516,25.430000
38.193842,25.370000
38.224193,25.370000
38.258827,25.370000
38.297309,25.420000
38.330168,25.420000
38.368259,25.420000
38.392686,25.430000
38.425009,25.430000
38.459375,25.430000
38.492991,25.450000
38.524254,25.450000
38.558801,25.450000
38.597380,25.410000
38.623646,25.410000
38.658049,25.410000
38.692553,25.400000
38.722907,25.400000
38.759303,25.400000
38.794006,25.510000
38.830421,25.510000
38.868928,25.510000
38.892286,25.550000
38.923669,25.550000
38.959993,25.550000
38.992482,25.470000
39.022811,25.470000
39.059314,25.470000
39.097832,25.580000
39.129256,25.580000
39.162212,25.580000
39.193087,25.430000
39.223449,25.430000
39.259929,25.430000
39.294471,25.490000
39.326920,25.490000
39.367360,25.490000
39.403796,25.440000
39.424099,25.440000
39.462699,25.440000
39.493115,25.380000
39.523438,25.380000
39.562912,25.380000
39.598401,25.470000
39.629782,25.470000
39.673373,25.470000
39.693657,25.460000
39.732058,25.460000
39.766529,25.460000
39.800878,25.580000
39.839377,25.580000
39.871933,25.580000
39.908558,25.500000
39.933889,25.500000
39.963133,25.500000
39.999584,25.420000
40.032129,25.420000
40.066595,25.420000
40.105040,25.570000
40.139523,25.570000
40.168941,25.570000
40.203805,25.580000
40.233975,25.580000
40.265155,25.580000
40.303863,25.590000
40.334265,25.590000
40.368608,25.590000
40.407245,25.450000
40.439620,25.450000
40.463866,25.450000
40.500303,25.460000
40.532781,25.460000
40.565242,25.460000
40.603754,25.600000
40.633219,25.600000
40.672804,25.600000
40.707054,25.530000
40.737647,25.530000
40.765841,25.530000
40.804588,25.620000
40.836839,25.620000
40.872577,25.620000
40.909837,25.500000
40.939042,25.500000
40.968878,25.500000
41.000957,25.550000
41.035413,25.550000
41.065632,25.550000
41.106172,25.620000
41.139831,25.620000
41.169006,25.620000
41.208493,25.550000
41.233819,25.550000
41.264682,25.550000
41.300708,25.550000
41.333178,25.550000
41.365529,25.550000
41.406096,25.430000
41.433467,25.430000
41.462855,25.430000
41.499531,25.480000
41.531954,25.480000
41.562076,25.480000
41.602576,25.660000
41.635182,25.660000
41.669686,25.660000
41.695762,25.560000
41.730232,25.560000
41.760571,25.560000
41.795121,25.580000
41.829915,25.580000
41.865015,25.580000
41.904734,25.630000
41.941033,25.630000
41.961436,25.630000
41.996270,25.710000
42.028317,25.710000
42.061681,25.710000
42.098231,25.470000
42.134606,25.470000
42.161999,25.470000
42.198414,25.450000
42.228818,25.450000
42.261162,25.450000
42.295763,25.540000
42.330262,25.540000
42.359628,25.540000
42.403405,25.640000
42.435813,25.640000
42.461335,25.640000
42.495437,25.740000
42.529836,25.740000
42.562391,25.740000
42.597827,25.610000
42.637324,25.610000
42.660583,25.610000
42.696068,25.670000
42.728518,25.670000
42.760832,25.670000
42.797160,25.650000
42.829611,25.650000
42.863157,25.650000
42.904750,25.530000
42.943322,25.530000
42.963470,25.530000
42.997904,25.670000
43.032313,25.670000
43.062777,25.670000
43.101249,25.680000
43.130797,25.680000
43.164107,25.680000
43.198629,25.730000
43.231215,25.730000
43.263373,25.730000
43.294846,25.720000
43.334533,25.720000
43.368854,25.720000
43.395148,25.700000
43.437831,25.700000
43.472281,25.700000
43.502666,25.550000
43.541117,25.550000
43.569864,25.550000
43.603994,25.610000
43.639419,25.610000
43.703149,25.640000
43.745741,25.640000
43.770049,25.640000
43.802600,25.630000
43.839033,25.630000
43.874445,25.630000
43.904060,25.750000
43.940290,25.750000
44.003139,25.570000
44.039604,25.570000
44.070503,25.570000
44.107442,25.580000
44.138781,25.580000
44.175328,25.580000
44.209693,25.690000
44.236050,25.690000
44.272649,25.690000
44.300904,25.760000
44.339411,25.760000
44.373889,25.760000
44.408446,25.830000
44.446942,25.830000
44.479290,25.830000
44.503593,25.690000
44.540037,25.690000
44.572663,25.690000
44.603086,25.640000
44.641632,25.640000
44.674103,25.640000
44.712541,25.650000
44.739827,25.650000
44.771204,25.650000
44.802628,25.620000
44.839056,25.620000
44.872579,25.620000
44.902986,25.730000
44.945440,25.730000
44.975866,25.730000
45.004205,25.750000
45.038633,25.750000
45.075641,25.750000
45.101618,25.680000
45.135982,25.680000
45.175457,25.680000
45.198689,25.640000
45.235133,25.640000
45.267809,25.640000
45.302209,25.670000
45.338671,25.670000
45.369987,25.670000
45.398448,25.630000
45.433827,25.630000
45.466176,25.630000
45.498682,25.670000
45.535314,25.670000
45.573768,25.670000
45.598038,25.630000
45.640807,25.630000
45.675008,25.630000
45.697371,25.510000
45.734049,25.510000
45.766518,25.510000
45.796645,25.610000
45.833095,25.610000
45.871586,25.610000
45.900866,25.340000
45.934206,25.340000
45.964663,25.340000
45.997164,25.050000
46.035682,25.050000
46.074690,25.050000
46.098424,24.910000
46.140971,24.910000
46.171648,24.910000
46.197816,24.850000
46.232672,24.850000
46.266587,24.850000
46.297128,24.740000
46.337738,24.740000
46.367956,24.740000
46.396329,24.650000
46.432831,24.650000
46.467175,24.650000
46.497633,24.530000
46.534208,24.530000
46.572868,24.530000
46.601028,24.270000
46.634737,24.270000
46.666954,24.270000
46.704348,24.080000
46.732912,24.080000
46.767245,24.080000
46.799736,23.910000
46.834079,23.910000
46.870680,23.910000
46.902957,23.740000
46.933445,23.740000
46.965807,23.740000
47.000213,23.660000
47.042764,23.660000
47.079252,23.660000
47.105628,23.590000
47.142071,23.590000
47.180578,23.590000
47.237210,23.430000
47.271959,23.430000
47.312291,23.340000
47.342717,23.340000
47.377255,23.340000
47.413655,23.180000
47.448067,23.180000
47.506881,23.020000
47.537168,23.020000
47.581805,23.020000
47.616274,22.880000
47.646631,22.880000
47.681148,22.880000
47.712074,22.850000
47.737752,22.850000
47.774545,22.850000
47.806692,22.690000
47.841186,22.690000
47.879676,22.690000
47.913192,22.580000
47.948534,22.580000
47.979933,22.580000
48.007404,22.390000
48.037623,22.390000
48.078268,22.390000
48.116704,22.260000
48.145036,22.260000
48.177541,22.260000
48.216024,21.990000
48.246387,21.990000
48.274811,21.990000
48.307224,22.080000
48.339580,22.080000
48.378174,22.080000
48.414593,21.890000
48.442328,21.890000
48.482564,21.890000
48.507655,21.750000
48.538213,21.750000
48.574718,21.750000
48.609304,21.480000
48.640610,21.480000
48.680088,21.480000
48.712551,21.450000
48.739889,21.450000
48.773547,21.450000
48.805783,21.430000
48.837192,21.430000
48.876658,21.430000
48.909096,21.210000
48.945681,21.210000
48.980071,21.210000
49.004397,21.120000
49.036887,21.120000
49.071210,21.120000
49.103695,20.880000
49.138022,20.880000
49.174540,20.880000
49.213050,20.680000
49.235365,20.680000
49.269792,20.680000
49.302126,20.750000
49.333649,20.750000
49.375301,20.750000
49.406680,20.580000
49.436095,20.580000
49.468899,20.580000
49.502871,20.430000
49.533332,20.430000
49.569734,20.430000
49.602125,20.290000
49.640520,20.290000
49.681469,20.290000
49.710817,20.210000
49.733768,20.210000
49.770364,20.210000
49.804835,19.980000
49.837244,19.980000
49.875846,19.980000
49.908305,19.890000
49.941722,19.890000
49.969182,19.890000
50.003413,19.810000
50.035951,19.810000
50.072388,19.810000
50.104808,19.690000
50.143886,19.690000
50.182316,19.690000
50.206286,19.570000
50.236699,19.570000
50.275145,19.570000
50.303731,19.440000
50.342107,19.440000
50.374298,19.440000
50.411060,19.300000
50.438299,19.300000
50.467541,19.300000
50.504213,19.320000
50.538715,19.320000
50.569175,19.320000
50.607658,19.070000
50.639133,19.070000
50.678608,19.070000
50.706870,18.950000
50.739198,18.950000
50.768734,18.950000
50.810305,18.870000
50.841583,18.870000
50.879072,18.870000
50.915613,18.800000
50.983414,18.800000
51.010950,18.660000
51.047186,18.660000
51.075713,18.660000
51.118315,18.600000
51.150729,18.600000
51.185024,18.600000
51.221437,18.500000
51.248843,18.500000
51.278276,18.500000
51.312600,18.300000
51.349003,18.300000
51.383508,18.300000
51.419970,18.080000
51.450476,18.080000
51.480780,18.080000
51.511156,18.070000
51.543675,18.070000
51.578281,18.070000
51.616655,17.940000
51.652039,17.940000
51.681358,17.940000
51.754542,17.870000
51.774596,17.870000
51.811210,17.740000
51.845439,17.740000
51.875987,17.740000
51.918546,17.670000
51.952387,17.670000
51.979379,17.670000
52.011766,17.510000
52.046201,17.510000
52.078741,17.510000
52.113163,17.400000
52.147937,17.400000
52.178924,17.400000
52.214487,17.320000
52.255188,17.320000
52.277384,17.320000
52.311768,17.190000
52.344193,17.190000
52.379644,17.190000
52.417318,17.090000
52.451868,17.090000
52.481394,17.090000
52.510935,17.100000
52.543057,17.100000
52.577444,17.100000
52.611793,16.940000
52.646160,16.940000
52.673599,16.940000
52.715223,16.730000
52.743639,16.730000
52.775923,16.730000
52.808347,16.750000
52.844964,16.750000
52.875282,16.750000
52.911777,16.520000
52.943294,16.520000
52.973088,16.520000
53.007036,16.420000
53.039362,16.420000
53.073823,16.420000
53.110320,16.380000
53.146842,16.380000
53.173009,16.380000
53.205492,16.240000
53.241918,16.240000
53.272497,16.240000
53.310986,16.190000
53.343460,16.190000
53.375932,16.190000
53.409354,16.040000
53.447787,16.040000
53.471188,16.040000
53.505607,15.970000
53.539879,15.970000
53.573335,15.970000
53.612720,15.840000
53.645297,15.840000
53.673609,15.840000
53.709243,15.700000
53.740984,15.700000
53.775064,15.700000
53.811428,15.600000
53.839701,15.600000
53.876173,15.600000
53.908797,15.570000
53.941457,15.570000
53.973597,15.570000
54.003910,15.430000
54.040461,15.430000
54.076952,15.430000
54.109618,15.270000
54.146902,15.270000
54.175251,15.270000
54.207641,15.180000
54.245541,15.180000
54.275821,15.180000
54.306080,15.130000
54.346619,15.130000
54.379004,15.130000
54.409441,15.030000
54.443856,15.030000
54.474418,15.030000
54.504616,14.940000
54.541037,14.940000
54.573673,14.940000
54.605094,14.850000
54.648584,14.850000
54.687152,14.850000
54.710498,14.760000
54.743909,14.760000
54.782372,14.760000
54.812695,14.620000
54.849222,14.620000
54.885684,14.620000
54.922348,14.510000
54.956794,14.510000
54.989178,14.510000
55.011502,14.400000
55.047953,14.400000
55.082486,14.400000
55.116775,14.300000
55.155244,14.300000
55.187709,14.300000
55.215027,14.280000
55.246428,14.280000
55.281048,14.280000
55.315628,14.150000
55.350957,14.150000
55.388462,14.150000
55.418885,14.050000
55.452271,14.050000
55.483734,14.050000
55.511956,13.920000
55.548716,13.920000
55.580821,13.920000
55.615410,13.830000
55.653916,13.830000
55.690442,13.830000
55.722764,13.760000
55.748076,13.760000
55.781482,13.760000
55.816024,13.690000
55.854511,13.690000
55.887106,13.690000
55.920421,13.580000
55.953937,13.580000
55.987435,13.580000
56.012644,13.440000
56.051117,13.440000
56.081490,13.440000
56.113981,13.390000
56.150457,13.390000
56.186894,13.390000
56.213248,13.240000
56.249661,13.240000
56.279967,13.240000
56.313476,13.150000
56.353111,13.150000
56.384276,13.150000
56.413694,13.080000
56.449244,13.080000
56.483859,13.080000
56.511136,12.970000
56.545417,12.970000
56.579931,12.970000
56.610273,12.850000
56.644814,12.850000
56.683494,12.850000
56.713633,12.760000
56.744005,12.760000
56.780581,12.760000
56.809028,12.700000
56.855527,12.700000
56.888035,12.700000
56.913443,12.620000
56.945758,12.620000
56.977167,12.620000
57.007535,12.450000
57.042044,12.450000
57.082472,12.450000
57.113007,12.370000
57.149423,12.370000
57.186012,12.370000
57.209101,12.290000
57.240557,12.290000
57.275302,12.290000
57.311736,12.190000
57.341846,12.190000
57.384509,12.190000
57.413930,12.100000
57.443315,12.100000
57.475847,12.100000
57.512227,11.990000
57.542793,11.990000
57.577109,11.990000
57.615519,11.920000
57.640819,11.920000
57.686473,11.920000
57.712811,11.810000
57.741094,11.810000
57.777563,11.810000
57.810143,11.710000
57.846623,11.710000
57.885277,11.710000
57.921563,11.630000
57.949057,11.630000
57.976394,11.630000
58.010838,11.480000
58.041260,11.480000
58.081754,11.480000
58.118307,11.400000
58.150696,11.400000
58.180973,11.400000
58.209381,11.310000
58.241788,11.310000
58.278280,11.310000
58.310918,11.240000
58.347043,11.240000
58.376550,11.240000
58.419937,11.200000
58.454592,11.200000
58.476911,11.200000
58.513390,11.060000
58.545722,11.060000
58.580042,11.060000
58.618695,10.980000
58.650090,10.980000
58.693807,10.980000
58.750645,10.840000
58.782958,10.840000
58.817431,10.770000
58.849788,10.770000
58.890664,10.770000
58.926658,10.630000
58.990445,10.630000
59.016784,10.510000
59.056395,10.510000
59.084752,10.510000
59.123177,10.400000
59.194425,10.400000
59.224716,10.310000
59.248914,10.310000
59.285402,10.310000
59.317894,10.240000
59.348223,10.240000
59.388815,10.240000
59.427207,10.150000
59.518575,10.030000
59.548847,10.030000
59.587382,10.030000
59.622073,9.940000
59.656270,9.940000
59.691719,9.940000
59.716941,9.840000
59.754491,9.840000
59.792072,9.840000
59.823520,9.740000
59.851469,9.740000
59.888753,9.740000
59.925152,9.630000
59.954507,9.630000
60.018437,9.530000
60.050798,9.530000
60.085170,9.530000
60.117615,9.450000
60.150060,9.450000
60.188701,9.450000
60.216985,9.370000
60.253578,9.370000
60.283843,9.370000
60.316283,9.260000
60.348601,9.260000
60.383065,9.260000
60.418833,9.160000
60.458189,9.160000
60.484402,9.160000
60.517313,9.040000
60.545555,9.040000
60.583941,9.040000
60.620203,8.950000
60.648307,8.950000
60.685176,8.950000
60.714507,8.870000
60.746003,8.870000
60.778336,8.870000
60.812826,8.770000
60.849757,8.770000
60.881938,8.770000
60.913102,8.650000
60.951088,8.650000
60.978986,8.650000
61.019452,8.590000
61.046001,8.590000
61.078313,8.590000
61.117008,8.460000
61.147285,8.460000
61.179757,8.460000
61.218126,8.430000
61.246551,8.430000
61.279027,8.430000
61.315622,8.250000
61.346980,8.250000
61.379310,8.250000
61.418978,8.160000
61.453261,8.160000
61.481538,8.160000
61.516017,8.090000
61.550567,8.090000
61.577881,8.090000
61.615296,7.960000
61.646798,7.960000
61.679111,7.960000
61.717078,7.890000
61.747052,7.890000
61.777330,7.890000
61.818004,7.760000
61.848440,7.760000
61.880292,7.680000
61.914268,7.680000
61.952876,7.680000
61.978241,7.680000
62.023035,7.540000
62.051416,7.540000
62.077537,7.500000
62.119992,7.500000
62.154594,7.500000
62.188930,7.500000
62.217431,7.390000
62.247674,7.390000
62.282249,7.250000
62.318835,7.250000
62.353349,7.250000
62.385684,7.180000
62.430209,7.180000
62.458640,7.180000
62.484887,7.050000
62.521455,7.050000
62.556422,7.050000
62.592319,7.050000
62.622650,6.970000
62.661252,6.970000
62.695589,6.860000
62.726107,6.860000
62.754450,6.860000
62.784741,6.740000
62.821222,6.740000
62.857646,6.740000
62.894249,6.740000
62.930614,6.630000
62.963263,6.630000
62.985343,6.530000
63.019799,6.530000
63.056270,6.530000
63.090802,6.420000
63.125222,6.420000
63.159696,6.420000
63.194131,6.340000
63.229675,6.340000
63.255961,6.340000
63.285353,6.230000
63.321826,6.230000
63.358237,6.230000
63.394788,6.130000
63.423429,6.130000
63.461880,6.130000
63.486183,6.030000
63.520527,6.030000
63.559090,6.030000
63.589396,5.920000
63.626077,5.920000
63.662866,5.920000
63.691912,5.800000
63.723244,5.800000
63.761622,5.800000
63.785974,5.710000
63.822507,5.710000
63.854984,5.710000
63.885286,5.610000
63.927885,5.610000
63.956276,5.610000
63.984622,5.490000
64.019041,5.490000
64.055955,5.490000
64.085858,5.390000
64.118379,5.390000
64.160912,5.390000
64.187229,5.320000
64.215686,5.320000
64.252233,5.320000
64.284509,5.220000
64.317197,5.220000
64.357763,5.220000
64.386060,5.130000
64.415412,5.130000
64.455099,5.130000
64.483174,5.000000
64.513624,5.000000
64.556010,5.000000
64.586476,4.910000
64.620808,4.910000
64.655374,4.910000
64.683743,4.790000
64.714069,4.790000
64.748738,4.790000
64.783026,4.650000
64.816506,4.650000
64.851896,4.650000
64.888428,4.560000
64.914746,4.560000
64.963453,4.560000
64.983585,4.460000
65.014107,4.460000
65.054801,4.460000
65.089934,4.320000
65.119395,4.320000
65.158090,4.320000
65.186495,4.200000
65.214804,4.200000
65.251321,4.200000
65.285716,4.090000
65.314037,4.090000
65.352610,4.090000
65.391164,3.970000
65.417561,3.970000
65.450828,3.970000
65.484419,3.840000
65.514714,3.840000
65.551011,3.840000
65.583553,3.730000
65.617990,3.730000
65.658686,3.730000
65.693059,3.630000
65.715410,3.630000
65.749727,3.630000
65.784350,3.530000
65.818797,3.530000
65.851132,3.530000
65.883712,3.380000
65.916072,3.380000
65.955478,3.380000
65.982774,3.260000
66.015101,3.260000
66.053958,3.260000
66.090220,3.160000
66.124734,3.160000
66.159095,3.160000
66.195563,3.060000
66.230186,3.060000
66.262554,3.060000
66.288801,2.920000
66.325420,2.920000
66.359716,2.920000
66.400647,2.780000
66.425605,2.780000
66.459035,2.780000
66.491440,2.660000
66.528841,2.660000
66.558444,2.660000
66.596773,2.540000
66.629227,2.540000
66.667620,2.540000
66.702016,2.410000
66.729383,2.410000
66.760706,2.410000
66.791281,2.300000
66.823653,2.300000
66.864525,2.300000
66.896566,2.230000
66.927926,2.230000
66.963537,2.230000
66.989728,2.130000
67.023267,2.130000
67.060769,2.130000
67.097307,2.040000
67.125682,2.040000
67.166235,2.040000
67.257584,1.950000
67.291615,1.870000
67.324089,1.870000
67.358666,1.870000
67.397068,1.780000
67.424456,1.780000
67.461921,1.780000
67.492308,1.700000
67.522724,1.700000
67.557095,1.700000
67.593510,1.620000
67.621938,1.620000
67.660448,1.620000
67.692842,1.540000
67.731287,1.540000
67.755664,1.540000
67.790060,1.450000
67.822459,1.450000
67.854896,1.450000
67.893458,1.360000
67.926761,1.360000
67.954189,1.360000
67.988620,1.280000
68.021423,1.280000
68.053639,1.280000
68.087853,1.210000
68.122343,1.210000
68.152761,1.210000
68.191350,1.120000
68.224892,1.120000
68.254611,1.120000
68.286462,1.060000
68.318977,1.060000
68.355459,1.060000
68.391822,0.990000
68.420352,0.990000
68.450663,0.990000
68.487216,0.920000
68.521595,0.920000
68.552233,0.920000
68.588563,0.850000
68.618961,0.850000
68.655472,0.850000
68.693980,0.820000
68.724365,0.820000
68.752711,0.820000
68.787161,0.770000
68.821588,0.770000
68.854551,0.770000
68.889602,0.730000
68.919922,0.730000
68.951514,0.730000
68.985774,0.700000
69.020155,0.700000
69.050662,0.700000
69.095372,0.670000
69.123621,0.670000
69.158263,0.670000
69.186668,0.630000
69.231183,0.630000
69.255596,0.630000
69.290024,0.610000
69.320206,0.610000
69.355020,0.610000
69.391322,0.580000
69.423729,0.580000
69.452316,0.580000
69.488590,0.560000
69.520965,0.560000
69.551326,0.560000
69.592022,0.530000
69.621289,0.530000
69.651709,0.530000
69.697374,0.500000
69.733907,0.500000
69.754220,0.500000
69.792606,0.470000
69.825072,0.470000
69.859325,0.470000
69.894090,0.460000
69.934520,0.460000
69.963164,0.460000
70.002390,0.430000
70.027477,0.430000
70.058264,0.430000
70.094513,0.410000
70.133087,0.410000
70.165529,0.410000
70.198994,0.380000
70.235440,0.380000
70.261692,0.380000
70.297230,0.350000
70.329601,0.350000
70.360572,0.350000
70.397550,0.330000
70.439056,0.330000
70.463280,0.330000
70.493701,0.300000
70.528149,0.300000
70.561620,0.300000
70.598978,0.280000
70.631725,0.280000
70.666196,0.280000
70.704491,0.260000
70.734832,0.260000
70.762248,0.260000
70.797807,0.250000
70.830051,0.250000
70.862490,0.250000
70.898988,0.210000
70.931437,0.210000
70.961845,0.210000
70.998275,0.190000
71.028714,0.190000
71.095643,0.180000
71.130045,0.180000
71.162565,0.180000
71.198977,0.150000
71.229319,0.150000
71.267855,0.150000
71.300303,0.130000
71.332934,0.130000
71.361091,0.130000
71.397687,0.120000
71.430103,0.120000
71.461805,0.120000
71.494027,0.120000
71.527537,0.120000
71.559831,0.120000
71.591285,0.120000
71.630950,0.120000
71.660372,0.120000
71.695799,0.120000
71.726117,0.120000
71.758585,0.120000
71.793061,0.120000
71.827292,0.120000
71.867887,0.120000
71.892705,0.120000
71.930768,0.120000
71.960047,0.120000
71.987460,0.030000
72.023839,0.030000
72.056412,0.030000
72.091006,0.000000
72.127497,0.000000
72.157727,0.000000
72.190422,0.000000
72.224895,0.000000
72.257035,0.000000
72.289428,0.000000
72.327088,0.000000
72.360360,0.000000
72.390640,0.000000
72.433256,0.000000
72.467591,0.000000
72.487895,0.000000
72.524438,0.000000
72.557287,0.000000
72.591489,0.000000
72.623739,0.000000
72.660742,0.000000
72.691791,0.000000
72.730291,0.000000
72.757568,0.000000
72.787987,0.000000
72.828478,0.000000
