0.217085,-96.482917
0.236855,-96.482917
0.256829,-96.482917
0.276810,-96.482917
0.296789,-96.482917
0.316728,-96.482917
0.336743,-96.482917
0.356752,-96.482917
0.376649,-96.482917
0.396650,-96.482917
0.416667,-96.482917
0.436616,-96.482917
0.456665,-96.482917
0.476578,-96.482917
0.496605,-96.482917
0.516594,-96.482917
0.536597,-96.482917
0.556505,-96.482917
0.576603,-96.482917
0.596706,-96.482917
0.616486,-96.482917
0.636454,-96.482917
0.656511,-96.482917
0.676436,-96.482917
0.696476,-96.482917
0.716450,-96.482917
0.736455,-96.482917
0.756431,-96.482917
0.776391,-96.482917
0.796492,-96.482917
0.816330,-96.482917
0.836374,-96.482917
0.856320,-96.482917
0.876265,-96.482917
0.896236,-96.482917
0.916239,-96.482917
0.936199,-96.482917
0.956176,-96.482917
0.976246,-96.482917
0.996253,-96.482917
1.017126,-96.482917
1.036080,-96.482917
1.056054,-96.482917
1.076046,-96.482917
1.096102,-96.482917
1.117016,-96.482917
1.136009,-96.482917
1.156932,-96.482917
1.176946,-96.482917
1.196960,-96.482917
1.217096,-96.482917
1.236885,-96.482917
1.256868,-96.482917
1.276848,-96.482917
1.296818,-96.482917
1.316874,-96.482917
1.336767,-96.482917
1.356744,-96.482917
1.376755,-96.482917
1.396722,-96.482917
1.416698,-96.482917
1.436717,-96.482917
1.456716,-96.482917
1.476645,-96.482917
1.496644,-96.482917
1.516628,-96.482917
1.536657,-96.482917
1.556634,-96.482917
1.576828,-96.482917
1.596578,-96.482917
1.616561,-96.482917
1.636584,-96.482917
1.656545,-96.482917
1.676537,-96.482917
1.696855,-96.482917
1.716574,-96.482917
1.736471,-96.482917
1.756523,-96.482917
1.776654,-96.482917
1.796774,-96.482917
1.816474,-96.482917
1.836453,-96.482917
1.856400,-96.482917
1.876295,-96.482917
1.896475,-96.482917
1.916339,-96.482917
1.936292,-96.482917
1.956265,-96.482917
1.976251,-96.482917
1.996193,-96.482917
2.016186,-96.482917
2.036290,-96.482917
2.056188,-96.482917
2.076210,-96.482917
2.096147,-96.482917
2.116113,-96.482917
2.136742,-96.482917
2.156196,-96.482917
2.177038,-96.482917
2.197067,-96.482917
2.217040,-96.482917
2.237047,-96.482917
2.256956,-96.482917
2.276958,-96.482917
2.296961,-96.482917
2.316882,-96.482917
2.336853,-96.482917
2.356827,-96.482917
2.376845,-96.482917
2.397375,-96.482917
2.416793,-96.482917
2.436777,-96.482917
2.456827,-96.482917
2.476942,-96.482917
2.496787,-96.482917
2.516746,-96.482917
2.536783,-96.482917
2.556720,-96.482917
2.576712,-96.482917
2.596683,-96.482917
2.616643,-96.482917
2.636683,-96.482917
2.657053,-96.482917
2.676675,-96.482917
2.696584,-96.482917
2.716623,-96.482917
2.736558,-96.482917
2.756524,-96.482917
2.776515,-96.482917
2.796500,-96.482917
2.816453,-96.482917
2.836438,-96.482917
2.856587,-96.482917
2.876841,-96.482917
2.896379,-96.482917
2.916384,-96.482917
2.936360,-96.482917
2.956354,-96.482917
2.976358,-96.482917
2.996332,-96.482917
3.016312,-96.482917
3.036372,-96.482917
3.056509,-96.482917
3.076282,-96.482917
3.096252,-96.482917
3.116257,-96.482917
3.136192,-96.482917
3.156204,-96.482917
3.176162,-96.482917
3.196132,-96.482917
3.216067,-96.482917
3.236151,-96.482917
3.256072,-96.482917
3.276010,-96.482917
3.297009,-96.482917
3.316947,-96.482917
3.336977,-96.482917
3.356958,-96.482917
3.376982,-96.482917
3.396955,-96.482917
3.416872,-96.482917
3.436884,-96.482917
3.456849,-96.482917
3.476835,-96.482917
3.496796,-96.482917
3.516799,-96.482917
3.536757,-96.482917
3.556736,-96.482917
3.576761,-96.482917
3.596720,-96.482917
3.616682,-96.482917
3.636693,-96.482917
3.656676,-96.482917
3.676687,-96.482917
3.696649,-96.482917
3.716606,-96.482917
3.736608,-96.482917
3.756575,-96.482917
3.776541,-96.482917
3.796977,-96.482917
3.816541,-96.482917
3.836522,-96.482917
3.856512,-96.482917
3.876563,-96.482917
3.896472,-96.482917
3.916506,-96.482917
3.936419,-96.482917
3.956476,-96.482917
3.976405,-96.482917
3.996328,-96.482917
4.016341,-96.482917
4.036331,-96.482917
4.056283,-96.482917
4.076280,-96.482917
4.096313,-96.482917
4.116319,-96.482917
4.136292,-96.482917
4.156253,-96.482917
4.176187,-96.482917
4.196172,-96.482917
4.216258,-96.482917
4.236136,-96.482917
4.256164,-96.482917
4.277056,-96.482917
4.296095,-96.482917
4.317015,-96.482917
4.336986,-96.482917
4.356989,-96.482917
4.376957,-96.482917
4.396941,-96.482917
4.416942,-96.482917
4.436962,-96.482917
4.456956,-96.482917
4.476875,-96.482917
4.496869,-96.482917
4.516839,-96.482917
4.536803,-96.482917
4.556785,-96.482917
4.576809,-96.482917
4.596771,-96.482917
4.616725,-96.482917
4.636702,-96.482917
4.656694,-96.482917
4.676701,-96.482917
4.696653,-96.482917
4.716722,-96.482917
4.736626,-96.482917
4.756664,-96.482917
4.776633,-96.482918
4.796633,-96.482918
4.816599,-96.482918
4.836653,-96.482918
4.856586,-96.482918
4.876618,-96.482918
4.896538,-96.482918
4.916944,-96.482918
4.936517,-96.482918
4.956469,-96.482918
4.976537,-96.482918
4.996516,-96.482918
5.016433,-96.482918
5.036407,-96.482918
5.056388,-96.482918
5.076418,-96.482918
5.096455,-96.482918
5.116315,-96.482918
5.136313,-96.482918
5.156301,-96.482918
5.176281,-96.482918
5.196258,-96.482918
5.216242,-96.482918
5.236270,-96.482918
5.256194,-96.482918
5.276164,-96.482918
5.296194,-96.482918
5.316131,-96.482918
5.336216,-96.482918
5.357107,-96.482918
5.376169,-96.482918
5.396022,-96.482918
5.416991,-96.482918
5.436986,-96.482918
5.456943,-96.482918
5.476968,-96.482918
5.496993,-96.482918
5.516978,-96.482918
5.536963,-96.482918
5.557013,-96.482918
5.576922,-96.482918
5.596866,-96.482918
5.616851,-96.482918
5.636853,-96.482918
5.656817,-96.482918
5.676807,-96.482918
5.696776,-96.482918
5.716765,-96.482918
5.736725,-96.482918
5.756757,-96.482918
5.776739,-96.482918
5.796753,-96.482918
5.816658,-96.482918
5.836684,-96.482918
5.856652,-96.482918
5.876628,-96.482918
5.896618,-96.482918
5.916588,-96.482918
5.936558,-96.482918
5.956537,-96.482918
5.976553,-96.482918
5.996527,-96.482918
6.016489,-96.482918
6.036476,-96.482918
6.056422,-96.482918
6.076483,-96.482918
6.096412,-96.482918
6.116371,-96.482918
6.136382,-96.482918
6.156416,-96.482918
6.176335,-96.482918
6.196895,-96.482918
6.216311,-96.482918
6.236325,-96.482918
6.256236,-96.482918
6.276281,-96.482918
6.296256,-96.482918
6.316179,-96.482918
6.337121,-96.482918
6.356189,-96.482918
6.376170,-96.482918
6.396090,-96.482918
6.417037,-96.482918
6.437038,-96.482918
6.456996,-96.482918
6.476988,-96.482918
6.496991,-96.482918
6.516963,-96.482918
6.536985,-96.482918
6.556949,-96.482918
6.576986,-96.482918
6.596845,-96.482918
6.616830,-96.482918
6.636827,-96.482918
6.656815,-96.482918
6.676784,-96.482918
6.696804,-96.482918
6.716750,-96.482918
6.736733,-96.482918
6.756703,-96.482918
6.776746,-96.482918
6.796695,-96.482918
6.816687,-96.482918
6.836677,-96.482918
6.856654,-96.482918
6.876614,-96.482918
6.896598,-96.482918
6.916600,-96.482918
6.936561,-96.482918
6.956536,-96.482918
6.976542,-96.482918
6.996542,-96.482918
7.016521,-96.482918
7.036451,-96.482918
7.056434,-96.482918
7.076702,-96.482918
7.096443,-96.482918
7.116395,-96.482918
7.136340,-96.482918
7.156478,-96.482918
7.176384,-96.482918
7.196285,-96.482918
7.216265,-96.482918
7.236259,-96.482918
7.256249,-96.482918
7.276714,-96.482918
7.296205,-96.482918
7.316267,-96.482918
7.336128,-96.482918
7.356124,-96.482918
7.376173,-96.482918
7.396137,-96.482918
7.417165,-96.482918
7.436038,-96.482918
7.456033,-96.482918
7.477017,-96.482918
7.497014,-96.482918
7.516953,-96.482918
7.537031,-96.482918
7.556975,-96.482918
7.577022,-96.482919
7.596947,-96.482919
7.617009,-96.482919
7.636885,-96.482919
7.656868,-96.482919
7.676819,-96.482919
7.696797,-96.482919
7.716808,-96.482919
7.736755,-96.482919
7.756721,-96.482919
7.776732,-96.482920
7.796803,-96.482920
7.816693,-96.482920
7.836831,-96.482920
7.856710,-96.482920
7.876678,-96.482920
7.896641,-96.482920
7.916615,-96.482920
7.936613,-96.482920
7.956623,-96.482920
7.976599,-96.482921
7.996617,-96.482921
8.016536,-96.482921
8.036527,-96.482921
8.056533,-96.482921
8.076536,-96.482921
8.096446,-96.482921
8.116549,-96.482921
8.136474,-96.482921
8.156428,-96.482921
8.176394,-96.482921
8.196370,-96.482923
8.216366,-96.482923
8.236313,-96.482923
8.256607,-96.482923
8.276425,-96.482923
8.296305,-96.482923
8.316257,-96.482923
8.336298,-96.482923
8.356250,-96.482923
8.376352,-96.482924
8.396224,-96.482924
8.416218,-96.482924
8.436167,-96.482924
8.456297,-96.482924
8.476159,-96.482924
8.497065,-96.482924
8.516107,-96.482924
8.537035,-96.482924
8.557050,-96.482924
8.577513,-96.482927
8.597000,-96.482927
8.616978,-96.482927
8.636953,-96.482927
8.656948,-96.482927
8.676957,-96.482927
8.696955,-96.482927
8.716965,-96.482927
8.736872,-96.482927
8.756881,-96.482927
8.776863,-96.482929
8.796829,-96.482929
8.816837,-96.482929
8.836815,-96.482929
8.856814,-96.482929
8.876782,-96.482929
8.896759,-96.482929
8.916759,-96.482929
8.936764,-96.482929
8.956697,-96.482929
8.976731,-96.482932
8.996765,-96.482932
9.016674,-96.482932
9.036657,-96.482932
9.056627,-96.482932
9.076664,-96.482932
9.096629,-96.482932
9.116602,-96.482932
9.136586,-96.482932
9.156611,-96.482932
9.176809,-96.482932
9.196569,-96.482935
9.216516,-96.482935
9.236519,-96.482935
9.256506,-96.482935
9.276487,-96.482935
9.296434,-96.482935
9.316519,-96.482935
9.336477,-96.482935
9.356367,-96.482935
9.376383,-96.482939
9.396363,-96.482939
9.416327,-96.482939
9.436377,-96.482939
9.456331,-96.482939
9.476279,-96.482939
9.496301,-96.482939
9.516223,-96.482939
9.536205,-96.482939
9.556162,-96.482939
9.577113,-96.482942
9.596401,-96.482942
9.617065,-96.482942
9.637061,-96.482942
9.657051,-96.482942
9.677007,-96.482942
9.696983,-96.482942
9.716988,-96.482942
9.736962,-96.482942
9.756983,-96.482942
9.776955,-96.482946
9.796949,-96.482946
9.816881,-96.482946
9.836907,-96.482946
9.856880,-96.482946
9.876870,-96.482946
9.896821,-96.482946
9.916823,-96.482946
9.936775,-96.482946
9.956809,-96.482946
9.976725,-96.482950
9.996738,-96.482950
10.016710,-96.482950
10.036724,-96.482950
10.056678,-96.482950
10.076662,-96.482950
10.096601,-96.482950
10.116598,-96.482950
10.136604,-96.482950
10.156629,-96.482950
10.176747,-96.482950
10.196573,-96.482954
10.216832,-96.482954
10.236560,-96.482954
10.256493,-96.482954
10.276587,-96.482954
10.296673,-96.482954
10.316472,-96.482954
10.336895,-96.482954
10.356600,-96.482954
10.376499,-96.482958
10.396436,-96.482958
10.416409,-96.482958
10.436354,-96.482958
10.456383,-96.482958
10.476348,-96.482958
10.496304,-96.482958
10.516372,-96.482958
10.536261,-96.482958
10.556244,-96.482958
10.576225,-96.482962
10.596210,-96.482962
10.616256,-96.482962
10.636151,-96.482962
10.657095,-96.482962
10.676165,-96.482962
10.697083,-96.482962
10.717058,-96.482962
10.737013,-96.482962
10.757006,-96.482962
10.777002,-96.482966
10.796983,-96.482966
10.816993,-96.482966
10.836972,-96.482966
10.856961,-96.482966
10.876960,-96.482966
10.896977,-96.482966
10.916877,-96.482966
10.936847,-96.482966
10.956836,-96.482966
10.976834,-96.482971
10.996803,-96.482971
11.016766,-96.482971
11.036766,-96.482971
11.056730,-96.482971
11.076750,-96.482971
11.096759,-96.482971
11.116697,-96.482971
11.136731,-96.482971
11.156780,-96.482971
11.176656,-96.482971
11.196621,-96.482975
11.216604,-96.482975
11.236558,-96.482975
11.256536,-96.482975
11.276588,-96.482975
11.296519,-96.482975
11.316510,-96.482975
11.336484,-96.482975
11.356462,-96.482975
11.376511,-96.482979
11.396451,-96.482979
11.416567,-96.482979
11.436409,-96.482979
11.456417,-96.482979
11.476383,-96.482979
11.496411,-96.482979
11.516341,-96.482979
11.536373,-96.482979
11.556305,-96.482979
11.576363,-96.482984
11.596276,-96.482984
11.616273,-96.482984
11.636627,-96.482984
11.656181,-96.482984
11.676197,-96.482984
11.696142,-96.482984
11.716101,-96.482984
11.737065,-96.482984
11.757047,-96.482984
11.777036,-96.482988
11.797022,-96.482988
11.817050,-96.482988
11.836982,-96.482988
11.856991,-96.482988
11.876971,-96.482988
11.896980,-96.482988
11.916982,-96.482988
11.936952,-96.482988
11.956968,-96.482988
11.976958,-96.482993
11.996892,-96.482993
12.016846,-96.482993
12.036876,-96.482993
12.056830,-96.482993
12.076804,-96.482993
12.096794,-96.482993
12.116784,-96.482993
12.136777,-96.482993
12.156748,-96.482993
12.176735,-96.482993
12.196697,-96.482999
12.216688,-96.482999
12.236629,-96.482999
12.256644,-96.482999
12.276619,-96.482999
12.296665,-96.482999
12.316592,-96.482999
12.336616,-96.482999
12.356570,-96.482999
12.376531,-96.483004
12.396590,-96.483004
12.416519,-96.483004
12.436558,-96.483004
12.456558,-96.483004
12.476556,-96.483004
12.496562,-96.483004
12.516543,-96.483004
12.536635,-96.483004
12.556413,-96.483004
12.576374,-96.483010
12.596542,-96.483010
12.616354,-96.483010
12.636290,-96.483010
12.656314,-96.483010
12.676295,-96.483010
12.696314,-96.483010
12.716484,-96.483010
12.736241,-96.483010
12.756282,-96.483010
12.776276,-96.483017
12.796233,-96.483017
12.816113,-96.483017
12.836113,-96.483017
12.856115,-96.483017
12.877033,-96.483017
12.897033,-96.483017
12.917031,-96.483017
12.936979,-96.483017
12.957001,-96.483017
12.976972,-96.483017
12.996945,-96.483023
13.016976,-96.483023
13.036981,-96.483023
13.056995,-96.483023
13.076911,-96.483023
13.096880,-96.483023
13.116869,-96.483023
13.136858,-96.483023
13.156827,-96.483023
13.176838,-96.483023
13.196807,-96.483023
13.216756,-96.483030
13.236760,-96.483030
13.256722,-96.483030
13.276709,-96.483030
13.296717,-96.483030
13.316674,-96.483030
13.336703,-96.483030
13.356649,-96.483030
13.376673,-96.483037
13.396721,-96.483037
13.416604,-96.483037
13.436606,-96.483037
13.456587,-96.483037
13.476565,-96.483037
13.496569,-96.483037
13.516516,-96.483037
13.536531,-96.483037
13.556561,-96.483037
13.576506,-96.483044
13.596503,-96.483044
13.616473,-96.483044
13.636450,-96.483044
13.656433,-96.483044
13.676417,-96.483044
13.696403,-96.483044
13.716624,-96.483044
13.736423,-96.483044
13.756332,-96.483044
13.776360,-96.483052
13.796314,-96.483052
13.816366,-96.483052
13.836301,-96.483052
13.856330,-96.483052
13.876261,-96.483052
13.896222,-96.483052
13.916157,-96.483052
13.936220,-96.483052
13.957136,-96.483052
13.977103,-96.483059
13.996126,-96.483059
14.017057,-96.483059
14.037061,-96.483059
14.057067,-96.483059
14.077019,-96.483059
14.096997,-96.483059
14.117004,-96.483059
14.136974,-96.483059
14.156954,-96.483059
14.176978,-96.483059
14.196974,-96.483067
14.216953,-96.483067
14.236891,-96.483067
14.256864,-96.483067
14.276822,-96.483067
14.296809,-96.483067
14.316806,-96.483067
14.336795,-96.483067
14.356770,-96.483067
14.376769,-96.483075
14.396786,-96.483075
14.416703,-96.483075
14.436693,-96.483075
14.456702,-96.483075
14.476740,-96.483075
14.496654,-96.483075
14.516692,-96.483075
14.536640,-96.483075
14.556600,-96.483075
14.576716,-96.483083
14.596560,-96.483083
14.616586,-96.483083
14.636519,-96.483083
14.656506,-96.483083
14.676520,-96.483083
14.696531,-96.483083
14.716458,-96.483083
14.736390,-96.483083
14.756439,-96.483083
14.776456,-96.483092
14.796348,-96.483092
14.816328,-96.483092
14.836823,-96.483092
14.856314,-96.483092
14.876296,-96.483092
14.896259,-96.483092
14.916296,-96.483092
14.936275,-96.483092
14.956194,-96.483092
14.977128,-96.483100
14.996164,-96.483100
15.017056,-96.483100
15.037046,-96.483100
15.057039,-96.483100
15.077075,-96.483100
15.096979,-96.483100
15.116982,-96.483100
15.136978,-96.483100
15.157009,-96.483100
15.176974,-96.483100
15.196951,-96.483109
15.216879,-96.483109
15.236846,-96.483109
15.256913,-96.483109
15.276823,-96.483109
15.296827,-96.483109
15.316818,-96.483109
15.336793,-96.483109
15.356828,-96.483109
15.376766,-96.483118
15.396737,-96.483118
15.416703,-96.483118
15.436698,-96.483118
15.456675,-96.483118
15.476694,-96.483118
15.496633,-96.483118
15.516604,-96.483118
15.536595,-96.483118
15.556668,-96.483118
15.576576,-96.483127
15.596579,-96.483127
15.616571,-96.483127
15.636585,-96.483127
15.656538,-96.483127
15.676530,-96.483127
15.696563,-96.483127
15.716431,-96.483127
15.736448,-96.483127
15.756443,-96.483127
15.776446,-96.483136
15.796439,-96.483136
15.816386,-96.483136
15.836366,-96.483136
15.856364,-96.483136
15.876403,-96.483136
15.896506,-96.483136
15.916272,-96.483136
15.936308,-96.483136
15.956304,-96.483136
15.976246,-96.483136
15.996240,-96.483146
16.016181,-96.483146
16.036164,-96.483146
16.057173,-96.483146
16.076159,-96.483146
16.096154,-96.483146
16.116110,-96.483146
16.137108,-96.483146
16.157056,-96.483146
16.177042,-96.483146
16.197031,-96.483155
16.217010,-96.483155
16.236976,-96.483155
16.256988,-96.483155
16.277002,-96.483155
16.296952,-96.483155
16.316966,-96.483155
16.336951,-96.483155
16.356881,-96.483155
16.376898,-96.483165
16.396847,-96.483165
16.416842,-96.483165
16.436826,-96.483165
16.456787,-96.483165
16.476811,-96.483165
16.496814,-96.483165
16.516730,-96.483165
16.536893,-96.483165
16.556705,-96.483165
16.576682,-96.483174
16.596742,-96.483174
16.616826,-96.483174
16.636662,-96.483174
16.656614,-96.483174
16.676602,-96.483174
16.696683,-96.483174
16.716562,-96.483174
16.736552,-96.483174
16.756507,-96.483174
16.776512,-96.483184
16.796501,-96.483184
16.816535,-96.483184
16.836507,-96.483184
16.856451,-96.483184
16.876391,-96.483184
16.896412,-96.483184
16.916404,-96.483184
16.936370,-96.483184
16.956447,-96.483184
16.976341,-96.483194
16.996306,-96.483194
17.016280,-96.483194
17.036297,-96.483194
17.056271,-96.483194
17.077188,-96.483194
17.096205,-96.483194
17.117194,-96.483194
17.137131,-96.483194
17.156170,-96.483194
17.177127,-96.483194
17.197071,-96.483204
17.217074,-96.483204
17.237075,-96.483204
17.257068,-96.483204
17.277070,-96.483204
17.297021,-96.483204
17.317022,-96.483204
17.337091,-96.483204
17.356979,-96.483204
17.376960,-96.483214
17.396978,-96.483214
17.416983,-96.483214
17.436875,-96.483214
17.456981,-96.483214
17.476869,-96.483214
17.496869,-96.483214
17.516834,-96.483214
17.536811,-96.483214
17.556788,-96.483214
17.576886,-96.483224
17.596860,-96.483224
17.616744,-96.483224
17.636728,-96.483224
17.656836,-96.483224
17.676674,-96.483224
17.696698,-96.483224
17.716708,-96.483224
17.736685,-96.483224
17.756680,-96.483224
17.776617,-96.483235
17.796626,-96.483235
17.816528,-96.483235
17.836551,-96.483235
17.856540,-96.483235
17.876551,-96.483235
17.896530,-96.483235
17.916518,-96.483235
17.936505,-96.483235
17.956523,-96.483235
17.976441,-96.483245
17.996482,-96.483245
18.016406,-96.483245
18.036405,-96.483245
18.056308,-96.483245
18.076319,-96.483245
18.096241,-96.483245
18.116286,-96.483245
18.136342,-96.483245
18.156199,-96.483245
18.176257,-96.483245
18.197187,-96.483256
18.216206,-96.483256
18.237163,-96.483256
18.257097,-96.483256
18.277075,-96.483256
18.297024,-96.483256
18.317082,-96.483256
18.337057,-96.483256
18.357070,-96.483256
18.377041,-96.483266
18.396986,-96.483266
18.416971,-96.483266
18.436985,-96.483266
18.456951,-96.483266
18.476994,-96.483266
18.497001,-96.483266
18.516926,-96.483266
18.536935,-96.483266
18.556876,-96.483266
18.576851,-96.483277
18.596819,-96.483277
18.616857,-96.483277
18.636744,-96.483277
18.656731,-96.483277
18.676742,-96.483277
18.696691,-96.483277
18.716707,-96.483277
18.736709,-96.483277
18.756678,-96.483277
18.776610,-96.483287
18.796579,-96.483287
18.816580,-96.483287
18.836642,-96.483287
18.856561,-96.483287
18.876656,-96.483287
18.896535,-96.483287
18.916514,-96.483287
18.936578,-96.483287
18.956497,-96.483287
18.976493,-96.483297
18.996476,-96.483297
19.016485,-96.483297
19.036530,-96.483297
19.056499,-96.483297
19.076421,-96.483297
19.096399,-96.483297
19.116392,-96.483297
19.136378,-96.483297
19.156401,-96.483297
19.176386,-96.483297
19.196348,-96.483306
19.216315,-96.483306
19.236303,-96.483306
19.256256,-96.483306
19.277218,-96.483306
19.296222,-96.483306
19.316218,-96.483306
19.337121,-96.483306
19.357121,-96.483306
19.377097,-96.483315
19.397130,-96.483315
19.417089,-96.483315
19.437071,-96.483315
19.457051,-96.483315
19.476990,-96.483315
19.496984,-96.483315
19.517003,-96.483315
19.537005,-96.483315
19.556973,-96.483315
19.576991,-96.483323
19.596909,-96.483323
19.616967,-96.483323
19.636850,-96.483323
19.656876,-96.483323
19.677068,-96.483323
19.696781,-96.483323
19.716716,-96.483323
19.736757,-96.483323
19.756703,-96.483323
19.776697,-96.483331
19.796695,-96.483331
19.816722,-96.483331
19.836645,-96.483331
19.856656,-96.483331
19.876601,-96.483331
19.896609,-96.483331
19.916616,-96.483331
19.936666,-96.483331
19.956602,-96.483331
19.976538,-96.483338
19.996498,-96.483338
20.016549,-96.483338
20.036494,-96.483338
20.056596,-96.483338
20.076529,-96.483338
20.096517,-96.483338
20.116555,-96.483338
20.136457,-96.483338
20.156435,-96.483338
20.176423,-96.483338
20.196397,-96.483338
20.216372,-96.483344
20.236388,-96.483344
20.256334,-96.483344
20.276322,-96.483344
20.296353,-96.483344
20.316288,-96.483344
20.336335,-96.483344
20.357179,-96.483344
20.376275,-96.483349
20.397120,-96.483349
20.417097,-96.483349
20.437084,-96.483349
20.457109,-96.483349
20.477109,-96.483349
20.497010,-96.483349
20.517001,-96.483349
20.537051,-96.483349
20.557019,-96.483349
20.576953,-96.483354
20.596968,-96.483354
20.616980,-96.483354
20.636943,-96.483354
20.656978,-96.483354
20.676861,-96.483354
20.696869,-96.483354
20.716852,-96.483354
20.736773,-96.483354
20.756788,-96.483354
20.776756,-96.483359
20.796723,-96.483359
20.816750,-96.483359
20.836713,-96.483359
20.856754,-96.483359
20.876716,-96.483359
20.896684,-96.483359
20.916627,-96.483359
20.936683,-96.483359
20.956620,-96.483359
20.976663,-96.483362
20.996596,-96.483362
21.016616,-96.483362
21.036541,-96.483362
21.056563,-96.483362
21.076530,-96.483362
21.096528,-96.483362
21.116494,-96.483362
21.136487,-96.483362
21.156503,-96.483362
21.176457,-96.483362
21.196420,-96.483365
21.216451,-96.483365
21.236650,-96.483365
21.256399,-96.483365
21.276358,-96.483365
21.296317,-96.483365
21.316356,-96.483365
21.336358,-96.483365
21.356398,-96.483365
21.376354,-96.483367
21.396310,-96.483367
21.416313,-96.483367
21.437313,-96.483367
21.456246,-96.483367
21.477153,-96.483367
21.497149,-96.483367
21.517130,-96.483367
21.537099,-96.483367
21.557074,-96.483367
21.577080,-96.483369
21.597096,-96.483369
21.617120,-96.483369
21.636995,-96.483369
21.656941,-96.483369
21.676955,-96.483369
21.697005,-96.483369
21.716964,-96.483369
21.736975,-96.483369
21.756842,-96.483369
21.776852,-96.483371
21.796861,-96.483371
21.816876,-96.483371
21.836812,-96.483371
21.856837,-96.483371
21.876788,-96.483371
21.896761,-96.483371
21.916731,-96.483371
21.936862,-96.483371
21.956717,-96.483371
21.976706,-96.483372
21.996658,-96.483372
22.016673,-96.483372
22.036680,-96.483372
22.056675,-96.483372
22.076629,-96.483372
22.096608,-96.483372
22.116618,-96.483372
22.136643,-96.483372
22.156606,-96.483372
22.176616,-96.483372
22.196584,-96.483373
22.216559,-96.483373
22.236515,-96.483373
22.256529,-96.483373
22.276576,-96.483373
22.296599,-96.483373
22.316498,-96.483373
22.336546,-96.483373
22.356436,-96.483373
22.376436,-96.483374
22.396417,-96.483374
22.416502,-96.483374
22.436439,-96.483374
22.456383,-96.483374
22.476375,-96.483374
22.496305,-96.483374
22.516389,-96.483374
22.536300,-96.483374
22.556266,-96.483374
22.576383,-96.483375
22.596228,-96.483375
22.617158,-96.483375
22.637124,-96.483375
22.657175,-96.483375
22.677104,-96.483375
22.697057,-96.483375
22.717096,-96.483375
22.737028,-96.483375
22.757005,-96.483375
22.776999,-96.483375
22.796992,-96.483375
22.817024,-96.483375
22.836953,-96.483375
22.856947,-96.483375
22.876952,-96.483375
22.896942,-96.483375
22.916948,-96.483375
22.936932,-96.483375
22.956857,-96.483375
22.976864,-96.483375
22.996850,-96.483375
23.016792,-96.483375
23.036774,-96.483375
23.056759,-96.483375
23.076746,-96.483375
23.096763,-96.483375
23.116797,-96.483375
23.136683,-96.483375
23.156709,-96.483375
23.176664,-96.483375
23.196663,-96.483375
23.216616,-96.483375
23.236625,-96.483375
23.256588,-96.483375
23.276579,-96.483375
23.296541,-96.483375
23.316569,-96.483375
23.336531,-96.483375
23.356623,-96.483375
23.376744,-96.483375
23.396491,-96.483375
23.416453,-96.483375
23.436560,-96.483375
23.456504,-96.483375
23.476477,-96.483375
23.496372,-96.483375
23.516410,-96.483375
23.536391,-96.483375
23.556402,-96.483375
23.576366,-96.483375
23.596392,-96.483375
23.616426,-96.483375
23.636294,-96.483375
23.656345,-96.483375
23.676281,-96.483375
23.696252,-96.483375
23.716259,-96.483375
23.737239,-96.483375
23.757217,-96.483375
23.777093,-96.483375
23.797139,-96.483375
23.817099,-96.483375
23.837246,-96.483375
23.857124,-96.483375
23.877122,-96.483375
23.897099,-96.483375
23.917042,-96.483375
23.937063,-96.483375
23.956997,-96.483375
23.976958,-96.483375
23.997009,-96.483375
24.016984,-96.483375
