0.183148,-11.483993
0.203230,-7.695218
0.223340,-10.919157
0.243359,-11.623925
0.263384,-8.399162
0.283365,-6.761935
0.303386,-10.659420
0.323483,-11.720424
0.343455,-10.899400
0.363315,-9.281421
0.383230,-8.446252
0.403558,-9.646720
0.423353,-9.130972
0.443336,-7.941937
0.463204,-8.534631
0.483398,-13.086517
0.503174,-11.641685
0.523348,-7.750011
0.543144,-9.932545
0.563056,-11.455471
0.583113,-8.501650
0.603133,-6.937833
0.623203,-11.457111
0.643191,-12.382818
0.663203,-8.323244
0.683096,-8.418730
0.703025,-10.520079
0.723026,-9.692890
0.743126,-6.994534
0.763107,-10.411503
0.783230,-11.860826
0.803128,-10.859040
0.823113,-10.172260
0.843152,-8.132689
0.863150,-9.940791
0.883223,-9.691631
0.903015,-8.406528
0.922916,-8.920856
0.943072,-13.425256
0.962858,-12.871224
0.982980,-9.178651
1.003019,-8.710244
1.022983,-10.114351
1.043018,-9.743136
1.062909,-10.255198
1.083100,-9.946528
1.102996,-9.601294
1.123035,-11.855537
1.143090,-8.678170
1.162857,-6.371694
1.182961,-8.150629
1.202952,-10.700635
1.224127,-10.737014
1.243055,-8.030916
1.262915,-11.783001
1.282891,-12.727792
1.303160,-9.298294
1.323865,-8.324448
1.342976,-9.435375
1.362969,-9.733199
1.382766,-8.161111
1.403076,-10.823504
1.423747,-10.585938
1.443758,-10.072538
1.464679,-8.852198
1.484367,-8.199850
1.504387,-10.900220
1.523877,-10.707731
1.543621,-8.687895
1.563504,-7.573702
1.583764,-10.493499
1.603702,-11.178858
1.623770,-5.613669
1.644397,-8.479271
1.664999,-9.833920
1.683902,-11.650263
1.703702,-9.995901
1.723809,-10.416145
1.743567,-7.705136
1.764008,-10.797662
1.783726,-10.639771
1.803552,-5.530615
1.823585,-8.121475
1.843583,-11.488995
1.863649,-10.286667
1.883686,-7.684536
1.903900,-12.371356
1.923555,-12.191454
1.943732,-6.857411
1.963623,-9.336515
1.983435,-10.754356
2.003441,-9.494526
2.023407,-7.705066
2.043538,-13.087276
2.063406,-12.089585
2.083469,-7.535931
2.103522,-8.304704
2.123416,-10.013672
2.143293,-11.783081
2.163272,-10.416697
2.183392,-10.777130
2.203277,-9.914774
2.223349,-11.607931
2.243901,-10.463049
2.264184,-6.884486
2.284078,-9.058823
2.304611,-11.522560
2.323560,-11.440767
2.343384,-9.152942
2.363594,-10.541821
2.383452,-10.662411
2.403791,-9.947160
2.423727,-8.385663
2.443387,-8.881067
2.463595,-11.075560
2.483330,-10.182601
2.504002,-10.855846
2.523512,-9.058569
2.543851,-10.203962
2.563321,-8.227406
2.583430,-7.422787
2.603863,-10.791918
2.623355,-10.480333
2.643290,-9.874561
2.663266,-9.047623
2.683442,-11.001379
2.703218,-9.313566
2.723320,-6.041301
2.743805,-9.985458
2.763772,-11.804029
2.783367,-10.491899
2.803660,-7.859218
2.823182,-10.197867
2.843312,-10.247200
2.863333,-7.725254
2.883225,-9.057078
2.903460,-10.407639
2.923177,-11.888208
2.943091,-9.673127
2.963166,-8.540529
2.983044,-9.189934
3.003507,-9.672676
3.023222,-9.367165
3.043425,-7.816671
3.063147,-10.916528
3.083261,-11.574098
3.103170,-10.098778
3.123023,-8.299746
3.143365,-11.776030
3.163057,-10.032630
3.183574,-6.423921
3.203274,-10.043134
3.223555,-12.073479
3.244133,-10.675771
3.263546,-8.015844
3.284182,-10.860657
3.303779,-10.316765
3.323878,-7.226703
3.344066,-8.879725
3.363680,-11.315209
3.383785,-11.230901
3.403791,-9.176200
3.423908,-8.332813
3.443728,-8.625863
3.463652,-10.346483
3.483709,-9.581449
3.504022,-6.526277
3.523665,-11.810197
3.543733,-12.709490
3.563498,-10.104952
3.583696,-8.106536
3.603632,-10.914665
3.623579,-10.169401
3.643872,-6.612175
3.663636,-10.857939
3.683738,-11.756058
3.703557,-9.805521
3.723621,-8.158867
3.743711,-10.330227
3.763416,-11.056922
3.783504,-7.468706
3.803500,-9.435633
3.823594,-11.388111
3.843553,-12.144007
3.863770,-9.042219
3.883442,-10.035433
3.903437,-8.320866
3.923582,-11.149128
3.943766,-10.529021
3.963379,-8.251056
3.983446,-11.941742
4.003536,-13.012552
4.024232,-8.747131
4.044315,-7.112744
4.064114,-10.948814
4.083445,-10.399915
4.103388,-6.910223
4.123349,-9.923482
4.143553,-12.191917
4.163239,-9.886227
4.183324,-6.453094
4.203320,-8.632259
4.223387,-10.216667
4.243433,-9.156288
4.263178,-11.229902
4.283395,-9.059037
4.303224,-11.785324
4.323234,-11.445093
4.343238,-8.876444
4.363112,-6.152658
4.383148,-10.340127
4.403132,-11.521787
4.423256,-8.602815
4.443441,-10.117524
4.463266,-11.116563
4.483057,-12.177614
4.503151,-9.996526
4.523013,-7.681353
4.543222,-6.523200
4.563074,-10.425544
4.583103,-11.103539
4.603154,-7.496521
4.623138,-10.808368
4.643012,-10.921760
4.662951,-11.371827
4.683007,-9.098941
4.703260,-8.956966
4.723066,-7.352084
4.742989,-11.166479
4.762979,-11.476773
4.783561,-7.879699
4.803077,-10.767219
4.822953,-13.008020
4.842988,-9.709859
4.862993,-7.709658
4.882833,-10.569116
4.902904,-10.783704
4.922974,-7.136401
4.943036,-11.981574
4.964344,-11.670964
4.982952,-9.825294
5.002725,-7.443675
5.023775,-10.064679
5.043644,-10.349541
5.063649,-7.723194
5.083714,-9.742772
5.103729,-11.738984
5.122808,-10.668085
5.143708,-8.508699
5.163815,-8.468294
5.183997,-10.438107
5.203756,-11.672336
5.223948,-10.810183
5.243804,-9.297300
5.263801,-12.244118
5.284120,-11.162902
5.303908,-7.625007
5.324451,-6.685291
5.344147,-11.280308
5.364014,-11.702776
5.384117,-8.105978
5.403752,-10.137093
5.423906,-11.479074
5.443890,-9.321905
5.463748,-6.885185
5.484038,-9.258473
5.503829,-10.930822
5.523852,-10.133209
5.543783,-10.235992
5.563868,-8.662296
5.583707,-10.576647
5.603821,-8.501626
5.623771,-6.796830
5.643653,-8.854162
5.663946,-11.209847
5.683619,-11.742991
5.703853,-8.071251
5.723951,-10.941608
5.743692,-11.099905
5.763670,-7.447897
5.784141,-5.837284
5.804763,-9.554319
5.824289,-10.732986
5.843555,-10.100533
5.863322,-10.237287
5.883504,-8.890127
5.903511,-10.441636
5.923350,-9.764017
5.943371,-7.826030
5.963327,-7.598022
5.983386,-10.896770
6.003274,-13.049105
6.023334,-7.722016
6.044180,-11.398931
6.064212,-11.633291
6.083251,-7.743169
6.103145,-7.250428
6.123864,-11.132595
6.144151,-11.220907
6.164028,-7.557988
6.183849,-9.859898
6.203953,-12.093353
6.223823,-8.824905
6.243696,-6.771139
6.264554,-9.558395
6.284548,-11.955730
6.303842,-8.911416
6.323768,-9.967494
6.343721,-7.752637
6.363891,-10.304460
6.384120,-10.045187
6.403731,-7.792921
6.423931,-8.098815
6.443482,-13.116674
6.463717,-12.120566
6.483462,-7.623544
6.503577,-8.917287
6.523559,-9.948349
6.545816,-8.048882
6.563630,-6.684753
6.583645,-9.348845
6.603634,-10.190573
6.623382,-10.652279
6.643319,-8.819798
6.665037,-8.879545
6.683583,-9.838886
6.704372,-8.060922
6.723515,-7.862110
6.743565,-10.042143
6.765033,-12.813668
6.784921,-12.745244
6.804944,-8.186326
6.824953,-10.186411
6.844339,-10.670194
6.864565,-8.254346
6.884434,-6.976327
6.904488,-10.462543
6.924429,-12.552427
6.944714,-8.587047
6.964454,-9.904970
6.984470,-10.906071
7.005043,-9.791372
7.024563,-7.236397
7.044442,-9.839245
7.064812,-12.546644
7.084505,-11.304279
7.104244,-10.651903
7.124172,-8.736904
7.144330,-10.171790
7.165308,-9.922698
7.184937,-8.681121
7.204131,-7.577209
7.224208,-12.227836
7.244086,-11.966023
7.265035,-8.227109
7.284021,-8.292033
7.304302,-9.287619
7.324472,-9.852253
7.344219,-8.954754
7.364933,-9.142292
7.384109,-9.557701
7.405390,-12.220652
7.424135,-11.203961
7.444100,-6.412078
7.464139,-8.823516
7.484136,-10.556637
7.504168,-9.627905
7.524269,-8.581122
7.544814,-9.921110
7.564250,-12.014093
7.584246,-10.165972
7.604216,-8.657455
7.624378,-6.685593
7.644157,-9.379648
7.664056,-10.333620
7.684129,-8.126829
7.704071,-8.831859
7.723876,-12.311209
7.743944,-12.093323
7.763830,-7.411296
7.784181,-7.559422
7.804400,-8.726287
7.824081,-10.564386
7.843895,-9.025716
7.863958,-9.261627
7.883953,-10.019088
7.904909,-12.647324
7.923715,-12.446506
7.944479,-7.605262
7.964290,-8.694941
7.983933,-10.202085
8.004030,-9.897608
8.023700,-8.196940
8.043674,-11.464191
8.064099,-12.575969
8.083533,-8.814335
8.104133,-8.047832
8.124014,-8.852486
8.143648,-10.765188
8.163783,-9.772328
8.183594,-9.243632
8.203806,-10.648332
8.223949,-12.244182
8.243647,-12.171292
8.263499,-6.904227
8.283433,-8.305536
8.304237,-10.163327
8.323440,-11.065826
8.343568,-9.999004
8.364740,-10.036449
8.383804,-9.228865
8.406994,-11.267797
8.423532,-10.539312
8.443582,-6.597927
8.464854,-8.296329
8.483366,-10.631027
8.503535,-10.269081
8.523820,-9.361293
8.543839,-9.867246
8.564690,-11.381947
8.584583,-9.580894
8.604739,-8.261103
8.624812,-7.641835
8.647691,-10.907731
8.665343,-10.212893
8.684644,-8.199401
8.704656,-10.349030
8.724776,-11.783028
8.744483,-10.011469
8.764348,-5.522877
8.784447,-9.998654
8.805014,-10.945719
8.827626,-8.263367
8.844527,-8.502449
8.864375,-10.818624
8.884298,-11.268744
8.904365,-8.663939
8.924337,-8.088614
8.944631,-8.910269
8.964341,-10.395267
8.984284,-10.717311
9.004352,-8.787341
9.024154,-9.344617
9.044297,-11.261823
9.064152,-10.479835
9.084319,-7.570928
9.104128,-8.169430
9.124451,-10.403049
9.144165,-11.976254
9.165457,-9.761865
9.184435,-10.092638
9.204066,-10.053057
9.224711,-11.555927
9.244107,-8.530458
9.264368,-7.401794
9.284628,-10.456926
9.305321,-11.136120
9.324142,-8.795275
9.344492,-9.406847
9.364150,-13.122883
9.384317,-12.621694
9.404952,-6.553901
9.423986,-9.012953
9.444094,-10.532881
9.464844,-11.281920
9.484378,-9.579140
9.504128,-9.911224
9.524035,-8.861895
9.544020,-11.990955
9.565185,-10.366947
9.585040,-7.444137
9.604846,-8.252081
9.623914,-12.463923
9.643993,-10.878244
9.663886,-8.799208
9.684088,-10.020096
9.704196,-11.286184
9.723807,-9.219956
9.743873,-8.474543
9.764523,-10.516179
9.784007,-11.696521
9.803712,-9.151164
9.824022,-9.967755
9.843913,-10.350389
9.863735,-9.681897
9.884671,-8.002845
9.903949,-7.895117
9.923759,-11.920676
9.943755,-10.630944
9.963958,-10.100973
9.983830,-7.650994
10.004173,-11.620384
10.023791,-9.663777
10.043568,-6.547975
10.063809,-8.217265
10.083932,-9.985297
10.103782,-12.093509
10.123446,-11.758686
10.143796,-9.999009
10.163678,-8.832540
10.184629,-11.257929
10.203445,-10.608523
10.223873,-7.462118
10.244440,-8.892366
10.270976,-11.445872
10.285070,-13.362157
10.304082,-9.648611
10.323299,-8.062419
10.344656,-7.274716
10.365037,-9.246743
10.385212,-8.803336
10.404330,-7.255298
10.424427,-9.585507
10.444542,-12.530164
10.464464,-12.181565
10.484345,-10.623170
10.504548,-8.967901
10.524209,-8.049244
10.544862,-10.535193
10.564378,-10.618524
10.585083,-6.429079
10.604528,-8.208911
10.624145,-12.157001
10.644258,-12.721822
10.664828,-9.172294
10.685506,-8.767497
10.704129,-8.462559
10.724736,-10.919877
10.744449,-9.892907
10.764190,-8.677767
10.785666,-10.067044
10.804775,-13.764346
10.824984,-12.233663
10.844112,-8.722222
10.864496,-8.161825
10.884292,-8.665797
10.904740,-9.975606
10.924625,-9.925637
10.944530,-7.465364
10.964091,-9.836695
10.984181,-12.799932
11.004730,-11.520596
11.024186,-9.794403
11.044033,-9.078201
11.064049,-6.527134
11.084007,-11.154656
11.103878,-11.706663
11.123927,-8.237865
11.144175,-9.064642
11.164698,-11.814796
11.184081,-11.399808
11.204152,-12.145960
11.224440,-8.446664
11.244006,-8.052265
11.263874,-10.497209
11.283833,-11.276848
11.303888,-7.998274
11.324139,-8.728352
11.344625,-11.954137
11.364712,-12.612282
11.384068,-8.192148
11.403909,-8.293299
11.423756,-8.169210
11.443906,-10.454921
11.463876,-8.647422
11.483830,-7.645985
11.504638,-9.680679
11.524567,-13.284875
11.543981,-10.634501
11.563973,-9.026441
11.583988,-10.420706
11.604152,-8.812479
11.623952,-9.320102
11.645299,-10.178487
11.664265,-8.630348
11.684165,-9.937688
11.703826,-11.999972
11.723859,-12.130143
11.743593,-10.149541
11.763669,-9.381297
11.783809,-7.879572
11.804164,-10.894336
11.823946,-11.429580
11.843760,-8.055092
11.863681,-9.079777
11.883523,-12.605762
11.903565,-11.885660
11.923533,-8.031222
11.943500,-8.304838
11.963473,-10.031706
11.983272,-10.077938
12.003395,-9.629417
12.023296,-8.587892
12.043400,-10.840087
12.063756,-13.558910
12.084255,-10.024807
12.103226,-8.103672
12.123511,-9.931576
12.144498,-9.822029
12.164693,-9.261443
12.184347,-10.311893
12.204435,-9.533000
12.224552,-10.778621
12.244173,-13.724025
12.264749,-11.287179
12.284664,-7.549322
12.304630,-10.311172
12.324440,-10.320649
12.344162,-9.965358
12.364164,-9.707677
12.384743,-8.741711
12.404333,-10.184129
12.424065,-11.764375
12.444319,-9.348314
12.464198,-6.873482
12.484162,-7.226151
12.504349,-8.684622
12.524773,-11.278779
12.544126,-10.918038
12.564269,-8.751025
12.584424,-9.439672
12.604591,-12.143910
12.623969,-10.033692
12.644091,-8.633226
12.663955,-8.561587
12.684140,-7.545146
12.704474,-10.447635
12.724243,-10.821248
12.744830,-9.001804
12.764543,-8.776854
12.784426,-11.183980
12.805006,-10.282245
12.824281,-7.070082
12.844008,-8.817055
12.864655,-8.180151
12.883827,-10.932318
12.904028,-11.407993
12.923844,-8.291108
12.943928,-8.643843
12.963872,-10.306059
12.983965,-10.917799
13.003893,-8.038390
13.023741,-7.850328
13.043742,-9.252469
13.063895,-11.253383
13.084317,-9.572908
13.104195,-9.247108
13.124096,-10.466681
13.143861,-11.216680
13.163718,-8.313431
13.183852,-5.746548
13.204502,-10.102047
13.223675,-11.971653
13.244212,-8.478326
13.263655,-9.116043
13.283942,-8.907627
13.303636,-10.571373
13.323783,-10.918327
13.343575,-9.444928
13.363564,-7.646646
13.383642,-11.926466
13.404601,-11.551826
13.424090,-8.496708
13.443664,-8.667464
13.463725,-12.692538
13.483504,-8.843309
13.504157,-6.610380
13.524220,-9.234700
13.544026,-10.400248
13.564137,-11.348579
13.584009,-11.366770
13.603395,-9.324405
13.623521,-10.751089
13.643834,-10.495861
13.663584,-9.424213
13.683527,-7.016290
13.703578,-8.865313
13.723543,-9.581154
13.743873,-11.943493
13.763670,-10.775528
13.783903,-8.380236
13.803456,-8.136087
13.824478,-10.186340
13.843484,-9.065676
13.864631,-9.202612
13.884454,-9.414079
13.903298,-8.921324
13.923524,-12.131131
13.943900,-11.317928
13.963337,-7.691940
13.984885,-9.092383
14.004428,-10.471605
14.024702,-9.394254
14.044690,-6.632932
14.064460,-9.584433
14.084265,-11.707666
14.104532,-10.618132
14.124474,-9.836071
14.144333,-9.040300
14.165149,-10.714168
14.184370,-9.088947
14.204455,-7.480651
14.224359,-6.804887
14.244441,-11.395914
14.264241,-12.429397
14.284964,-9.959463
14.304162,-9.354075
14.324035,-9.338271
14.344384,-10.389886
14.364398,-9.063712
14.384267,-6.916033
14.404354,-7.070216
14.424627,-12.003106
14.444051,-12.411187
14.465045,-7.747825
14.484345,-9.961730
14.504171,-9.500928
14.524062,-10.462965
14.544028,-6.573902
14.564355,-9.228920
14.584091,-10.837333
14.604143,-10.415896
14.624348,-9.294123
14.644364,-10.338701
14.664164,-10.053991
14.684053,-7.135369
14.705065,-8.440235
14.724117,-10.185954
14.743857,-10.033406
14.765026,-9.249768
14.784652,-9.624732
14.804087,-11.554398
14.823925,-9.334296
14.844103,-8.547399
14.864350,-7.766272
14.884169,-13.176877
14.905267,-12.514136
14.924477,-8.413497
14.944265,-9.001325
14.964958,-11.084740
14.984200,-9.250363
15.005417,-6.630448
15.024190,-10.289659
15.044070,-12.307225
15.063860,-8.865164
15.084396,-9.696385
15.111191,-10.262341
15.124143,-10.567683
15.144195,-8.105453
15.164292,-9.333286
15.183907,-10.272723
15.204265,-13.079597
15.223788,-10.033906
15.243930,-7.033733
15.264062,-9.311435
15.283882,-10.208765
15.304000,-8.151944
15.323747,-7.442020
15.344084,-12.838113
15.364453,-12.399321
15.384144,-8.525300
15.403939,-8.207417
15.423773,-10.117326
15.443767,-9.892303
15.467935,-7.322988
15.484221,-9.523685
15.504022,-9.390736
15.523890,-12.674487
15.543846,-11.182440
15.563941,-7.548589
15.583825,-8.345371
15.604991,-9.700761
15.624012,-9.996717
15.643558,-8.617348
15.663972,-10.119429
15.683821,-9.293692
15.705524,-12.747906
15.723801,-12.628302
15.743544,-7.521365
15.764517,-7.521608
15.783645,-9.615373
15.804435,-11.690225
15.825242,-11.192445
15.844436,-9.959781
15.864962,-9.293677
15.885479,-12.696488
15.904894,-12.185426
15.925331,-8.178244
15.944587,-9.463344
15.964785,-9.715827
15.984623,-11.210272
16.004375,-8.798341
16.024564,-10.159086
16.044471,-9.809945
16.064995,-12.697949
16.084804,-9.877496
16.104293,-5.939454
16.124519,-8.052383
16.144499,-11.203621
16.164861,-9.289392
16.184628,-8.421987
16.204097,-10.661007
16.224517,-10.892309
16.244201,-10.544367
16.265392,-10.864861
16.284235,-6.900218
16.304408,-8.252629
16.324240,-10.633728
16.344420,-11.532273
16.364212,-9.335544
16.384309,-11.887925
16.404361,-8.697724
16.424411,-11.520514
16.446184,-10.839594
16.464497,-6.648924
16.485480,-7.375631
16.505451,-10.414668
16.525141,-11.097840
16.544065,-9.479224
16.564064,-10.199200
16.584170,-9.429955
16.604496,-11.933731
16.624299,-11.575502
16.644181,-7.565868
16.665174,-8.793494
16.684183,-10.094667
16.704100,-11.812490
16.724541,-9.858217
16.744152,-10.477471
16.764359,-8.351539
16.784271,-11.908864
16.804510,-10.991990
16.824176,-6.743968
16.844244,-7.253370
16.863964,-9.756909
16.884118,-11.525563
16.903986,-9.574886
16.924759,-10.121308
16.944592,-9.256085
16.963866,-11.503201
16.984125,-11.941457
17.003986,-6.950980
17.023859,-8.906240
17.043706,-10.908551
17.064643,-10.833224
17.083997,-8.473554
17.103952,-10.399393
17.123791,-8.735300
17.144075,-11.048697
17.163877,-9.242527
17.183932,-6.877819
17.203753,-8.542898
17.224051,-11.783098
17.243910,-12.494905
17.264362,-10.387266
17.284125,-10.312334
17.304325,-9.162547
17.323815,-10.655423
17.343860,-9.907099
17.364730,-5.481346
17.383749,-8.645538
17.404498,-11.739128
17.423945,-11.394044
17.443801,-8.243006
17.463729,-11.748692
17.483637,-11.047737
17.503894,-7.894534
17.523817,-7.894300
17.543558,-10.222669
17.563829,-11.474461
17.584152,-8.391799
17.604758,-8.951135
17.623589,-9.305324
17.643714,-10.048105
17.663665,-10.551573
17.683512,-6.659419
17.704583,-8.895201
17.723398,-10.657328
17.743820,-12.291159
17.763567,-10.390197
17.784703,-10.390081
17.804723,-7.824504
17.824544,-10.229033
17.844417,-10.266575
17.864638,-6.476089
17.884743,-8.727919
17.905482,-11.181922
17.924667,-12.501751
17.944519,-10.921952
17.964859,-9.877983
17.984309,-7.480709
18.005186,-10.649612
18.024315,-11.845206
18.044354,-8.375436
18.064856,-9.374059
18.084494,-9.130179
18.104601,-12.510928
18.124395,-11.129113
18.144667,-10.407894
18.164579,-7.744938
18.184660,-10.372262
18.204800,-10.910925
18.224610,-6.791079
18.244403,-7.770513
18.264266,-10.113686
18.284879,-12.742058
18.304857,-10.923260
18.324267,-9.838081
18.344450,-8.343055
18.364587,-10.880052
18.385370,-11.098678
18.404530,-8.104280
18.424705,-8.073952
18.444210,-9.684672
18.466657,-12.378848
18.484181,-9.942984
18.504423,-10.398524
18.524007,-8.114671
18.544339,-10.663489
18.565599,-10.539120
18.584137,-7.125144
18.604057,-8.514050
18.624956,-11.044909
18.643986,-12.567942
18.664560,-10.254978
18.684294,-9.872354
18.704000,-9.279452
18.724373,-10.760079
18.743990,-10.124047
18.763980,-5.908137
18.784195,-10.079217
18.804511,-11.854335
18.824205,-10.987144
18.844151,-7.936137
18.864291,-11.261132
18.883985,-11.491966
18.904937,-7.374530
18.923997,-9.251313
18.944415,-10.410302
18.964096,-12.408214
18.984061,-10.418190
19.004311,-9.881536
19.024195,-8.345927
19.044089,-10.965976
19.064167,-10.520843
19.084073,-7.252085
19.104632,-9.841311
19.124057,-12.380119
19.143853,-11.865017
19.164433,-8.465938
19.184404,-9.290844
19.207995,-9.914507
19.223802,-9.024738
19.243854,-9.354471
19.264433,-7.991882
19.284624,-11.803666
19.303911,-11.210993
19.323896,-9.004664
19.343707,-6.026737
19.363895,-9.846110
19.384779,-10.638678
19.404070,-8.446102
19.423784,-10.186840
19.443930,-11.847617
19.463863,-12.176121
19.483584,-9.341314
19.503826,-8.735601
19.523909,-10.840593
19.543844,-8.665752
19.563681,-8.619744
19.584239,-8.749063
19.604348,-12.392117
19.623467,-10.615707
19.643520,-8.461397
19.663954,-8.741003
19.684796,-11.534819
19.704544,-10.555403
19.723544,-7.495328
19.744911,-10.316008
19.763482,-11.722506
19.784700,-10.764502
19.804510,-8.856476
19.825312,-8.697849
19.844383,-6.884364
19.864810,-10.984724
19.884670,-12.269058
19.905452,-8.742743
19.924430,-10.426975
19.944452,-9.727380
19.964221,-12.391908
19.984287,-10.112697
20.004283,-8.009772
20.024514,-6.900392
20.044311,-10.668061
20.064660,-11.335234
20.084353,-7.870511
20.104402,-10.309093
20.124861,-12.698341
20.144409,-12.440540
20.164215,-9.139542
20.184361,-8.283125
20.204043,-8.984028
20.224071,-10.082105
20.244651,-10.132637
20.265107,-6.681072
20.284516,-9.615624
20.304165,-10.875861
20.324269,-11.350380
20.344207,-9.180176
20.364726,-8.924028
20.384207,-7.192543
20.404414,-10.847060
20.424219,-10.858785
20.444173,-8.495192
20.465070,-9.884635
20.484035,-12.730678
20.504549,-12.860216
20.524053,-9.720751
20.544072,-8.360668
20.563971,-8.426842
20.584042,-10.670817
20.603979,-11.368055
20.623974,-7.479259
20.644425,-10.978341
20.664321,-11.435751
20.684104,-10.517425
20.704312,-7.594672
20.723987,-9.355569
20.743844,-10.077638
20.764299,-10.333531
20.784494,-10.401978
20.803972,-9.898421
20.823845,-12.236053
20.843967,-11.907924
20.864703,-8.356658
20.884072,-8.336362
20.903818,-10.559409
20.924323,-12.479498
20.943954,-7.244722
20.963932,-10.344236
20.983877,-10.201765
21.004434,-11.686705
21.023879,-10.566609
21.044155,-8.159458
21.064306,-7.187778
21.083908,-10.798199
21.104666,-11.217052
21.123705,-9.015871
21.143807,-9.976723
21.163733,-11.463552
21.183969,-12.723802
21.203793,-9.096040
21.223674,-7.938769
21.243699,-7.934895
21.263593,-10.548590
21.283698,-12.097976
21.304449,-8.212904
21.323717,-11.738731
21.343529,-12.326170
21.363483,-10.186213
21.383650,-6.236351
21.404414,-8.282902
21.424795,-10.210333
21.443841,-9.221704
21.463589,-10.453747
21.483646,-9.033970
21.503647,-10.045031
21.523411,-12.189583
21.543550,-10.031109
21.563786,-7.448751
21.583562,-9.370149
21.603450,-9.140060
21.625384,-10.866129
21.643559,-12.904995
21.663509,-9.574800
21.683404,-8.261360
21.704355,-9.982384
21.724783,-10.290091
21.743436,-7.690734
21.764548,-7.745049
21.785416,-7.612919
21.804373,-11.175350
21.824468,-11.911182
21.844263,-8.806160
21.864752,-9.652254
21.885713,-11.936430
21.904636,-10.954012
21.924673,-8.394385
21.944566,-8.536287
21.964111,-8.537822
21.984718,-11.587019
22.004245,-12.734167
22.024406,-8.703981
22.044300,-9.643972
22.064377,-11.870018
22.084286,-11.931601
22.104631,-8.926341
22.124071,-8.951101
22.144409,-7.215695
22.164104,-10.831418
22.184549,-13.216162
22.204096,-9.052298
22.224230,-10.270762
22.244202,-11.121263
22.264213,-11.047143
22.284223,-10.035168
22.304906,-7.390569
22.324311,-6.682837
22.344042,-11.303086
22.365118,-12.774904
22.384247,-8.458357
22.403940,-10.526658
22.425390,-10.826403
22.445033,-12.327560
22.464921,-9.840977
22.484127,-8.158136
22.504189,-7.308541
22.524238,-10.781071
22.543841,-12.255077
22.564026,-8.433165
22.583962,-9.393564
22.603787,-11.065853
22.624004,-10.448792
22.643998,-7.809549
22.664412,-8.651788
22.684011,-8.481060
22.704247,-12.095996
22.724075,-13.263813
22.744117,-8.617654
22.765563,-10.183942
22.784033,-10.172255
22.804111,-10.525667
22.823973,-8.538197
22.843910,-8.241133
22.864061,-7.400542
22.883660,-11.298956
22.903885,-12.927748
22.923720,-10.066123
22.943790,-10.060876
22.963645,-8.920684
22.983781,-9.413735
23.004303,-10.922036
23.024387,-9.524432
23.044136,-9.210785
23.063649,-10.127268
23.083508,-9.932717
23.104356,-11.340266
23.123427,-12.310807
23.143522,-8.050525
23.163659,-7.798476
23.183753,-10.207101
23.203544,-11.119691
23.224533,-8.814881
23.243677,-9.319476
23.264865,-8.404700
23.283540,-11.463449
23.304427,-11.649512
23.325307,-8.088307
23.343771,-8.245532
23.364419,-10.602023
23.383976,-10.227981
23.404373,-8.295389
23.424359,-8.343740
23.444380,-9.860471
23.464543,-12.194949
23.484427,-13.475101
23.504574,-8.697981
23.524374,-10.258372
23.544570,-11.104370
23.564209,-10.436044
23.584456,-7.429070
23.604390,-9.007344
23.624596,-8.969584
23.644540,-11.762454
23.664314,-12.373862
23.684345,-8.690434
23.704498,-8.179839
23.724190,-11.228967
23.744194,-10.158508
23.764628,-7.879851
23.784129,-8.213275
23.804183,-8.595779
23.824372,-11.422433
23.844487,-12.764284
23.864527,-9.214854
23.884052,-9.569230
23.904582,-9.025973
23.924154,-11.839219
23.944195,-8.263076
23.964093,-8.090219
23.984382,-9.559464
24.004060,-12.460580
