0.143335,-0.006598
0.163651,-0.003952
0.183290,-0.007520
0.203363,0.017525
0.223249,0.006733
0.243218,0.031451
0.263363,0.010276
0.283282,0.017381
0.303122,0.010358
0.323313,0.001487
0.343210,-0.010816
0.363221,0.005752
0.383904,-0.016675
0.403757,0.010274
0.423064,-0.030863
0.443105,-0.012453
0.463133,-0.019048
0.482963,-0.012409
0.503006,-0.016615
0.523003,-0.007086
0.542964,-0.018654
0.562983,-0.003335
0.583096,-0.021417
0.602957,0.006968
0.623071,-0.021069
0.642936,-0.001259
0.662987,-0.031935
0.682981,-0.000675
0.703030,-0.015650
0.722924,-0.019930
0.742998,-0.009108
0.763079,0.004263
0.783077,-0.023865
0.803038,-0.002647
0.823075,-0.023837
0.843077,0.008162
0.862807,0.001905
0.882830,0.016324
0.902818,-0.005757
0.922785,0.005833
0.942885,0.000348
0.962755,-0.018314
0.982754,-0.019845
1.002887,-0.003206
1.022719,-0.013592
1.042713,-0.007937
1.063155,-0.036524
1.082721,-0.018247
1.102774,-0.009251
1.122657,-0.008569
1.142738,-0.012157
1.162944,-0.014181
1.182646,-0.029789
1.202678,-0.011485
1.223458,-0.026775
1.242803,-0.023700
1.262533,-0.009537
1.282667,-0.012751
1.302484,-0.020141
1.322544,0.007918
1.342479,0.004807
1.362728,-0.007692
1.382515,-0.011151
1.403550,-0.007157
1.423457,-0.018560
1.442451,-0.034360
1.462410,-0.023617
1.482644,-0.026729
1.503602,-0.009423
1.523432,0.014752
1.543520,-0.025762
1.563551,0.007378
1.583514,0.003327
1.603777,-0.024219
1.623394,-0.002158
1.643435,-0.000601
1.663332,-0.001781
1.683336,-0.003322
1.703350,0.004314
1.723368,-0.000061
1.743455,0.016732
1.763361,0.002810
1.783276,-0.018096
1.803405,-0.009223
1.823277,0.000039
1.843367,-0.011934
1.863291,-0.009887
1.883204,-0.000653
1.903232,0.001273
1.923212,-0.015511
1.943383,0.005828
1.963179,-0.020063
1.983173,0.004464
2.003135,0.003023
2.023175,-0.023178
2.043195,0.011244
2.063160,0.011591
2.083300,-0.003188
2.103109,-0.000197
2.123274,-0.011282
2.143191,-0.017665
2.163076,-0.015251
2.183220,-0.017258
2.203004,-0.028633
2.223123,-0.010527
2.243081,-0.009676
2.263081,-0.036550
2.283085,-0.007376
2.303352,-0.024245
2.322972,-0.032059
2.343180,-0.010831
2.362970,-0.004168
2.382957,-0.001030
2.403025,-0.000805
2.422897,0.016005
2.443063,0.011662
2.462847,-0.002078
2.482821,0.016043
2.502949,-0.023890
2.522942,-0.007614
2.542819,-0.007665
2.562901,-0.014628
2.582862,-0.021905
2.602924,-0.021413
2.622845,-0.029427
2.642787,-0.022525
2.662824,-0.025828
2.682847,-0.010605
2.702717,-0.017968
2.722932,0.005651
2.742688,-0.016156
2.762915,-0.003163
2.782762,-0.018259
2.802764,0.019023
2.822664,-0.010277
2.842572,0.000018
2.862610,-0.011227
2.882723,-0.018768
2.902627,-0.020338
2.922552,-0.000057
2.942870,-0.031025
2.962606,0.001441
2.982538,-0.022371
3.002497,-0.009171
3.022598,-0.025262
3.042458,-0.010905
3.062624,-0.022365
3.082555,-0.019286
3.102504,-0.005032
3.123500,0.013128
3.143427,-0.010642
3.162529,0.018049
3.182431,-0.001455
3.203502,-0.013739
3.223457,-0.009348
3.243497,-0.013155
3.263459,-0.038870
3.283458,-0.016056
3.303336,0.005095
3.323504,-0.032603
3.343406,0.003171
3.363365,-0.018761
3.383444,-0.013327
3.403339,-0.000963
3.423272,0.006836
3.443347,-0.007310
3.463370,0.010919
3.483358,-0.004851
3.503238,0.006078
3.523411,-0.002169
3.543245,0.027880
3.563648,-0.010163
3.583293,0.006155
3.603277,-0.006782
3.623399,0.000111
3.643302,0.002954
3.663340,0.010183
3.683259,-0.002270
3.703281,0.011370
3.723253,0.004838
3.743283,0.009300
3.763188,-0.013554
3.783140,0.015719
3.803319,-0.006010
3.823008,-0.003158
3.843088,0.015264
3.863001,0.014163
3.883123,0.013208
3.902975,0.001375
3.923031,-0.003251
3.943351,-0.025622
3.963145,-0.016473
3.982994,-0.002723
4.003079,-0.006779
4.022912,-0.000005
4.042927,0.009796
4.062804,-0.030797
4.082805,-0.008483
4.102827,-0.024993
4.122900,-0.015118
4.142926,-0.027222
4.162890,0.011011
4.182798,-0.023130
4.202850,-0.019577
4.222774,-0.011708
4.242746,0.004829
4.262714,-0.016340
4.282941,-0.012133
4.302690,-0.003099
4.322776,-0.024846
4.342674,-0.036653
4.362710,-0.013648
4.382726,-0.023456
4.402817,-0.026336
4.422650,-0.006830
4.442700,-0.031497
4.462714,0.001894
4.482793,-0.014652
4.502662,-0.010884
4.522770,-0.015651
4.542574,-0.000826
4.562632,-0.000572
4.582614,0.000176
4.602655,-0.010401
4.622661,0.022747
4.642758,-0.018470
4.662661,-0.004839
4.682773,-0.009097
4.702593,-0.003060
4.722736,-0.024943
4.742701,0.001235
4.762535,-0.003332
4.782438,-0.029267
4.802617,0.009787
4.822528,-0.003401
4.842477,-0.008113
4.862424,0.009978
4.882430,0.001785
4.902380,-0.008860
4.923451,0.013937
4.942450,-0.005267
4.962402,-0.012528
4.983285,-0.023598
5.003471,0.016121
5.024430,0.004363
5.044490,0.007790
5.063514,0.008262
5.083373,0.010362
5.103533,-0.004678
5.123338,0.015303
5.143532,0.045842
5.163444,0.014690
5.183274,0.032418
5.203335,0.030604
5.223309,0.019909
5.243416,0.022808
5.263182,0.045679
5.283300,0.012857
5.303219,0.036491
5.323277,-0.009796
5.343228,0.021327
5.363130,0.009558
5.383476,-0.023448
5.403217,0.003341
5.423201,-0.017263
5.443262,0.009800
5.463140,0.005424
5.483197,0.020248
5.503051,0.006889
5.523076,0.008186
5.543074,0.017752
5.563126,0.007139
5.583265,0.010327
5.603163,-0.005751
5.623139,-0.077526
5.643036,-0.059326
5.663213,-0.065708
5.683058,-0.005615
5.702919,-0.063014
5.722987,-0.115814
5.742872,-0.089258
5.762862,-0.129687
5.782826,-0.096627
5.802770,-0.095891
5.822774,-0.102090
5.842778,-0.110930
5.862784,-0.102885
5.882837,-0.086566
5.902856,-0.089831
5.922787,-0.069832
5.942859,-0.059320
5.962954,-0.060853
5.982806,-0.073140
6.002876,-0.094148
6.022783,-0.079416
6.042783,-0.117443
6.062758,-0.078871
6.082809,-0.034969
6.102884,-0.089539
6.122910,-0.041436
6.142757,-0.071300
6.162701,-0.072892
6.182636,-0.030987
6.202695,-0.070835
6.222661,-0.013068
6.242928,0.002171
6.262780,-0.023871
6.282795,0.017973
6.302634,0.002830
6.322598,0.023366
6.342689,0.006970
6.362633,0.011991
6.382482,0.021893
6.402692,-0.000419
6.423269,0.032800
6.443550,0.030005
6.462533,0.005808
6.482406,0.028052
6.502525,0.009276
6.522459,0.002270
6.542526,0.006752
6.562477,-0.004879
6.582454,0.028889
6.603481,-0.006825
6.623380,0.018701
6.643283,-0.016193
6.662351,-0.001770
6.682346,-0.001087
6.703251,0.010830
6.723631,-0.002174
6.743458,0.009145
6.763360,0.005876
6.783308,0.016847
6.803212,-0.012761
6.823423,0.027276
6.843399,0.014791
6.863364,0.023444
6.883191,0.013719
6.903191,0.001870
6.923406,0.013943
6.943230,0.016709
6.963231,0.015946
6.983187,0.021385
7.003084,0.007352
7.023133,0.009392
7.043202,0.014354
7.063119,0.001832
7.083172,-0.000602
7.103161,0.000187
7.123081,0.006350
7.143009,-0.001034
7.162955,0.010277
7.183012,-0.010429
7.203076,0.006516
7.223073,0.013848
7.243237,0.004596
7.263018,-0.005803
7.282992,-0.019995
7.303045,-0.019948
7.322959,0.006410
7.342888,-0.036078
7.362981,0.007333
7.382982,-0.027184
7.402903,-0.006338
7.422826,-0.018460
7.442899,-0.021723
7.462816,-0.015438
7.482812,0.002334
7.502807,-0.014709
7.522896,0.004950
7.542760,-0.001649
7.562854,0.020463
7.582763,-0.012897
7.602674,0.013126
7.622810,-0.011818
7.642651,-0.008918
7.662821,-0.000532
7.682698,0.000692
7.702625,0.009313
7.722666,0.024924
7.743494,-0.002050
7.763356,0.005513
7.782799,-0.006192
7.802633,0.001210
7.822670,-0.007053
7.843019,-0.005725
7.862699,-0.004643
7.882686,-0.002579
7.902703,0.012448
7.922491,-0.001452
7.942540,0.023748
7.962610,-0.005976
7.982533,-0.015841
8.002596,-0.031318
8.022620,-0.024105
8.042657,-0.024453
8.062567,-0.007994
8.082416,-0.019968
8.102454,-0.013582
8.123399,-0.027674
8.143526,-0.002890
8.162627,-0.024546
8.182437,-0.018169
8.202599,-0.025640
8.222401,-0.028722
8.242470,-0.030912
8.262362,-0.043830
8.282392,-0.011848
8.302347,-0.018317
8.322396,-0.013564
8.342331,-0.014047
8.362406,-0.023987
8.382375,-0.023588
8.402462,0.003270
8.422287,-0.029919
8.442363,-0.015931
8.462228,-0.033998
8.482420,-0.006124
8.503176,-0.040286
8.523511,-0.024883
8.543284,-0.023042
8.563237,-0.008719
8.583228,-0.003561
8.603239,-0.012427
8.623397,-0.012898
8.643303,0.009839
8.663151,0.004839
8.683143,0.010758
8.703086,-0.008849
8.723879,0.006619
8.744027,-0.032005
8.763649,-0.023631
8.783313,0.004920
8.803123,-0.014684
8.823245,0.002970
8.843063,-0.006149
8.863014,-0.013138
8.882909,-0.035965
8.903010,-0.019385
8.923098,-0.015377
8.942891,0.004287
8.962929,-0.014930
8.982994,0.019642
9.002849,-0.026538
9.022865,0.024999
9.042781,0.000871
9.062880,0.001964
9.083080,-0.030791
9.102870,-0.013629
9.122799,-0.039651
9.142793,-0.030900
9.162926,-0.015458
9.182951,-0.004413
9.202769,-0.029248
9.222852,0.001174
9.242785,-0.042508
9.262737,-0.016981
9.282930,-0.010842
9.302838,0.002713
9.322832,0.006334
9.342911,0.003346
9.362751,-0.003865
9.382807,-0.020698
9.402767,-0.023230
9.422682,-0.012404
9.442763,-0.054146
9.462656,-0.031382
9.482740,-0.020226
9.502579,-0.031176
9.522612,0.004877
9.543119,-0.013320
9.562798,0.002548
9.582818,0.006929
9.602547,0.004634
9.622696,-0.010727
9.642585,-0.006355
9.663409,-0.002740
9.683256,-0.002662
9.702683,-0.004953
9.722510,0.028290
9.742536,-0.019375
9.762432,-0.001683
9.782518,-0.011921
9.802453,-0.020468
9.822530,-0.037044
9.842404,-0.006364
9.862420,-0.031674
9.882365,-0.000156
9.902488,-0.012490
9.922492,-0.016683
9.942554,-0.021572
9.962482,-0.004426
9.982477,-0.032376
10.002513,-0.005600
10.023420,-0.017083
10.042327,-0.007682
10.062201,-0.010341
10.082311,-0.001841
10.103207,-0.005420
10.123632,-0.019323
10.143302,-0.010423
10.163255,-0.010308
10.183270,-0.039436
10.203136,-0.010849
10.223221,-0.013371
10.243188,-0.031808
10.263041,-0.007426
10.283128,-0.017248
10.303088,-0.017029
10.323067,-0.015856
10.343046,-0.012067
10.363054,-0.020585
10.383031,-0.019514
10.402958,-0.003812
10.423088,-0.011166
10.443079,-0.022281
10.462869,0.006373
10.482856,-0.031208
10.502955,-0.008446
10.522866,0.004104
10.542883,-0.019860
10.562992,-0.033410
10.583017,-0.014093
10.602926,-0.010231
10.622818,0.005423
10.643098,-0.010911
10.662983,-0.004723
10.682940,-0.039953
10.702826,0.005735
10.722905,-0.009770
10.742771,0.006163
10.762819,0.014782
10.782732,-0.008790
10.802867,-0.012537
10.822674,0.004661
10.842686,-0.011119
10.862764,0.002009
10.882661,-0.022879
10.902746,-0.008584
10.922616,-0.034380
10.942649,-0.038251
10.962581,-0.049785
10.982704,-0.041368
11.002755,-0.018256
11.022682,-0.007182
11.042628,-0.027428
11.062515,-0.010781
11.082625,-0.042606
11.102481,-0.008415
11.122507,-0.001296
11.142553,0.004232
11.163392,-0.005496
11.183310,-0.013404
11.202675,-0.013296
11.222482,-0.031410
11.242764,-0.044838
11.262419,-0.051004
11.282468,-0.055559
11.302451,-0.042535
11.323400,-0.036474
11.343074,-0.035555
11.362428,-0.012649
11.382454,-0.034482
11.402571,-0.009368
11.422338,-0.008245
11.442344,-0.000469
11.462441,-0.009590
11.482542,-0.006810
11.502400,-0.002846
11.522274,-0.009808
11.542295,-0.016603
11.562338,-0.003838
11.582240,-0.032402
11.602294,0.006235
11.622411,-0.013470
11.642360,-0.011462
11.662517,0.000508
11.682147,0.007680
11.703167,0.007787
11.723197,0.022542
11.743204,0.002227
11.763104,0.014001
11.783241,-0.007254
11.803300,0.013396
11.823453,-0.021001
11.843206,0.007410
11.863139,-0.022263
11.883071,-0.004083
11.903078,-0.000254
11.923022,0.010173
11.943092,-0.005233
11.963156,0.015570
11.983100,-0.008123
12.003115,0.010551
12.023166,-0.001331
12.043011,0.015185
12.063006,-0.002976
12.082978,0.021057
12.102924,0.001900
12.122915,0.003007
12.142904,-0.005727
12.163025,-0.001842
12.182990,-0.019248
12.203048,0.019368
12.222828,-0.025513
12.242942,0.004932
12.262942,0.000118
12.282901,0.004270
12.302907,-0.003246
12.322906,0.011137
12.342736,-0.004467
12.362947,0.003901
12.382732,-0.017615
12.402790,0.007250
12.422658,-0.020226
12.442732,0.021507
12.462688,-0.013069
12.482797,0.005441
12.502779,-0.013981
12.522711,-0.011835
12.542753,-0.034136
12.562654,0.005966
12.582708,-0.027407
12.602679,-0.013438
12.622750,-0.017476
12.642713,0.015416
12.662667,-0.004103
12.682872,0.026198
12.702797,-0.004397
12.722714,-0.004725
12.742582,0.001305
12.762616,0.011904
12.782574,-0.020691
12.802588,0.012851
12.822606,-0.017515
12.842756,0.009802
12.862562,-0.002953
12.882544,0.005213
12.902534,-0.025088
12.922522,-0.002007
12.942498,-0.017819
12.962480,-0.008659
12.982460,-0.011143
13.002646,-0.000766
13.022367,-0.017992
13.042686,0.025552
13.062484,-0.009366
13.082341,0.005328
13.102517,-0.017391
13.122521,0.000612
13.142398,-0.027637
13.162524,-0.043246
13.182297,-0.078127
13.202258,-0.094934
13.222212,-0.089754
13.242367,-0.080976
13.262293,-0.077392
13.282338,-0.060667
13.303024,-0.070084
13.323310,-0.073687
13.342408,-0.063460
13.362366,-0.051904
13.382403,-0.039061
13.402084,-0.057782
13.422153,-0.047146
13.442197,-0.060517
13.462075,-0.071429
13.482941,-0.048232
13.502683,-0.043109
13.523228,-0.057876
13.543248,-0.033843
13.563138,-0.071887
13.583217,-0.067361
13.603074,-0.057265
13.622994,-0.058909
13.643008,-0.020334
13.663077,-0.028509
13.683053,0.015436
13.702978,0.005462
13.722882,-0.014953
13.743080,0.020114
13.762875,-0.020774
13.782994,0.006979
13.803199,-0.003448
13.822902,-0.007612
13.842827,-0.012693
13.862884,-0.012915
13.883059,-0.025986
13.902790,-0.013933
13.922848,-0.004419
13.942826,0.015581
13.962864,-0.024045
13.982794,0.019696
14.002878,-0.006914
14.022795,0.012442
14.042862,0.019284
14.062754,0.008966
14.082920,0.012283
14.102855,0.014353
14.122865,0.003084
14.142704,0.018893
14.162772,-0.027452
14.182818,0.005568
14.202627,-0.024482
14.222634,-0.004677
14.242639,-0.013070
14.262604,-0.010884
14.282626,-0.006293
14.302734,0.000064
14.322582,-0.013931
14.342638,-0.009830
14.362658,-0.030283
14.383040,-0.003163
14.402634,-0.021898
14.422573,-0.002146
14.442502,-0.004399
14.462453,-0.023377
14.482593,-0.013829
14.502477,0.002306
14.522446,-0.034770
14.542512,-0.016237
14.562454,-0.037941
14.582498,-0.004988
14.602661,-0.015930
14.622394,-0.001837
14.642473,-0.004503
14.662418,-0.011269
14.682327,-0.010035
14.702481,0.000796
14.722431,-0.002583
14.742342,0.007206
14.762359,-0.014400
14.782271,-0.001247
14.802341,0.001040
14.822456,-0.005274
14.842191,-0.010149
14.862256,-0.024023
14.882352,-0.015709
14.902229,-0.031623
14.922421,-0.022242
14.942380,-0.015999
14.962189,-0.008277
14.982189,-0.005047
15.002970,-0.030332
15.023045,-0.024768
15.042309,-0.026983
15.062059,-0.019233
15.082064,-0.002154
15.102112,-0.019002
15.123086,0.003046
15.143187,-0.003022
15.163026,-0.000819
15.183090,-0.008993
15.202950,0.000422
15.224319,-0.020841
15.244596,-0.018844
15.263244,-0.022135
15.283027,-0.014512
15.302989,-0.020794
15.323056,0.002009
15.342991,-0.017979
15.362916,0.014584
15.383094,-0.013922
15.403103,0.009016
15.422977,-0.008250
15.442851,0.009058
15.462963,-0.004814
15.483055,-0.002815
15.503148,-0.001841
15.522866,0.003862
15.542899,-0.006893
15.563052,0.018289
15.582768,-0.016470
15.603019,0.008754
15.622954,-0.030030
15.642953,-0.017765
15.662768,-0.022204
15.682859,-0.002919
15.702835,0.004689
15.722794,0.003641
15.742641,-0.017214
15.762697,0.007037
15.782803,-0.002640
15.802778,0.020007
15.822792,-0.007666
15.842673,0.028381
15.862680,-0.004538
15.882846,0.009599
15.902643,-0.003907
15.922640,-0.008187
15.942655,-0.019255
15.962554,-0.000237
15.982511,-0.050408
16.002499,-0.017545
16.022750,-0.029252
16.042520,-0.009096
16.063362,-0.021392
16.083246,0.004223
16.102591,-0.043108
16.122487,-0.015629
16.142608,-0.011923
16.162389,-0.023755
16.182540,-0.010933
16.202530,-0.001698
16.222490,-0.032604
16.242495,0.011399
16.262348,-0.005652
16.282417,-0.013342
16.302266,-0.013413
16.322378,-0.009289
16.342342,-0.036528
16.362290,-0.007833
16.382383,-0.008437
16.402235,-0.006713
16.422289,-0.015359
16.442319,-0.000585
16.462440,-0.036700
16.482289,0.008605
16.502250,-0.000225
16.522508,-0.011102
16.542221,-0.013692
16.562144,0.002266
16.582222,-0.021425
16.602274,-0.009743
16.622132,0.000595
16.642164,-0.022535
16.662179,-0.022296
16.682147,0.004268
16.702120,-0.052313
16.722103,0.004416
16.742075,0.002774
16.762054,-0.033676
16.782013,-0.015775
16.802061,-0.000752
16.821971,-0.028329
16.843162,0.002488
16.862007,-0.008378
16.883160,-0.021414
16.902957,-0.020413
16.922922,0.008348
16.942984,-0.019439
16.962910,0.010271
16.983047,0.003271
17.002938,-0.003739
17.023993,-0.006497
17.043450,-0.002388
17.062902,-0.021677
17.082868,-0.014843
17.102836,-0.009353
17.122852,-0.015353
17.142871,-0.022800
17.163012,0.001565
17.183689,-0.028268
17.203872,-0.001600
17.223031,-0.002175
17.242887,-0.018178
17.262866,0.002521
17.282809,0.006958
17.302709,-0.021117
17.322651,0.015119
17.342885,-0.014195
17.362721,0.000278
17.382769,-0.007325
17.402589,0.000046
17.422735,-0.033829
17.443006,0.001069
17.462626,0.016165
17.482748,-0.009306
17.502510,0.004095
17.523329,0.023006
17.543414,-0.019369
17.563031,0.018508
17.582590,-0.017577
17.602593,-0.002293
17.622602,-0.011882
17.642853,0.015751
17.662567,-0.017116
17.682564,0.003260
17.702466,0.015244
17.722622,-0.020016
17.742535,-0.028751
17.762663,0.005272
17.782505,-0.039439
17.802428,0.009776
17.822619,0.005178
17.842514,0.001875
17.862292,-0.008389
17.882504,0.001688
17.902386,-0.039992
17.922334,-0.007779
17.942443,-0.024666
17.962372,-0.018276
17.982289,-0.037678
18.002324,0.006634
18.022377,-0.023917
18.042320,-0.005708
18.062258,-0.009205
18.082257,-0.014696
18.102465,-0.016806
18.122435,0.004097
18.142385,-0.029979
18.162294,-0.008914
18.182293,-0.016375
18.202212,0.002432
18.222201,-0.046164
18.242206,-0.007274
18.262141,-0.045067
18.282143,-0.015679
18.302143,-0.018112
18.322144,-0.008361
18.342148,-0.008902
18.362060,0.007539
18.382078,-0.011042
18.402091,0.007334
18.422066,-0.009120
18.442211,0.013411
18.462033,-0.015569
18.482131,0.005135
18.502149,-0.012177
18.522097,-0.010053
18.543113,-0.008518
18.563036,-0.007793
18.582939,-0.030819
18.602872,-0.016786
18.622964,-0.020745
18.642942,0.001911
18.662829,-0.007212
18.683046,0.009070
18.702773,-0.009333
18.722814,-0.008370
18.742778,0.017381
18.762918,-0.010108
18.782992,-0.005822
18.802871,-0.015250
18.822996,-0.016041
18.842800,-0.009440
18.862731,0.001887
18.882792,0.007646
18.902576,0.002605
18.922764,-0.003210
18.942593,0.024966
18.962683,0.000960
18.982688,0.044704
19.002737,0.021648
19.022672,0.021894
19.042720,0.018820
19.062505,0.018727
19.082616,0.021745
19.102673,0.062203
19.122643,0.050608
19.142566,0.026341
19.162497,-0.013433
19.182615,0.013406
19.202640,-0.042899
19.222568,-0.017386
19.242798,-0.015511
19.262597,0.012373
19.282502,0.009364
19.302486,0.025064
19.322428,0.009359
19.342611,-0.007030
19.362484,-0.003636
19.382368,0.029564
19.402479,0.013723
19.422510,-0.008678
19.442465,-0.067517
19.462420,-0.067478
19.482427,-0.037900
19.502342,-0.056759
19.522300,-0.042042
19.542312,-0.097485
19.562438,-0.103047
19.582273,-0.119114
19.602309,-0.147841
19.622338,-0.088070
19.642443,-0.082061
19.662302,-0.103077
19.682301,-0.074676
19.702419,-0.113670
19.722324,-0.093633
19.742195,-0.083153
19.762110,-0.054639
19.782144,-0.044248
19.802086,-0.090026
19.822247,-0.087743
19.842161,-0.085742
19.862116,-0.079492
19.882037,-0.082383
19.902188,-0.090186
19.922120,-0.077928
19.942068,-0.078391
19.961983,-0.100667
19.981959,-0.085089
20.002029,-0.035347
20.022036,-0.069261
20.043051,-0.042411
20.061955,-0.022684
20.081942,-0.001320
20.101918,0.007359
20.121970,0.008219
20.143064,0.005715
20.162890,0.039485
20.182913,0.009484
20.202939,0.009042
20.222882,0.016865
20.242855,0.023404
20.262817,0.015035
20.282782,0.023051
20.302793,0.000418
20.322799,0.011682
20.342722,-0.017556
20.362877,0.014477
20.382898,0.011012
20.402883,0.002015
20.422794,0.011471
20.442685,-0.003254
20.462708,0.004192
20.482663,0.002982
20.502637,0.007935
20.522786,0.004392
20.542750,0.002719
20.562666,0.016949
20.582780,-0.008933
20.602750,0.015311
20.622642,0.029223
20.642558,0.007378
20.662565,0.032065
20.682814,0.018994
20.702546,0.009209
20.722593,0.027639
20.742547,0.011828
20.762454,0.019000
20.782546,0.024479
20.802549,0.023182
20.822518,0.001422
20.842654,-0.012493
20.862563,0.021360
20.882606,-0.005666
20.902474,0.000703
20.923319,0.013004
20.943261,-0.003544
20.962612,0.007384
20.982513,-0.004779
21.002546,-0.006155
21.022431,0.001337
21.042463,-0.008521
21.062329,-0.005037
21.082371,-0.011973
21.102394,0.001926
21.122324,-0.012235
21.142365,-0.017949
21.162883,-0.009139
21.183031,-0.020395
21.202531,-0.008878
21.222238,-0.006162
21.242351,-0.009860
21.262157,-0.005131
21.283079,0.006010
21.303000,-0.007752
21.322259,-0.001063
21.342135,0.019691
21.362259,-0.012339
21.382151,-0.007099
21.402305,-0.002139
21.422102,-0.017195
21.442147,0.002395
21.462072,0.011127
21.482093,-0.010401
21.502135,0.014334
21.522174,0.008385
21.542046,0.004443
21.562164,-0.005807
21.582080,0.028893
21.602136,-0.003879
21.621872,0.001380
21.642103,0.002059
21.662034,-0.000778
21.681914,-0.013857
21.701996,0.023497
21.721915,0.003310
21.742098,0.004286
21.761857,-0.006407
21.781966,-0.002489
21.802027,-0.045894
21.822082,-0.003829
21.843063,-0.017715
21.861890,-0.024281
21.883558,-0.015585
21.903533,-0.019378
21.923005,-0.038841
21.942851,-0.013047
21.962933,-0.006037
21.982766,-0.028788
22.002702,-0.023251
22.022928,-0.020665
22.042850,-0.055305
22.062902,-0.030298
22.082930,-0.006791
22.102792,-0.024003
22.122823,-0.007844
22.142620,-0.026381
22.162666,-0.009155
22.182691,-0.034947
22.202614,0.002256
22.222556,-0.022260
22.242628,-0.028636
22.262670,-0.022624
22.282758,-0.019658
22.302584,-0.031787
22.322610,-0.012747
22.342630,-0.017462
22.362609,0.005028
22.382446,-0.033874
22.402763,0.003130
22.422493,-0.006195
22.442465,-0.011804
22.462492,-0.002842
22.482462,-0.015279
22.502527,-0.019800
22.522426,-0.006443
22.542414,-0.007943
22.562394,-0.014349
22.582487,-0.001877
22.602460,-0.007121
22.622432,-0.022106
22.642444,-0.011520
22.662426,-0.020585
22.682343,-0.027135
22.702299,0.005027
22.722440,-0.019199
22.742702,0.006473
22.762264,-0.011479
22.782337,0.007338
22.802247,-0.008674
22.822409,-0.007455
22.842381,-0.001946
22.862334,-0.007382
22.883034,-0.033286
22.902952,-0.010336
22.922366,-0.050616
22.942262,-0.011645
22.962138,-0.002319
22.982132,-0.016664
23.002153,-0.019833
23.022082,-0.006361
23.042107,-0.018587
23.062033,-0.006330
23.082195,0.006941
23.102085,0.010836
23.122221,-0.005016
23.142019,0.002247
23.162102,-0.022350
23.182205,-0.010721
23.201999,-0.011587
23.221989,-0.006450
23.242169,-0.009493
23.261919,-0.018305
23.282012,0.006691
23.302055,-0.006943
23.321903,0.001403
23.341954,0.009621
23.361925,0.013675
23.382149,0.008842
23.401852,0.014835
23.421832,-0.004471
23.441976,0.000954
23.461844,-0.000717
23.481907,0.002194
23.503009,-0.007913
23.522774,0.014892
23.542924,-0.022541
23.562026,-0.009249
23.582903,-0.023476
23.602704,-0.021782
23.622962,-0.016107
23.642811,-0.010386
23.663345,0.002870
23.682842,0.005805
23.702785,-0.032644
23.722799,-0.002112
23.742676,-0.031142
23.762774,-0.020730
23.782696,-0.006308
23.802624,-0.028806
23.822698,-0.004629
23.842768,-0.001380
23.862642,-0.018479
23.883410,0.003928
23.903106,-0.027880
23.922656,-0.016614
23.942788,-0.022136
23.962535,-0.028365
23.982731,-0.021176
24.002600,-0.026778
24.022592,-0.004559
24.042507,0.003664
24.062487,-0.019745
24.082592,-0.029002
24.102490,-0.007528
24.122534,-0.037330
24.142442,-0.010387
24.162451,-0.011662
24.182526,-0.017948
24.202619,-0.007408
24.222453,0.017386
24.242487,-0.017205
24.262438,0.022334
24.282522,-0.014305
24.302290,0.002701
24.322269,-0.031561
24.342320,-0.027769
24.362263,-0.017313
24.382260,0.004420
24.402272,-0.009609
24.422290,0.008100
24.442220,-0.036862
24.462365,-0.007652
24.482292,-0.018845
24.502237,0.008655
24.522329,0.002770
24.542291,0.028189
24.562183,0.000662
24.582320,-0.011730
24.602266,0.006727
24.622430,-0.002056
24.642188,-0.011784
24.662323,-0.008140
24.682218,-0.031600
24.702215,-0.027587
24.722181,-0.041239
24.742025,-0.041074
24.762172,-0.025183
24.782099,-0.047240
24.801997,-0.015045
24.822167,-0.026114
24.842296,-0.019123
24.862331,-0.021494
24.882115,-0.013666
24.901902,0.000292
24.922087,0.019715
24.941967,-0.007345
24.961899,0.006435
24.982751,-0.011957
25.002905,-0.011648
25.021934,-0.047841
25.041894,-0.039484
25.061941,-0.068847
25.081852,-0.050063
25.101777,-0.054965
25.121962,-0.037290
25.141823,-0.016332
25.161954,-0.020276
25.182701,-0.008728
25.203668,0.002813
25.222866,-0.014516
25.242870,0.006468
25.261689,0.000571
25.282749,-0.011741
25.302674,0.005395
25.322659,-0.017835
25.342810,-0.006031
25.362670,-0.020276
25.382718,-0.010011
25.402812,-0.023654
25.422881,-0.017334
25.442672,-0.003797
25.462663,-0.007464
25.482793,0.011183
25.502626,0.029203
25.522722,-0.015768
25.542622,0.036606
25.562708,0.000778
25.582601,0.000724
25.602567,-0.004582
25.622600,-0.000709
25.642637,-0.019802
25.662532,0.001380
25.682520,-0.017516
25.702535,0.001016
25.722678,-0.014910
25.742539,0.008273
25.762628,-0.031020
25.782508,0.002730
25.802626,0.003345
25.822445,0.003371
25.842424,0.031054
25.862450,0.026529
25.882297,-0.007551
25.902463,0.022201
25.922311,-0.005542
25.942266,0.002701
25.962235,-0.013842
25.982306,0.012141
26.002289,-0.035955
26.022398,-0.006709
26.042298,-0.012405
26.062289,-0.015693
26.083176,0.005839
26.103547,0.020929
26.122430,-0.020849
26.142214,0.006676
26.162181,-0.011300
26.182395,0.000262
26.202273,0.008297
26.222115,0.023790
26.242263,-0.030294
26.262257,0.010139
26.282083,-0.007458
26.302016,-0.012632
26.322037,-0.036122
26.342137,-0.010814
26.362044,-0.033517
26.382112,-0.006829
26.401978,-0.015836
26.422216,0.010692
26.442141,-0.017467
26.461967,0.018951
26.482234,-0.002838
26.501977,-0.002534
26.521939,0.017687
26.542010,0.010450
26.562068,-0.002519
26.582007,0.002649
26.601905,-0.008528
26.621870,-0.000483
26.641865,-0.011674
26.661952,-0.001256
26.681930,-0.012729
