0.206445,3392037.333465
0.226411,3392037.333729
0.246325,3392037.333959
0.266484,3392037.336366
0.286591,3392037.336648
0.306435,3392037.336943
0.326427,3392037.337192
0.346586,3392037.337481
0.366326,3392037.337701
0.386382,3392037.338002
0.406444,3392037.338245
0.426577,3392037.338506
0.446519,3392037.338767
0.466449,3392037.334765
0.486465,3392037.334984
0.506318,3392037.335142
0.526541,3392037.335281
0.546389,3392037.335477
0.566474,3392037.335666
0.586493,3392037.335856
0.606517,3392037.336039
0.626443,3392037.336219
0.646459,3392037.336337
0.666500,3392037.334947
0.686494,3392037.335124
0.706395,3392037.335215
0.726583,3392037.335373
0.746372,3392037.335474
0.766407,3392037.335667
0.786492,3392037.335846
0.806381,3392037.335914
0.826427,3392037.336076
0.846387,3392037.336227
0.866489,3392037.336418
0.886439,3392037.341567
0.906505,3392037.341621
0.926584,3392037.341832
0.946480,3392037.341991
0.966582,3392037.342118
0.986364,3392037.342287
1.006479,3392037.342395
1.026502,3392037.342503
1.046545,3392037.342579
1.066470,3392037.343849
1.086447,3392037.343967
1.106536,3392037.344081
1.126534,3392037.344169
1.146435,3392037.344372
1.166443,3392037.344445
1.186456,3392037.344551
1.206393,3392037.344697
1.226450,3392037.344823
1.246519,3392037.344951
1.266439,3392037.350192
1.286443,3392037.350413
1.306440,3392037.350629
1.326501,3392037.350829
1.346528,3392037.351021
1.366489,3392037.351197
1.386427,3392037.351375
1.406526,3392037.351588
1.426364,3392037.351770
1.446746,3392037.352002
1.467201,3392037.352187
1.486744,3392037.357163
1.506520,3392037.357347
1.526511,3392037.357567
1.546458,3392037.357835
1.566489,3392037.357991
1.586499,3392037.358223
1.606424,3392037.358445
1.626528,3392037.358681
1.646490,3392037.358890
1.666530,3392037.359224
1.686455,3392037.359459
1.706405,3392037.359575
1.726490,3392037.359845
1.746485,3392037.360083
1.766378,3392037.360233
1.786519,3392037.360435
1.806426,3392037.360589
1.826636,3392037.360833
1.846389,3392037.361030
1.866380,3392037.361174
1.886513,3392037.374734
1.906380,3392037.374966
1.926455,3392037.375240
1.946557,3392037.375442
1.966534,3392037.375690
1.986519,3392037.375914
2.006359,3392037.376260
2.026562,3392037.376518
2.046543,3392037.376681
2.066358,3392037.380861
2.086421,3392037.381080
2.106533,3392037.381390
2.126458,3392037.381621
2.146469,3392037.381832
2.166407,3392037.382160
2.186454,3392037.382387
2.206579,3392037.382674
2.226488,3392037.382986
2.246431,3392037.383157
2.266465,3392037.390316
2.286503,3392037.390614
2.306422,3392037.391011
2.326504,3392037.391270
2.346433,3392037.391624
2.366405,3392037.391949
2.386529,3392037.392234
2.406549,3392037.392539
2.426664,3392037.392900
2.446388,3392037.393121
2.466462,3392037.393730
2.486420,3392037.394016
2.506477,3392037.394277
2.526491,3392037.394548
2.546424,3392037.394869
2.566519,3392037.394987
2.586464,3392037.393970
2.606548,3392037.392011
2.626492,3392037.388528
2.646459,3392037.384136
2.666438,3392037.376240
2.686464,3392037.370187
2.706516,3392037.363618
2.726595,3392037.356334
2.746404,3392037.348401
2.767243,3392037.339292
2.786879,3392037.329408
2.806387,3392037.318754
2.826515,3392037.307323
2.846478,3392037.295573
2.866414,3392037.283193
2.886469,3392037.249544
2.906438,3392037.235652
2.926406,3392037.221072
2.946615,3392037.206280
2.966470,3392037.190744
2.986389,3392037.174632
3.006580,3392037.157956
3.026369,3392037.140451
3.046498,3392037.122367
3.066468,3392037.100359
3.086387,3392037.081260
3.106363,3392037.062036
3.126366,3392037.042453
3.146316,3392037.022412
3.166526,3392037.001844
3.186513,3392036.980648
3.206526,3392036.958881
3.226391,3392036.936667
3.246568,3392036.913737
3.266438,3392036.878598
3.286395,3392036.854340
3.306451,3392036.829576
3.326446,3392036.804309
3.346479,3392036.778417
3.366487,3392036.751900
3.387059,3392036.724859
3.406741,3392036.696930
3.426522,3392036.668455
3.447064,3392036.639287
3.466573,3392036.618632
3.486361,3392036.588714
3.506406,3392036.558273
3.526469,3392036.527311
3.546471,3392036.495854
3.566407,3392036.463609
3.586436,3392036.430967
3.606496,3392036.397722
3.626591,3392036.363945
3.646601,3392036.329829
3.666451,3392036.291995
3.686517,3392036.256385
3.706475,3392036.220301
3.726482,3392036.183728
3.746425,3392036.146722
3.766422,3392036.109117
3.786539,3392036.071266
3.806485,3392036.032779
3.826400,3392035.994146
3.846418,3392035.954913
3.867234,3392035.915382
3.887027,3392035.878470
3.906503,3392035.838379
3.926472,3392035.797990
3.946448,3392035.757311
3.966443,3392035.716429
3.986466,3392035.675199
4.006432,3392035.633800
4.026550,3392035.592155
4.046496,3392035.550316
4.066514,3392035.515605
4.086448,3392035.473231
4.106447,3392035.430526
4.126438,3392035.387532
4.146376,3392035.344040
4.166438,3392035.300162
4.186437,3392035.255732
4.206378,3392035.211064
4.226439,3392035.165904
4.246431,3392035.120644
4.266345,3392035.089082
4.286511,3392035.043355
4.306521,3392034.997219
4.326467,3392034.950768
4.346531,3392034.903872
4.366406,3392034.856647
4.386394,3392034.809124
4.406423,3392034.761284
4.426456,3392034.713091
4.446488,3392034.664489
4.466393,3392034.620705
4.486414,3392034.571318
4.506456,3392034.521906
4.526481,3392034.471988
4.546449,3392034.421783
4.566474,3392034.371114
4.586443,3392034.319929
4.606372,3392034.268165
4.626468,3392034.215869
4.646461,3392034.163107
4.666473,3392034.115057
4.686372,3392034.061227
4.706493,3392034.006976
4.726509,3392033.952228
4.746546,3392033.897092
4.766408,3392033.841476
4.786434,3392033.785615
4.806459,3392033.729443
4.826600,3392033.672906
4.846472,3392033.616080
4.866627,3392033.558887
4.886447,3392033.501307
4.906463,3392033.443357
4.926641,3392033.384969
4.946557,3392033.326093
4.966442,3392033.266749
4.986367,3392033.206914
5.006481,3392033.146628
5.026370,3392033.085967
5.046451,3392033.025064
5.066474,3392032.971118
5.086399,3392032.909388
5.106469,3392032.847400
5.126384,3392032.784754
5.146492,3392032.721824
5.166359,3392032.658453
5.186509,3392032.594854
5.206439,3392032.530958
5.226447,3392032.466647
5.246518,3392032.402151
5.266472,3392032.327641
5.286435,3392032.262456
5.306442,3392032.197019
5.326610,3392032.131096
5.346498,3392032.064813
5.367801,3392031.998135
5.387213,3392031.930942
5.406485,3392031.863490
5.426783,3392031.795690
5.446810,3392031.727562
5.466622,3392031.670546
5.486505,3392031.601691
5.506574,3392031.532696
5.526344,3392031.463313
5.546388,3392031.393743
5.566488,3392031.323909
5.586429,3392031.253635
5.606390,3392031.183048
5.626500,3392031.112122
5.646410,3392031.040831
5.666520,3392030.974207
5.686375,3392030.902604
5.706444,3392030.830636
5.726529,3392030.758447
5.746627,3392030.685760
5.766459,3392030.612791
5.786456,3392030.539450
5.806497,3392030.465793
5.826451,3392030.392087
5.846534,3392030.317978
5.866428,3392030.252029
5.887479,3392030.177312
5.906879,3392030.102186
5.926725,3392030.026849
5.946405,3392029.951241
5.966411,3392029.875586
5.986438,3392029.799641
6.006475,3392029.723489
6.026340,3392029.646992
6.046380,3392029.570220
6.066439,3392029.498133
6.086457,3392029.420845
6.106314,3392029.343113
6.126583,3392029.265244
6.146381,3392029.186924
6.166477,3392029.108104
6.186518,3392029.029098
6.206392,3392028.949661
6.226574,3392028.870162
6.246439,3392028.790450
6.266505,3392028.727534
6.286376,3392028.647688
6.306422,3392028.567396
6.326526,3392028.486904
6.346734,3392028.406089
6.366401,3392028.325114
6.386505,3392028.243963
6.406524,3392028.162639
6.426488,3392028.080948
6.446451,3392027.999034
6.466476,3392027.911858
6.486465,3392027.829343
6.506423,3392027.746615
6.526423,3392027.663599
6.546350,3392027.580474
6.566561,3392027.497075
6.586414,3392027.413234
6.606426,3392027.329183
6.626444,3392027.244829
6.646465,3392027.160070
6.666433,3392027.072341
6.686533,3392026.986774
6.706470,3392026.901044
6.726609,3392026.815084
6.746554,3392026.728966
6.766435,3392026.642797
6.786397,3392026.556301
6.806462,3392026.469537
6.826438,3392026.382590
6.846424,3392026.295194
6.866515,3392026.207643
6.886411,3392026.120747
6.906494,3392026.032891
6.926432,3392025.944681
6.946318,3392025.856192
6.966493,3392025.767593
6.986566,3392025.678684
7.006446,3392025.589683
7.026461,3392025.500553
7.046494,3392025.411136
7.066421,3392025.322352
7.086544,3392025.232302
7.106456,3392025.141910
7.126388,3392025.051194
7.146445,3392024.960184
7.166539,3392024.868774
7.186502,3392024.777263
7.206523,3392024.685534
7.226556,3392024.593660
7.246440,3392024.501657
7.266524,3392024.420089
7.286336,3392024.327816
7.306489,3392024.235268
7.326515,3392024.142495
7.347664,3392024.049597
7.367490,3392023.956493
7.386632,3392023.862982
7.406507,3392023.769271
7.426434,3392023.675087
7.446413,3392023.580819
7.466423,3392023.485308
7.486578,3392023.390631
7.506475,3392023.295858
7.526533,3392023.200714
7.546643,3392023.105494
7.566493,3392023.009919
7.586461,3392022.914035
7.606381,3392022.817791
7.626760,3392022.721685
7.646517,3392022.625363
7.666438,3392022.537195
7.686386,3392022.440658
7.706482,3392022.343768
7.726482,3392022.246571
7.746348,3392022.149155
7.766457,3392022.051632
7.786441,3392021.953929
7.806485,3392021.855967
7.826368,3392021.757767
7.846528,3392021.659194
7.866398,3392021.560423
7.886452,3392021.460122
7.906326,3392021.360859
7.926589,3392021.261636
7.946405,3392021.162213
7.966476,3392021.062441
7.986467,3392020.962440
8.006452,3392020.862067
8.026536,3392020.761336
8.046555,3392020.660551
8.066600,3392020.543732
8.086430,3392020.442360
8.106321,3392020.340902
8.126478,3392020.239178
8.146520,3392020.137170
8.166526,3392020.034883
8.186527,3392019.932450
8.206365,3392019.829716
8.226476,3392019.726905
8.246421,3392019.623868
8.266551,3392019.523745
8.286493,3392019.420217
8.306460,3392019.316532
8.326608,3392019.212876
8.346541,3392019.108858
8.366427,3392019.004639
8.386461,3392018.900203
8.406480,3392018.795434
8.426600,3392018.690445
8.446528,3392018.585261
8.466414,3392018.477077
8.486372,3392018.371760
8.506405,3392018.266183
8.526315,3392018.160282
8.546437,3392018.054188
8.566467,3392017.947941
8.586424,3392017.841561
8.606537,3392017.735013
8.626418,3392017.628288
8.646425,3392017.521386
8.666491,3392017.416810
8.686462,3392017.309570
8.706418,3392017.202292
8.726546,3392017.094651
8.746436,3392016.986878
8.766408,3392016.878783
8.786396,3392016.770262
8.806421,3392016.661633
8.826498,3392016.552845
8.847806,3392016.443982
8.866716,3392016.335126
8.886500,3392016.236152
8.906510,3392016.126854
8.926480,3392016.017386
8.946368,3392015.907673
8.966487,3392015.797962
8.987072,3392015.688009
9.006932,3392015.577869
9.026571,3392015.467586
9.046505,3392015.357019
9.066468,3392015.252460
9.086523,3392015.141725
9.106418,3392015.030884
9.126557,3392014.919952
9.146437,3392014.808704
9.166405,3392014.697159
9.186420,3392014.585399
9.206412,3392014.473489
9.226538,3392014.361498
9.246503,3392014.249570
9.266478,3392014.137908
9.286386,3392014.025463
9.306446,3392013.912969
9.326455,3392013.800192
9.346441,3392013.687318
9.367862,3392013.574399
9.386902,3392013.461221
9.406476,3392013.348135
9.426366,3392013.234785
9.446503,3392013.121151
9.466422,3392013.014204
9.486397,3392012.900261
9.506418,3392012.786060
9.526599,3392012.671639
9.546571,3392012.556934
9.566427,3392012.442031
9.586502,3392012.327098
9.606432,3392012.212076
9.626489,3392012.097037
9.646413,3392011.981872
9.666532,3392011.874737
9.686371,3392011.759358
9.706661,3392011.643753
9.726555,3392011.528018
9.746425,3392011.412203
9.766582,3392011.296102
9.786426,3392011.179774
9.806316,3392011.063328
9.826454,3392010.946685
9.846356,3392010.830086
9.866502,3392010.713110
9.886509,3392010.592538
9.906402,3392010.475183
9.926481,3392010.357661
9.946451,3392010.240022
9.966906,3392010.122464
9.987215,3392010.004699
10.006737,3392009.886916
10.026365,3392009.768826
10.046520,3392009.650468
10.066451,3392009.527751
10.086499,3392009.409151
10.106459,3392009.290314
10.127173,3392009.171437
10.146782,3392009.052272
10.166591,3392008.933128
10.186431,3392008.813827
10.206525,3392008.694287
10.226406,3392008.574646
10.246787,3392008.454750
10.266638,3392008.343165
10.286469,3392008.223087
10.306542,3392008.102799
10.326404,3392007.982435
10.346408,3392007.861933
10.366439,3392007.741064
10.386487,3392007.619975
10.406502,3392007.499003
10.426568,3392007.377833
10.446416,3392007.256640
10.466469,3392007.130729
10.486466,3392007.009309
10.506453,3392006.887846
10.526483,3392006.766057
10.546438,3392006.644182
10.566488,3392006.522116
10.586500,3392006.399897
10.606426,3392006.277477
10.626440,3392006.155077
10.646465,3392006.032416
10.666494,3392005.917600
10.686493,3392005.794899
10.706514,3392005.672018
10.726415,3392005.549104
10.746537,3392005.425908
10.767291,3392005.302521
10.786742,3392005.179211
10.806489,3392005.055750
10.826400,3392004.932119
10.846556,3392004.808295
10.866473,3392004.684268
10.886472,3392004.556210
10.906479,3392004.431589
10.926564,3392004.306904
10.946484,3392004.182153
10.966383,3392004.057310
10.986992,3392003.932471
11.007305,3392003.807534
11.026704,3392003.682513
11.046378,3392003.557358
11.066484,3392003.438323
11.086459,3392003.312934
11.106567,3392003.187290
11.126483,3392003.061462
11.146482,3392002.935446
11.166492,3392002.809392
11.186358,3392002.683292
11.206524,3392002.557143
11.226608,3392002.430773
11.246369,3392002.304261
11.266480,3392002.190472
11.286526,3392002.063749
11.306394,3392001.936892
11.326473,3392001.810095
11.346503,3392001.683157
11.366476,3392001.556052
11.386410,3392001.428838
11.406469,3392001.301424
11.426490,3392001.173853
11.446458,3392001.046070
11.466469,3392000.909276
11.486461,3392000.781358
11.506518,3392000.652974
11.526546,3392000.524640
11.546421,3392000.396007
11.567208,3392000.267263
11.586753,3392000.138377
11.606452,3392000.009461
11.626546,3391999.880454
11.646436,3391999.751377
11.666493,3391999.615741
11.686583,3391999.486248
11.706448,3391999.356761
11.726541,3391999.227090
11.746455,3391999.097309
11.766340,3391998.967433
11.786445,3391998.837269
11.806436,3391998.706997
11.826526,3391998.576480
11.846490,3391998.445811
11.867417,3391998.299254
11.886900,3391998.168218
11.906508,3391998.037231
11.926526,3391997.906152
11.946485,3391997.774846
11.966544,3391997.643475
11.986481,3391997.512013
12.006443,3391997.380496
12.026497,3391997.248810
12.046504,3391997.116945
12.066525,3391996.987230
12.086504,3391996.855097
12.106510,3391996.722950
12.126490,3391996.590665
12.146603,3391996.458385
12.166424,3391996.325820
12.186426,3391996.193212
12.206568,3391996.060571
12.226422,3391995.927696
12.246407,3391995.794903
12.266476,3391995.661194
12.286443,3391995.528156
12.306479,3391995.395224
12.326498,3391995.262156
12.346499,3391995.128790
12.366381,3391994.995469
12.386526,3391994.861913
12.406401,3391994.728120
12.426451,3391994.594273
12.446468,3391994.460295
12.466473,3391994.334725
12.486612,3391994.200527
12.506423,3391994.066204
12.526335,3391993.931704
12.546455,3391993.797062
12.566505,3391993.662605
12.586414,3391993.528116
12.606506,3391993.393581
12.626875,3391993.259054
12.646532,3391993.124272
12.666359,3391992.992279
12.686390,3391992.857250
12.706476,3391992.722051
12.726359,3391992.586795
12.746512,3391992.451414
12.766503,3391992.315848
12.786412,3391992.180147
12.806426,3391992.044355
12.826640,3391991.908358
12.846418,3391991.772375
12.866555,3391991.636347
12.886361,3391991.495934
12.906436,3391991.359817
12.926484,3391991.223633
12.946504,3391991.087263
12.966423,3391990.950847
12.986435,3391990.814276
13.007190,3391990.677552
13.027432,3391990.540506
13.046758,3391990.403559
13.066536,3391990.270449
13.086470,3391990.133216
13.107022,3391989.996074
13.127120,3391989.858615
13.146597,3391989.721046
13.166614,3391989.583640
13.186372,3391989.446363
13.206436,3391989.309005
13.226448,3391989.171449
13.246400,3391989.033678
13.266477,3391988.897754
13.286413,3391988.759617
13.306432,3391988.621365
13.326416,3391988.483065
13.346453,3391988.344730
13.366492,3391988.206239
13.386462,3391988.067541
13.406482,3391987.928871
13.426651,3391987.790072
13.446479,3391987.651254
13.466505,3391987.514123
13.486356,3391987.375237
13.506454,3391987.236411
13.526516,3391987.097425
13.547027,3391986.958381
13.567897,3391986.819201
13.586833,3391986.679846
13.606512,3391986.540350
13.626421,3391986.400868
13.646351,3391986.261260
13.666522,3391986.123167
13.686440,3391985.983616
13.706434,3391985.843898
13.726358,3391985.704100
13.746739,3391985.564181
13.766624,3391985.424263
13.786416,3391985.284227
13.806517,3391985.144211
13.826525,3391985.003953
13.846431,3391984.863384
13.866581,3391984.722524
13.886521,3391984.577571
13.906574,3391984.436469
13.926487,3391984.295272
13.946387,3391984.154123
13.967381,3391984.012901
13.986727,3391983.871505
14.006478,3391983.729902
14.026530,3391983.588379
14.046511,3391983.446821
14.066442,3391983.310035
14.086494,3391983.168588
14.106421,3391983.026794
14.126489,3391982.884899
14.146414,3391982.742871
14.166450,3391982.600680
14.186394,3391982.458488
14.206388,3391982.316286
14.226426,3391982.173969
14.246586,3391982.031619
14.266537,3391981.898964
14.286433,3391981.756482
14.306487,3391981.613978
14.326471,3391981.471214
14.346468,3391981.328422
14.366550,3391981.185609
14.386344,3391981.042600
14.406512,3391980.899541
14.426551,3391980.756270
14.446450,3391980.612833
14.466392,3391980.474033
14.486360,3391980.330271
14.506354,3391980.186394
14.526520,3391980.042530
14.546497,3391979.898756
14.566473,3391979.754649
14.586428,3391979.610545
14.606526,3391979.466179
14.626469,3391979.321823
14.646436,3391979.177429
14.666551,3391979.029449
14.686402,3391978.884911
14.706451,3391978.740339
14.726390,3391978.595499
14.746464,3391978.450524
14.766364,3391978.305339
14.786455,3391978.160096
14.806414,3391978.014837
14.826499,3391977.869513
14.846438,3391977.724107
14.866385,3391977.578530
14.886500,3391977.444736
14.906487,3391977.299132
14.926433,3391977.153508
14.946462,3391977.007804
14.966429,3391976.861989
14.986510,3391976.716137
15.006421,3391976.569967
15.026348,3391976.423679
15.046607,3391976.277290
15.066442,3391976.133430
15.086333,3391975.986896
15.106504,3391975.840204
15.126590,3391975.693189
15.146535,3391975.546132
15.166433,3391975.399002
15.186425,3391975.251858
15.206500,3391975.104861
15.226464,3391974.957808
15.246420,3391974.810562
15.266405,3391974.662991
15.286390,3391974.515389
15.306389,3391974.367831
15.326439,3391974.220070
15.346575,3391974.072324
15.366598,3391973.924508
15.386540,3391973.776649
15.406452,3391973.628525
15.426501,3391973.480354
15.446502,3391973.332074
15.466394,3391973.190882
15.486470,3391973.042662
15.506433,3391972.894176
15.526532,3391972.745724
15.546446,3391972.597207
15.566444,3391972.448392
15.586369,3391972.299497
15.606411,3391972.150515
15.626611,3391972.001476
15.646549,3391971.852346
15.666504,3391971.700821
15.686495,3391971.551534
15.706486,3391971.402022
15.726483,3391971.252288
15.746521,3391971.102337
15.766473,3391970.952432
15.786384,3391970.802574
15.806599,3391970.652713
15.826642,3391970.502942
15.846476,3391970.352999
15.866561,3391970.202853
15.886470,3391970.058843
15.906529,3391969.908458
15.926732,3391969.758140
15.946704,3391969.607856
15.966460,3391969.457318
15.986489,3391969.306693
16.006435,3391969.155877
16.026433,3391969.004959
16.046495,3391968.854024
16.066460,3391968.703692
16.086354,3391968.552847
16.106571,3391968.401656
16.126536,3391968.250389
16.146388,3391968.098937
16.166362,3391967.947444
16.186525,3391967.795882
16.206330,3391967.644254
16.226481,3391967.492644
16.246358,3391967.340724
16.266462,3391967.199250
16.286539,3391967.047359
16.306376,3391966.895508
16.326447,3391966.743649
16.346426,3391966.591649
16.366370,3391966.439521
16.386390,3391966.287301
16.406450,3391966.135114
16.426388,3391965.982776
16.446453,3391965.830603
16.466475,3391965.664174
16.486382,3391965.511702
16.506413,3391965.359026
16.526430,3391965.206303
16.546552,3391965.053394
16.566410,3391964.900394
16.586445,3391964.747297
16.606437,3391964.594113
16.626451,3391964.440945
16.646341,3391964.287583
16.666414,3391964.140754
16.686421,3391963.987161
16.706415,3391963.833534
16.726648,3391963.679914
16.746444,3391963.526128
16.766480,3391963.372156
16.786425,3391963.218118
16.806538,3391963.063926
16.826514,3391962.909750
16.846438,3391962.755487
16.866541,3391962.601089
16.886401,3391962.431722
16.906356,3391962.276983
16.926518,3391962.121996
16.946499,3391961.966608
16.966443,3391961.811177
16.986568,3391961.655738
17.006457,3391961.500559
17.026556,3391961.345275
17.046381,3391961.189929
17.066430,3391961.049980
17.086407,3391960.894502
17.106445,3391960.739144
17.126472,3391960.583574
17.146397,3391960.428029
17.166353,3391960.272210
17.186575,3391960.116325
17.206478,3391959.960110
17.226497,3391959.803835
17.246419,3391959.647635
17.266372,3391959.491802
17.286485,3391959.335656
17.306482,3391959.179422
17.326468,3391959.023036
17.346469,3391958.866361
17.366405,3391958.709718
17.386478,3391958.552695
17.406584,3391958.395763
17.426485,3391958.238875
17.446334,3391958.081776
17.467214,3391957.924758
17.486844,3391957.767450
17.506463,3391957.610057
17.526835,3391957.452629
17.546714,3391957.295201
17.566569,3391957.137802
17.586476,3391956.980319
17.606421,3391956.822825
17.626399,3391956.665205
17.646392,3391956.507531
17.666451,3391956.349024
17.686482,3391956.191418
17.706398,3391956.033839
17.726435,3391955.876002
17.746355,3391955.718015
17.766523,3391955.559776
17.786497,3391955.401650
17.806417,3391955.243387
17.826599,3391955.085171
17.846400,3391954.926920
17.866619,3391954.768457
17.886386,3391954.610666
17.906435,3391954.452012
17.926639,3391954.293215
17.946448,3391954.134362
17.966399,3391953.975203
17.986523,3391953.816067
18.007078,3391953.656814
18.027237,3391953.497447
18.046626,3391953.338142
18.066480,3391953.179185
18.086525,3391953.019816
18.106476,3391952.860190
18.126458,3391952.700476
18.146418,3391952.540691
18.167545,3391952.381079
18.187685,3391952.221477
18.206683,3391952.061822
18.226866,3391951.902131
18.246500,3391951.742240
18.266461,3391951.582377
18.286410,3391951.422318
18.306338,3391951.262284
18.326380,3391951.102193
18.346392,3391950.942015
18.367044,3391950.781644
18.386643,3391950.621008
18.406425,3391950.460465
18.426550,3391950.299836
18.446756,3391950.139249
18.467307,3391949.971019
18.486603,3391949.810288
18.506493,3391949.649279
18.526496,3391949.488164
18.546355,3391949.326934
18.566396,3391949.165870
18.586377,3391949.004765
18.606394,3391948.843482
18.626466,3391948.682083
18.646472,3391948.520603
18.666404,3391948.364480
18.686475,3391948.202921
18.706405,3391948.041387
18.726519,3391947.879674
18.746494,3391947.717897
18.766453,3391947.555973
18.786571,3391947.393913
18.806368,3391947.231856
18.826391,3391947.069921
18.846375,3391946.907910
18.866512,3391946.746035
18.886497,3391946.582000
18.906587,3391946.419794
18.926509,3391946.257495
18.946406,3391946.095361
18.966519,3391945.933102
18.986476,3391945.770678
19.006449,3391945.608261
19.026396,3391945.445543
19.046472,3391945.282939
19.066498,3391945.118483
19.086457,3391944.955940
19.106357,3391944.793499
19.126347,3391944.631023
19.147197,3391944.468313
19.167310,3391944.305576
19.186597,3391944.142687
19.206409,3391943.979860
19.226482,3391943.816994
19.246395,3391943.654303
19.266566,3391943.488385
19.286501,3391943.325246
19.306420,3391943.161949
19.326547,3391942.998657
19.347698,3391942.835291
19.367549,3391942.671945
19.386624,3391942.508616
19.406626,3391942.345013
19.426614,3391942.181370
19.446486,3391942.017700
19.466497,3391941.838271
19.486424,3391941.674565
19.506460,3391941.510808
19.526619,3391941.346888
19.546391,3391941.182637
19.566419,3391941.018465
19.586518,3391940.854451
19.606531,3391940.690268
19.626606,3391940.526119
19.646495,3391940.361851
19.666419,3391940.197947
19.686524,3391940.033595
19.706392,3391939.869347
19.727029,3391939.705090
19.746941,3391939.540703
19.766623,3391939.376185
19.786555,3391939.211337
19.806335,3391939.046350
19.826437,3391938.881284
19.846326,3391938.716327
19.866386,3391938.551410
19.886365,3391938.379944
19.906430,3391938.214777
19.926458,3391938.049563
19.946819,3391937.884200
19.966445,3391937.718970
19.986459,3391937.553600
20.006454,3391937.388246
20.026355,3391937.222901
20.046413,3391937.057426
20.066339,3391936.898751
20.086401,3391936.733477
20.106350,3391936.568096
20.126477,3391936.402564
20.146467,3391936.237035
20.166363,3391936.071323
20.186477,3391935.905544
20.207248,3391935.739659
20.227032,3391935.573710
20.246487,3391935.407838
20.266433,3391935.246765
20.286470,3391935.080619
20.306496,3391934.914375
20.326394,3391934.748106
20.346380,3391934.581640
20.366529,3391934.415034
20.386453,3391934.248470
20.406426,3391934.081838
20.426557,3391933.915189
20.446549,3391933.748426
20.466552,3391933.586568
20.486484,3391933.419752
20.506490,3391933.252979
20.526498,3391933.086081
20.546399,3391932.919091
20.566452,3391932.752095
20.586460,3391932.585062
20.606531,3391932.418007
20.626434,3391932.250789
20.646485,3391932.083437
20.666468,3391931.914596
20.686482,3391931.746949
20.706449,3391931.579449
20.726467,3391931.411958
20.746464,3391931.244163
20.766500,3391931.076085
20.786458,3391930.908099
20.806527,3391930.740177
20.826495,3391930.572115
20.846709,3391930.404113
20.866483,3391930.235876
20.886512,3391930.058095
20.906412,3391929.889385
20.926547,3391929.720683
20.946448,3391929.552092
20.966385,3391929.383650
20.986575,3391929.215109
21.006532,3391929.046445
21.026593,3391928.877614
21.046532,3391928.708758
21.066424,3391928.542041
21.086523,3391928.373400
21.106428,3391928.204578
21.126505,3391928.035620
21.146508,3391927.866512
21.167367,3391927.697359
21.187091,3391927.528269
21.206745,3391927.359265
21.226482,3391927.190055
21.246426,3391927.020973
21.266378,3391926.853258
21.286498,3391926.683897
21.306488,3391926.514331
21.326375,3391926.344648
21.346469,3391926.174962
21.366502,3391926.005208
21.386445,3391925.835235
21.406467,3391925.665190
21.426578,3391925.494975
21.446430,3391925.324503
21.466464,3391925.159514
21.486466,3391924.989194
21.506467,3391924.818912
21.526518,3391924.648554
21.546439,3391924.478144
21.566488,3391924.307612
21.586521,3391924.137033
21.606451,3391923.966484
21.626443,3391923.795822
21.646332,3391923.624993
21.666415,3391923.437825
21.686391,3391923.266758
21.706452,3391923.095724
21.726453,3391922.924708
21.747105,3391922.753603
21.766810,3391922.582325
21.786472,3391922.411133
21.806366,3391922.239690
21.826422,3391922.068256
21.846483,3391921.896639
21.866503,3391921.724864
21.886465,3391921.542716
21.906395,3391921.370628
21.926413,3391921.198576
21.946480,3391921.026449
21.966461,3391920.854275
21.986485,3391920.682087
22.006403,3391920.509865
22.026364,3391920.337776
22.046491,3391920.165542
22.066453,3391919.990983
22.086555,3391919.818669
22.106413,3391919.646244
22.126472,3391919.473629
22.146504,3391919.301029
22.166460,3391919.128200
22.186439,3391918.955478
22.206415,3391918.782704
22.226536,3391918.609764
22.246523,3391918.436835
22.266563,3391918.264326
22.287450,3391918.091228
22.306916,3391917.918179
22.326528,3391917.744948
22.346406,3391917.571607
22.366498,3391917.398234
22.386449,3391917.224799
22.406562,3391917.051238
22.426451,3391916.877727
22.446402,3391916.704136
22.466753,3391916.526787
22.486435,3391916.353087
22.506546,3391916.179077
22.526418,3391916.005206
22.546458,3391915.831277
22.566458,3391915.657307
22.586422,3391915.483135
22.606361,3391915.308796
22.626355,3391915.134541
22.646469,3391914.960171
22.666417,3391914.765490
22.686425,3391914.590919
22.706404,3391914.416280
22.726481,3391914.241622
22.746464,3391914.066807
22.766425,3391913.891845
22.786541,3391913.716928
22.806393,3391913.541951
22.826545,3391913.366821
22.846494,3391913.191722
22.866432,3391913.016636
22.886517,3391912.851349
22.906402,3391912.676312
22.926591,3391912.501028
22.946557,3391912.325777
22.966378,3391912.150589
22.986563,3391911.975130
23.006421,3391911.799531
23.027144,3391911.623867
23.047588,3391911.448101
23.066747,3391911.270226
23.086432,3391911.094636
23.106597,3391910.919024
23.126433,3391910.743389
23.146436,3391910.567624
23.166365,3391910.392028
23.187242,3391910.216274
23.206726,3391910.040672
23.226506,3391909.864983
23.246459,3391909.689417
23.266453,3391909.510980
23.286460,3391909.335117
23.306523,3391909.159335
23.326475,3391908.983449
23.346422,3391908.807435
23.366617,3391908.631384
23.386437,3391908.455350
23.407409,3391908.279069
23.426736,3391908.102691
23.446614,3391907.926264
23.466449,3391907.741593
23.486552,3391907.565165
23.506446,3391907.388842
23.526469,3391907.212226
23.546515,3391907.035456
23.566403,3391906.858641
23.586432,3391906.681740
23.606355,3391906.504781
23.627159,3391906.327934
23.647453,3391906.150990
23.666706,3391905.975268
23.686473,3391905.798201
23.706376,3391905.621017
23.726431,3391905.443919
23.746610,3391905.266679
23.766430,3391905.089218
23.786408,3391904.911715
23.806492,3391904.734314
23.826510,3391904.556853
23.846449,3391904.379393
23.866445,3391904.201924
23.886509,3391904.018362
23.906501,3391903.840801
23.926499,3391903.662789
23.946389,3391903.485090
23.966552,3391903.307414
23.986930,3391903.129814
24.007267,3391902.952002
24.026602,3391902.774076
24.046524,3391902.596175
24.066493,3391902.416823
24.086483,3391902.238765
24.106435,3391902.060613
24.126431,3391901.882228
24.146422,3391901.703802
24.166462,3391901.525297
24.187183,3391901.346911
24.206865,3391901.168512
24.226478,3391900.990039
24.246426,3391900.811495
24.266440,3391900.643464
24.286512,3391900.465047
24.306545,3391900.286748
24.326426,3391900.108478
24.346456,3391899.930110
24.366550,3391899.751727
24.386537,3391899.573483
24.406404,3391899.395154
24.426569,3391899.216782
24.446595,3391899.038263
24.466492,3391898.867579
24.486538,3391898.689036
24.506506,3391898.510434
24.526483,3391898.331957
24.546881,3391898.153427
24.566551,3391897.974743
24.586517,3391897.795954
24.606467,3391897.617220
24.626508,3391897.438438
24.646521,3391897.259596
24.666419,3391897.076805
24.686449,3391896.897702
24.706412,3391896.718658
24.726501,3391896.539692
24.746469,3391896.360566
24.766408,3391896.181581
24.786424,3391896.002607
24.806669,3391895.823226
24.826443,3391895.643802
24.846397,3391895.464578
24.866389,3391895.285202
24.886479,3391895.106180
24.906593,3391894.926771
24.926463,3391894.747301
24.946359,3391894.567680
24.966614,3391894.388145
24.986435,3391894.208580
25.006568,3391894.028939
25.026637,3391893.849341
25.046519,3391893.669541
25.066326,3391893.497680
25.086394,3391893.317796
25.106433,3391893.137985
25.126510,3391892.958058
25.146417,3391892.778266
25.166517,3391892.598462
25.186473,3391892.418636
25.206352,3391892.238664
25.226601,3391892.058596
25.246472,3391891.878522
25.266382,3391891.684102
25.286474,3391891.503772
25.306574,3391891.323592
25.326349,3391891.143204
25.346590,3391890.962683
25.366324,3391890.782230
25.386466,3391890.601749
25.406387,3391890.421144
25.426576,3391890.240742
25.446468,3391890.060411
25.466552,3391889.878265
25.486499,3391889.697607
25.506579,3391889.516816
25.526457,3391889.336020
25.546448,3391889.155303
25.566394,3391888.974386
25.586457,3391888.793267
25.606397,3391888.612234
25.626493,3391888.431089
25.646416,3391888.250041
25.666387,3391888.058542
25.686361,3391887.877584
25.706390,3391887.696370
25.726479,3391887.514995
25.746438,3391887.333700
25.766410,3391887.152343
25.786484,3391886.971182
25.806660,3391886.789818
25.826534,3391886.608372
25.846579,3391886.426823
25.866487,3391886.245299
25.886475,3391886.071746
25.906435,3391885.890345
25.926581,3391885.708838
25.946460,3391885.527212
25.966499,3391885.345375
25.986507,3391885.163438
26.006438,3391884.981580
26.026522,3391884.799726
26.046485,3391884.617872
26.066401,3391884.435410
26.086441,3391884.253493
26.106483,3391884.071690
26.126501,3391883.889714
26.146414,3391883.707778
26.166403,3391883.525630
26.186464,3391883.343561
26.206539,3391883.161236
26.226504,3391882.978996
26.246548,3391882.796900
26.266402,3391882.614895
26.286493,3391882.425817
26.306345,3391882.243952
26.326382,3391882.062135
26.346487,3391881.880537
26.366500,3391881.699114
26.386443,3391881.518122
26.406350,3391881.337679
26.426430,3391881.157657
26.446433,3391880.977918
26.466415,3391880.789591
26.486458,3391880.610138
26.506474,3391880.430684
26.526483,3391880.251504
26.546496,3391880.072577
26.566379,3391879.893737
26.586401,3391879.715020
26.606328,3391879.536546
26.626411,3391879.358348
26.646455,3391879.180454
26.666559,3391878.997952
26.686526,3391878.820422
26.706376,3391878.643274
26.726409,3391878.466308
26.746508,3391878.289353
26.766406,3391878.112870
26.786444,3391877.936642
26.806411,3391877.760715
26.826431,3391877.584977
26.846349,3391877.409543
26.866401,3391877.234239
26.886387,3391877.042870
26.906523,3391876.867737
26.926352,3391876.692909
26.946568,3391876.518333
26.966465,3391876.343834
26.986588,3391876.169496
27.006583,3391875.995455
27.026896,3391875.821624
27.047536,3391875.648118
27.066786,3391875.477309
27.086389,3391875.304042
27.106383,3391875.131150
27.126417,3391874.958294
27.146598,3391874.785738
27.166492,3391874.613457
27.186516,3391874.441269
27.206516,3391874.269278
27.226421,3391874.097586
27.246469,3391873.926175
27.266428,3391873.753455
27.286516,3391873.582567
27.306492,3391873.411913
27.326420,3391873.241392
27.346515,3391873.071125
27.366367,3391872.901127
27.386393,3391872.731210
27.406541,3391872.561675
27.426569,3391872.392454
27.446482,3391872.223183
27.466446,3391872.061165
27.486336,3391871.892575
27.506465,3391871.724490
27.526463,3391871.556558
27.546435,3391871.388774
27.566533,3391871.221206
27.586417,3391871.053834
27.606424,3391870.886593
27.626400,3391870.719446
27.646381,3391870.552433
27.666498,3391870.385979
27.686432,3391870.219216
27.706540,3391870.052857
27.726515,3391869.886887
27.746515,3391869.721209
27.766425,3391869.555741
27.786436,3391869.390518
27.806479,3391869.225398
27.826338,3391869.060669
27.846377,3391868.896199
27.866413,3391868.731780
27.886447,3391868.564485
27.906572,3391868.400693
27.926312,3391868.237145
27.946374,3391868.073783
27.966470,3391867.910622
27.986418,3391867.747703
28.006411,3391867.585012
28.026513,3391867.422533
28.046573,3391867.260255
28.066462,3391867.099430
28.086433,3391866.937583
28.106527,3391866.775628
28.126649,3391866.614186
28.146456,3391866.452946
28.166399,3391866.291963
28.186515,3391866.131002
28.206576,3391865.970296
28.226495,3391865.809719
28.246452,3391865.649622
28.266385,3391865.487486
28.286510,3391865.327765
28.306388,3391865.168168
28.326334,3391865.008756
28.347467,3391864.849493
28.366706,3391864.690536
28.386528,3391864.531850
28.406463,3391864.373319
28.426508,3391864.215040
28.446460,3391864.056867
28.466507,3391863.912221
28.486476,3391863.754844
28.506547,3391863.597563
28.526504,3391863.440659
28.546447,3391863.284014
28.566494,3391863.127411
28.586520,3391862.970994
28.606571,3391862.814675
28.626347,3391862.658570
28.646446,3391862.502643
28.666579,3391862.344625
28.686504,3391862.189331
28.706457,3391862.034094
28.726528,3391861.879086
28.746380,3391861.724420
28.766388,3391861.570121
28.786375,3391861.416181
28.806461,3391861.262427
28.826478,3391861.108917
28.846381,3391860.955515
28.866413,3391860.802235
28.886428,3391860.649086
28.906455,3391860.493459
28.926534,3391860.340707
28.946417,3391860.188280
28.966472,3391860.036102
28.986497,3391859.884091
29.006462,3391859.732327
29.026500,3391859.580993
29.046365,3391859.430098
29.066374,3391859.277785
29.086452,3391859.127184
29.106438,3391858.976738
29.126562,3391858.826294
29.146380,3391858.676052
29.166352,3391858.526008
29.186417,3391858.376107
29.206424,3391858.226398
29.226431,3391858.076743
29.246393,3391857.927472
29.266554,3391857.779355
29.286511,3391857.630678
29.306479,3391857.482245
29.326569,3391857.334228
29.346365,3391857.186390
29.366503,3391857.038681
29.386523,3391856.891119
29.406446,3391856.743730
29.426479,3391856.596639
29.446622,3391856.449665
29.466413,3391856.291439
29.486490,3391856.144751
29.506402,3391855.998233
29.526412,3391855.852085
29.546386,3391855.706192
29.566441,3391855.560711
29.586451,3391855.415378
29.606491,3391855.270528
29.626393,3391855.125677
29.646395,3391854.981004
29.666515,3391854.849816
29.686492,3391854.705657
29.706422,3391854.561590
29.726475,3391854.417769
29.746480,3391854.274296
29.766468,3391854.130914
29.786487,3391853.987917
29.806495,3391853.845223
29.826624,3391853.702706
29.847319,3391853.560400
29.866716,3391853.418469
29.886490,3391853.273780
29.906381,3391853.132146
29.926459,3391852.990706
29.946471,3391852.849387
29.966440,3391852.708318
29.986499,3391852.567308
30.006441,3391852.426437
30.026619,3391852.285722
30.046413,3391852.145291
30.066479,3391852.002317
30.086635,3391851.862612
30.106366,3391851.723143
30.126376,3391851.583962
30.146502,3391851.444847
30.167551,3391851.305945
30.187357,3391851.167519
30.206672,3391851.029054
30.226549,3391850.890811
30.246434,3391850.752556
30.266625,3391850.616437
30.286521,3391850.478570
30.306542,3391850.340973
30.326602,3391850.203722
30.346369,3391850.066726
30.366423,3391849.930160
30.386430,3391849.793866
30.406367,3391849.657727
30.426484,3391849.521814
30.446406,3391849.386127
30.466410,3391849.247719
30.486518,3391849.112600
30.506490,3391848.977536
30.526466,3391848.842461
30.546391,3391848.707724
30.566770,3391848.573010
30.586447,3391848.438597
30.606326,3391848.304372
30.626499,3391848.170423
30.646427,3391848.036729
30.666430,3391847.916194
30.686423,3391847.783154
30.706505,3391847.650552
30.726409,3391847.518249
30.746524,3391847.386048
30.766414,3391847.254080
30.786446,3391847.122381
30.806442,3391846.990836
30.826383,3391846.859434
30.846575,3391846.728261
30.866514,3391846.597280
30.886408,3391846.468022
30.906439,3391846.337379
30.926476,3391846.206882
30.946517,3391846.076718
30.966403,3391845.946967
30.986537,3391845.817454
31.006442,3391845.688208
31.026525,3391845.559214
31.046448,3391845.430366
31.066442,3391845.301108
31.086419,3391845.172752
31.106433,3391845.044676
31.126643,3391844.916635
31.146434,3391844.788979
31.166444,3391844.661329
31.186448,3391844.533819
31.206458,3391844.406580
31.226498,3391844.279679
31.246521,3391844.152714
31.266482,3391844.030557
31.286388,3391843.904415
31.306412,3391843.778443
31.326404,3391843.652677
31.346394,3391843.527240
31.366742,3391843.401849
31.386373,3391843.276651
31.406514,3391843.151715
31.426630,3391843.026875
31.447467,3391842.902253
31.467191,3391842.785677
31.486604,3391842.661534
31.506425,3391842.537399
31.526338,3391842.413498
31.546496,3391842.289598
31.566360,3391842.165915
31.586603,3391842.042492
31.606523,3391841.919357
31.626464,3391841.796515
31.646502,3391841.673969
31.666510,3391841.548678
31.686531,3391841.426521
31.706516,3391841.304840
31.726421,3391841.183266
31.746414,3391841.062018
31.766419,3391840.940993
31.786551,3391840.820129
31.806504,3391840.699548
31.826416,3391840.578991
31.846423,3391840.458657
31.866472,3391840.338153
31.886451,3391840.220147
31.906466,3391840.100129
31.926461,3391839.980329
31.946326,3391839.860892
31.966588,3391839.741610
31.986452,3391839.622423
32.006490,3391839.503445
32.026447,3391839.384920
32.046386,3391839.266804
32.066471,3391839.144903
32.086455,3391839.027218
32.106468,3391838.909571
32.126440,3391838.792127
32.146431,3391838.674843
32.166459,3391838.557743
32.186542,3391838.440799
32.206375,3391838.324019
32.226384,3391838.207408
32.247113,3391838.090901
32.267625,3391837.969831
32.286453,3391837.853809
32.306511,3391837.738000
32.326383,3391837.622510
32.346475,3391837.507100
32.366464,3391837.391884
32.386624,3391837.276886
32.406532,3391837.162249
32.426399,3391837.047888
32.446418,3391836.933740
32.466392,3391836.818076
32.486481,3391836.704239
32.506440,3391836.590601
32.526630,3391836.476996
32.546452,3391836.363701
32.566450,3391836.250481
32.586443,3391836.137520
32.606592,3391836.024773
32.626439,3391835.912118
32.646410,3391835.799663
32.666496,3391835.685787
32.686333,3391835.573921
32.706400,3391835.462098
32.726528,3391835.350394
32.746390,3391835.239148
32.766656,3391835.128011
32.786542,3391835.017083
32.806499,3391834.906408
32.826585,3391834.795823
32.846773,3391834.685429
32.866493,3391834.575158
32.886409,3391834.465912
32.906366,3391834.356189
32.926474,3391834.246580
32.946511,3391834.136945
32.966454,3391834.027529
32.986506,3391833.918409
33.006508,3391833.809653
33.026550,3391833.701020
33.046543,3391833.592668
33.066393,3391833.496841
33.086355,3391833.388918
33.106405,3391833.281326
33.126563,3391833.173989
33.146380,3391833.066873
33.166596,3391832.959883
33.186636,3391832.853222
33.206337,3391832.746608
33.226534,3391832.640297
33.246447,3391832.534092
33.266535,3391832.419061
33.286517,3391832.313023
33.306474,3391832.207153
33.326312,3391832.101415
33.346595,3391831.995790
33.366390,3391831.890448
33.386415,3391831.785539
33.406470,3391831.680507
33.426399,3391831.575786
33.446534,3391831.471358
33.466455,3391831.359525
33.486433,3391831.255354
33.506476,3391831.151501
33.526461,3391831.047831
33.546431,3391830.944418
33.566499,3391830.841126
33.586455,3391830.737923
33.606855,3391830.634973
33.626466,3391830.532300
33.646494,3391830.429718
33.666521,3391830.320767
33.686543,3391830.218509
33.706642,3391830.116330
33.726433,3391830.014407
33.746371,3391829.912644
33.766531,3391829.811232
33.786611,3391829.709979
33.806433,3391829.608948
33.826497,3391829.508013
33.846453,3391829.407530
33.866510,3391829.307114
33.886472,3391829.213542
33.906507,3391829.113747
33.926488,3391829.014104
33.947477,3391828.914752
33.966655,3391828.815476
33.986465,3391828.716403
34.006426,3391828.617457
34.026466,3391828.518558
34.046493,3391828.419844
34.066434,3391828.320957
34.086551,3391828.222753
34.106430,3391828.124508
34.126473,3391828.026633
34.146440,3391827.928810
34.166492,3391827.831140
34.186388,3391827.734021
34.206433,3391827.636957
34.226505,3391827.540354
34.246422,3391827.443757
34.266488,3391827.341588
34.286351,3391827.245427
34.306582,3391827.149587
34.326452,3391827.053966
34.346447,3391826.958479
34.366447,3391826.863077
34.386533,3391826.767980
34.406394,3391826.672969
34.426444,3391826.578126
34.446478,3391826.483307
34.466394,3391826.390633
34.486452,3391826.296186
34.506392,3391826.201970
34.526526,3391826.107905
34.546417,3391826.013920
34.566500,3391825.920170
34.586483,3391825.826562
34.606406,3391825.733245
34.626527,3391825.640320
34.646361,3391825.547445
34.667254,3391825.445411
34.687274,3391825.352701
34.706851,3391825.260268
34.726535,3391825.167934
34.746524,3391825.075788
34.766469,3391824.984045
34.786463,3391824.892500
34.806428,3391824.801201
34.826440,3391824.710074
34.846449,3391824.619014
34.866544,3391824.528104
34.886425,3391824.437215
34.906468,3391824.340008
34.926417,3391824.249406
34.946372,3391824.159090
34.966384,3391824.068847
34.986392,3391823.978786
35.006575,3391823.888935
35.026397,3391823.799417
35.046409,3391823.710018
35.067405,3391823.627360
35.086778,3391823.538572
35.106547,3391823.449966
35.126973,3391823.361438
35.146487,3391823.272985
35.166486,3391823.184639
35.186403,3391823.096671
35.206478,3391823.008697
35.226383,3391822.921177
35.246396,3391822.833711
35.266594,3391822.759417
35.286534,3391822.672538
35.306620,3391822.585770
35.326509,3391822.499216
35.346417,3391822.412840
35.366354,3391822.326511
35.386477,3391822.240319
35.406471,3391822.154215
35.426485,3391822.068292
35.446448,3391821.982459
35.466456,3391821.885218
35.486418,3391821.799634
35.506369,3391821.714237
35.526550,3391821.629073
35.546458,3391821.544179
35.566448,3391821.459621
35.586532,3391821.375297
35.606441,3391821.290999
35.626586,3391821.207005
35.646520,3391821.123130
35.666551,3391821.026612
35.686427,3391820.943076
35.706422,3391820.859477
35.726573,3391820.776116
35.746440,3391820.692954
35.766464,3391820.609848
35.786556,3391820.526977
35.806493,3391820.444202
35.826536,3391820.361423
35.846538,3391820.278844
35.866447,3391820.196553
35.886477,3391820.118802
35.906420,3391820.036995
35.926581,3391819.955293
35.946501,3391819.873888
35.966459,3391819.792519
35.986487,3391819.711430
36.006790,3391819.630570
36.026466,3391819.550196
36.046548,3391819.470106
36.066458,3391819.389331
36.086404,3391819.309821
36.106553,3391819.230382
36.126415,3391819.151274
36.146459,3391819.072244
36.166445,3391818.993455
36.186525,3391818.914856
36.206321,3391818.836343
36.226458,3391818.758001
36.246302,3391818.679664
36.266483,3391818.597765
36.286524,3391818.519844
36.306418,3391818.442021
36.326661,3391818.364333
36.346362,3391818.286903
36.366377,3391818.209694
36.386523,3391818.132572
36.406495,3391818.055881
36.426560,3391817.979421
36.446499,3391817.902983
36.466477,3391817.825645
36.486445,3391817.749728
36.506490,3391817.674058
36.526526,3391817.598559
36.546462,3391817.523428
36.566400,3391817.448613
36.586438,3391817.373980
36.606577,3391817.299443
36.626551,3391817.225199
36.646576,3391817.151021
36.666591,3391817.074067
36.686390,3391817.000332
36.706483,3391816.926720
36.726386,3391816.853420
36.746417,3391816.780236
36.766455,3391816.707176
36.786395,3391816.634378
36.806499,3391816.561810
36.826400,3391816.489280
36.846479,3391816.417057
36.866420,3391816.344892
36.886476,3391816.265243
36.906450,3391816.193348
36.926539,3391816.121657
36.946426,3391816.050173
36.966418,3391815.978916
36.986710,3391815.907836
37.006681,3391815.837101
37.026377,3391815.766646
37.046388,3391815.696378
37.066366,3391815.638028
37.086472,3391815.568121
37.106464,3391815.498428
37.126503,3391815.428923
37.146531,3391815.359734
37.166479,3391815.290629
37.186475,3391815.221737
37.206482,3391815.152893
37.226532,3391815.084212
37.246437,3391815.015778
37.266372,3391814.953756
37.286549,3391814.885804
37.306541,3391814.817993
37.326309,3391814.750422
37.346496,3391814.682995
37.366502,3391814.615732
37.386388,3391814.548776
37.406487,3391814.482010
37.426561,3391814.415471
37.446458,3391814.349013
37.466439,3391814.275417
37.486334,3391814.209351
37.506468,3391814.143619
37.526468,3391814.078054
37.546437,3391814.012731
37.566665,3391813.947658
37.586420,3391813.882786
37.606480,3391813.818107
37.626368,3391813.753615
37.646457,3391813.689163
37.666573,3391813.621374
37.686426,3391813.557342
37.706620,3391813.493630
37.726682,3391813.430044
37.746591,3391813.366649
37.766500,3391813.303535
37.786569,3391813.240590
37.806363,3391813.177804
37.826436,3391813.115115
37.846475,3391813.052722
37.866470,3391812.990545
37.886514,3391812.928440
37.906393,3391812.866610
37.926540,3391812.805099
37.946449,3391812.743831
37.966447,3391812.682818
37.986519,3391812.622104
38.006432,3391812.561655
38.026501,3391812.501350
38.046542,3391812.441333
38.066520,3391812.384547
38.086533,3391812.324952
38.106422,3391812.265610
38.126511,3391812.206427
38.146437,3391812.147386
38.166442,3391812.088407
38.186444,3391812.029621
38.206419,3391811.971056
38.226484,3391811.912603
38.246402,3391811.854258
38.266584,3391811.796347
38.286448,3391811.738559
38.306426,3391811.680747
38.326392,3391811.623340
38.346497,3391811.566026
38.366426,3391811.509077
38.386418,3391811.452339
38.406508,3391811.395844
38.426439,3391811.339746
38.446476,3391811.283831
38.466425,3391811.227899
38.486488,3391811.172245
38.506377,3391811.116809
38.526470,3391811.061628
38.546461,3391811.006627
38.566357,3391810.951806
38.586517,3391810.897289
38.606429,3391810.842900
38.626555,3391810.788601
38.646532,3391810.734656
38.666397,3391810.679720
38.686456,3391810.626160
38.706513,3391810.572870
38.726486,3391810.519785
38.746443,3391810.466825
38.766463,3391810.414178
38.786480,3391810.361704
38.806431,3391810.309481
38.826548,3391810.257524
38.846511,3391810.205684
38.866444,3391810.154065
38.886420,3391810.100956
38.906387,3391810.049675
38.926411,3391809.998757
38.946584,3391809.947974
38.966423,3391809.897376
38.986480,3391809.847030
39.006465,3391809.796719
39.026410,3391809.746814
39.046503,3391809.696929
39.066422,3391809.656592
39.086424,3391809.607311
39.106460,3391809.558140
39.126438,3391809.509243
39.146405,3391809.460557
39.166369,3391809.412099
39.186352,3391809.363885
39.206648,3391809.315948
39.226627,3391809.268195
39.246333,3391809.220623
39.266429,3391809.185818
39.286540,3391809.138923
39.306422,3391809.092336
39.326558,3391809.046030
39.346508,3391808.999997
39.366449,3391808.954212
39.386441,3391808.908632
39.406397,3391808.863254
39.426465,3391808.818115
39.446446,3391808.773121
39.466477,3391808.734131
39.486438,3391808.689708
39.507399,3391808.645765
39.527392,3391808.601976
39.546814,3391808.558349
39.566403,3391808.515004
39.586395,3391808.471912
39.606546,3391808.429109
39.626399,3391808.386409
39.646597,3391808.344010
39.666398,3391808.305103
39.686414,3391808.263148
39.706435,3391808.221377
39.726500,3391808.179637
39.746498,3391808.138032
39.766430,3391808.096607
39.786398,3391808.055286
39.806446,3391808.014214
39.826402,3391807.973397
39.846562,3391807.932673
39.866378,3391807.892178
39.886448,3391807.851055
39.906531,3391807.810939
39.926464,3391807.771081
39.946471,3391807.731425
39.966416,3391807.692032
39.986471,3391807.652881
40.006542,3391807.614023
40.026555,3391807.575417
40.046493,3391807.537033
40.066373,3391807.505636
40.086435,3391807.468202
40.106395,3391807.431035
40.126529,3391807.394310
40.146383,3391807.357806
40.166424,3391807.321577
40.186376,3391807.285539
40.206514,3391807.249865
40.226531,3391807.214283
40.247502,3391807.178985
40.267326,3391807.137047
40.286623,3391807.101984
40.306518,3391807.067049
40.326466,3391807.032308
40.346439,3391806.997754
40.366400,3391806.963312
40.386566,3391806.929063
40.406461,3391806.894840
40.426380,3391806.861019
40.446472,3391806.827315
40.467232,3391806.797498
40.486752,3391806.764329
40.506516,3391806.731219
40.526427,3391806.698463
40.546491,3391806.665736
40.566389,3391806.633366
40.586468,3391806.601000
40.606341,3391806.569034
40.626395,3391806.537150
40.646458,3391806.505377
40.666445,3391806.476574
40.686554,3391806.445214
40.706465,3391806.414072
40.726587,3391806.383016
40.746449,3391806.352271
40.766496,3391806.321813
40.786444,3391806.291264
40.806511,3391806.261074
40.826442,3391806.231015
40.846474,3391806.201007
40.866540,3391806.171211
40.886425,3391806.147369
40.906506,3391806.117975
40.926415,3391806.088793
40.946373,3391806.059784
40.966429,3391806.030913
40.986442,3391806.002192
41.006477,3391805.973855
41.026373,3391805.945558
41.046450,3391805.917432
41.066370,3391805.890055
41.086476,3391805.862137
41.107470,3391805.834364
41.127308,3391805.806729
41.146589,3391805.779234
41.166376,3391805.751832
41.186543,3391805.724634
41.206425,3391805.697505
41.226560,3391805.670525
41.246443,3391805.643647
41.266433,3391805.615398
41.286320,3391805.588708
41.306535,3391805.562220
41.326489,3391805.535902
41.346455,3391805.509839
41.366423,3391805.483949
41.386395,3391805.458096
41.406409,3391805.432532
41.426491,3391805.407188
41.446433,3391805.381840
41.466336,3391805.354895
41.486629,3391805.329983
41.506539,3391805.305246
41.526407,3391805.280606
41.546501,3391805.256074
41.566383,3391805.231824
41.586415,3391805.207616
41.606415,3391805.183495
41.626701,3391805.159699
41.646493,3391805.135769
41.666470,3391805.112348
41.686560,3391805.088659
41.706432,3391805.065220
41.726554,3391805.041675
41.746450,3391805.018279
41.766385,3391804.995099
41.786491,3391804.971743
41.806525,3391804.948591
41.826560,3391804.925607
41.846492,3391804.902623
41.866464,3391804.876257
41.886368,3391804.853470
41.906492,3391804.830786
41.926483,3391804.808218
41.946528,3391804.785693
41.966383,3391804.763285
41.986504,3391804.741046
42.006476,3391804.718860
42.026373,3391804.696676
42.046501,3391804.674618
42.067185,3391804.648752
42.087485,3391804.626827
42.106708,3391804.605070
42.126624,3391804.583345
42.146425,3391804.561733
42.166492,3391804.540182
42.186338,3391804.518758
42.206439,3391804.497429
42.226326,3391804.476365
42.246442,3391804.455248
42.266500,3391804.434088
42.286551,3391804.413327
42.306547,3391804.392587
42.326429,3391804.371979
42.346445,3391804.351492
42.366418,3391804.331116
42.386719,3391804.310704
42.406552,3391804.290424
42.426435,3391804.270296
42.446840,3391804.250177
42.467735,3391804.223734
42.486504,3391804.203617
42.506617,3391804.183812
42.526549,3391804.164030
42.547719,3391804.144287
42.566647,3391804.124728
42.586440,3391804.105228
42.606422,3391804.085796
42.626644,3391804.066543
42.646452,3391804.047135
42.666398,3391804.035030
42.686449,3391804.015922
42.706467,3391803.996950
42.726527,3391803.978079
42.746481,3391803.959313
42.766408,3391803.940717
42.786463,3391803.922168
42.806577,3391803.903683
42.826407,3391803.885269
42.846391,3391803.866993
42.866463,3391803.848832
42.886517,3391803.838831
42.906435,3391803.820787
42.926726,3391803.802866
42.946436,3391803.785126
42.966370,3391803.767218
42.986404,3391803.749371
43.006524,3391803.731508
43.026308,3391803.713733
43.046481,3391803.696105
43.066437,3391803.676443
43.086561,3391803.659040
43.106475,3391803.641509
43.126610,3391803.624101
43.146368,3391803.606730
43.166463,3391803.589545
43.186358,3391803.572454
43.206397,3391803.555380
43.226625,3391803.538343
43.246520,3391803.521324
43.266304,3391803.502137
43.286557,3391803.485296
43.306428,3391803.468583
43.326622,3391803.451879
43.346478,3391803.435058
43.366440,3391803.418557
43.386462,3391803.402058
43.406391,3391803.385551
43.426361,3391803.369214
43.446410,3391803.352942
43.466426,3391803.338433
43.486416,3391803.322220
43.506503,3391803.306210
43.526460,3391803.290327
43.546403,3391803.274382
43.566393,3391803.258359
43.586513,3391803.242533
43.606487,3391803.226995
43.626535,3391803.211235
43.646497,3391803.195531
43.666414,3391803.172705
43.686401,3391803.157001
43.706537,3391803.141586
43.726430,3391803.126131
43.746573,3391803.110729
43.766427,3391803.095442
43.786391,3391803.080083
43.806479,3391803.064911
43.826627,3391803.049823
43.846406,3391803.034695
43.866381,3391803.019667
43.886383,3391802.998690
43.906469,3391802.983856
43.926458,3391802.969033
43.946412,3391802.954223
43.966410,3391802.939537
43.986411,3391802.924930
44.006480,3391802.910366
44.026627,3391802.895713
44.046492,3391802.881207
44.066381,3391802.863325
44.086466,3391802.848959
44.106311,3391802.834652
44.126529,3391802.820385
44.146397,3391802.806191
44.166428,3391802.792023
44.186605,3391802.777954
44.206376,3391802.763937
44.226422,3391802.749994
44.246402,3391802.736018
44.266498,3391802.712493
44.286481,3391802.698639
44.306497,3391802.684881
44.326416,3391802.671237
44.346487,3391802.657742
44.366343,3391802.644199
44.386456,3391802.630726
44.406385,3391802.617190
44.426415,3391802.603742
44.446450,3391802.590374
44.466404,3391802.577614
44.486506,3391802.564368
44.506456,3391802.551173
44.526638,3391802.537952
44.546412,3391802.524953
44.566489,3391802.512058
44.586393,3391802.499069
44.606390,3391802.486054
44.626529,3391802.473195
44.646534,3391802.460229
44.666490,3391802.449042
44.686425,3391802.436403
44.706374,3391802.423739
44.726708,3391802.411159
44.746425,3391802.398685
44.766440,3391802.386338
44.786497,3391802.373940
44.806471,3391802.361553
44.826554,3391802.349346
44.846460,3391802.337277
44.866514,3391802.325119
44.886450,3391802.313143
44.906349,3391802.301105
44.926441,3391802.289279
44.946391,3391802.277467
44.966420,3391802.265693
44.986497,3391802.253882
45.006505,3391802.242208
45.026598,3391802.230483
45.046439,3391802.218848
45.066474,3391802.200200
45.086474,3391802.188627
45.106376,3391802.177081
45.126567,3391802.165450
45.146483,3391802.153929
45.166469,3391802.142459
45.186517,3391802.131151
45.206358,3391802.119775
45.226387,3391802.108575
45.246453,3391802.097376
45.266405,3391802.090806
45.286354,3391802.079793
45.306447,3391802.068788
45.326475,3391802.057725
45.346564,3391802.046725
45.366444,3391802.035779
45.386416,3391802.024982
45.406440,3391802.014166
45.426383,3391802.003512
45.446428,3391801.992835
45.466511,3391801.981947
45.486516,3391801.971523
45.506596,3391801.960996
45.526473,3391801.950611
45.546363,3391801.940156
45.566445,3391801.929838
45.586588,3391801.919643
45.606458,3391801.909448
45.626495,3391801.899233
45.646500,3391801.889047
45.666422,3391801.874251
45.686441,3391801.864295
45.706371,3391801.854328
45.726493,3391801.844492
45.746462,3391801.834609
45.766435,3391801.824724
45.786433,3391801.814881
45.806361,3391801.805159
45.826550,3391801.795414
45.846499,3391801.785795
45.866427,3391801.776172
45.886451,3391801.764958
45.906374,3391801.755280
45.926554,3391801.745809
45.946489,3391801.736428
45.966496,3391801.726905
45.986459,3391801.717552
46.006356,3391801.708105
46.026435,3391801.698792
46.046519,3391801.689648
46.066604,3391801.673922
46.086426,3391801.664787
46.106442,3391801.655650
46.126382,3391801.646555
46.146439,3391801.637398
46.166399,3391801.628431
46.186435,3391801.619489
46.206438,3391801.610481
46.227180,3391801.601618
46.247737,3391801.592711
46.266648,3391801.587743
46.286625,3391801.579137
46.306482,3391801.570448
46.326406,3391801.561866
46.346445,3391801.553186
46.366811,3391801.544667
46.386619,3391801.536139
46.406619,3391801.527760
46.426586,3391801.519325
46.446472,3391801.511044
46.466476,3391801.504198
46.486535,3391801.495814
46.506497,3391801.487479
46.526489,3391801.479248
46.546532,3391801.471125
46.566559,3391801.462881
46.586411,3391801.454721
46.606598,3391801.446687
46.626593,3391801.438658
46.646424,3391801.430773
46.666379,3391801.419068
46.686479,3391801.411171
46.706490,3391801.403199
46.726511,3391801.395357
46.746436,3391801.387484
46.766398,3391801.379788
46.786443,3391801.372034
46.806432,3391801.364363
46.826500,3391801.356759
46.846408,3391801.349079
46.866497,3391801.341618
46.886414,3391801.335539
46.906496,3391801.328076
46.926454,3391801.320780
46.946420,3391801.313582
46.966438,3391801.306434
46.986393,3391801.299301
47.006397,3391801.292056
47.026421,3391801.284996
47.046399,3391801.277942
47.066439,3391801.264270
47.086385,3391801.257367
47.106440,3391801.250591
47.126449,3391801.243715
47.146340,3391801.236996
47.166365,3391801.230414
47.186579,3391801.223879
47.206408,3391801.217323
47.226456,3391801.210770
47.246439,3391801.204200
47.266520,3391801.203977
47.286422,3391801.197647
47.306409,3391801.191349
47.326458,3391801.185040
47.346455,3391801.179022
47.366371,3391801.172862
47.386400,3391801.166869
47.406475,3391801.160867
47.426492,3391801.154840
47.446501,3391801.148917
47.466475,3391801.140565
47.486444,3391801.134638
47.506546,3391801.128752
47.526357,3391801.123058
47.546422,3391801.117249
47.566521,3391801.111640
47.586400,3391801.106089
47.606506,3391801.100624
47.626489,3391801.095233
47.646466,3391801.089783
47.667049,3391801.083385
47.686512,3391801.078024
47.706452,3391801.072650
47.726569,3391801.067308
47.746494,3391801.061992
47.766480,3391801.056790
47.786380,3391801.051710
47.806510,3391801.046603
47.826482,3391801.041500
47.846413,3391801.036447
47.867367,3391801.031479
47.886972,3391801.030507
47.906477,3391801.025746
47.926524,3391801.020954
47.946459,3391801.016173
47.966431,3391801.011382
47.986968,3391801.006596
48.007042,3391801.001810
48.026548,3391800.997105
48.046500,3391800.992558
48.066373,3391800.984093
48.086515,3391800.979603
48.106500,3391800.975102
48.126568,3391800.970729
48.146540,3391800.966269
48.166541,3391800.961942
48.186457,3391800.957700
48.206376,3391800.953507
48.226419,3391800.949236
48.246391,3391800.945003
48.266567,3391800.937740
48.286505,3391800.933710
48.306473,3391800.929766
48.326533,3391800.925997
48.346482,3391800.922125
48.366434,3391800.918378
48.386444,3391800.914608
48.406446,3391800.910999
48.426596,3391800.907446
48.446513,3391800.903884
48.466776,3391800.898591
48.486542,3391800.895187
48.506510,3391800.891848
48.526319,3391800.888571
48.546482,3391800.885299
48.566427,3391800.881989
48.586434,3391800.878816
48.606475,3391800.875686
48.626457,3391800.872693
48.646523,3391800.869725
48.666436,3391800.866777
48.686584,3391800.864020
48.706513,3391800.861280
48.726619,3391800.858551
48.746455,3391800.855774
48.766478,3391800.853222
48.786444,3391800.850646
48.806466,3391800.848187
48.826459,3391800.845808
48.846402,3391800.843404
48.866541,3391800.840983
48.886553,3391800.842010
48.906397,3391800.839918
48.926513,3391800.837772
48.946395,3391800.835710
48.966433,3391800.833635
48.986450,3391800.831587
49.006382,3391800.829662
49.026500,3391800.827853
49.046501,3391800.825946
49.066458,3391800.821724
49.086453,3391800.819881
49.106390,3391800.818093
49.126461,3391800.816323
49.146588,3391800.814684
49.166440,3391800.813118
49.186579,3391800.811602
49.206367,3391800.810136
49.226510,3391800.808633
49.246477,3391800.807188
49.266500,3391800.806511
49.286405,3391800.805099
49.306425,3391800.803807
49.326507,3391800.802560
49.346515,3391800.801327
49.366411,3391800.800098
49.386528,3391800.798884
49.406486,3391800.797716
49.426381,3391800.796524
49.446528,3391800.795515
49.466392,3391800.794215
49.486523,3391800.793200
49.506424,3391800.792293
49.526389,3391800.791341
49.546347,3391800.790460
49.566526,3391800.789559
49.586426,3391800.788814
49.606303,3391800.788171
49.626476,3391800.787515
49.646541,3391800.786894
49.666453,3391800.786349
49.686411,3391800.785780
49.706505,3391800.785213
49.726554,3391800.784694
49.747157,3391800.784348
49.766787,3391800.783994
49.786434,3391800.783615
49.806454,3391800.783286
49.826538,3391800.782957
49.846552,3391800.782679
49.866393,3391800.782308
49.886398,3391800.785406
49.906537,3391800.785191
49.926597,3391800.784975
49.946493,3391800.784545
49.966465,3391800.784256
49.986497,3391800.784035
50.006414,3391800.783854
50.026415,3391800.783571
50.046468,3391800.783339
50.066438,3391800.785694
50.086501,3391800.785476
50.106593,3391800.785296
50.126327,3391800.785020
50.146522,3391800.784725
50.166447,3391800.784466
50.186383,3391800.784199
50.206452,3391800.783809
50.226482,3391800.783524
50.246522,3391800.783226
50.266509,3391800.781105
50.286419,3391800.780704
50.306406,3391800.780481
50.326566,3391800.780094
50.346416,3391800.779843
50.366372,3391800.779441
50.386367,3391800.779123
50.406402,3391800.778819
50.426450,3391800.778517
50.446456,3391800.778189
50.466520,3391800.777638
50.486399,3391800.777329
50.506372,3391800.777014
50.526487,3391800.776723
50.546482,3391800.776377
50.566583,3391800.776110
50.586310,3391800.775727
50.606571,3391800.775415
50.626447,3391800.775119
50.646509,3391800.774820
50.666408,3391800.784266
50.686539,3391800.783969
50.706460,3391800.783802
50.726606,3391800.783494
50.746403,3391800.783310
50.766524,3391800.783042
50.786468,3391800.782810
50.806492,3391800.782506
50.826429,3391800.782214
50.846583,3391800.781998
50.866374,3391800.781734
50.886431,3391800.776751
50.906508,3391800.776518
50.926479,3391800.776285
50.946489,3391800.776037
50.966351,3391800.775785
50.986476,3391800.775530
51.006435,3391800.775299
51.026430,3391800.775027
51.046613,3391800.774782
51.066445,3391800.776089
51.086432,3391800.775776
51.106391,3391800.775557
51.126418,3391800.775397
51.146310,3391800.775116
51.166507,3391800.774839
51.186407,3391800.774674
51.206421,3391800.774325
51.226662,3391800.774150
51.246473,3391800.773860
51.266425,3391800.776503
51.286490,3391800.776220
51.306504,3391800.775966
51.326462,3391800.775761
51.346534,3391800.775557
51.366510,3391800.775289
51.386499,3391800.775024
51.406400,3391800.774817
51.426470,3391800.774586
51.446597,3391800.774351
51.466389,3391800.773794
51.486583,3391800.773533
51.506439,3391800.773268
51.526456,3391800.773047
51.546397,3391800.772804
51.566340,3391800.772383
51.586509,3391800.772147
51.607281,3391800.771930
51.626980,3391800.771635
51.646445,3391800.771411
51.666404,3391800.771279
51.686381,3391800.770974
51.706378,3391800.770824
51.726441,3391800.770597
51.746372,3391800.770367
51.766471,3391800.770180
51.786453,3391800.770011
51.806519,3391800.769674
51.826488,3391800.769431
51.846471,3391800.769136
51.866426,3391800.768823
51.886366,3391800.762587
51.906440,3391800.762165
51.926388,3391800.761808
51.946450,3391800.761456
51.966388,3391800.761139
51.986461,3391800.761036
52.006390,3391800.760758
52.026448,3391800.760552
52.046342,3391800.760403
52.066473,3391800.768046
52.086434,3391800.767743
52.106452,3391800.767660
52.126611,3391800.767409
52.146385,3391800.767107
52.166534,3391800.766940
52.186398,3391800.766634
52.206406,3391800.766355
52.226602,3391800.765984
52.246491,3391800.765639
52.266478,3391800.768690
52.286467,3391800.768491
52.306446,3391800.768289
52.326465,3391800.768134
52.346467,3391800.767938
52.366444,3391800.767787
52.386388,3391800.767622
52.406547,3391800.767407
52.426463,3391800.767005
52.446383,3391800.766917
52.466360,3391800.767248
52.486470,3391800.767030
52.506507,3391800.766935
52.526464,3391800.766657
52.546519,3391800.766534
52.567494,3391800.766302
52.586972,3391800.766090
52.606454,3391800.765890
52.626395,3391800.765752
52.646461,3391800.765610
52.666403,3391800.765408
52.686493,3391800.765268
52.706373,3391800.765109
52.726395,3391800.764998
52.746436,3391800.764856
52.766469,3391800.764713
52.786423,3391800.764546
52.806405,3391800.764352
52.826525,3391800.764217
52.846412,3391800.763975
52.866601,3391800.763799
52.886501,3391800.761439
52.906557,3391800.761242
52.926581,3391800.761109
52.946450,3391800.760892
52.966504,3391800.760793
52.986479,3391800.760537
53.006406,3391800.760177
53.026452,3391800.759982
53.046442,3391800.759622
53.066436,3391800.761633
53.086485,3391800.761449
53.106461,3391800.761290
53.126372,3391800.761103
53.146326,3391800.761065
53.166498,3391800.760760
53.186599,3391800.760590
53.207235,3391800.760478
53.226849,3391800.760230
53.246410,3391800.760086
53.266471,3391800.757708
53.286339,3391800.757509
53.306458,3391800.757348
53.326480,3391800.757119
53.346338,3391800.756909
53.366395,3391800.756660
53.386376,3391800.756512
53.406399,3391800.756297
53.426422,3391800.756115
53.446494,3391800.755942
53.466804,3391800.756461
53.486494,3391800.756252
53.506422,3391800.756038
53.526557,3391800.755875
53.546909,3391800.755670
53.566382,3391800.755415
53.586483,3391800.755239
53.606455,3391800.755098
53.626553,3391800.754930
53.646466,3391800.754794
53.666525,3391800.758013
53.686488,3391800.757814
53.706407,3391800.757662
53.726402,3391800.757507
53.746485,3391800.757346
53.766455,3391800.757215
53.786437,3391800.757024
53.806899,3391800.756889
53.827101,3391800.756647
53.846579,3391800.756622
53.866446,3391800.756399
53.886490,3391800.759274
53.906434,3391800.759148
53.926365,3391800.758895
53.946616,3391800.758821
53.966367,3391800.758576
53.986494,3391800.758384
54.006315,3391800.758264
54.026485,3391800.758063
54.046511,3391800.757874
