0.231472,30.642884
0.251300,30.642884
0.271308,30.642884
0.292402,30.642884
0.311263,30.642884
0.332301,30.642884
0.352263,30.642884
0.372193,30.642884
0.392281,30.642884
0.412143,30.642884
0.432184,30.642884
0.452177,30.642884
0.472111,30.642884
0.492044,30.642884
0.512074,30.642884
0.532101,30.642884
0.552065,30.642884
0.572081,30.642884
0.592056,30.642884
0.612185,30.642884
0.632079,30.642884
0.652102,30.642884
0.672137,30.642884
0.692028,30.642884
0.712005,30.642884
0.731991,30.642884
0.751978,30.642884
0.772038,30.642884
0.791960,30.642884
0.811973,30.642884
0.831958,30.642884
0.852623,30.642884
0.872081,30.642884
0.891931,30.642884
0.911834,30.642884
0.931795,30.642884
0.951832,30.642884
0.971942,30.642884
0.991896,30.642884
1.011828,30.642884
1.031857,30.642884
1.051832,30.642884
1.071803,30.642884
1.091811,30.642884
1.111749,30.642884
1.131730,30.642884
1.151674,30.642884
1.171774,30.642884
1.191627,30.642884
1.211620,30.642884
1.231624,30.642884
1.251597,30.642884
1.271635,30.642884
1.291582,30.642884
1.311713,30.642884
1.331622,30.642884
1.351648,30.642884
1.371567,30.642884
1.392115,30.642884
1.411496,30.642884
1.431551,30.642884
1.451516,30.642884
1.471501,30.642884
1.491475,30.642884
1.511547,30.642884
1.531425,30.642884
1.551515,30.642884
1.571496,30.642884
1.591350,30.642884
1.611493,30.642884
1.631551,30.642884
1.651409,30.642884
1.671454,30.642884
1.692387,30.642884
1.711560,30.642884
1.731368,30.642884
1.751381,30.642884
1.771272,30.642884
1.791296,30.642884
1.811254,30.642884
1.831290,30.642884
1.851221,30.642884
1.872228,30.642884
1.892256,30.642884
1.912243,30.642884
1.932249,30.642884
1.952313,30.642884
1.972258,30.642884
1.992213,30.642884
2.012203,30.642884
2.032157,30.642884
2.052172,30.642884
2.072048,30.642884
2.092162,30.642884
2.112137,30.642884
2.132154,30.642884
2.152068,30.642884
2.172104,30.642884
2.192042,30.642884
2.212122,30.642884
2.232014,30.642884
2.252038,30.642884
2.272170,30.642884
2.292007,30.642884
2.311956,30.642884
2.332224,30.642884
2.351935,30.642884
2.371973,30.642884
2.391993,30.642884
2.411921,30.642884
2.431844,30.642884
2.451927,30.642884
2.471967,30.642884
2.492004,30.642884
2.512791,30.642884
2.532268,30.642884
2.551852,30.642884
2.571911,30.642884
2.591956,30.642884
2.611814,30.642883
2.631821,30.642883
2.651819,30.642883
2.671815,30.642883
2.691788,30.642883
2.711880,30.642883
2.731794,30.642883
2.752098,30.642883
2.771791,30.642883
2.791715,30.642883
2.811744,30.642883
2.831675,30.642882
2.851721,30.642882
2.871708,30.642882
2.892341,30.642882
2.912794,30.642882
2.931808,30.642882
2.951643,30.642881
2.971609,30.642881
2.991653,30.642881
3.011591,30.642881
3.031535,30.642880
3.051537,30.642880
3.071503,30.642880
3.091527,30.642880
3.111487,30.642879
3.131548,30.642879
3.151607,30.642879
3.171430,30.642879
3.191486,30.642878
3.211571,30.642878
3.231511,30.642878
3.251424,30.642877
3.271375,30.642877
3.291389,30.642877
3.311431,30.642876
3.331345,30.642876
3.351403,30.642876
3.372400,30.642875
3.391404,30.642875
3.411462,30.642874
3.431467,30.642874
3.451333,30.642874
3.472358,30.642873
3.492310,30.642873
3.512282,30.642873
3.532394,30.642872
3.552325,30.642872
3.572210,30.642871
3.592275,30.642871
3.612205,30.642871
3.632399,30.642870
3.652234,30.642870
3.672195,30.642869
3.692281,30.642869
3.712269,30.642868
3.732193,30.642868
3.752145,30.642868
3.772128,30.642867
3.792137,30.642867
3.812383,30.642866
3.832173,30.642866
3.852150,30.642865
3.872270,30.642865
3.892095,30.642864
3.912148,30.642864
3.932056,30.642863
3.952096,30.642863
3.972041,30.642862
3.992029,30.642862
4.012055,30.642862
4.032001,30.642861
4.051996,30.642861
4.071996,30.642860
4.092040,30.642860
4.111945,30.642859
4.132051,30.642859
4.151984,30.642858
4.171915,30.642857
4.192049,30.642857
4.211873,30.642856
4.231911,30.642856
4.251953,30.642855
4.271860,30.642855
4.291978,30.642854
4.311861,30.642853
4.331893,30.642853
4.351864,30.642852
4.371886,30.642852
4.391908,30.642851
4.411907,30.642851
4.431738,30.642850
4.451765,30.642849
4.471754,30.642849
4.491770,30.642848
4.511891,30.642848
4.531796,30.642847
4.551811,30.642846
4.571817,30.642846
4.591867,30.642845
4.611711,30.642845
4.631746,30.642844
4.651685,30.642843
4.671701,30.642843
4.691665,30.642842
4.711745,30.642841
4.731694,30.642841
4.751606,30.642840
4.771607,30.642839
4.791604,30.642839
4.811627,30.642838
4.831827,30.642837
4.851597,30.642837
4.871593,30.642836
4.891606,30.642835
4.911494,30.642835
4.931510,30.642834
4.951491,30.642833
4.971514,30.642833
4.991503,30.642832
5.011513,30.642831
5.031561,30.642830
5.051507,30.642830
5.071495,30.642829
5.091446,30.642828
5.111477,30.642827
5.131430,30.642827
5.152539,30.642826
5.171392,30.642825
5.192473,30.642824
5.212450,30.642824
5.231505,30.642823
5.252439,30.642822
5.271319,30.642821
5.292308,30.642821
5.312372,30.642820
5.332258,30.642819
5.352288,30.642818
5.372266,30.642818
5.392916,30.642817
5.412253,30.642816
5.432271,30.642815
5.452371,30.642814
5.472408,30.642814
5.492180,30.642813
5.512574,30.642812
5.532283,30.642811
5.552145,30.642810
5.572153,30.642810
5.592137,30.642809
5.612164,30.642808
5.632109,30.642807
5.652078,30.642806
5.672760,30.642806
5.692160,30.642805
5.712078,30.642804
5.732025,30.642803
5.752059,30.642802
5.772117,30.642802
5.792076,30.642801
5.811966,30.642800
5.832056,30.642799
5.851973,30.642798
5.871942,30.642797
5.891959,30.642797
5.911974,30.642796
5.931972,30.642795
5.951923,30.642794
5.971866,30.642793
5.991837,30.642792
6.011832,30.642791
6.032027,30.642791
6.051834,30.642790
6.071824,30.642789
6.091851,30.642788
6.112011,30.642787
6.131820,30.642786
6.151805,30.642785
6.171817,30.642785
6.191711,30.642784
6.211909,30.642783
6.231730,30.642782
6.251780,30.642781
6.271764,30.642780
6.291708,30.642779
6.311695,30.642778
6.331627,30.642777
6.351626,30.642776
6.371680,30.642776
6.391685,30.642775
6.411535,30.642774
6.431654,30.642773
6.451602,30.642772
6.471571,30.642771
6.491634,30.642770
6.511468,30.642769
6.532072,30.642768
6.551630,30.642767
6.571624,30.642766
6.591464,30.642765
6.611493,30.642764
6.631425,30.642763
6.651420,30.642763
6.671407,30.642762
6.692505,30.642761
6.711379,30.642760
6.731428,30.642759
6.751461,30.642758
6.771450,30.642757
6.792416,30.642756
6.812509,30.642755
6.831538,30.642754
6.852427,30.642753
6.871343,30.642752
6.892331,30.642751
6.911223,30.642750
6.932290,30.642749
6.952379,30.642748
6.972228,30.642747
6.992261,30.642746
7.012205,30.642745
7.032509,30.642744
7.052298,30.642743
7.072367,30.642742
7.092209,30.642741
7.112288,30.642740
7.132487,30.642739
7.152152,30.642738
7.172182,30.642737
7.192136,30.642736
7.212064,30.642735
7.232113,30.642734
7.252047,30.642733
7.272058,30.642732
7.292006,30.642731
7.312046,30.642730
7.332112,30.642729
7.352011,30.642728
7.372024,30.642727
7.392295,30.642726
7.411946,30.642725
7.432002,30.642724
7.451946,30.642723
7.471965,30.642722
7.492015,30.642721
7.512013,30.642720
7.531998,30.642719
7.551985,30.642718
7.571903,30.642717
7.591858,30.642716
7.611852,30.642715
7.631911,30.642714
7.652138,30.642713
7.671801,30.642712
7.691913,30.642711
7.711893,30.642709
7.731868,30.642708
7.751817,30.642707
7.771814,30.642706
7.791796,30.642705
7.811725,30.642704
7.831737,30.642703
7.851824,30.642702
7.871735,30.642701
7.891706,30.642700
7.911835,30.642699
7.931690,30.642698
7.951657,30.642697
7.971657,30.642696
7.991687,30.642695
8.011650,30.642693
8.031731,30.642692
8.051732,30.642691
8.071671,30.642690
8.091577,30.642689
8.111590,30.642688
8.131557,30.642687
8.151567,30.642686
8.171530,30.642685
8.191689,30.642684
8.211530,30.642682
8.231576,30.642681
8.251451,30.642680
8.271604,30.642679
8.292059,30.642678
8.311599,30.642677
8.331532,30.642676
8.351586,30.642675
8.371480,30.642674
8.391400,30.642672
8.411423,30.642671
8.431515,30.642670
8.451374,30.642669
8.472366,30.642668
8.492361,30.642667
8.511504,30.642666
8.532441,30.642664
8.552380,30.642663
8.572367,30.642662
8.592787,30.642661
8.612599,30.642660
8.632371,30.642659
8.652353,30.642658
8.672474,30.642656
8.692248,30.642655
8.712304,30.642654
8.732200,30.642653
8.752299,30.642652
8.772199,30.642651
8.792176,30.642650
8.812565,30.642648
8.832268,30.642647
8.852152,30.642646
8.872257,30.642645
8.892105,30.642644
8.912212,30.642643
8.932128,30.642641
8.952083,30.642640
8.972059,30.642639
8.992154,30.642638
9.012104,30.642637
9.032283,30.642636
9.052014,30.642634
9.072084,30.642633
9.092078,30.642632
9.112012,30.642631
9.132105,30.642630
9.151947,30.642628
9.171960,30.642627
9.192008,30.642626
9.211946,30.642625
9.232004,30.642624
9.251919,30.642622
9.271881,30.642621
9.291854,30.642620
9.311957,30.642619
9.331883,30.642618
9.351859,30.642616
9.371834,30.642615
9.391785,30.642614
9.411907,30.642613
9.431793,30.642611
9.451790,30.642610
9.471837,30.642609
9.491784,30.642608
9.511738,30.642607
9.531746,30.642605
9.551781,30.642604
9.571826,30.642603
9.591689,30.642602
9.611800,30.642600
9.631753,30.642599
9.651690,30.642598
9.671746,30.642597
9.691695,30.642595
9.711661,30.642594
9.731622,30.642593
9.751594,30.642592
9.771595,30.642590
9.791533,30.642589
9.811590,30.642588
9.831668,30.642586
9.851539,30.642585
9.871602,30.642584
9.891534,30.642583
9.911602,30.642581
9.931513,30.642580
9.951711,30.642579
9.971545,30.642577
9.991616,30.642576
10.011503,30.642575
10.031456,30.642574
10.051400,30.642572
10.071425,30.642571
10.091501,30.642570
10.111441,30.642569
10.131392,30.642567
10.151353,30.642566
10.172345,30.642565
10.192351,30.642563
10.211481,30.642562
10.232385,30.642561
10.252308,30.642560
10.272476,30.642558
10.292379,30.642557
10.312352,30.642556
10.332282,30.642554
10.352865,30.642553
10.372672,30.642552
10.392320,30.642550
10.412319,30.642549
10.432213,30.642548
10.452289,30.642546
10.472228,30.642545
10.492204,30.642544
10.512213,30.642542
10.532491,30.642541
10.552170,30.642540
10.572153,30.642538
10.592225,30.642537
10.612170,30.642536
10.632140,30.642535
10.652090,30.642533
10.672091,30.642532
10.692122,30.642531
10.712099,30.642529
10.732019,30.642528
10.752181,30.642527
10.772008,30.642525
10.792000,30.642524
10.812001,30.642523
10.831999,30.642521
10.851954,30.642520
10.872052,30.642519
10.891934,30.642517
10.911991,30.642516
10.932100,30.642515
10.951881,30.642513
10.971899,30.642512
10.991900,30.642510
11.011911,30.642509
11.031874,30.642508
11.051891,30.642506
11.071904,30.642505
11.091888,30.642504
11.111807,30.642502
11.131805,30.642501
11.151813,30.642500
11.171769,30.642498
11.191830,30.642497
11.211868,30.642495
11.231850,30.642494
11.251727,30.642493
11.271784,30.642491
11.291709,30.642490
11.311726,30.642489
11.331649,30.642487
11.351712,30.642486
11.371685,30.642484
11.391706,30.642483
11.411606,30.642482
11.431622,30.642480
11.451685,30.642479
11.471646,30.642478
11.491620,30.642476
11.511669,30.642475
11.531734,30.642473
11.551668,30.642472
11.571548,30.642471
11.591666,30.642469
11.611555,30.642468
11.631582,30.642466
11.651527,30.642465
11.671592,30.642464
11.691557,30.642462
11.711626,30.642461
11.731516,30.642459
11.751528,30.642458
11.771469,30.642457
11.792402,30.642455
11.811440,30.642454
11.831544,30.642452
11.851447,30.642451
11.871600,30.642449
11.892408,30.642448
11.911350,30.642447
11.932371,30.642445
11.952407,30.642444
11.972399,30.642442
11.992389,30.642441
12.012392,30.642439
12.032346,30.642438
12.052259,30.642437
12.072332,30.642435
12.092315,30.642434
12.112283,30.642432
12.132366,30.642431
12.152254,30.642429
12.172214,30.642428
12.192374,30.642427
12.212285,30.642425
12.232280,30.642424
12.252251,30.642422
12.272180,30.642421
12.292172,30.642419
12.312187,30.642418
12.332158,30.642416
12.352122,30.642415
12.372165,30.642414
12.392092,30.642412
12.412089,30.642411
12.432066,30.642409
12.452031,30.642408
12.472186,30.642406
12.492660,30.642405
12.512265,30.642403
12.532028,30.642402
12.551976,30.642400
12.572015,30.642399
12.592123,30.642397
12.611996,30.642396
12.632331,30.642395
12.651993,30.642393
12.671935,30.642392
12.691896,30.642390
12.711922,30.642389
12.732202,30.642387
12.751996,30.642386
12.772034,30.642384
12.791934,30.642383
12.811871,30.642381
12.831927,30.642380
12.851844,30.642378
12.871903,30.642377
12.891938,30.642375
12.911867,30.642374
12.931888,30.642372
12.951813,30.642371
12.971777,30.642369
12.991835,30.642368
13.011713,30.642366
13.031711,30.642365
13.051687,30.642363
13.071649,30.642362
13.092040,30.642360
13.111689,30.642359
13.131684,30.642357
13.151766,30.642356
13.171667,30.642354
13.191733,30.642353
13.211621,30.642351
13.231613,30.642350
13.251634,30.642348
13.271590,30.642347
13.291565,30.642345
13.311604,30.642344
13.331569,30.642342
13.351663,30.642341
13.371606,30.642339
13.391537,30.642338
13.411553,30.642336
13.431507,30.642335
13.451477,30.642333
13.471663,30.642332
13.491479,30.642330
13.511505,30.642329
13.531452,30.642327
13.551544,30.642326
13.571465,30.642324
13.591462,30.642323
13.611423,30.642321
13.631494,30.642320
13.651380,30.642318
13.672479,30.642317
13.692362,30.642315
13.712732,30.642314
13.732411,30.642312
13.752388,30.642311
13.772385,30.642309
13.792452,30.642308
13.812403,30.642306
13.832377,30.642305
13.852257,30.642303
13.872308,30.642302
13.892315,30.642300
13.912292,30.642299
13.933146,30.642297
13.952413,30.642296
13.972257,30.642294
13.992196,30.642293
14.012191,30.642291
14.032214,30.642290
14.052230,30.642288
14.072194,30.642286
14.092127,30.642285
14.112235,30.642283
14.132219,30.642282
14.152089,30.642280
14.172064,30.642279
14.192087,30.642277
14.212039,30.642276
14.232023,30.642274
14.252010,30.642273
14.272044,30.642271
14.292065,30.642270
14.312030,30.642268
14.331979,30.642266
14.352066,30.642265
14.371910,30.642263
14.391929,30.642262
14.411962,30.642260
14.432426,30.642259
14.451929,30.642257
14.471958,30.642256
14.492010,30.642254
14.511891,30.642252
14.531960,30.642251
14.551944,30.642249
14.571875,30.642248
14.591936,30.642246
14.611841,30.642245
14.631865,30.642243
14.651937,30.642242
14.671852,30.642240
14.691767,30.642238
14.711802,30.642237
14.731898,30.642235
14.751932,30.642234
14.771802,30.642232
14.791908,30.642231
14.811764,30.642229
14.831700,30.642228
14.851763,30.642226
14.871756,30.642224
14.891750,30.642223
14.911750,30.642221
14.931684,30.642220
14.951926,30.642218
14.971650,30.642217
14.991680,30.642215
15.011691,30.642213
15.031837,30.642212
15.051605,30.642210
15.071725,30.642209
15.091783,30.642207
15.111689,30.642206
15.131659,30.642204
15.151546,30.642202
15.171542,30.642201
15.191550,30.642199
15.211575,30.642198
15.231576,30.642196
15.251539,30.642195
15.271551,30.642193
15.291490,30.642191
15.311455,30.642190
15.331715,30.642188
15.351503,30.642187
15.371454,30.642185
15.392584,30.642183
15.411380,30.642182
15.432541,30.642180
15.452380,30.642179
15.472497,30.642177
15.492458,30.642175
15.512528,30.642174
15.532439,30.642172
15.552411,30.642171
15.572458,30.642169
15.592318,30.642167
15.612387,30.642166
15.632305,30.642164
15.652425,30.642163
15.672311,30.642161
15.692267,30.642159
15.712488,30.642158
15.732214,30.642156
15.752291,30.642155
15.772249,30.642153
15.792163,30.642151
15.812248,30.642150
15.832203,30.642148
15.852233,30.642147
15.872193,30.642145
15.892144,30.642143
15.912143,30.642142
15.932143,30.642140
15.952115,30.642139
15.972169,30.642137
15.992170,30.642135
16.012129,30.642134
16.032232,30.642132
16.052020,30.642130
16.072059,30.642129
16.091955,30.642127
16.112048,30.642126
16.132098,30.642124
16.152000,30.642122
16.171990,30.642121
16.192108,30.642119
16.212025,30.642118
16.232068,30.642116
16.252025,30.642114
16.271954,30.642113
16.292051,30.642111
16.311896,30.642109
16.331924,30.642108
16.351974,30.642106
16.371974,30.642105
16.391965,30.642103
16.411862,30.642101
16.431816,30.642100
16.451751,30.642098
16.471812,30.642096
16.491842,30.642095
16.511840,30.642093
16.531766,30.642092
16.551804,30.642090
16.571732,30.642088
16.591752,30.642087
16.612081,30.642085
16.631801,30.642083
16.651767,30.642082
16.671762,30.642080
16.691653,30.642078
16.711864,30.642077
16.731619,30.642075
16.751716,30.642074
16.771737,30.642072
16.791589,30.642070
16.811615,30.642069
16.831606,30.642067
16.851650,30.642065
16.871664,30.642064
16.891514,30.642062
16.911550,30.642060
16.931595,30.642059
16.951461,30.642057
16.971494,30.642055
16.991774,30.642054
17.011442,30.642052
17.031555,30.642050
17.051492,30.642049
17.072461,30.642047
17.092592,30.642045
17.111485,30.642044
17.132409,30.642042
17.152485,30.642040
17.172470,30.642039
17.192436,30.642037
17.212357,30.642035
17.233328,30.642034
17.253141,30.642032
17.272511,30.642030
17.292406,30.642029
17.312595,30.642027
17.332322,30.642025
17.352271,30.642024
17.372218,30.642022
17.392223,30.642020
17.412390,30.642019
17.432187,30.642017
17.452157,30.642015
17.472180,30.642014
17.492112,30.642012
17.512177,30.642010
17.532210,30.642009
17.552120,30.642007
17.572162,30.642005
17.592178,30.642004
17.612233,30.642002
17.632235,30.642000
17.652044,30.641998
17.672179,30.641997
17.692027,30.641995
17.712015,30.641993
17.732134,30.641992
17.752018,30.641990
17.772075,30.641988
17.792126,30.641987
17.812061,30.641985
17.832049,30.641983
17.852028,30.641981
17.872101,30.641980
17.891983,30.641978
17.911906,30.641976
17.932024,30.641975
17.951958,30.641973
17.971900,30.641971
17.992027,30.641970
18.011896,30.641968
18.031871,30.641966
18.051895,30.641964
18.071853,30.641963
18.091863,30.641961
18.111845,30.641959
18.131864,30.641958
18.151743,30.641956
18.171783,30.641954
18.191800,30.641953
18.211757,30.641951
18.231701,30.641949
18.251713,30.641948
18.271724,30.641946
18.291634,30.641944
18.311919,30.641942
18.331938,30.641941
18.351870,30.641939
18.371674,30.641937
18.391666,30.641936
18.411598,30.641934
18.431619,30.641932
18.451556,30.641930
18.471672,30.641929
18.491760,30.641927
18.511596,30.641925
18.531595,30.641924
18.551544,30.641922
18.571659,30.641920
18.592631,30.641918
18.611527,30.641917
18.631464,30.641915
18.651576,30.641913
18.671508,30.641912
18.692497,30.641910
18.711509,30.641908
18.731485,30.641906
18.752474,30.641905
18.772500,30.641903
18.792622,30.641901
18.812536,30.641899
18.832352,30.641898
18.852396,30.641896
18.872383,30.641894
18.892551,30.641893
18.912694,30.641891
18.932375,30.641889
18.952276,30.641887
18.972292,30.641886
18.992259,30.641884
19.012271,30.641882
19.032376,30.641880
19.052268,30.641879
19.072357,30.641877
19.092206,30.641875
19.112250,30.641873
19.132196,30.641872
19.152175,30.641870
19.172172,30.641868
19.192137,30.641866
19.212141,30.641865
19.232200,30.641863
19.252269,30.641861
19.272225,30.641860
19.292092,30.641858
19.312730,30.641856
19.332355,30.641854
19.352005,30.641853
19.372121,30.641851
19.392079,30.641849
19.412079,30.641847
19.432057,30.641846
19.452055,30.641844
19.471956,30.641842
19.492020,30.641840
19.511993,30.641839
19.532096,30.641837
19.552040,30.641835
19.571922,30.641833
19.591968,30.641832
19.611907,30.641830
19.631858,30.641828
19.651901,30.641827
19.671902,30.641825
19.691857,30.641823
19.711879,30.641821
19.732217,30.641820
19.751859,30.641818
19.771854,30.641816
19.792301,30.641814
19.811935,30.641813
19.831837,30.641811
19.851830,30.641809
19.871909,30.641807
19.891780,30.641806
19.912079,30.641804
19.931699,30.641802
19.951794,30.641800
19.971878,30.641798
19.991678,30.641797
20.011775,30.641795
20.031673,30.641793
20.051717,30.641791
20.071757,30.641790
20.091718,30.641788
20.111624,30.641786
20.131674,30.641784
20.151644,30.641783
20.171603,30.641781
20.191741,30.641779
20.211573,30.641777
20.231632,30.641776
20.251696,30.641774
20.271555,30.641772
20.291539,30.641770
20.311579,30.641769
20.331554,30.641767
20.351594,30.641765
20.371503,30.641763
20.392514,30.641761
20.411465,30.641759
20.431470,30.641758
20.451471,30.641756
20.472488,30.641754
20.492495,30.641752
20.512625,30.641751
20.532463,30.641749
20.552402,30.641747
20.572409,30.641745
20.592379,30.641743
20.612636,30.641742
20.632369,30.641740
20.652327,30.641738
20.672433,30.641736
20.692334,30.641735
20.712401,30.641733
20.732486,30.641731
20.752592,30.641729
20.772626,30.641728
20.792276,30.641726
20.812265,30.641724
20.832292,30.641722
20.852198,30.641720
20.872257,30.641719
20.892234,30.641717
20.912238,30.641715
20.932242,30.641713
20.952245,30.641711
20.972221,30.641710
20.992127,30.641708
21.012111,30.641706
21.032106,30.641704
21.052073,30.641703
21.072141,30.641701
21.092139,30.641699
21.112094,30.641697
21.132175,30.641695
21.152200,30.641694
21.172002,30.641692
21.191992,30.641690
21.212136,30.641688
21.232647,30.641687
21.252603,30.641685
21.272146,30.641683
21.292015,30.641681
21.311971,30.641679
21.331937,30.641678
21.352023,30.641676
21.371956,30.641674
21.391955,30.641672
21.411969,30.641670
21.432082,30.641669
21.451841,30.641667
21.471926,30.641665
21.491969,30.641663
21.511939,30.641661
21.531754,30.641660
21.551820,30.641658
21.571850,30.641656
21.591820,30.641654
21.611706,30.641652
21.632014,30.641651
21.651717,30.641649
21.671715,30.641647
21.691702,30.641645
21.711767,30.641643
21.731795,30.641642
21.751647,30.641640
21.771669,30.641638
21.791773,30.641636
21.811669,30.641634
21.831663,30.641633
21.851706,30.641631
21.871670,30.641629
21.891633,30.641627
21.911509,30.641625
21.932545,30.641624
21.951695,30.641622
21.971550,30.641620
21.992576,30.641618
22.011544,30.641616
22.031492,30.641615
22.051553,30.641613
22.072453,30.641611
22.091601,30.641609
22.111608,30.641607
22.131452,30.641606
22.151486,30.641604
22.172444,30.641602
22.192426,30.641600
22.212410,30.641598
22.232441,30.641597
22.252389,30.641595
22.272458,30.641593
22.292439,30.641591
22.312561,30.641589
22.332335,30.641587
22.352444,30.641586
22.372453,30.641584
22.392433,30.641582
22.412341,30.641580
22.432369,30.641578
22.452313,30.641577
22.472471,30.641575
22.492519,30.641573
22.512263,30.641571
22.532221,30.641569
22.552136,30.641567
22.572268,30.641566
22.592275,30.641564
22.612182,30.641562
22.632568,30.641560
22.652214,30.641558
22.672164,30.641557
22.692149,30.641555
22.712091,30.641553
22.732256,30.641551
22.752317,30.641549
22.772114,30.641548
22.792180,30.641546
22.812196,30.641544
22.832210,30.641542
22.852214,30.641540
22.872051,30.641538
22.892055,30.641537
22.912003,30.641535
22.932060,30.641533
22.952060,30.641531
22.971980,30.641529
22.991982,30.641527
23.012098,30.641526
23.031952,30.641524
23.051914,30.641522
23.072056,30.641520
23.091896,30.641518
23.111890,30.641516
23.131910,30.641515
23.151851,30.641513
23.171950,30.641511
23.191866,30.641509
23.211881,30.641507
23.231854,30.641505
23.251784,30.641504
23.271778,30.641502
23.291836,30.641500
23.311763,30.641498
23.331742,30.641496
23.351778,30.641494
23.371763,30.641492
23.391890,30.641491
23.411724,30.641489
23.431695,30.641487
23.451663,30.641485
23.471668,30.641483
23.491726,30.641481
23.511735,30.641480
23.531683,30.641478
23.551732,30.641476
23.571676,30.641474
23.591674,30.641472
23.611679,30.641470
23.631604,30.641469
23.651673,30.641467
23.671559,30.641465
23.692543,30.641463
23.711777,30.641461
23.731616,30.641459
23.751609,30.641457
23.771535,30.641456
23.792501,30.641454
23.811497,30.641452
23.832521,30.641450
23.852505,30.641448
23.871524,30.641446
23.892508,30.641445
23.911520,30.641443
23.931540,30.641441
23.952433,30.641439
23.971521,30.641437
23.992414,30.641435
24.012595,30.641433
24.032576,30.641431
24.052528,30.641430
24.072383,30.641428
24.092466,30.641426
24.112499,30.641424
24.132414,30.641422
24.152401,30.641420
24.172387,30.641418
24.192403,30.641417
24.212238,30.641415
24.232306,30.641413
24.252270,30.641411
24.272363,30.641409
24.292279,30.641407
24.312296,30.641405
24.332292,30.641403
24.352389,30.641402
24.372198,30.641400
24.392279,30.641398
24.412236,30.641396
24.432157,30.641394
24.452267,30.641392
24.472112,30.641390
24.492181,30.641388
24.512185,30.641387
24.532252,30.641385
24.552065,30.641383
24.572113,30.641381
24.592159,30.641379
24.612134,30.641377
24.632092,30.641375
24.652189,30.641373
24.672368,30.641371
24.692116,30.641370
24.712074,30.641368
24.732112,30.641366
24.752587,30.641364
24.772394,30.641362
24.792024,30.641360
24.812084,30.641358
24.831992,30.641356
24.852451,30.641355
24.871936,30.641353
24.892011,30.641351
24.912118,30.641349
24.932011,30.641347
24.951957,30.641345
24.971904,30.641343
24.992058,30.641341
25.011878,30.641339
25.031977,30.641338
25.051963,30.641336
25.071901,30.641334
25.091914,30.641332
25.111878,30.641330
25.132543,30.641328
25.152471,30.641326
25.172013,30.641324
25.191900,30.641322
25.211817,30.641320
25.231765,30.641319
25.251730,30.641317
25.271768,30.641315
25.291770,30.641313
25.311823,30.641311
25.331795,30.641309
25.351770,30.641307
25.371699,30.641305
25.391715,30.641304
25.411750,30.641302
25.431719,30.641300
25.451802,30.641298
25.471682,30.641296
25.491648,30.641294
25.511986,30.641292
25.531642,30.641290
25.551687,30.641288
25.571665,30.641286
25.591604,30.641285
25.611612,30.641283
25.631770,30.641281
25.651591,30.641279
25.671553,30.641277
25.691640,30.641275
25.711657,30.641273
25.731512,30.641271
25.751465,30.641269
25.772497,30.641267
25.792536,30.641266
25.812541,30.641264
25.832454,30.641262
25.852550,30.641260
25.872487,30.641258
25.892433,30.641256
25.912574,30.641254
25.932494,30.641252
25.952762,30.641250
25.972429,30.641248
25.992473,30.641246
26.012401,30.641245
26.032396,30.641243
26.052388,30.641241
26.072386,30.641239
26.092362,30.641237
26.112561,30.641235
26.132301,30.641233
26.152292,30.641231
26.172322,30.641229
26.192215,30.641227
26.212413,30.641226
26.232217,30.641224
26.252188,30.641222
26.272362,30.641220
26.292520,30.641218
26.312272,30.641216
26.332188,30.641214
26.352252,30.641212
26.372246,30.641210
26.392187,30.641208
26.412135,30.641207
26.432255,30.641205
26.452112,30.641203
26.472181,30.641201
26.492122,30.641199
26.512203,30.641197
26.532143,30.641195
26.552138,30.641193
26.572166,30.641191
26.592251,30.641189
26.611999,30.641187
26.632197,30.641185
26.652110,30.641183
26.672075,30.641182
26.692152,30.641180
26.711973,30.641178
26.732042,30.641176
26.752050,30.641174
26.771952,30.641172
26.791995,30.641170
26.812003,30.641168
26.832014,30.641166
26.851929,30.641164
26.872012,30.641162
26.892021,30.641160
26.912015,30.641158
26.931883,30.641156
26.951854,30.641154
26.971881,30.641153
26.991845,30.641150
27.012845,30.641149
27.031872,30.641147
27.051742,30.641145
27.071792,30.641143
27.091739,30.641141
27.111772,30.641139
27.131772,30.641137
27.151810,30.641135
27.171721,30.641133
27.191801,30.641131
27.211719,30.641129
27.231895,30.641127
27.251707,30.641125
27.271697,30.641123
27.291677,30.641121
27.311715,30.641119
27.331701,30.641117
27.351641,30.641115
27.371649,30.641113
27.391627,30.641112
27.411561,30.641110
27.431645,30.641108
27.451651,30.641106
27.471533,30.641104
27.492537,30.641102
27.511580,30.641100
27.531613,30.641098
27.552719,30.641096
27.572515,30.641094
27.593059,30.641092
27.613235,30.641090
27.631793,30.641088
27.652514,30.641086
27.672501,30.641084
27.692580,30.641082
27.712700,30.641080
27.732438,30.641078
27.752431,30.641076
27.772465,30.641074
27.792420,30.641072
27.812399,30.641071
27.832625,30.641069
27.852399,30.641067
27.872453,30.641065
27.892437,30.641063
27.912405,30.641061
27.932397,30.641059
27.952476,30.641057
27.972395,30.641055
27.992400,30.641053
28.012444,30.641051
28.032403,30.641049
28.052412,30.641047
28.072293,30.641045
28.092341,30.641043
28.112274,30.641041
28.132360,30.641039
28.152317,30.641037
28.172210,30.641035
28.192380,30.641033
28.212282,30.641031
28.232241,30.641029
28.252227,30.641027
28.272274,30.641025
28.292302,30.641023
28.312162,30.641021
28.332272,30.641019
28.352235,30.641017
28.372120,30.641015
28.392184,30.641013
28.412151,30.641011
28.432198,30.641009
28.452160,30.641007
28.472054,30.641005
28.492105,30.641004
28.512168,30.641002
28.532034,30.641000
28.552133,30.640998
28.572203,30.640996
28.592024,30.640994
28.612052,30.640992
28.631986,30.640990
28.652051,30.640988
28.671979,30.640986
28.691921,30.640984
28.711975,30.640982
28.732191,30.640980
28.752023,30.640978
28.771991,30.640976
28.791957,30.640974
28.812006,30.640972
28.832123,30.640970
28.851930,30.640968
28.871991,30.640966
28.891930,30.640964
28.911877,30.640962
28.931879,30.640960
28.951881,30.640958
28.971834,30.640956
28.991845,30.640954
29.011964,30.640952
29.031789,30.640950
29.051816,30.640948
29.071794,30.640946
29.091818,30.640944
29.111734,30.640942
29.132761,30.640940
29.152073,30.640938
29.171679,30.640936
29.191810,30.640934
29.211696,30.640932
29.231681,30.640930
29.252621,30.640929
29.271664,30.640927
29.291662,30.640925
29.311596,30.640923
29.331604,30.640921
29.351624,30.640919
29.371593,30.640917
29.392560,30.640915
29.411584,30.640913
29.432646,30.640911
29.452614,30.640909
29.471693,30.640907
29.492479,30.640905
29.513230,30.640903
29.533321,30.640901
29.552744,30.640899
29.572511,30.640897
29.592412,30.640895
29.612424,30.640893
29.632465,30.640891
29.652456,30.640889
29.672588,30.640887
29.692446,30.640885
29.712398,30.640883
29.732414,30.640881
29.752382,30.640879
29.772431,30.640877
29.792500,30.640875
29.812520,30.640873
29.832394,30.640871
29.852373,30.640869
29.872331,30.640867
29.892490,30.640865
29.912386,30.640863
29.932323,30.640861
29.952282,30.640859
29.972226,30.640857
29.992305,30.640855
30.012217,30.640853
30.032994,30.640851
30.052613,30.640849
30.072214,30.640847
30.092214,30.640845
30.112236,30.640843
30.132188,30.640841
30.152130,30.640839
30.172323,30.640837
30.192070,30.640835
30.212122,30.640833
30.232090,30.640831
30.252079,30.640829
30.272070,30.640827
30.292051,30.640825
30.312048,30.640823
30.332087,30.640821
30.352059,30.640819
30.372065,30.640817
30.392023,30.640815
30.411940,30.640813
30.432071,30.640811
30.451952,30.640809
30.471954,30.640807
30.492018,30.640805
30.511864,30.640803
30.531866,30.640801
30.551837,30.640799
30.571900,30.640797
30.591872,30.640795
30.611841,30.640793
30.631827,30.640791
30.651803,30.640789
30.671807,30.640787
30.691792,30.640785
30.711940,30.640783
30.731782,30.640781
30.751940,30.640779
30.771768,30.640777
30.791729,30.640775
30.811751,30.640773
30.831681,30.640771
30.851751,30.640769
30.871677,30.640767
30.892830,30.640765
30.911645,30.640763
30.931623,30.640761
30.951629,30.640759
30.971680,30.640757
30.991551,30.640754
31.011615,30.640752
31.031581,30.640750
31.051552,30.640748
31.072718,30.640746
31.092570,30.640744
31.112595,30.640742
31.132442,30.640740
31.152482,30.640738
31.172511,30.640736
31.192482,30.640734
31.212547,30.640732
31.232653,30.640730
31.252733,30.640728
31.272558,30.640726
31.292447,30.640724
31.312705,30.640722
31.332514,30.640720
31.352386,30.640718
31.373064,30.640716
31.392607,30.640714
31.412541,30.640712
31.432402,30.640710
31.452443,30.640708
31.472379,30.640706
31.492419,30.640704
31.512319,30.640702
31.532442,30.640700
31.552478,30.640698
31.572292,30.640696
31.592784,30.640694
31.612871,30.640692
31.632369,30.640690
31.652274,30.640688
31.672297,30.640686
31.692172,30.640684
31.712481,30.640682
31.732235,30.640680
31.752249,30.640678
31.772157,30.640676
31.792150,30.640674
31.812183,30.640672
31.832219,30.640669
31.852155,30.640667
31.872068,30.640665
31.892113,30.640663
31.912143,30.640661
31.932507,30.640659
31.952103,30.640657
31.972039,30.640655
31.991981,30.640653
32.012876,30.640651
32.032502,30.640649
32.052279,30.640647
32.071982,30.640645
32.091920,30.640643
32.112010,30.640641
32.131930,30.640639
32.151955,30.640637
32.171928,30.640634
32.191973,30.640632
32.211881,30.640630
32.231890,30.640628
32.252039,30.640626
32.271896,30.640624
32.291857,30.640622
32.311787,30.640620
32.331927,30.640618
32.351906,30.640616
32.371843,30.640614
32.391858,30.640611
32.411777,30.640609
32.431780,30.640607
32.451783,30.640605
32.471761,30.640603
32.491789,30.640601
32.511716,30.640599
32.531710,30.640597
32.551751,30.640594
32.571764,30.640592
32.591703,30.640590
32.611719,30.640588
32.631706,30.640586
32.651691,30.640584
32.671931,30.640582
32.691669,30.640580
32.711674,30.640577
32.731660,30.640575
32.751770,30.640573
32.771632,30.640571
32.791660,30.640569
32.811650,30.640567
32.831573,30.640565
32.851642,30.640562
32.871845,30.640560
32.892537,30.640558
32.911535,30.640556
32.932545,30.640554
32.952586,30.640552
32.972487,30.640549
32.992618,30.640547
33.012621,30.640545
33.032525,30.640543
33.052708,30.640541
33.072501,30.640539
33.092489,30.640536
33.112633,30.640534
33.132499,30.640532
33.152440,30.640530
33.172409,30.640528
33.192374,30.640525
33.212396,30.640523
33.232466,30.640521
33.252346,30.640519
33.272359,30.640517
33.292358,30.640514
33.312479,30.640512
33.332453,30.640510
33.352559,30.640508
33.372451,30.640505
33.392388,30.640503
33.412334,30.640501
33.432356,30.640499
33.452296,30.640497
33.472258,30.640494
33.492275,30.640492
33.512282,30.640490
33.532244,30.640488
33.552274,30.640486
33.572289,30.640483
33.592200,30.640481
33.612230,30.640479
33.632420,30.640477
33.652177,30.640474
33.672217,30.640472
33.692213,30.640470
33.712155,30.640468
33.732135,30.640465
33.752223,30.640463
33.772101,30.640461
33.792230,30.640459
33.812160,30.640456
33.832107,30.640454
33.852115,30.640452
33.872065,30.640450
33.892184,30.640447
33.911977,30.640445
33.931971,30.640443
33.952067,30.640441
33.971989,30.640438
33.992000,30.640436
34.011888,30.640434
34.031938,30.640431
34.052019,30.640429
34.071918,30.640427
34.091981,30.640424
34.111893,30.640422
34.131937,30.640420
34.152012,30.640418
34.171900,30.640415
34.191863,30.640413
34.211946,30.640411
34.231830,30.640409
34.251785,30.640406
34.271875,30.640404
34.291794,30.640402
34.311846,30.640399
34.331859,30.640397
34.351705,30.640395
34.371711,30.640392
34.391672,30.640390
34.411785,30.640388
34.431697,30.640385
34.451701,30.640383
34.471744,30.640381
34.491729,30.640378
34.511712,30.640376
34.531625,30.640374
34.551683,30.640371
34.571618,30.640369
34.592704,30.640367
34.611575,30.640364
34.631570,30.640362
34.652587,30.640360
34.672545,30.640357
34.692551,30.640355
34.712638,30.640353
34.732527,30.640350
34.752518,30.640348
34.772468,30.640345
34.792540,30.640343
34.812574,30.640341
34.832522,30.640339
34.852471,30.640336
34.872500,30.640334
34.892457,30.640331
34.912639,30.640329
34.932463,30.640327
34.952394,30.640324
34.972420,30.640322
34.992364,30.640319
35.012536,30.640317
35.032399,30.640315
35.052357,30.640312
35.072365,30.640310
35.092439,30.640308
35.112465,30.640305
35.132364,30.640303
35.152266,30.640300
35.172342,30.640298
35.192309,30.640296
35.212225,30.640293
35.232308,30.640291
35.252270,30.640288
35.272230,30.640286
35.292266,30.640284
35.312204,30.640281
35.332225,30.640279
35.352209,30.640276
35.372251,30.640274
35.392226,30.640272
35.412153,30.640269
35.432168,30.640267
35.452266,30.640264
35.472106,30.640262
35.492150,30.640259
35.512099,30.640257
35.532140,30.640255
35.552228,30.640252
35.572048,30.640250
35.592107,30.640247
35.612125,30.640245
35.632548,30.640242
35.652157,30.640240
35.672073,30.640237
35.692168,30.640235
35.712035,30.640233
35.732059,30.640230
35.752012,30.640228
35.772011,30.640225
35.792176,30.640223
35.811958,30.640220
35.831963,30.640218
35.851879,30.640215
35.872023,30.640213
35.891916,30.640210
35.911963,30.640208
35.931832,30.640206
35.951912,30.640203
35.971882,30.640201
35.991848,30.640198
36.011898,30.640196
36.031821,30.640193
36.051858,30.640191
36.071776,30.640188
36.091722,30.640186
36.111868,30.640183
36.131768,30.640181
36.151736,30.640178
36.171781,30.640176
36.192734,30.640173
36.211781,30.640171
36.232655,30.640168
36.251832,30.640166
36.271861,30.640163
36.292673,30.640161
36.311660,30.640158
36.331732,30.640156
36.351648,30.640153
36.372614,30.640151
36.393234,30.640148
36.411791,30.640146
36.431675,30.640143
36.452610,30.640141
36.472672,30.640138
36.492587,30.640136
36.512799,30.640133
36.532656,30.640131
36.552613,30.640128
36.572562,30.640126
36.592543,30.640123
36.612659,30.640121
36.632577,30.640118
36.652577,30.640116
36.672513,30.640113
36.692400,30.640111
36.712604,30.640108
36.732452,30.640106
36.752421,30.640103
36.772435,30.640101
36.792477,30.640098
36.812394,30.640096
36.832549,30.640093
36.852350,30.640091
36.872329,30.640088
36.892378,30.640086
36.912431,30.640083
36.932573,30.640080
36.952406,30.640078
36.972424,30.640075
36.992421,30.640073
37.012423,30.640070
37.032326,30.640068
37.052314,30.640065
37.072396,30.640063
37.092354,30.640060
37.112271,30.640057
37.132252,30.640055
37.152438,30.640052
37.172202,30.640050
37.192254,30.640047
37.212198,30.640045
37.232203,30.640042
37.252170,30.640040
37.272071,30.640037
37.292145,30.640034
37.312193,30.640032
37.332153,30.640029
37.352152,30.640027
37.372067,30.640024
37.392063,30.640022
37.412127,30.640019
37.432085,30.640016
37.452228,30.640014
37.472087,30.640011
37.491948,30.640009
37.512023,30.640006
37.531926,30.640004
37.552000,30.640001
37.571935,30.639998
37.591987,30.639996
37.611913,30.639993
37.631906,30.639991
37.651937,30.639988
37.671857,30.639985
37.691942,30.639983
37.711843,30.639980
37.731794,30.639978
37.751909,30.639975
37.771762,30.639972
37.791944,30.639970
37.811800,30.639967
37.832835,30.639965
37.851797,30.639962
37.871795,30.639959
37.891839,30.639957
37.911733,30.639954
37.931921,30.639952
37.951686,30.639949
37.971756,30.639946
37.992778,30.639944
38.011681,30.639941
38.031712,30.639938
38.052692,30.639936
38.072586,30.639933
38.092590,30.639931
38.112748,30.639928
38.132609,30.639925
38.152614,30.639923
38.172567,30.639920
38.192802,30.639917
38.212726,30.639915
38.232543,30.639912
38.252575,30.639910
38.272532,30.639907
38.292492,30.639904
38.312566,30.639902
38.332453,30.639899
38.352482,30.639896
38.372501,30.639894
38.392464,30.639891
38.412483,30.639888
38.432584,30.639886
38.452380,30.639883
38.472397,30.639880
38.492388,30.639878
38.512433,30.639875
38.532465,30.639872
38.552347,30.639870
38.572375,30.639867
38.592485,30.639865
38.612309,30.639862
38.632369,30.639859
38.652267,30.639857
38.672290,30.639854
38.692435,30.639851
38.712280,30.639849
38.732419,30.639846
38.752343,30.639843
38.772238,30.639841
38.792274,30.639838
38.812280,30.639835
38.832456,30.639833
38.852271,30.639830
38.872195,30.639827
38.892216,30.639825
38.912261,30.639822
38.932334,30.639819
38.952261,30.639816
38.972236,30.639814
38.992146,30.639811
39.012205,30.639808
39.032376,30.639806
39.052127,30.639803
39.072221,30.639800
39.092087,30.639798
39.112071,30.639795
39.132293,30.639792
39.152025,30.639790
39.172022,30.639787
39.192044,30.639784
39.212006,30.639782
39.232116,30.639779
39.251956,30.639776
39.271968,30.639773
39.292017,30.639771
39.312001,30.639768
39.332017,30.639765
39.351954,30.639763
39.372005,30.639760
39.392010,30.639757
39.411876,30.639754
39.431904,30.639752
39.451881,30.639749
39.471894,30.639746
39.491857,30.639744
39.511865,30.639741
39.531891,30.639738
39.551813,30.639735
39.571812,30.639733
39.591922,30.639730
39.611804,30.639727
39.632535,30.639724
39.652027,30.639722
39.671797,30.639719
39.691813,30.639716
39.711917,30.639714
39.731764,30.639711
39.751707,30.639708
39.771723,30.639705
39.791686,30.639703
39.811710,30.639700
39.831722,30.639697
39.851657,30.639694
39.872682,30.639692
39.892684,30.639689
39.911631,30.639686
39.932683,30.639683
39.951587,30.639681
39.972595,30.639678
39.992639,30.639675
40.013054,30.639673
40.032719,30.639670
40.052594,30.639667
40.072514,30.639664
40.092633,30.639662
40.112496,30.639659
40.132611,30.639656
40.152513,30.639653
40.172453,30.639651
40.192544,30.639648
40.212509,30.639645
40.232487,30.639642
40.252464,30.639639
40.272417,30.639637
40.292411,30.639634
40.312382,30.639631
40.332428,30.639628
40.352464,30.639626
40.372503,30.639623
40.392575,30.639620
40.412720,30.639617
40.432456,30.639614
40.452435,30.639612
40.472321,30.639609
40.492240,30.639606
40.512255,30.639603
40.532204,30.639601
40.552275,30.639598
40.572241,30.639595
40.592270,30.639592
40.612195,30.639590
40.632170,30.639587
40.652190,30.639584
40.672270,30.639581
40.692310,30.639578
40.712237,30.639576
40.732110,30.639573
40.753076,30.639570
40.772163,30.639567
40.792230,30.639564
40.812120,30.639562
40.832093,30.639559
40.852058,30.639556
40.872187,30.639553
40.892169,30.639550
40.912061,30.639548
40.932095,30.639545
40.951998,30.639542
40.972159,30.639539
40.992118,30.639536
41.012054,30.639534
41.032060,30.639531
41.051984,30.639528
41.071966,30.639525
41.091967,30.639522
41.112043,30.639520
41.131937,30.639517
41.151953,30.639514
41.171948,30.639511
41.191891,30.639508
41.211912,30.639506
41.231852,30.639503
41.251891,30.639500
41.271859,30.639497
41.291809,30.639494
41.311932,30.639492
41.331892,30.639489
41.351897,30.639486
41.371790,30.639483
41.391768,30.639480
41.411908,30.639477
41.431880,30.639475
41.451788,30.639472
41.471794,30.639469
41.491693,30.639466
41.511762,30.639463
41.531649,30.639460
41.551703,30.639458
41.572690,30.639455
41.591709,30.639452
41.611643,30.639449
41.632759,30.639446
41.652638,30.639444
41.672647,30.639441
41.692610,30.639438
41.712795,30.639435
41.732590,30.639432
41.752569,30.639429
41.772604,30.639426
41.792569,30.639424
41.812611,30.639421
41.832717,30.639418
41.852729,30.639415
41.872475,30.639412
41.892810,30.639410
41.912596,30.639407
41.932532,30.639404
41.952882,30.639401
41.972452,30.639398
41.992501,30.639395
42.012494,30.639392
42.032496,30.639390
42.052433,30.639387
42.072415,30.639384
42.092375,30.639381
42.112498,30.639378
42.132426,30.639375
42.152364,30.639372
42.172373,30.639370
42.192359,30.639367
42.212343,30.639364
42.232359,30.639361
42.252351,30.639358
42.272401,30.639355
42.292237,30.639352
42.312299,30.639350
42.332175,30.639347
42.352156,30.639344
42.372295,30.639341
42.392138,30.639338
42.412112,30.639335
42.432267,30.639333
42.452170,30.639330
42.472238,30.639327
42.492163,30.639324
42.512207,30.639321
42.532144,30.639318
42.552184,30.639315
42.572123,30.639312
42.592240,30.639309
42.612047,30.639307
42.632169,30.639304
42.652050,30.639301
42.672090,30.639298
42.692190,30.639295
42.712064,30.639292
42.732064,30.639289
42.752099,30.639286
42.772021,30.639284
42.791989,30.639281
42.812011,30.639278
42.832421,30.639275
42.852106,30.639272
42.871994,30.639269
42.891965,30.639266
42.911973,30.639263
42.931976,30.639260
42.951899,30.639257
42.971975,30.639255
42.991884,30.639252
43.011888,30.639249
43.031839,30.639246
43.051796,30.639243
43.071873,30.639240
43.091856,30.639237
43.111829,30.639234
43.131792,30.639232
43.151729,30.639229
43.171900,30.639226
43.191804,30.639223
43.212632,30.639220
43.231955,30.639217
43.252103,30.639214
43.271703,30.639211
43.291698,30.639208
43.311675,30.639205
43.331746,30.639202
43.352752,30.639200
43.372733,30.639197
43.392683,30.639194
43.412764,30.639191
43.432627,30.639188
43.452580,30.639185
43.472611,30.639182
43.492601,30.639179
43.512600,30.639176
43.532576,30.639173
43.552696,30.639170
43.572533,30.639167
43.592514,30.639165
43.612576,30.639162
43.632542,30.639159
43.652468,30.639156
43.672533,30.639153
43.692472,30.639150
43.712484,30.639147
43.732609,30.639144
43.752412,30.639141
43.772438,30.639138
43.792430,30.639135
43.812472,30.639132
43.832439,30.639130
43.852348,30.639127
43.872538,30.639124
43.892392,30.639121
43.912529,30.639118
43.932487,30.639115
43.952306,30.639112
43.972362,30.639109
43.992228,30.639106
44.012316,30.639103
44.032307,30.639100
44.052337,30.639097
44.072214,30.639094
44.092250,30.639091
44.112217,30.639088
44.132156,30.639085
44.152207,30.639083
44.172173,30.639080
44.192315,30.639077
44.212152,30.639074
44.232305,30.639071
44.252186,30.639068
44.272122,30.639065
44.292506,30.639062
44.312439,30.639059
44.332505,30.639056
44.352045,30.639053
44.372062,30.639050
44.392069,30.639047
44.412048,30.639044
44.432045,30.639041
44.452069,30.639038
44.472028,30.639035
44.491995,30.639032
44.512264,30.639030
44.532276,30.639027
44.552150,30.639024
44.571973,30.639021
44.591944,30.639017
44.612154,30.639014
44.632026,30.639011
44.651974,30.639008
44.671971,30.639005
44.691912,30.639003
44.711916,30.639000
44.732239,30.638997
44.752352,30.638994
44.772005,30.638991
44.791874,30.638988
44.811905,30.638985
44.831879,30.638982
44.851796,30.638979
44.871780,30.638976
44.891782,30.638973
44.911802,30.638970
44.931726,30.638967
44.951783,30.638964
44.971746,30.638961
44.991723,30.638958
45.012701,30.638955
45.031659,30.638952
45.052678,30.638949
45.072725,30.638946
45.092709,30.638943
45.112809,30.638940
45.132730,30.638937
45.152973,30.638934
45.172644,30.638931
45.192672,30.638928
45.212649,30.638925
45.232739,30.638922
45.252567,30.638919
45.272512,30.638916
45.292582,30.638913
45.312722,30.638910
45.332515,30.638907
45.352589,30.638904
45.372523,30.638901
45.392513,30.638898
45.412529,30.638895
45.432575,30.638892
45.452406,30.638889
45.472657,30.638886
45.492457,30.638883
45.512603,30.638880
45.532383,30.638877
45.552388,30.638874
45.572359,30.638871
45.592458,30.638868
45.612442,30.638866
45.632375,30.638863
45.652339,30.638860
45.672435,30.638857
45.692456,30.638854
45.712300,30.638851
45.732295,30.638848
45.752275,30.638845
45.772241,30.638842
45.792390,30.638839
45.812316,30.638836
45.832314,30.638833
45.852282,30.638830
45.872188,30.638827
45.892201,30.638824
45.912176,30.638821
45.932186,30.638818
45.952186,30.638815
45.972180,30.638812
45.992140,30.638809
46.012178,30.638805
46.032212,30.638802
46.052120,30.638799
46.072086,30.638796
46.092142,30.638793
46.112110,30.638790
46.132154,30.638787
46.152104,30.638784
46.172058,30.638781
46.192023,30.638778
46.212017,30.638775
46.232106,30.638772
46.251998,30.638769
46.272057,30.638766
46.292007,30.638763
46.311936,30.638760
46.332064,30.638757
46.351925,30.638754
46.371943,30.638751
46.391970,30.638748
46.411899,30.638745
46.432091,30.638742
46.451897,30.638739
46.472009,30.638736
46.491867,30.638733
46.511949,30.638730
46.531905,30.638727
46.551873,30.638724
46.571825,30.638721
46.591908,30.638718
46.611841,30.638715
46.632553,30.638712
46.651988,30.638709
46.671786,30.638706
46.692746,30.638703
46.711734,30.638700
46.731707,30.638697
46.752876,30.638694
46.771737,30.638691
46.792879,30.638687
46.813048,30.638684
46.832781,30.638681
46.852657,30.638678
46.872682,30.638675
46.892667,30.638672
46.912759,30.638669
46.932531,30.638666
46.952611,30.638663
46.972787,30.638660
46.992604,30.638657
47.013380,30.638654
47.032607,30.638651
47.052550,30.638648
47.072783,30.638645
47.092556,30.638642
47.112689,30.638639
47.132505,30.638636
47.152411,30.638633
47.172469,30.638630
47.192437,30.638627
47.212440,30.638624
47.232437,30.638621
47.252456,30.638617
47.272479,30.638614
47.292372,30.638611
47.312471,30.638608
47.332774,30.638605
47.352397,30.638602
47.372567,30.638599
47.392673,30.638596
47.412410,30.638593
47.432626,30.638590
47.452304,30.638587
47.472385,30.638584
47.492406,30.638581
47.512287,30.638578
47.532280,30.638575
47.552258,30.638572
47.572343,30.638569
47.592282,30.638565
47.612254,30.638562
47.632206,30.638559
47.652307,30.638556
47.672163,30.638553
47.692104,30.638550
47.712278,30.638547
47.732186,30.638544
47.752090,30.638541
47.772110,30.638538
47.792140,30.638535
47.812015,30.638532
47.832185,30.638528
47.852215,30.638525
47.872053,30.638522
47.892049,30.638519
47.912153,30.638516
47.932066,30.638513
47.952021,30.638510
47.972120,30.638507
47.992050,30.638504
48.011966,30.638501
48.032189,30.638498
48.052040,30.638495
48.072056,30.638492
48.092008,30.638488
48.111903,30.638485
48.132003,30.638482
48.152009,30.638479
48.171896,30.638476
48.191962,30.638473
48.211901,30.638470
48.231934,30.638467
48.251886,30.638464
48.271813,30.638461
48.292968,30.638458
48.311819,30.638454
48.331849,30.638451
48.351971,30.638448
48.371752,30.638445
48.392775,30.638442
48.411781,30.638439
48.431828,30.638436
48.452712,30.638433
48.472688,30.638430
48.493220,30.638427
48.512867,30.638423
48.532904,30.638420
48.552690,30.638417
48.572705,30.638414
48.592706,30.638411
48.612757,30.638408
48.632634,30.638405
48.652759,30.638402
48.673083,30.638399
48.692683,30.638395
48.712658,30.638392
48.732578,30.638389
48.752765,30.638386
48.772576,30.638383
48.792531,30.638380
48.812904,30.638377
48.832523,30.638374
48.852503,30.638371
48.872545,30.638367
48.892509,30.638364
48.912565,30.638361
48.932517,30.638358
48.952512,30.638355
48.972604,30.638352
48.992557,30.638349
49.012459,30.638346
49.032406,30.638343
49.052413,30.638339
49.072397,30.638336
49.092532,30.638333
49.112480,30.638330
49.132399,30.638327
49.152342,30.638324
49.172433,30.638321
49.192523,30.638317
49.212371,30.638314
49.232273,30.638311
49.252428,30.638308
49.272287,30.638305
49.292310,30.638302
49.312321,30.638299
49.332269,30.638296
49.352314,30.638292
49.372273,30.638289
49.392364,30.638286
49.412205,30.638283
49.432335,30.638280
49.452158,30.638277
49.472262,30.638274
49.492152,30.638271
49.512152,30.638267
49.532160,30.638264
49.552132,30.638261
49.572126,30.638258
49.592070,30.638255
49.612125,30.638252
49.632126,30.638249
49.652047,30.638245
49.671962,30.638242
49.692106,30.638239
49.711928,30.638236
49.731956,30.638233
49.751942,30.638230
49.771917,30.638227
49.791888,30.638224
49.811954,30.638220
49.831972,30.638217
49.852092,30.638214
49.871891,30.638211
49.891923,30.638208
49.911828,30.638205
49.931989,30.638202
49.951882,30.638198
49.971809,30.638195
49.992793,30.638192
50.011781,30.638189
50.031876,30.638186
50.051797,30.638183
50.072793,30.638180
50.092758,30.638176
50.111764,30.638173
50.132731,30.638170
50.152727,30.638167
50.172709,30.638164
50.192693,30.638161
50.212809,30.638158
50.232652,30.638154
50.252608,30.638151
50.272705,30.638148
50.292725,30.638145
50.313124,30.638142
50.332685,30.638139
50.352576,30.638135
50.372673,30.638132
50.392547,30.638129
50.412534,30.638126
50.432560,30.638123
50.452565,30.638120
50.472454,30.638116
50.492534,30.638113
50.512459,30.638110
50.532540,30.638107
50.552475,30.638104
50.572480,30.638101
50.592591,30.638097
50.612398,30.638094
50.632776,30.638091
50.652467,30.638088
50.672389,30.638085
50.692499,30.638082
50.712420,30.638078
50.732674,30.638075
50.752565,30.638072
50.772383,30.638069
50.792359,30.638066
50.812336,30.638063
50.832381,30.638060
50.852387,30.638056
50.872328,30.638053
50.892267,30.638050
50.912393,30.638047
50.932250,30.638044
50.952301,30.638041
50.972217,30.638038
50.992197,30.638035
51.012152,30.638031
51.032140,30.638028
51.052274,30.638025
51.072194,30.638022
51.092159,30.638019
51.112185,30.638016
51.132209,30.638013
51.152102,30.638010
51.172196,30.638006
51.192111,30.638003
51.212104,30.638000
51.232243,30.637997
51.252131,30.637994
51.272116,30.637991
51.292073,30.637988
51.312027,30.637985
51.332147,30.637982
51.352039,30.637979
51.371962,30.637976
51.391992,30.637973
51.411994,30.637970
51.431913,30.637967
51.451925,30.637964
51.471902,30.637961
51.491940,30.637958
51.511925,30.637955
51.531961,30.637952
51.551927,30.637949
51.571955,30.637946
51.592783,30.637943
51.611855,30.637940
51.631863,30.637937
51.651831,30.637934
51.671829,30.637931
51.692896,30.637928
51.711753,30.637925
51.731817,30.637922
51.752750,30.637919
51.772694,30.637916
51.792797,30.637913
51.812790,30.637910
51.832715,30.637907
51.852719,30.637904
51.872869,30.637901
51.892632,30.637898
51.912725,30.637895
51.932606,30.637892
51.952720,30.637889
51.972771,30.637886
51.992640,30.637883
52.012629,30.637880
52.032604,30.637877
52.052666,30.637875
52.072580,30.637872
52.092652,30.637869
52.112814,30.637866
52.132583,30.637863
52.152539,30.637860
52.172635,30.637857
52.192828,30.637854
52.212554,30.637851
52.232585,30.637848
52.252500,30.637846
52.272475,30.637843
52.292568,30.637840
52.312473,30.637837
52.332541,30.637834
52.352491,30.637831
52.372529,30.637828
52.392431,30.637826
52.412456,30.637823
52.432410,30.637820
52.452365,30.637817
52.472342,30.637814
52.492474,30.637811
52.512474,30.637808
52.532350,30.637806
52.552385,30.637803
52.572371,30.637800
52.592357,30.637797
52.612306,30.637794
52.632359,30.637791
52.652291,30.637789
52.672294,30.637786
52.692291,30.637783
52.712335,30.637780
52.732264,30.637777
52.752342,30.637775
52.772228,30.637772
52.792236,30.637769
52.812231,30.637766
52.832327,30.637764
52.852207,30.637761
52.872542,30.637758
52.892241,30.637755
52.912131,30.637752
52.932249,30.637750
52.952134,30.637747
52.972136,30.637744
52.992080,30.637742
53.012136,30.637739
53.032194,30.637736
53.052152,30.637733
53.072190,30.637731
53.092294,30.637728
53.112151,30.637725
53.132276,30.637722
53.152190,30.637720
53.172078,30.637717
53.192050,30.637714
53.211998,30.637712
53.232085,30.637709
53.252154,30.637706
53.271987,30.637703
53.291994,30.637701
53.311963,30.637698
53.331961,30.637695
53.351953,30.637693
53.371968,30.637690
53.391896,30.637687
53.412029,30.637685
53.431918,30.637682
53.451953,30.637679
53.471978,30.637677
53.492895,30.637674
53.511925,30.637671
53.531819,30.637669
53.551902,30.637666
53.571844,30.637663
53.592838,30.637661
53.611734,30.637658
53.631812,30.637655
53.652809,30.637653
53.671847,30.637650
53.692726,30.637648
53.712834,30.637645
53.732864,30.637642
53.752706,30.637640
53.772766,30.637637
53.792959,30.637634
53.812747,30.637632
53.832799,30.637629
53.852705,30.637626
53.872698,30.637624
53.892645,30.637621
53.912696,30.637619
53.933688,30.637616
53.952706,30.637613
53.972578,30.637611
53.992599,30.637608
54.012620,30.637606
54.032634,30.637603
54.052690,30.637601
54.072554,30.637598
54.092689,30.637595
54.112672,30.637593
54.132704,30.637590
54.152517,30.637588
54.172487,30.637585
54.192460,30.637583
54.212471,30.637580
54.232482,30.637578
54.252437,30.637575
54.272444,30.637572
54.292448,30.637570
54.312535,30.637567
54.332438,30.637565
54.352366,30.637562
54.372379,30.637560
54.392368,30.637557
54.412502,30.637555
54.432416,30.637552
54.452325,30.637550
54.472369,30.637547
54.492314,30.637545
54.512257,30.637542
54.532970,30.637540
54.552544,30.637537
54.572320,30.637535
54.592227,30.637533
54.612222,30.637530
54.632146,30.637528
54.652187,30.637525
54.672117,30.637523
54.692226,30.637520
54.712273,30.637518
54.732125,30.637515
54.752435,30.637513
54.772171,30.637510
54.792145,30.637508
54.812158,30.637505
54.832046,30.637503
54.852114,30.637500
54.872048,30.637498
54.892154,30.637496
54.912116,30.637493
54.932002,30.637491
54.951978,30.637488
54.971964,30.637486
54.992005,30.637483
55.012008,30.637481
55.032142,30.637479
55.051927,30.637476
55.072073,30.637474
55.091938,30.637471
55.111899,30.637469
55.131967,30.637466
55.151853,30.637464
55.172183,30.637462
55.191931,30.637459
55.211872,30.637457
55.231861,30.637454
55.252948,30.637452
55.272871,30.637450
55.292838,30.637447
55.312835,30.637445
55.332749,30.637443
55.352833,30.637440
55.372750,30.637438
55.392891,30.637435
55.412776,30.637433
55.432709,30.637431
55.452715,30.637428
55.472705,30.637426
55.492736,30.637424
55.512637,30.637421
55.533005,30.637419
55.552833,30.637417
55.572664,30.637414
55.592660,30.637412
55.612666,30.637410
55.632606,30.637407
55.652622,30.637405
55.672514,30.637403
55.692573,30.637400
55.712822,30.637398
55.732505,30.637396
55.752588,30.637393
55.772647,30.637391
55.792627,30.637389
55.812791,30.637386
55.832610,30.637384
55.852443,30.637382
55.872433,30.637380
55.892447,30.637377
55.912443,30.637375
55.932454,30.637373
55.952439,30.637370
55.972397,30.637368
55.992453,30.637366
56.013070,30.637364
56.032927,30.637361
56.052431,30.637359
56.072504,30.637357
56.092398,30.637355
56.112494,30.637352
56.132373,30.637350
56.152258,30.637348
56.172347,30.637346
56.192291,30.637343
56.212326,30.637341
56.232324,30.637339
56.252279,30.637337
56.272243,30.637334
56.292597,30.637332
56.312327,30.637330
56.332317,30.637328
56.352268,30.637325
56.372187,30.637323
56.392159,30.637321
56.412233,30.637319
56.432210,30.637316
56.452139,30.637314
56.472126,30.637312
56.492143,30.637310
56.512107,30.637308
56.532182,30.637305
56.552067,30.637303
56.572127,30.637301
56.592108,30.637299
56.612161,30.637297
56.632142,30.637295
56.652084,30.637292
56.672139,30.637290
56.692053,30.637288
56.712010,30.637286
56.732405,30.637284
56.752064,30.637282
56.772012,30.637279
56.792086,30.637277
56.811979,30.637275
56.832018,30.637273
56.851978,30.637271
56.872120,30.637269
56.892009,30.637267
56.911931,30.637264
56.931960,30.637262
56.952974,30.637260
56.971885,30.637258
56.993114,30.637256
57.011898,30.637254
57.031838,30.637252
57.052888,30.637249
57.071816,30.637247
57.092896,30.637245
57.111807,30.637243
57.131798,30.637241
57.152812,30.637239
57.172822,30.637237
57.192833,30.637235
57.212771,30.637233
57.232954,30.637231
57.252888,30.637228
57.272779,30.637226
57.292747,30.637224
57.312782,30.637222
57.332760,30.637220
57.352658,30.637218
57.372748,30.637216
57.392664,30.637214
57.412746,30.637212
57.432630,30.637210
57.452667,30.637208
57.472756,30.637206
57.492632,30.637204
57.512690,30.637202
57.532681,30.637200
57.552583,30.637198
57.572645,30.637195
57.592629,30.637193
57.612661,30.637191
57.632734,30.637189
57.652605,30.637187
57.672521,30.637185
57.692734,30.637183
57.712660,30.637181
57.733384,30.637179
57.752757,30.637177
57.772596,30.637175
57.792675,30.637173
57.812476,30.637171
57.832429,30.637169
57.852437,30.637167
57.872403,30.637165
57.892381,30.637163
57.912434,30.637161
57.932503,30.637159
57.952448,30.637157
57.972470,30.637155
57.992480,30.637153
58.012373,30.637151
58.032483,30.637150
58.052438,30.637148
58.072387,30.637146
58.092362,30.637144
58.112410,30.637142
58.132582,30.637140
58.152651,30.637138
58.172285,30.637136
58.192245,30.637134
58.212400,30.637132
58.232215,30.637130
58.252318,30.637128
58.272275,30.637126
58.292269,30.637124
58.312322,30.637122
58.332220,30.637120
58.352162,30.637119
58.372194,30.637117
58.392138,30.637115
58.412208,30.637113
58.432168,30.637111
58.452323,30.637109
58.472192,30.637107
58.492096,30.637105
58.512062,30.637103
58.532058,30.637101
58.552127,30.637100
58.572068,30.637098
58.592160,30.637096
58.612043,30.637094
58.632245,30.637092
58.651996,30.637090
58.671988,30.637088
58.691963,30.637086
58.711923,30.637085
58.731975,30.637083
58.752153,30.637081
58.771929,30.637079
58.792046,30.637077
58.811904,30.637075
58.832325,30.637073
58.852914,30.637071
58.871930,30.637070
58.892835,30.637068
58.911912,30.637066
58.931844,30.637064
58.952817,30.637062
58.972740,30.637060
58.992754,30.637059
59.012800,30.637057
59.032774,30.637055
59.052747,30.637053
59.072787,30.637051
59.092792,30.637050
59.112768,30.637048
59.132882,30.637046
59.152887,30.637044
59.172787,30.637042
59.192681,30.637041
59.212798,30.637039
59.232804,30.637037
59.252664,30.637035
59.272638,30.637034
59.292729,30.637032
59.312722,30.637030
59.332664,30.637028
59.352680,30.637027
59.372570,30.637025
59.392660,30.637023
59.412609,30.637021
59.432584,30.637020
59.452605,30.637018
59.472570,30.637016
59.492566,30.637014
59.512641,30.637013
59.532548,30.637011
59.552617,30.637009
59.572448,30.637007
59.592594,30.637006
59.612520,30.637004
59.632466,30.637002
59.652432,30.637001
59.672463,30.636999
59.692588,30.636997
59.712512,30.636995
59.732414,30.636994
59.752454,30.636992
59.772460,30.636990
59.792445,30.636989
59.812488,30.636987
59.832402,30.636985
59.852436,30.636984
59.872553,30.636982
59.892414,30.636980
59.912344,30.636979
59.932441,30.636977
59.952313,30.636975
59.972257,30.636974
59.992265,30.636972
60.012279,30.636970
60.032238,30.636969
60.052254,30.636967
60.072243,30.636965
60.092311,30.636964
60.112226,30.636962
60.132383,30.636960
60.152211,30.636959
60.172171,30.636957
60.192330,30.636955
60.212134,30.636954
60.232163,30.636952
60.252187,30.636951
60.272143,30.636949
60.292239,30.636947
60.312064,30.636946
60.332065,30.636944
60.352141,30.636942
60.371991,30.636941
60.392086,30.636939
60.412002,30.636938
60.432122,30.636936
60.452044,30.636934
60.471961,30.636933
60.492511,30.636931
60.512051,30.636930
60.531916,30.636928
