1.228009,0.000000
1.293182,0.000000
1.327255,0.000000
1.359801,0.000000
1.393965,0.000000
1.560421,0.000000
1.659844,0.000000
1.691114,0.000000
1.791510,0.000000
1.825807,0.000000
1.858925,0.000000
1.925387,0.000000
1.957733,0.000000
1.990958,0.000000
2.125740,0.000000
2.158286,0.000000
2.191710,0.000000
2.223038,0.000000
2.486482,0.000000
2.591948,0.000000
2.724467,0.000000
2.790385,0.000000
2.825124,0.000000
3.023421,0.000000
3.090379,0.000000
3.191567,0.000000
3.291053,0.000000
3.325418,0.000000
3.390253,0.000000
3.457143,0.000000
3.491778,0.000000
3.525944,0.000000
3.627497,0.000000
3.692202,0.000000
3.791483,0.000000
3.825922,0.000000
3.858307,0.000000
3.893261,0.000000
3.994146,0.000000
4.262506,0.000000
4.362777,0.000000
4.395330,0.000000
4.429811,0.000000
4.494661,0.000000
4.795410,0.000000
4.930198,0.000000
5.029867,0.000000
5.329537,0.000000
5.991107,0.000000
6.093343,0.000000
6.125820,0.000000
6.227080,0.000000
6.394508,0.000000
6.626311,0.000000
6.795480,0.000000
6.893904,0.000000
6.994980,0.000000
7.094107,0.000000
7.161624,0.000000
7.193787,0.000000
7.327261,0.000000
7.394341,0.000000
7.525902,0.000000
7.561665,0.000000
7.627356,0.000000
7.661583,0.000000
7.693380,0.000000
7.827795,0.000000
7.862478,0.000000
7.896667,0.000000
7.931199,0.000000
7.964442,0.000000
7.997169,0.000000
8.030534,0.000000
8.129752,0.000000
8.164086,0.000000
8.364731,0.000000
8.399311,0.000000
8.429692,0.000000
8.598033,0.000000
8.630356,0.000000
8.730855,0.000000
8.867254,0.000000
8.898011,0.000000
8.931216,0.000000
9.028415,0.000000
9.061739,0.000000
9.130761,0.000000
9.198662,0.000000
9.230972,0.000000
9.298858,0.000000
9.529238,0.000000
9.596924,0.000000
9.661852,0.000000
9.759164,0.000000
9.830204,0.000000
9.862472,0.000000
9.929359,0.000000
10.026549,0.000000
10.061018,0.000000
10.130027,0.000000
10.162265,0.000000
10.229255,0.000000
10.429798,0.000000
10.529217,0.000000
10.697306,0.000000
10.730881,0.000000
10.863222,0.000000
10.897791,0.000000
10.932340,0.000000
11.096411,0.000000
11.130878,0.000000
11.196749,0.000000
11.398361,0.000000
11.463302,0.000000
11.562442,0.000000
11.597007,0.000000
11.633555,0.000000
11.665932,0.000000
11.834112,0.000000
11.866636,0.000000
12.000387,0.000000
12.067293,0.000000
12.101690,0.000000
12.134220,0.000000
12.200996,0.000000
12.266828,0.000000
12.300331,0.000000
12.401585,0.000000
12.467583,0.000000
12.499840,0.000000
12.634691,0.000000
12.666999,0.000000
12.833634,0.000000
12.967086,0.000000
13.200058,0.000000
13.263782,0.000000
13.297319,0.000000
13.366276,0.000000
13.398628,0.000000
13.562791,0.000000
13.764328,0.000000
13.796957,0.000000
13.897348,0.000000
13.965923,0.000000
13.999625,0.000000
14.097859,0.000000
14.132334,0.000000
14.164756,0.000000
14.197280,0.000000
14.231504,0.000000
14.297506,0.000000
14.365183,0.000000
14.397901,0.000000
14.432275,0.000000
14.466632,0.000000
14.697781,0.000000
14.732119,0.000000
14.831371,0.000000
14.998669,0.000000
15.131408,0.000000
15.165574,0.000000
15.230576,0.000000
15.297611,0.000000
15.366322,0.000000
15.398670,0.000000
15.467770,0.000000
15.499036,0.000000
15.533313,0.000000
15.569838,0.000000
15.635656,0.000000
15.735055,0.000000
15.901481,0.000000
15.934980,0.000000
16.101923,0.000000
16.369540,0.000000
16.634932,0.000000
16.669461,0.000000
16.797164,0.000000
16.969474,0.000000
17.001803,0.000000
17.069522,0.000000
17.233721,0.000000
17.299728,0.000000
17.433422,0.000000
17.634023,0.000000
17.666445,0.000000
17.800330,0.000000
17.832907,0.000000
17.899907,0.000000
17.966700,0.000000
17.999049,0.000000
18.032291,0.000000
18.067842,0.000000
18.102302,0.000000
18.132779,0.000000
18.199499,0.000000
18.297983,0.000000
18.333282,0.000000
18.466938,0.000000
18.633391,0.000000
18.667646,0.000000
18.700095,0.000000
18.764781,0.000000
18.900893,0.000000
18.933620,0.000000
19.032409,0.000000
19.168956,0.000000
19.200949,0.000000
19.266433,0.000000
19.334331,0.000000
19.366695,0.000000
19.435567,0.000000
19.469141,0.000000
19.503306,0.000000
19.569375,0.000000
19.603694,0.000000
19.639341,0.000000
19.804443,0.000000
19.838756,0.000000
19.970487,0.000000
20.070833,0.000000
20.105019,0.000000
20.139375,0.000000
20.270172,0.000000
20.304536,0.000000
20.337922,0.000000
20.370435,0.000000
20.404780,0.000000
20.535616,0.000000
20.603323,0.000000
20.637826,0.000000
20.770791,0.000000
20.871073,0.000000
21.069455,0.000000
21.203292,0.000000
21.233500,0.000000
21.302415,0.000000
21.401717,0.000000
21.466598,0.000000
21.502069,0.000000
21.634795,0.000000
21.800996,0.000000
21.935656,0.000000
22.001458,0.000000
22.034841,0.000000
22.135505,0.000000
22.167843,0.000000
22.301426,0.000000
22.368207,0.000000
22.532503,0.000000
22.568856,0.000000
22.601314,0.000000
22.635756,0.000000
22.668223,0.000000
22.799882,0.000000
22.868737,0.000000
22.901296,0.000000
22.935629,0.000000
22.968270,0.000000
23.069444,0.000000
23.136206,0.000000
23.201306,0.000000
23.236698,0.000000
23.270020,0.000000
23.369309,0.000000
23.401815,0.000000
23.435100,0.000000
23.572040,0.000000
23.839430,0.000000
23.938689,0.000000
24.105613,0.000000
24.140227,0.000000
24.204587,0.000000
24.340451,0.000000
24.405449,0.000000
24.439778,0.000000
24.473223,0.000000
24.504454,0.000000
24.539039,0.000000
24.661316,0.200000
24.672834,0.200000
24.694447,0.200000
24.727817,0.200000
24.739773,0.200000
24.761195,0.200000
24.773623,0.200000
24.794429,0.200000
24.806579,0.200000
24.827875,0.200000
24.861351,0.200000
24.894509,0.200000
24.905814,0.200000
24.927784,0.200000
24.961249,0.200000
24.994583,0.200000
25.004064,0.200000
25.027783,0.200000
25.061323,0.200000
25.072006,0.200000
25.094409,0.200000
25.127876,0.200000
25.161259,0.200000
25.194485,0.200000
25.227874,0.200000
25.261297,0.200000
25.268578,0.200000
25.294513,0.200000
25.327841,0.200000
25.362336,0.200000
25.372317,0.200000
25.394533,0.200000
25.427880,0.200000
25.461269,0.200000
25.467186,0.200000
25.494517,0.200000
25.527826,0.200000
25.536901,0.200000
25.561257,0.200000
25.594501,0.200000
25.627844,0.200000
25.661252,0.200000
25.670562,0.200000
25.694460,0.200000
25.727697,0.200000
25.761328,0.200000
25.794452,0.200000
25.827806,0.200000
25.861249,0.200000
25.894469,0.200000
25.927920,0.200000
25.961308,0.200000
25.994491,0.200000
26.027981,0.200000
26.061339,0.200000
26.094496,0.200000
26.127935,0.200000
26.161249,0.200000
26.194477,0.200000
26.227847,0.200000
26.261180,0.200000
26.294587,0.200000
26.327709,0.200000
26.361266,0.200000
26.394495,0.200000
26.427885,0.200000
26.461241,0.200000
26.494422,0.200000
26.527831,0.200000
26.561360,0.200000
26.594496,0.200000
26.627826,0.200000
26.661229,0.200000
26.694529,0.200000
26.727816,0.200000
26.761397,0.200000
26.794425,0.200000
26.827949,0.200000
26.861327,0.200000
26.894398,0.200000
26.927875,0.200000
26.961342,0.200000
26.994412,0.200000
27.027807,0.200000
27.061181,0.200000
27.094431,0.200000
27.127806,0.200000
27.161538,0.200000
27.194561,0.200000
27.227820,0.200000
27.261269,0.200000
27.294455,0.200000
27.327782,0.200000
27.361243,0.200000
27.394527,0.200000
27.427894,0.200000
27.461223,0.200000
27.494488,0.200000
27.527928,0.200000
27.561233,0.200000
27.594397,0.200000
27.627882,0.200000
27.661206,0.200000
27.694410,0.200000
27.727866,0.200000
27.761290,0.200000
27.794452,0.200000
27.827851,0.200000
27.861302,0.200000
27.894475,0.200000
27.927851,0.200000
27.961291,0.200000
27.994467,0.200000
28.027748,0.200000
28.061236,0.200000
28.094406,0.200000
28.127852,0.200000
28.161138,0.200000
28.194511,0.200000
28.227688,0.200000
28.261209,0.200000
28.294520,0.200000
28.328181,0.200000
28.361173,0.200000
28.394558,0.200000
28.427880,0.200000
28.461233,0.200000
28.494512,0.200000
28.527794,0.200000
28.561296,0.200000
28.594393,0.200000
28.627835,0.200000
28.661334,0.200000
28.694523,0.200000
28.727803,0.200000
28.761086,0.200000
28.794440,0.200000
28.827890,0.200000
28.861249,0.200000
28.894491,0.200000
28.927870,0.200000
28.961315,0.200000
28.994482,0.200000
29.027879,0.200000
29.061357,0.200000
29.094502,0.200000
29.127961,0.200000
29.161186,0.200000
29.194512,0.200000
29.227866,0.200000
29.261324,0.200000
29.294308,0.200000
29.327858,0.200000
29.361326,0.200000
29.394380,0.200000
29.427905,0.200000
29.461271,0.200000
29.494412,0.200000
29.527912,0.200000
29.561265,0.200000
29.595423,0.200000
29.627823,0.200000
29.661117,0.200000
29.694435,0.200000
29.727863,0.200000
29.761210,0.200000
29.794566,0.200000
29.827815,0.200000
29.861282,0.200000
29.894433,0.200000
29.927843,0.200000
29.961304,0.200000
29.994372,0.200000
30.027859,0.200000
30.061252,0.200000
30.094423,0.200000
30.127891,0.200000
30.161314,0.200000
30.194449,0.200000
30.227855,0.200000
30.261314,0.200000
30.294408,0.200000
30.327779,0.200000
30.361082,0.200000
30.394821,0.200000
30.427817,0.200000
30.461275,0.200000
30.494457,0.200000
30.527794,0.200000
30.561140,0.200000
30.594373,0.200000
30.627821,0.200000
30.661247,0.200000
30.694541,0.200000
30.727991,0.200000
30.761279,0.200000
30.794382,0.200000
30.827959,0.200000
30.861298,0.200000
30.894436,0.200000
30.927877,0.200000
30.961295,0.200000
30.994503,0.200000
31.027793,0.200000
31.061360,0.200000
31.094543,0.200000
31.127806,0.200000
31.161588,0.200000
31.194482,0.200000
31.227757,0.200000
31.261509,0.200000
31.294466,0.200000
31.327861,0.200000
31.361265,0.200000
31.394448,0.200000
31.427791,0.200000
31.461280,0.200000
31.494488,0.200000
31.527714,0.200000
31.561449,0.200000
31.594486,0.200000
31.627848,0.200000
31.661223,0.200000
31.694411,0.200000
31.727862,0.200000
31.761287,0.200000
31.794475,0.200000
31.827782,0.200000
31.861238,0.200000
31.894700,0.200000
31.927882,0.200000
31.961156,0.200000
31.994418,0.200000
32.027828,0.200000
32.061218,0.200000
32.094388,0.200000
32.127829,0.200000
32.161312,0.200000
32.194412,0.200000
32.227847,0.200000
32.261242,0.200000
32.294578,0.200000
32.327937,0.200000
32.361268,0.200000
32.394477,0.200000
32.427924,0.200000
32.461350,0.200000
32.494336,0.200000
32.527827,0.200000
32.561347,0.200000
32.594449,0.200000
32.627839,0.200000
32.661309,0.200000
32.694446,0.200000
32.727884,0.200000
32.761223,0.200000
32.794446,0.200000
32.827802,0.200000
32.861176,0.200000
32.894477,0.200000
32.927831,0.200000
32.961134,0.200000
32.994441,0.200000
33.027930,0.200000
33.061267,0.200000
33.094605,0.200000
33.127858,0.200000
33.161286,0.200000
33.194406,0.200000
33.227817,0.200000
33.261369,0.200000
33.294494,0.200000
33.327849,0.200000
33.361211,0.200000
33.396055,0.200000
33.428047,0.200000
33.461406,0.200000
33.494442,0.200000
33.527872,0.200000
33.561166,0.200000
33.594504,0.200000
33.627815,0.200000
33.661210,0.200000
33.694495,0.200000
33.727929,0.200000
33.761202,0.200000
33.794414,0.200000
33.827752,0.200000
33.861312,0.200000
33.894411,0.200000
33.927912,0.200000
33.961292,0.200000
33.994413,0.200000
34.027817,0.200000
34.061264,0.200000
34.094420,0.200000
34.127903,0.200000
34.161307,0.200000
34.194409,0.200000
34.227881,0.200000
34.261299,0.200000
34.294491,0.200000
34.327828,0.200000
34.361100,0.200000
34.395914,0.200000
34.427884,0.200000
34.461364,0.200000
34.494424,0.200000
34.527828,0.200000
34.561259,0.200000
34.594399,0.200000
34.627828,0.200000
34.661170,0.200000
34.694461,0.200000
34.727703,0.200000
34.761171,0.200000
34.794521,0.200000
34.827834,0.200000
34.861262,0.200000
34.894416,0.200000
34.927853,0.200000
34.961341,0.200000
34.994422,0.200000
35.027857,0.200000
35.061144,0.200000
35.094398,0.200000
35.127809,0.200000
35.161295,0.200000
35.194448,0.200000
35.227757,0.200000
35.261253,0.200000
35.294528,0.200000
35.327831,0.200000
35.361325,0.200000
35.394469,0.200000
35.427852,0.200000
35.461303,0.200000
35.494411,0.200000
35.527828,0.200000
35.561226,0.200000
35.594478,0.200000
35.627760,0.200000
35.661339,0.200000
35.694503,0.200000
35.727792,0.200000
35.761265,0.200000
35.794540,0.200000
35.827899,0.200000
35.861280,0.200000
35.894462,0.200000
35.927857,0.200000
35.961306,0.200000
35.994476,0.200000
36.027845,0.000000
36.061325,0.000000
36.094508,0.000000
36.127764,0.000000
36.161255,0.000000
36.194499,0.000000
36.227798,0.000000
36.261317,0.000000
36.294521,0.000000
36.327927,0.000000
36.361293,0.000000
36.394457,0.000000
36.428630,0.000000
36.461330,0.000000
36.494383,0.000000
36.527863,0.000000
36.561303,0.000000
36.594392,0.000000
36.627908,0.000000
36.661255,0.000000
36.694574,0.000000
36.727790,0.000000
36.761321,0.000000
36.794446,0.000000
36.827867,0.000000
36.861152,0.000000
36.894441,0.000000
36.927728,0.000000
36.961287,0.000000
36.994469,0.000000
37.027739,0.000000
37.061218,0.000000
37.094495,0.000000
37.127876,0.000000
37.161203,0.000000
37.194463,0.000000
37.227800,0.000000
37.261351,0.000000
37.294454,0.000000
37.327880,0.000000
37.361264,0.000000
37.394451,0.000000
37.427829,0.000000
37.461344,0.000000
