0.291267,0.000000
0.325948,0.000000
0.425023,0.000000
0.489835,0.000000
0.557610,0.000000
0.690600,0.000000
0.824261,0.000000
0.889131,0.000000
0.923374,0.000000
1.120964,0.000000
1.255948,0.000000
1.354966,0.000000
1.389482,0.000000
1.456632,0.000000
1.557549,0.000000
1.689448,0.000000
1.756692,0.000000
1.890078,0.000000
1.922224,0.000000
1.956707,0.000000
2.021584,0.000000
2.054170,0.000000
2.090681,0.000000
2.222210,0.000000
2.355972,0.000000
2.390457,0.000000
2.489648,0.000000
2.623436,0.000000
2.657618,0.000000
2.690175,0.000000
2.722614,0.000000
3.058815,0.000000
3.093567,0.000000
3.127325,0.000000
3.194709,0.000000
3.425809,0.000000
3.493793,0.000000
3.560483,0.000000
3.594040,0.000000
3.627480,0.000000
3.661765,0.000000
3.695440,0.000000
3.725722,0.000000
3.926302,0.000000
3.960845,0.000000
4.124911,0.000000
4.159277,0.000000
4.354036,0.000000
4.394393,0.000000
4.459094,0.000000
4.557545,0.000000
4.623613,0.000000
4.825091,0.000000
4.854567,0.000000
5.090526,0.000000
5.157157,0.000000
5.193017,0.000000
5.225238,0.000000
5.257657,0.000000
5.324572,0.000000
5.387602,0.000000
5.423858,0.000000
5.490990,0.000000
5.621444,0.000000
5.656881,0.000000
5.758242,0.000000
5.824156,0.000000
5.857604,0.000000
5.924538,0.000000
5.956767,0.000000
6.056717,0.000000
6.157352,0.000000
6.192075,0.000000
6.323632,0.000000
6.392542,0.000000
6.425009,0.000000
6.457409,0.000000
6.657757,0.000000
6.759098,0.000000
6.895288,0.000000
6.927708,0.000000
6.962079,0.000000
6.994553,0.000000
7.029050,0.000000
7.129304,0.000000
7.161832,0.000000
7.228796,0.000000
7.328952,0.000000
7.429425,0.000000
7.460695,0.000000
