0.168932,0.000000
0.189042,0.000000
0.208873,0.000000
0.228919,0.000000
0.248934,0.000000
0.268943,0.000000
0.289210,0.000000
0.308937,0.000000
0.328949,0.000000
0.349025,0.000000
0.368933,0.000000
0.389018,0.000000
0.409036,0.000000
0.428966,0.000000
0.448951,0.000000
0.469066,0.000000
0.488850,0.000000
0.508921,0.000000
0.528925,0.000000
0.548961,0.000000
0.569036,0.000000
0.588892,0.000000
0.609117,0.000000
0.628871,0.000000
0.648873,0.000000
0.668941,0.000000
0.689075,0.000000
0.708911,0.000000
0.728872,0.000000
0.749051,0.000000
0.769027,0.000000
0.788862,0.000000
0.808893,0.000000
0.828984,0.000000
0.849150,0.000000
0.868917,0.000000
0.888991,0.000000
0.909034,0.000000
0.928914,0.000000
0.948991,0.000000
0.968869,0.000000
0.988913,0.000000
1.008980,0.000000
1.029164,0.000000
1.049181,0.000000
1.069090,0.000000
1.088893,0.000000
1.108907,0.000000
1.128920,0.000000
1.148894,0.000000
1.168922,0.000000
1.189119,0.000000
1.208884,0.000000
1.228998,0.000000
1.248899,0.000000
1.268996,0.000000
1.289600,0.000000
1.309000,0.000000
1.328943,0.000000
1.348890,0.000000
1.368960,0.000000
1.389082,0.000000
1.408935,0.000000
1.428911,0.000000
1.449029,0.000000
1.469138,0.000000
1.488901,0.000000
1.508954,0.000000
1.528897,0.000000
1.549036,0.000000
1.568943,0.000000
1.589231,0.000000
1.610037,0.000000
1.629292,0.000000
1.649523,0.000000
1.669323,0.000000
1.689310,0.000000
1.709098,0.000000
1.728909,0.000000
1.749071,0.000000
1.768935,0.000000
1.788902,0.000000
1.808945,0.000000
1.829016,0.000000
1.848974,0.000000
1.869031,0.000000
1.889074,0.000000
1.908901,0.000000
1.928909,0.000000
1.948956,0.000000
1.969343,0.000000
1.989023,0.000000
2.009003,0.000000
2.029047,0.000000
2.049050,0.000000
2.068957,0.000000
2.089060,0.000000
2.108902,0.000000
2.128949,0.000000
2.148954,0.000000
2.168928,0.000000
2.189027,0.000000
2.208924,0.000000
2.228975,0.000000
2.248974,0.000000
2.268945,0.000000
2.288994,0.000000
2.308974,0.000000
2.328979,0.000000
2.348865,0.000000
2.368923,0.000000
2.388968,0.000000
2.408931,0.000000
2.428889,0.000000
2.448856,0.000000
2.468955,0.000000
2.488985,0.000000
2.508913,0.000000
2.528980,0.000000
2.548888,0.000000
2.569069,0.000000
2.588965,0.000000
2.608913,0.000000
2.628895,0.000000
2.648908,0.000000
2.669140,0.000000
2.678118,0.000000
2.688894,0.000000
2.698083,0.000000
2.708966,0.000000
2.718052,0.000000
2.728977,0.000000
2.738042,0.000000
2.748958,0.000000
2.758003,0.000000
2.768993,0.000000
2.778229,0.000000
2.788852,0.000000
2.798228,0.000000
2.808910,0.000000
2.818156,0.000000
2.829102,0.000000
2.838140,0.000000
2.848963,0.000000
2.857965,0.000000
2.868948,0.000000
2.878377,0.000000
2.889008,0.000000
2.897980,0.000000
2.908900,0.000000
2.918094,0.000000
2.929145,0.000000
2.938058,0.000000
2.948920,0.000000
2.958128,0.000000
2.969016,0.000000
2.978119,0.000000
2.989127,0.000000
2.998079,0.000000
3.009107,0.000000
3.018036,0.000000
3.028988,0.000000
3.038072,0.000000
3.048894,0.000000
3.058112,0.000000
3.068915,0.000000
3.078212,0.000000
3.089025,0.000000
3.098105,0.000000
3.109061,0.000000
3.118066,0.000000
3.128938,0.000000
3.138169,0.000000
3.148934,0.000000
3.158011,0.000000
3.168894,0.000000
3.178092,0.000000
3.188891,0.000000
3.198140,0.000000
3.208963,0.000000
3.218070,0.000000
3.229001,0.000000
3.238115,0.000000
3.248865,0.000000
3.258017,0.000000
3.268990,0.000000
3.277956,0.000000
3.289186,0.000000
3.297948,0.000000
3.309004,0.000000
3.317992,0.000000
3.329005,0.000000
3.337963,0.000000
3.348992,0.000000
3.358047,0.000000
3.368943,0.000000
3.378124,0.000000
3.388949,0.000000
3.398015,0.000000
3.408978,0.000000
3.418163,0.000000
3.428922,0.000000
3.438003,0.000000
3.448998,0.000000
3.458076,0.000000
3.468907,0.000000
3.478125,0.000000
3.488966,0.000000
3.498094,0.000000
3.508958,0.000000
3.518287,0.000000
3.528936,0.000000
3.538044,0.000000
3.549052,0.000000
3.557977,0.000000
3.568914,0.000000
3.578008,0.000000
3.588950,0.000000
3.598266,0.000000
3.609035,0.000000
3.618035,0.000000
3.628898,0.000000
3.638148,0.000000
3.648929,0.000000
3.658053,0.000000
3.668963,0.000000
3.678058,0.000000
3.689162,0.000000
3.698076,0.000000
3.708948,0.000000
3.717934,0.000000
3.728890,0.000000
3.738063,0.000000
3.748976,0.000000
3.758019,0.000000
3.768872,0.000000
3.778079,0.000000
3.789070,0.000000
3.798131,0.000000
3.808938,0.000000
3.818422,0.000000
3.828992,0.000000
3.838078,0.000000
3.848925,0.000000
3.858070,0.000000
3.869026,0.000000
3.878099,0.000000
3.889214,0.000000
3.898259,0.000000
3.908958,0.000000
3.917989,0.000000
3.929002,0.000000
3.937992,0.000000
3.948935,0.000000
3.958125,0.000000
3.968938,0.000000
3.978057,0.000000
3.988935,0.000000
3.998042,0.000000
4.008953,0.000000
4.018064,0.000000
4.028905,0.000000
4.038090,0.000000
4.048982,0.000000
4.058068,0.000000
4.068870,0.000000
4.078019,0.000000
4.088971,0.000000
4.098011,0.000000
4.108898,0.000000
4.118048,0.000000
4.128939,0.000000
4.138066,0.000000
4.148980,0.000000
4.158023,0.000000
4.168931,0.000000
4.177992,0.000000
4.188936,0.000000
4.198008,0.000000
4.208875,0.000000
4.218066,0.000000
4.228880,0.000000
4.238072,0.000000
4.248991,0.000000
4.258045,0.000000
4.268877,0.000000
4.278146,0.000000
4.289165,0.000000
4.298186,0.000000
4.308989,0.000000
4.318185,0.000000
4.338047,0.000000
4.350927,0.000000
4.350942,0.000000
4.357982,0.000000
4.378090,0.000000
4.394876,0.000000
4.394887,0.000000
4.398187,0.000000
4.418665,0.000000
4.438046,0.000000
4.438869,0.000000
4.438881,0.000000
4.458063,0.000000
4.478035,0.000000
4.482925,0.000000
4.482933,0.000000
4.498023,0.000000
4.518056,0.000000
4.526925,0.000000
4.526931,0.000000
4.538025,0.000000
4.558043,0.000000
4.570929,0.000000
4.570943,0.000000
4.570954,0.000000
4.578082,0.000000
4.598042,0.000000
4.614905,0.000000
4.614918,0.000000
4.618071,0.000000
4.628895,0.000000
4.638074,0.000000
4.648942,0.000000
4.658250,0.000000
4.677946,0.000000
4.690886,0.000000
4.690906,0.000000
4.698228,0.000000
4.718025,0.000000
4.734881,0.000000
4.734894,0.000000
4.737956,0.000000
4.758047,0.000000
4.778023,0.000000
4.778867,0.000000
4.778872,0.000000
4.798135,0.000000
4.818006,0.000000
4.822908,0.000000
4.822915,0.000000
4.838065,0.000000
4.858201,0.000000
4.866897,0.000000
4.866903,0.000000
4.878049,0.000000
4.898139,0.000000
4.910865,0.000000
4.910875,0.000000
4.910879,0.000000
4.918022,0.000000
4.938148,0.000000
4.954948,0.000000
4.954956,0.000000
4.958141,0.000000
4.968917,0.000000
4.978024,0.000000
4.989134,0.000000
4.997979,0.000000
5.018077,0.000000
5.034878,0.000000
5.034888,0.000000
5.038161,0.000000
5.058069,0.000000
5.078130,0.000000
5.078858,0.000000
5.078866,0.000000
5.098038,0.000000
5.118004,0.000000
5.122898,0.000000
5.122905,0.000000
5.138031,0.000000
5.158006,0.000000
5.166897,0.000000
5.166909,0.000000
5.178020,0.000000
5.198028,0.000000
5.210866,0.000000
5.210877,0.000000
5.210882,0.000000
5.218149,0.000000
5.238030,0.000000
5.254884,0.000000
5.254901,0.000000
5.258000,0.000000
5.269070,0.000000
5.278022,0.000000
5.288940,0.000000
5.298141,0.000000
5.318027,0.000000
5.330867,0.000000
5.330879,0.000000
5.338072,0.000000
5.358119,0.000000
5.374873,0.000000
5.374884,0.000000
5.378005,0.000000
5.398062,0.000000
5.418407,0.000000
5.418859,0.000000
5.418871,0.000000
5.438079,0.000000
5.457996,0.000000
5.462862,0.000000
5.462867,0.000000
5.478034,0.000000
5.498035,0.000000
5.506894,0.000000
5.506900,0.000000
5.518031,0.000000
5.538033,0.000000
5.550883,0.000000
5.550895,0.000000
5.550905,0.000000
5.558110,0.000000
5.578093,0.000000
5.594877,0.000000
5.594893,0.000000
5.598021,0.000000
5.609103,0.000000
5.618052,0.000000
5.629020,0.000000
5.638071,0.000000
5.658136,0.000000
5.670924,0.000000
5.670935,0.000000
5.678012,0.000000
5.698084,0.000000
5.714867,0.000000
5.714878,0.000000
5.718027,0.000000
5.738219,0.000000
5.758008,0.000000
5.758868,0.000000
5.758877,0.000000
5.778022,0.000000
5.798021,0.000000
5.802887,0.000000
5.802901,0.000000
5.818070,0.000000
5.838197,0.000000
5.846908,0.000000
5.846920,0.000000
5.858012,0.000000
5.878061,0.000000
5.890857,0.000000
5.890868,0.000000
5.890876,0.000000
5.898058,0.000000
5.918041,0.000000
5.934928,0.000000
5.934939,0.000000
5.938108,0.000000
5.948861,0.000000
5.958099,0.000000
5.968983,0.000000
5.978037,0.000000
5.998091,0.000000
6.010884,0.000000
6.010896,0.000000
6.017985,0.000000
6.038026,0.000000
6.058061,0.000000
6.058876,0.000000
6.058885,0.000000
6.078068,0.000000
6.098086,0.000000
6.102875,0.000000
6.102887,0.000000
6.118028,0.000000
6.138013,0.000000
6.146904,0.000000
6.146912,0.000000
6.158012,0.000000
6.177992,0.000000
6.194882,0.000000
6.194894,0.000000
6.194900,0.000000
6.198052,0.000000
6.218096,0.000000
6.237989,0.000000
6.238872,0.000000
6.238879,0.000000
6.249195,0.000000
6.258198,0.000000
6.268980,0.000000
6.278027,0.000000
6.298063,0.000000
6.310872,0.000000
6.310882,0.000000
6.318102,0.000000
6.338208,0.000000
6.354878,0.000000
6.354887,0.000000
6.358164,0.000000
6.378130,0.000000
6.398086,0.000000
6.398857,0.000000
6.398868,0.000000
6.418118,0.000000
6.438073,0.000000
6.442898,0.000000
6.442910,0.000000
6.458095,0.000000
6.478172,0.000000
6.486940,0.000000
6.486959,0.000000
6.498145,0.000000
6.518113,0.000000
6.530865,0.000000
6.530874,0.000000
6.530881,0.000000
6.538169,0.000000
6.558019,0.000000
6.574863,0.000000
6.574869,0.000000
6.578036,0.000000
6.588925,0.000000
6.598111,0.000000
6.608857,0.000000
6.618081,0.000000
6.638107,0.000000
6.650873,0.000000
6.650890,0.000000
6.658053,0.000000
6.677994,0.000000
6.694898,0.000000
6.694914,0.000000
6.698161,0.000000
6.717978,0.000000
6.738117,0.000000
6.738871,0.000000
6.738881,0.000000
6.758010,0.000000
6.777968,0.000000
6.782917,0.000000
6.782928,0.000000
6.798022,0.000000
6.818041,0.000000
6.826909,0.000000
6.826926,0.000000
6.838130,0.000000
6.870879,0.000000
6.870899,0.000000
6.870911,0.000000
6.878868,0.000000
6.878876,0.000000
6.914872,0.000000
6.914876,0.000000
6.922891,0.000000
6.922904,0.000000
6.928922,0.000000
6.948944,0.000000
6.966893,0.000000
6.966907,0.000000
6.990874,0.000000
6.990887,0.000000
7.010869,0.000000
7.010883,0.000000
7.034899,0.000000
7.034914,0.000000
7.054871,0.000000
7.054878,0.000000
7.078871,0.000000
7.078880,0.000000
7.098871,0.000000
7.098882,0.000000
7.098895,0.000000
7.122942,0.000000
7.122953,0.000000
7.142870,0.000000
7.142877,0.000000
7.158054,0.000000
7.166904,0.000000
7.166912,0.000000
7.178113,0.000000
7.211152,0.000000
7.211184,0.000000
7.211234,0.000000
7.218868,0.000000
7.218878,0.000000
7.254881,0.000000
7.254894,0.000000
7.262872,0.000000
7.262885,0.000000
7.268987,0.000000
7.288940,0.000000
7.306875,0.000000
7.306887,0.000000
7.330870,0.000000
7.330883,0.000000
7.350870,0.000000
7.350878,0.000000
7.374884,0.000000
7.374896,0.000000
7.398875,0.000000
7.398890,0.000000
7.398896,0.000000
7.418886,0.000000
7.418899,0.000000
7.442920,0.000000
7.442934,0.000000
7.458090,0.000000
7.462939,0.000000
7.462947,0.000000
7.478066,0.000000
7.506883,0.000000
7.506894,0.000000
7.518875,0.000000
7.518881,0.000000
7.550876,0.000000
7.550886,0.000000
7.550896,0.000000
7.562918,0.000000
7.562927,0.000000
7.598871,0.000000
7.598883,0.000000
7.606887,0.000000
7.606897,0.000000
7.608912,0.000000
7.629018,0.000000
7.650875,0.000000
7.650884,0.000000
7.670878,0.000000
7.670888,0.000000
7.694934,0.000000
7.694950,0.000000
7.714951,0.000000
7.714959,0.000000
7.738932,0.000000
7.738949,0.000000
7.738955,0.000000
7.758920,0.000000
7.758934,0.000000
7.782908,0.000000
7.782915,0.000000
7.798002,0.000000
7.802936,0.000000
7.802946,0.000000
7.818015,0.000000
7.846873,0.000000
7.846882,0.000000
7.858909,0.000000
7.858920,0.000000
7.890904,0.000000
7.890914,0.000000
7.890921,0.000000
7.902876,0.000000
7.902886,0.000000
7.934914,0.000000
7.934925,0.000000
7.946904,0.000000
7.946911,0.000000
7.948954,0.000000
7.968878,0.000000
7.990880,0.000000
7.990888,0.000000
8.010877,0.000000
8.010891,0.000000
8.034967,0.000000
8.034979,0.000000
8.054909,0.000000
8.054921,0.000000
8.078868,0.000000
8.078880,0.000000
8.078886,0.000000
8.098903,0.000000
8.098914,0.000000
8.122867,0.000000
8.122876,0.000000
8.138082,0.000000
8.142859,0.000000
8.142870,0.000000
8.158058,0.000000
8.186871,0.000000
8.186878,0.000000
8.198879,0.000000
8.198891,0.000000
8.230878,0.000000
8.230888,0.000000
8.230902,0.000000
8.242859,0.000000
8.242868,0.000000
8.274871,0.000000
8.274883,0.000000
8.286929,0.000000
8.286942,0.000000
8.289159,0.000000
8.308977,0.000000
8.330916,0.000000
8.330927,0.000000
8.350902,0.000000
8.350906,0.000000
8.374871,0.000000
8.374880,0.000000
8.394900,0.000000
8.394915,0.000000
8.418869,0.000000
8.418881,0.000000
8.418886,0.000000
8.438868,0.000000
8.438881,0.000000
8.462902,0.000000
8.462910,0.000000
8.477996,0.000000
8.482927,0.000000
8.482939,0.000000
8.498060,0.000000
8.526864,0.000000
8.526879,0.000000
8.538870,0.000000
8.538880,0.000000
8.570862,0.000000
8.570873,0.000000
8.570881,0.000000
8.582912,0.000000
8.582929,0.000000
8.614878,0.000000
8.614891,0.000000
8.626892,0.000000
8.626907,0.000000
8.628976,0.000000
8.649158,0.000000
8.670917,0.000000
8.670931,0.000000
8.690912,0.000000
8.690923,0.000000
8.714895,0.000000
8.714905,0.000000
8.734931,0.000000
8.734943,0.000000
8.758863,0.000000
8.758869,0.000000
8.758877,0.000000
8.778885,0.000000
8.778905,0.000000
8.802918,0.000000
8.802929,0.000000
8.817958,0.000000
8.822923,0.000000
8.822933,0.000000
8.838095,0.000000
8.866875,0.000000
8.866888,0.000000
8.878867,0.000000
8.878879,0.000000
8.910858,0.000000
8.910865,0.000000
8.910872,0.000000
8.922874,0.000000
8.922881,0.000000
8.954881,0.000000
8.954894,0.000000
8.966908,0.000000
8.966921,0.000000
8.969000,0.000000
8.988923,0.000000
9.010873,0.000000
9.010883,0.000000
9.030896,0.000000
9.030902,0.000000
9.054910,0.000000
9.054924,0.000000
9.074872,0.000000
9.074886,0.000000
9.098868,0.000000
9.098876,0.000000
9.098885,0.000000
9.118912,0.000000
9.118925,0.000000
9.142867,0.000000
9.142874,0.000000
9.158050,0.000000
9.162898,0.000000
9.162911,0.000000
9.178002,0.000000
9.206872,0.000000
9.206877,0.000000
9.218875,0.000000
9.218888,0.000000
9.250875,0.000000
9.250896,0.000000
9.250903,0.000000
9.262940,0.000000
9.262951,0.000000
9.294895,0.000000
9.294902,0.000000
9.306858,0.000000
9.306866,0.000000
9.308911,0.000000
9.328849,0.000000
9.350870,0.000000
9.350884,0.000000
9.370882,0.000000
9.370891,0.000000
9.394898,0.000000
9.394908,0.000000
9.414964,0.000000
9.414983,0.000000
9.438906,0.000000
9.438915,0.000000
9.438927,0.000000
9.458866,0.000000
9.458876,0.000000
9.482888,0.000000
9.482895,0.000000
9.498006,0.000000
9.502911,0.000000
9.502922,0.000000
9.518055,0.000000
9.546918,0.000000
9.546926,0.000000
9.558888,0.000000
9.558902,0.000000
9.590925,0.000000
9.590942,0.000000
9.590954,0.000000
9.602881,0.000000
9.602892,0.000000
9.634871,0.000000
9.634885,0.000000
9.646902,0.000000
9.646910,0.000000
9.648935,0.000000
9.668926,0.000000
9.690901,0.000000
9.690913,0.000000
9.710886,0.000000
9.710896,0.000000
9.734920,0.000000
9.734934,0.000000
9.754892,0.000000
9.754899,0.000000
9.778865,0.000000
9.778882,0.000000
9.778887,0.000000
9.798875,0.000000
9.798883,0.000000
9.822902,0.000000
9.822912,0.000000
9.837958,0.000000
9.842863,0.000000
9.842868,0.000000
9.858003,0.000000
9.886949,0.000000
9.886954,0.000000
9.898892,0.000000
9.898904,0.000000
9.930887,0.000000
9.930896,0.000000
9.930907,0.000000
9.942880,0.000000
9.942893,0.000000
9.978906,0.000000
9.978921,0.000000
9.986871,0.000000
9.986881,0.000000
9.988937,0.000000
10.008852,0.000000
10.030870,0.000000
10.030877,0.000000
10.050883,0.000000
10.050899,0.000000
10.074878,0.000000
10.074888,0.000000
10.094880,0.000000
10.094893,0.000000
10.138889,0.000000
10.138899,0.000000
10.182918,0.000000
10.182930,0.000000
10.226928,0.000000
10.226940,0.000000
10.274887,0.000000
10.274899,0.000000
10.274904,0.000000
10.322926,0.000000
10.322941,0.000000
10.328934,0.000000
10.348913,0.000000
10.390878,0.000000
10.390887,0.000000
10.434958,0.000000
10.434971,0.000000
10.478879,0.000000
10.478890,0.000000
10.522928,0.000000
10.522940,0.000000
10.566878,0.000000
10.566887,0.000000
10.610866,0.000000
10.610880,0.000000
10.610884,0.000000
10.654900,0.000000
10.654909,0.000000
10.669082,0.000000
10.689037,0.000000
10.730914,0.000000
10.730922,0.000000
10.774883,0.000000
10.774896,0.000000
10.818944,0.000000
10.818955,0.000000
10.862877,0.000000
10.862885,0.000000
10.906865,0.000000
10.906872,0.000000
10.950902,0.000000
10.950919,0.000000
10.950933,0.000000
10.994864,0.000000
10.994875,0.000000
11.009104,0.000000
11.028950,0.000000
11.070869,0.000000
11.070879,0.000000
11.114877,0.000000
11.114889,0.000000
11.158894,0.000000
11.158906,0.000000
11.202918,0.000000
11.202929,0.000000
11.246899,0.000000
11.246912,0.000000
11.290874,0.000000
11.290891,0.000000
11.290899,0.000000
11.334898,0.000000
11.334908,0.000000
11.348889,0.000000
11.369124,0.000000
11.410882,0.000000
11.410894,0.000000
11.454899,0.000000
11.454909,0.000000
11.498924,0.000000
11.498937,0.000000
11.542928,0.000000
11.542940,0.000000
11.586906,0.000000
11.586929,0.000000
11.630914,0.000000
11.631000,0.000000
11.631014,0.000000
11.674907,0.000000
11.674918,0.000000
11.688946,0.000000
