0.338813,0.000000
0.506785,0.000000
0.574774,0.000000
0.673059,0.000000
0.707506,0.000000
0.772349,0.000000
0.806817,0.000000
0.906221,0.000000
0.973041,0.000000
1.007586,0.000000
1.039429,0.000000
1.074434,0.000000
1.140272,0.000000
1.173710,0.000000
1.307475,0.000000
1.371292,0.000000
1.406789,0.000000
1.439052,0.000000
1.608249,0.000000
1.640699,0.000000
1.674204,0.000000
1.706647,0.000000
1.773669,0.000000
1.939737,0.000000
2.006492,0.000000
2.174778,0.000000
2.207180,0.000000
2.409765,0.000000
2.476632,0.000000
2.511192,0.000000
2.543527,0.000000
2.577050,0.000000
2.610510,0.000000
2.679290,0.000000
2.711774,0.000000
2.877961,0.000000
2.942777,0.000000
2.977331,0.000000
3.011717,0.000000
3.179954,0.000000
3.212541,0.000000
3.311833,0.000000
3.512455,0.000000
3.611660,0.042000
3.910396,0.042000
3.943938,0.042000
4.211340,0.042000
4.243951,0.042000
4.341161,0.046000
4.375648,0.046000
4.444485,0.046000
4.712268,0.046000
4.809194,0.054000
4.876087,0.058000
5.044319,0.054000
5.076749,0.054000
5.143686,0.054000
5.175983,0.054000
5.277326,0.058000
5.475966,0.054000
5.544798,0.054000
5.644132,0.054000
5.745561,0.063000
5.777860,0.054000
6.179183,0.067000
6.250095,0.067000
6.314877,0.058000
6.448516,0.058000
6.481002,0.058000
6.515454,0.058000
6.580385,0.075000
6.614715,0.075000
6.750387,0.054000
6.782898,0.063000
6.817455,0.063000
6.881228,0.058000
6.981558,0.063000
7.048662,0.063000
7.115480,0.054000
7.214708,0.054000
7.249210,0.054000
7.316029,0.058000
7.415720,0.058000
7.514556,0.054000
7.612865,0.067000
7.747756,0.063000
7.782109,0.058000
7.880482,0.054000
7.946291,0.054000
8.013175,0.058000
8.080005,0.058000
8.144831,0.058000
8.280596,0.063000
8.347500,0.063000
8.479309,0.046000
8.546257,0.046000
8.580638,0.067000
8.613202,0.067000
8.781327,0.058000
8.848128,0.058000
9.081237,0.058000
9.314400,0.058000
9.348535,0.058000
9.512888,0.058000
9.616256,0.058000
9.749949,0.058000
9.784352,0.067000
9.851310,0.067000
9.885685,0.058000
10.051911,0.058000
10.117779,0.058000
10.252617,0.063000
10.317701,0.063000
10.351829,0.063000
10.386505,0.054000
10.517986,0.067000
10.717580,0.063000
10.751053,0.063000
10.785469,0.063000
10.818957,0.063000
10.918232,0.063000
11.018623,0.058000
11.050918,0.058000
11.151268,0.058000
11.318480,0.058000
11.517143,0.058000
11.549481,0.058000
11.584052,0.071000
11.648748,0.071000
11.715732,0.058000
11.817031,0.063000
11.918909,0.058000
12.050226,0.058000
12.084608,0.054000
12.183910,0.058000
12.250693,0.058000
12.317631,0.058000
12.350061,0.058000
12.451300,0.058000
12.518308,0.058000
12.549639,0.058000
12.585192,0.063000
12.818332,0.054000
12.850691,0.058000
12.885172,0.058000
13.018844,0.063000
13.221852,0.046000
13.493446,0.063000
13.523791,0.063000
13.622994,0.063000
13.655408,0.058000
13.755792,0.058000
13.789255,0.058000
13.855199,0.063000
13.888573,0.063000
14.024361,0.058000
14.188614,0.063000
14.356713,0.063000
14.389418,0.063000
14.423645,0.063000
14.456994,0.058000
14.788288,0.058000
14.885616,0.058000
15.021297,0.067000
15.120624,0.067000
15.218836,0.067000
15.254342,0.063000
15.286941,0.063000
15.521727,0.067000
15.620949,0.063000
15.821990,0.063000
15.886540,0.067000
15.920946,0.067000
16.022185,0.063000
16.121545,0.067000
16.153888,0.067000
16.220793,0.067000
16.354534,0.063000
16.453928,0.058000
16.555357,0.058000
16.687017,0.063000
16.721426,0.063000
16.822741,0.063000
16.886681,0.067000
17.024064,0.067000
17.191678,0.058000
17.224059,0.058000
17.258574,0.058000
17.290872,0.058000
17.325345,0.058000
17.357732,0.063000
17.424653,0.063000
17.692150,0.058000
17.759126,0.058000
17.991051,0.063000
18.093578,0.058000
18.125851,0.058000
18.258565,0.063000
18.359078,0.058000
18.456352,0.063000
18.624380,0.058000
18.823129,0.058000
19.056704,0.058000
19.158739,0.054000
19.390441,0.058000
19.489847,0.063000
19.591416,0.063000
19.623729,0.063000
19.658263,0.067000
19.723129,0.067000
19.757557,0.058000
19.790196,0.058000
19.822465,0.058000
19.856804,0.058000
19.989520,0.058000
20.022958,0.058000
20.122340,0.067000
20.191348,0.058000
20.290473,0.063000
20.321877,0.063000
20.357501,0.058000
20.590451,0.058000
20.659422,0.063000
20.694946,0.063000
20.793107,0.063000
20.825555,0.063000
20.894558,0.058000
20.960355,0.058000
21.061075,0.058000
21.127865,0.058000
21.160597,0.054000
21.196024,0.054000
21.394454,0.067000
21.427691,0.067000
21.495685,0.063000
21.628360,0.054000
21.697421,0.054000
21.794582,0.058000
21.861409,0.058000
21.895884,0.058000
22.193878,0.058000
22.526291,0.058000
22.593239,0.050000
22.625619,0.050000
22.658969,0.058000
22.727008,0.058000
22.793894,0.058000
22.826447,0.058000
22.893169,0.058000
23.059572,0.058000
23.092663,0.058000
23.159663,0.063000
23.260888,0.067000
23.294350,0.067000
23.326793,0.067000
23.359225,0.058000
23.393715,0.058000
23.428199,0.058000
23.492917,0.058000
23.559926,0.058000
23.594545,0.058000
23.627001,0.058000
23.659320,0.063000
23.693696,0.063000
23.795182,0.063000
23.829406,0.063000
23.993631,0.058000
24.127453,0.054000
24.227715,0.054000
24.395118,0.058000
24.529680,0.058000
24.563109,0.054000
24.696122,0.054000
24.832860,0.054000
24.896928,0.063000
24.963881,0.063000
25.065207,0.058000
25.164824,0.058000
25.196923,0.058000
25.266066,0.054000
25.332788,0.054000
25.365134,0.058000
25.397534,0.058000
25.432067,0.058000
25.465477,0.067000
25.530360,0.067000
25.598279,0.067000
25.665086,0.050000
25.764436,0.063000
25.995577,0.058000
26.329780,0.063000
26.364323,0.067000
26.395757,0.067000
26.429325,0.067000
26.528501,0.063000
26.562954,0.058000
26.595401,0.058000
26.628909,0.058000
26.694795,0.050000
26.729231,0.050000
26.994633,0.058000
27.063528,0.058000
27.095934,0.058000
27.130415,0.058000
27.162814,0.058000
27.229671,0.058000
27.264062,0.067000
27.296560,0.067000
27.331037,0.067000
27.496138,0.058000
27.530559,0.058000
27.564005,0.063000
27.727268,0.067000
27.797451,0.063000
27.829728,0.063000
27.898565,0.050000
28.131546,0.058000
28.200531,0.063000
28.300695,0.063000
28.403045,0.050000
28.601498,0.058000
28.634053,0.058000
28.668433,0.058000
28.700977,0.058000
28.768796,0.067000
28.903742,0.058000
28.970484,0.063000
29.034360,0.063000
29.068676,0.058000
29.102203,0.058000
29.134757,0.058000
29.169369,0.050000
29.298695,0.063000
29.498300,0.058000
29.633072,0.058000
29.699953,0.058000
29.766921,0.058000
29.799248,0.058000
29.866224,0.063000
30.067027,0.058000
30.200670,0.067000
30.299917,0.058000
30.366879,0.058000
30.500649,0.063000
30.532056,0.063000
30.567558,0.058000
30.632394,0.058000
30.701191,0.058000
30.800471,0.058000
30.833054,0.058000
30.867518,0.058000
30.901922,0.058000
30.932355,0.058000
31.068044,0.063000
31.266729,0.063000
31.367949,0.063000
31.402560,0.063000
31.434870,0.063000
31.467341,0.067000
31.503756,0.067000
31.568556,0.067000
31.602962,0.067000
31.637469,0.067000
31.738802,0.054000
31.905014,0.058000
31.938617,0.058000
31.969850,0.058000
32.006393,0.058000
32.040872,0.058000
32.138124,0.058000
32.271752,0.054000
32.304296,0.054000
32.371217,0.058000
32.405831,0.058000
32.438128,0.058000
32.470469,0.058000
32.507046,0.058000
32.541446,0.058000
32.571817,0.058000
32.606319,0.058000
32.671021,0.058000
32.839205,0.067000
32.938610,0.067000
33.537279,0.126000
33.635710,0.121000
33.702571,0.121000
33.868757,0.105000
33.903361,0.105000
34.003706,0.105000
34.069388,0.121000
34.136273,0.121000
34.168707,0.126000
34.203591,0.126000
34.337025,0.126000
34.369403,0.126000
34.569934,0.117000
34.639303,0.117000
34.770602,0.117000
34.837480,0.117000
34.869795,0.130000
34.902401,0.130000
34.936773,0.130000
35.002707,0.117000
35.070513,0.117000
35.340180,0.126000
35.374822,0.130000
35.407091,0.130000
35.441603,0.130000
35.473897,0.121000
35.575395,0.130000
35.642133,0.130000
35.676570,0.121000
35.706947,0.121000
35.875241,0.121000
35.907504,0.121000
35.942070,0.121000
36.007899,0.121000
36.073768,0.121000
36.143037,0.121000
36.208750,0.138000
36.375716,0.126000
36.475127,0.126000
36.772197,0.126000
36.839894,0.126000
37.036540,0.126000
37.105530,0.130000
37.304251,0.130000
37.373081,0.121000
37.439122,0.121000
37.537359,0.126000
37.839331,0.117000
38.139276,0.117000
38.208169,0.117000
38.240581,0.117000
38.607299,0.126000
38.639774,0.126000
38.741053,0.117000
38.907190,0.130000
39.010492,0.121000
39.042891,0.121000
39.142136,0.121000
39.213164,0.126000
39.279007,0.130000
39.478535,0.113000
39.612277,0.134000
39.644619,0.134000
39.677167,0.117000
39.744066,0.117000
39.778455,0.134000
39.843298,0.134000
39.877736,0.096000
39.912252,0.096000
40.177529,0.126000
40.477231,0.130000
40.509718,0.130000
40.941419,0.126000
40.975810,0.113000
41.074357,0.126000
41.176474,0.130000
41.375047,0.113000
41.476405,0.126000
41.543314,0.126000
41.573714,0.121000
41.610234,0.121000
41.642606,0.121000
41.743957,0.130000
41.875610,0.130000
41.910070,0.130000
42.010400,0.096000
42.110769,0.130000
42.143102,0.130000
42.175526,0.117000
42.210078,0.117000
42.410676,0.121000
42.475649,0.126000
42.510169,0.126000
42.542599,0.126000
42.611364,0.130000
42.678355,0.126000
42.745108,0.126000
42.778581,0.130000
42.849416,0.130000
42.913262,0.121000
42.947815,0.121000
42.980150,0.126000
43.014695,0.126000
43.148307,0.117000
43.180956,0.134000
43.215247,0.134000
43.247554,0.134000
43.280148,0.117000
43.351048,0.117000
43.448209,0.121000
43.480783,0.130000
43.515215,0.130000
43.580001,0.117000
43.614524,0.117000
43.748208,0.121000
43.815160,0.134000
43.849682,0.134000
43.981316,0.130000
44.046409,0.130000
44.080827,0.109000
44.214473,0.134000
44.246872,0.134000
44.346010,0.117000
44.611548,0.117000
44.712938,0.121000
44.814254,0.130000
44.846693,0.130000
44.948014,0.121000
45.046461,0.113000
45.079751,0.121000
45.213485,0.130000
45.280195,0.130000
45.312808,0.130000
45.414138,0.126000
45.448562,0.126000
45.480977,0.130000
45.513496,0.130000
45.679710,0.100000
45.812354,0.113000
45.914597,0.130000
45.949016,0.130000
46.113291,0.130000
46.182193,0.117000
46.214634,0.117000
46.317151,0.105000
46.350483,0.105000
46.451772,0.130000
46.486217,0.109000
46.786155,0.126000
46.885414,0.126000
46.917835,0.126000
46.954543,0.092000
46.988665,0.092000
47.252314,0.126000
47.285614,0.126000
47.319158,0.126000
47.352674,0.130000
47.452904,0.117000
47.519809,0.117000
47.618071,0.130000
47.718545,0.121000
47.785400,0.130000
47.817711,0.130000
47.852358,0.126000
48.316331,0.130000
48.384158,0.121000
48.415631,0.121000
48.485075,0.126000
48.551462,0.126000
48.717545,0.121000
48.749902,0.134000
48.847222,0.113000
48.918190,0.113000
48.950478,0.130000
49.018381,0.130000
49.084254,0.117000
49.117581,0.117000
49.151061,0.130000
49.217950,0.130000
49.284819,0.130000
49.384181,0.130000
49.417627,0.130000
49.485591,0.126000
49.519016,0.126000
49.718623,0.113000
49.785418,0.126000
49.851284,0.134000
49.988014,0.117000
50.091509,0.121000
50.122011,0.121000
50.155428,0.121000
50.521092,0.113000
50.555771,0.117000
50.591072,0.117000
50.788657,0.126000
50.823370,0.126000
50.853843,0.130000
50.922596,0.130000
50.954944,0.121000
50.989395,0.121000
51.056299,0.130000
51.222506,0.096000
51.254913,0.121000
51.289300,0.121000
51.621784,0.130000
51.883217,0.126000
51.986871,0.126000
52.121325,0.130000
52.219591,0.126000
52.254093,0.126000
52.320919,0.126000
52.385770,0.121000
52.454640,0.130000
52.487146,0.130000
52.521494,0.130000
52.655238,0.134000
52.722139,0.134000
52.754762,0.126000
52.787189,0.126000
52.821520,0.126000
52.987628,0.126000
53.022085,0.126000
53.188719,0.130000
53.421401,0.121000
53.455987,0.130000
53.555537,0.109000
53.690977,0.126000
53.757789,0.130000
53.859254,0.121000
53.991051,0.121000
54.025540,0.121000
54.160134,0.042000
54.191639,0.042000
54.228064,0.042000
54.258460,0.037000
54.325304,0.037000
54.459082,0.025000
54.491537,0.025000
54.659694,0.029000
54.726742,0.029000
54.759166,0.029000
54.791599,0.029000
54.826137,0.029000
54.926266,0.029000
54.992101,0.029000
55.059099,0.029000
55.123686,0.029000
55.225248,0.029000
55.387265,0.025000
55.556581,0.025000
55.621480,0.025000
55.823060,0.025000
55.956891,0.025000
56.156898,0.025000
56.258257,0.025000
56.357617,0.025000
56.390195,0.025000
56.422626,0.025000
56.456990,0.025000
56.522790,0.025000
56.556371,0.025000
56.655919,0.025000
56.690575,0.025000
56.722620,0.025000
56.757001,0.025000
56.791418,0.025000
56.856379,0.025000
56.990148,0.025000
57.190763,0.025000
57.223552,0.025000
57.292031,0.025000
57.323416,0.025000
57.424660,0.025000
57.460093,0.025000
57.525146,0.025000
57.559488,0.025000
57.762182,0.025000
57.794574,0.025000
57.893855,0.025000
57.960703,0.025000
57.995368,0.025000
58.094436,0.025000
58.193871,0.025000
58.226239,0.025000
58.260666,0.025000
58.297100,0.025000
58.394377,0.025000
58.761333,0.025000
58.795563,0.025000
58.959843,0.025000
59.154264,0.021000
59.192841,0.021000
59.392458,0.021000
59.425784,0.021000
59.458149,0.021000
59.492682,0.021000
59.525120,0.021000
59.557466,0.021000
59.657915,0.021000
59.725865,0.021000
59.792732,0.021000
59.827494,0.021000
59.858623,0.021000
59.892077,0.021000
60.025783,0.021000
60.125054,0.021000
60.226476,0.021000
60.258749,0.021000
60.393730,0.021000
60.493075,0.021000
60.625731,0.021000
60.692493,0.021000
60.791931,0.021000
60.859817,0.021000
60.927635,0.021000
60.957973,0.021000
61.091771,0.021000
61.126362,0.021000
61.195251,0.021000
61.260017,0.021000
61.294368,0.021000
61.399807,0.021000
61.438259,0.021000
61.460580,0.021000
61.529485,0.021000
61.561991,0.021000
61.729963,0.021000
61.762445,0.021000
61.796855,0.021000
61.861859,0.021000
61.931656,0.021000
61.963161,0.016000
61.997593,0.016000
62.029847,0.016000
62.230412,0.016000
62.329791,0.021000
62.396686,0.021000
62.431232,0.021000
62.463778,0.021000
62.663330,0.021000
62.796093,0.021000
63.061577,0.021000
63.359450,0.021000
63.393806,0.021000
63.693975,0.021000
63.728218,0.021000
63.760712,0.021000
63.827570,0.021000
63.894618,0.021000
63.927762,0.021000
64.028081,0.021000
64.327038,0.021000
64.392927,0.021000
64.528612,0.021000
64.561118,0.021000
64.593543,0.021000
64.661541,0.016000
64.692998,0.016000
64.761714,0.016000
64.794183,0.016000
64.828544,0.016000
64.994805,0.016000
65.029241,0.016000
65.094022,0.016000
65.162968,0.016000
65.264459,0.016000
65.332302,0.016000
65.396000,0.016000
65.464788,0.012000
65.531710,0.012000
65.568239,0.016000
65.597672,0.016000
65.764722,0.016000
65.930970,0.016000
65.965563,0.016000
66.066706,0.016000
66.099147,0.016000
