0.231790,0.000000
0.255088,0.000000
0.291565,0.000000
0.323991,0.000000
0.360440,0.000000
0.394986,0.000000
0.461991,0.000000
0.494285,0.000000
0.526675,0.000000
0.557114,0.000000
0.595630,0.000000
0.630008,0.000000
0.664522,0.000000
0.700833,0.000000
0.736407,0.000000
0.757621,0.000000
0.792126,0.000000
0.826720,0.000000
0.859018,0.000000
0.899647,0.000000
0.933961,0.000000
0.962415,0.000000
0.996871,0.000000
1.025462,0.000000
1.059887,0.000000
1.094148,0.000000
1.130505,0.000000
1.160876,0.000000
1.258209,0.000000
1.294929,0.000000
1.325199,0.000000
1.359520,0.000000
1.394978,0.000000
1.430555,0.000000
1.459919,0.000000
1.495356,0.000000
1.523736,0.000000
1.556138,0.470000
1.592557,0.470000
1.627071,0.470000
1.661435,0.360000
1.696037,0.360000
1.732392,0.360000
1.756845,0.240000
1.791221,0.240000
1.827704,0.240000
1.854007,0.310000
1.895543,0.310000
1.931097,0.310000
1.954360,0.430000
1.989780,0.430000
2.022169,0.430000
2.058738,0.450000
2.089985,0.450000
2.127977,0.450000
2.156911,0.580000
2.184582,0.580000
2.222825,0.580000
2.255272,0.660000
2.288095,0.660000
2.320068,0.660000
2.354464,0.730000
2.389956,0.730000
2.425996,0.730000
2.453839,0.880000
2.486220,0.880000
2.520683,0.880000
2.553073,0.860000
2.586707,0.860000
2.621149,0.860000
2.656575,1.070000
2.692991,1.070000
2.719373,1.070000
2.756051,1.170000
2.786237,1.170000
2.822622,1.170000
2.857097,1.240000
2.885468,1.240000
2.919887,1.240000
2.956391,1.320000
2.984676,1.320000
3.021075,1.320000
3.053515,1.400000
3.085992,1.400000
3.127208,1.400000
3.161456,1.470000
3.185822,1.470000
3.220128,1.470000
3.254574,1.510000
3.287331,1.510000
3.323513,1.510000
3.356066,1.580000
3.386435,1.580000
3.428964,1.580000
3.455329,1.660000
3.483641,1.660000
3.519989,1.660000
3.552451,1.710000
3.588990,1.710000
3.627481,1.710000
3.657960,1.760000
3.693295,1.760000
3.720608,1.760000
3.753124,1.810000
3.795700,1.810000
3.826130,1.810000
3.860496,1.870000
3.897021,1.870000
3.935525,1.870000
3.960021,1.940000
3.990278,1.940000
4.032822,1.940000
4.063171,2.020000
4.099758,2.020000
4.128238,2.020000
4.164632,2.060000
4.200935,2.060000
4.231472,2.060000
4.259878,2.130000
4.294160,2.130000
4.328594,2.130000
4.363092,2.200000
4.397928,2.200000
4.436066,2.200000
4.460303,2.260000
4.495798,2.260000
4.529240,2.260000
4.561654,2.310000
4.598200,2.310000
4.634604,2.310000
4.667030,2.390000
4.697497,2.390000
4.727836,2.390000
4.761227,2.460000
4.792578,2.460000
4.829175,2.460000
4.865826,2.530000
4.898220,2.530000
4.932474,2.530000
4.966962,2.620000
4.995456,2.620000
5.027808,2.620000
5.060133,2.670000
5.094689,2.670000
5.133070,2.670000
5.166616,2.720000
5.195906,2.720000
5.233290,2.720000
5.261773,2.830000
5.293058,2.830000
5.329529,2.830000
5.363941,2.870000
5.394313,2.870000
5.428920,2.870000
5.465572,2.930000
5.492724,2.930000
5.524093,2.930000
5.558614,3.000000
5.590890,3.000000
5.625455,3.000000
5.657962,3.060000
5.696460,3.060000
5.724868,3.060000
5.757363,3.120000
5.791690,3.120000
5.821986,3.120000
5.858692,3.210000
5.897108,3.210000
5.923344,3.210000
5.965888,3.280000
5.990052,3.280000
6.020527,3.280000
6.054997,3.320000
6.091625,3.320000
6.119801,3.320000
6.157418,3.390000
6.190799,3.390000
6.219207,3.390000
6.256147,3.450000
6.288204,3.450000
6.320467,3.450000
6.359111,3.480000
6.395591,3.480000
6.423871,3.480000
6.461357,3.520000
6.488859,3.520000
6.521228,3.520000
6.558699,3.570000
6.589978,3.570000
6.624490,3.570000
6.665149,3.670000
6.699546,3.670000
6.719836,3.670000
6.755299,3.730000
6.789569,3.730000
6.820060,3.730000
6.862546,3.770000
6.899104,3.770000
6.932065,3.770000
6.957901,3.840000
6.990133,3.840000
7.020551,3.840000
7.057130,3.900000
7.093480,3.900000
7.125967,3.900000
7.157426,3.910000
7.193838,3.910000
7.221178,3.910000
7.255765,3.950000
7.288248,3.950000
7.324518,3.950000
7.358131,4.000000
7.395516,4.000000
7.424910,4.000000
7.464498,4.070000
7.488744,4.070000
7.521077,4.070000
7.559820,4.130000
7.590045,4.130000
7.630597,4.130000
7.660928,4.190000
7.702466,4.190000
7.728868,4.190000
7.762330,4.210000
7.794599,4.210000
7.827019,4.210000
7.869701,4.250000
7.904141,4.250000
7.938562,4.250000
7.973007,4.280000
7.998288,4.280000
8.027711,4.280000
8.066278,4.340000
8.096643,4.340000
8.135056,4.340000
8.171502,4.380000
8.205949,4.380000
8.233357,4.380000
8.263806,4.430000
8.295317,4.430000
8.329630,4.430000
8.366199,4.450000
8.401615,4.450000
8.435188,4.450000
8.473534,4.480000
8.505105,4.480000
8.528353,4.480000
8.564914,4.510000
8.599279,4.510000
8.631656,4.510000
8.668297,4.570000
8.702557,4.570000
8.733962,4.570000
8.765596,4.610000
8.797892,4.610000
8.830228,4.610000
8.864744,4.620000
8.899352,4.620000
8.933698,4.620000
8.968201,4.690000
9.028955,4.690000
9.061318,4.710000
9.097872,4.710000
9.128419,4.710000
9.163689,4.740000
9.199224,4.740000
9.230679,4.740000
9.259991,4.760000
9.296634,4.760000
9.328980,4.760000
9.359407,4.800000
9.395894,4.800000
9.434268,4.800000
9.461653,4.860000
9.500367,4.860000
9.527652,4.860000
9.558062,4.880000
9.592453,4.880000
9.631165,4.880000
9.660267,4.940000
9.696833,4.940000
9.731176,4.940000
9.756484,4.950000
9.792992,4.950000
9.825486,4.950000
9.854817,4.980000
9.893390,4.980000
9.931295,4.980000
9.966268,5.030000
9.991553,5.030000
10.026062,5.030000
10.054352,5.030000
10.090896,5.030000
10.126465,5.030000
10.155828,5.070000
10.193292,5.070000
10.222656,5.070000
10.261660,5.110000
10.291303,5.110000
10.324536,5.110000
10.358090,5.140000
10.393526,5.140000
10.430908,5.140000
10.456342,5.160000
10.492726,5.160000
10.525412,5.160000
10.557821,5.220000
10.589999,5.220000
10.628641,5.220000
10.659106,5.250000
10.697504,5.250000
10.725869,5.250000
10.754113,5.340000
10.792683,5.340000
10.823090,5.340000
10.857589,5.410000
10.896032,5.410000
10.932429,5.410000
10.960774,5.450000
10.993131,5.450000
11.025676,5.450000
11.055988,5.450000
11.091520,5.450000
11.131380,5.450000
11.157363,5.520000
11.200004,5.520000
11.224536,5.520000
11.254600,5.570000
11.293146,5.570000
11.325580,5.570000
11.364020,5.600000
11.400713,5.600000
11.433872,5.600000
11.457202,5.680000
11.497832,5.680000
11.533194,5.680000
11.562690,5.730000
11.603099,5.730000
11.635569,5.730000
11.669062,5.760000
11.704485,5.760000
11.738010,5.760000
11.764358,5.880000
11.799862,5.880000
11.832157,5.880000
11.864689,5.880000
11.903224,5.880000
11.941589,5.880000
11.969963,5.950000
12.008476,5.950000
12.067464,6.040000
12.101707,6.040000
12.134105,6.040000
12.170559,6.060000
12.202970,6.060000
12.238486,6.060000
12.271859,6.110000
12.298284,6.110000
12.332722,6.110000
12.369169,6.210000
12.401556,6.210000
12.437220,6.210000
12.467580,6.210000
12.506111,6.210000
12.535458,6.210000
12.567999,6.220000
12.602296,6.220000
12.634729,6.220000
12.665057,6.040000
12.701478,6.040000
12.735951,6.040000
12.796779,5.960000
12.834093,5.960000
12.867571,6.000000
12.898773,6.000000
12.939469,6.000000
12.967682,5.910000
13.004220,5.910000
13.033497,5.910000
13.066925,5.780000
13.097305,5.780000
13.135902,5.780000
13.170280,5.730000
13.196662,5.730000
13.235117,5.730000
13.263435,5.570000
13.293931,5.570000
13.331716,5.570000
13.366851,5.460000
13.396242,5.460000
13.435858,5.460000
13.465098,5.350000
13.492414,5.350000
13.529089,5.350000
13.561434,5.180000
13.595847,5.180000
13.630168,5.180000
13.666872,5.080000
13.693959,5.080000
13.739617,5.080000
13.759853,4.930000
13.792334,4.930000
13.826885,4.930000
13.861171,4.820000
13.895725,4.820000
13.930128,4.820000
13.965054,4.660000
13.993004,4.660000
14.027378,4.660000
14.063814,4.560000
14.096328,4.560000
14.130737,4.560000
14.171304,4.400000
14.194918,4.400000
14.231217,4.400000
14.262414,4.280000
14.292776,4.280000
14.329211,4.280000
14.363624,4.130000
14.398394,4.130000
14.434673,4.130000
14.467120,4.000000
14.493257,4.000000
14.529747,4.000000
14.564191,3.850000
14.594633,3.850000
14.635124,3.850000
14.669590,3.720000
14.695997,3.720000
14.731418,3.720000
14.760833,3.550000
14.793803,3.550000
14.830709,3.550000
14.863137,3.410000
14.895594,3.410000
14.936095,3.410000
14.969065,3.280000
14.994894,3.280000
15.029234,3.280000
15.070236,3.140000
15.098197,3.140000
15.136626,3.140000
15.173121,3.000000
15.207677,3.000000
15.238076,3.000000
15.300816,2.840000
15.341259,2.840000
15.374333,2.700000
15.404295,2.700000
15.442696,2.700000
15.472996,2.560000
15.503494,2.560000
15.537847,2.560000
15.570263,2.410000
15.600608,2.410000
15.639213,2.410000
15.677799,2.280000
15.708112,2.280000
15.742643,2.280000
15.769821,2.180000
15.803348,2.180000
15.833604,2.180000
15.874173,2.060000
15.906865,2.060000
15.938091,2.060000
15.977583,1.960000
16.008982,1.960000
16.034351,1.960000
16.070767,1.870000
16.103231,1.870000
16.139769,1.870000
16.176151,1.780000
16.211077,1.780000
16.243063,1.780000
16.275551,1.660000
16.304854,1.660000
16.334268,1.660000
16.368722,1.550000
16.405296,1.550000
16.437677,1.550000
16.474128,1.460000
16.510541,1.460000
16.535909,1.460000
16.571311,1.380000
16.601673,1.380000
16.636173,1.380000
16.674641,1.290000
16.708117,1.290000
16.740048,1.290000
16.776075,1.200000
16.802368,1.200000
16.832652,1.200000
16.867162,1.110000
16.902073,1.110000
16.936185,1.110000
16.969632,1.020000
17.008120,1.020000
17.031466,1.020000
17.065894,0.960000
17.098376,0.960000
17.130749,0.960000
17.167329,0.900000
17.203829,0.900000
17.235227,0.900000
17.264586,0.850000
17.296925,0.850000
17.329259,0.850000
17.367861,0.790000
17.400364,0.790000
17.432640,0.790000
17.472139,0.750000
17.503601,0.750000
17.528941,0.750000
17.565345,0.700000
17.598181,0.700000
17.632230,0.700000
17.668719,0.680000
17.709275,0.680000
17.733547,0.680000
17.766906,0.630000
17.798490,0.630000
17.828784,0.630000
17.865290,0.610000
17.903738,0.610000
17.933058,0.610000
17.965626,0.570000
18.011269,0.570000
18.030080,0.570000
18.065853,0.560000
18.100220,0.560000
18.131806,0.560000
18.167235,0.520000
18.204632,0.520000
18.234090,0.520000
18.269463,0.490000
18.299104,0.490000
18.329326,0.490000
18.369837,0.470000
18.402321,0.470000
18.435914,0.470000
18.467350,0.440000
18.499725,0.440000
18.529971,0.440000
18.566443,0.420000
18.598926,0.420000
18.633354,0.420000
18.669781,0.380000
18.704363,0.380000
18.737231,0.380000
18.768089,0.360000
18.801528,0.360000
18.833925,0.360000
18.870428,0.330000
18.904987,0.330000
18.938427,0.330000
18.981899,0.310000
19.014663,0.310000
19.038842,0.310000
19.071045,0.290000
19.105654,0.290000
19.138064,0.290000
19.175644,0.260000
19.213011,0.260000
19.244560,0.260000
19.281981,0.250000
19.338744,0.250000
19.371132,0.230000
19.405738,0.230000
19.444178,0.230000
19.476654,0.200000
19.515108,0.200000
19.545506,0.200000
19.569711,0.190000
19.606217,0.190000
19.642727,0.190000
