0.167264,0.544850
0.187277,-0.126474
0.207288,0.875296
0.227259,0.624728
0.247204,0.390750
0.267568,0.694280
0.287625,-0.170980
0.307184,0.123291
0.327131,0.784820
0.347198,-0.062318
0.367258,0.627383
0.387036,0.421540
0.407101,-0.126947
0.427047,0.487819
0.446990,0.026095
0.466962,0.527014
0.487949,0.706242
0.506881,-0.104204
0.527000,0.592542
0.546984,0.371226
0.567905,0.457377
0.587906,1.067821
0.607951,-0.032663
0.627892,0.655882
0.647817,0.519031
0.667979,-0.171773
0.688003,0.561765
0.707850,0.856309
0.727724,0.216924
0.747728,0.683262
0.767757,0.069514
0.787762,-0.203210
0.807864,0.538573
0.827705,0.154646
0.847735,0.485682
0.867647,0.812203
0.887609,-0.031453
0.907800,0.719412
0.927696,0.260858
0.947529,0.104363
0.967549,1.034445
0.987716,0.674366
1.007571,0.220113
1.027468,0.710726
1.047490,-0.010531
1.067511,-0.354692
1.087625,0.383610
1.107500,0.480573
1.127484,0.690599
1.147475,0.977811
1.167415,0.041842
1.187490,0.531615
1.207573,0.265522
1.228070,0.083630
1.247524,1.163769
1.267340,0.477264
1.287305,0.534085
1.307562,0.457093
1.327459,-0.166216
1.347336,0.287439
1.368121,0.686668
1.388312,-0.040747
1.407932,0.885288
1.429271,0.280414
1.447942,-0.327253
1.467802,0.459297
1.487872,0.210426
1.507776,0.551988
1.527055,1.124392
1.547405,0.237623
1.567347,0.465927
1.587177,0.494033
1.607088,-0.107180
1.627068,0.342564
1.647022,0.774339
1.666936,0.310403
1.687949,0.735692
1.707941,0.220648
1.727062,-0.241367
1.748116,0.491103
1.767967,0.127012
1.787899,0.583885
1.807867,0.774201
1.827960,-0.094131
1.847829,0.643161
1.867969,0.228755
1.887822,0.439975
1.907728,1.152274
1.927797,-0.016665
1.948146,0.788815
1.967794,0.613317
1.987768,-0.115900
2.007824,1.062770
2.027647,0.509297
2.047596,0.482376
2.067529,0.601527
2.087603,-0.242500
2.107512,0.263063
2.127485,0.837647
2.147513,-0.022295
2.167534,0.760160
2.187538,0.248239
2.207526,-0.209557
2.227501,0.486057
2.247680,0.072315
2.267512,0.480472
2.287364,0.963940
2.307461,-0.217684
2.327491,0.752794
2.347338,0.305787
2.367358,0.086449
2.387557,1.071854
2.407502,0.592089
2.427377,0.354957
2.447323,0.644083
2.467199,-0.103772
2.487108,-0.028988
2.507337,0.697906
2.527125,-0.043747
2.547083,0.686171
2.567151,0.703496
2.587107,-0.207209
2.607107,1.114075
2.627035,2.474945
2.647063,-0.357626
2.667915,-1.704606
2.686898,-0.193358
2.707899,1.847149
2.728026,1.159887
2.747935,0.945841
2.767792,5.212463
2.787891,3.422586
2.807963,6.096390
2.827943,4.505349
2.847986,5.249289
2.867845,3.461244
2.887819,3.842247
2.907855,3.499337
2.927872,6.392695
2.948061,4.484093
2.967653,7.717210
2.987823,3.829680
3.007708,8.224112
3.027598,3.561960
3.047699,7.894049
3.067566,6.086803
3.087717,6.614591
3.107753,6.412257
3.127741,4.420348
3.147701,6.760068
3.167493,3.281031
3.187481,6.352249
3.207400,2.784503
3.227599,2.459242
3.247395,6.060454
3.267351,5.626616
3.287481,1.363667
3.307324,4.063558
3.327461,5.592272
3.347557,3.159654
3.367316,3.621179
3.387236,6.362533
3.407701,4.945294
3.427437,5.084486
3.447972,2.916486
3.467512,2.346239
3.487330,5.322163
3.507362,4.799388
3.527151,5.839584
3.547304,5.532980
3.567204,3.346216
3.587234,3.175583
3.607203,3.048316
3.627103,2.109299
3.646930,3.557689
3.667051,3.503407
3.688082,2.549911
3.707993,3.688924
3.727946,4.764367
3.747983,5.412470
3.767864,5.025478
3.787875,5.206376
3.807945,4.386914
3.828022,2.088727
3.847897,6.208826
3.867832,7.090979
3.887802,5.608692
3.907796,5.498495
3.927759,6.963062
3.948138,6.865521
3.967688,3.847095
3.987784,5.550158
4.007800,5.145708
4.028321,3.231838
4.048164,4.873162
4.067609,4.966885
4.087550,3.700889
4.107559,2.793941
4.127518,1.508770
4.147567,1.535871
4.167472,1.802333
4.187505,2.311816
4.207432,2.811849
4.227446,3.141418
4.247451,-1.652716
4.267342,0.417898
4.287350,0.631259
4.307363,1.959569
4.327572,2.680631
4.347343,0.088351
4.367287,-0.442831
4.387294,1.119896
4.407362,2.100503
4.427483,3.609586
4.447453,3.012950
4.467438,0.032838
4.487257,0.801109
4.507226,1.242344
4.527229,2.976761
4.547211,1.835997
4.567530,2.900031
4.587111,4.980867
4.607191,2.745424
4.627139,2.526060
4.647038,3.907525
4.667997,3.281829
4.687013,2.881499
4.707124,1.547443
4.728155,1.707138
4.748138,5.513875
4.767933,4.001144
4.787896,2.529051
4.807906,8.324312
4.828108,4.059906
4.847936,4.617136
4.868010,4.476257
4.887865,5.182642
4.907759,5.858726
4.927801,3.369733
4.947899,5.402546
4.967923,5.595370
4.987857,5.062393
5.007835,6.102847
5.027883,3.297705
5.048342,4.047585
5.068930,5.008253
5.087764,7.353076
5.107867,0.931714
5.127606,5.777486
5.147677,2.847346
5.167579,2.069138
5.187661,3.931254
5.207866,5.978096
5.227497,2.877827
5.247617,4.302613
5.267465,1.464503
5.287868,-0.882698
5.307585,-0.319105
5.327601,1.413480
5.347593,1.062999
5.367585,1.715142
5.387421,1.811165
5.407397,0.850905
5.427711,0.017878
5.447389,-0.703790
5.467383,1.018258
5.487456,2.556222
5.507678,0.761844
5.527309,-2.546044
5.547251,2.962154
5.567270,2.235678
5.587312,2.072355
5.607357,2.208086
5.627233,2.700025
5.647223,5.211824
5.667123,3.183065
5.687104,2.949148
5.707170,-0.548830
5.727301,2.454214
5.747554,1.270550
5.767004,4.114836
5.788149,1.973487
5.807131,4.408988
5.827999,5.725359
5.847894,6.088981
5.867866,5.148331
5.888125,2.434795
5.908278,3.383082
5.927968,7.173971
5.948108,-2.254267
5.967870,1.900692
5.987968,6.165921
6.007793,0.383425
6.027845,4.881796
6.047912,2.576011
6.067955,4.539140
6.087894,5.287129
6.107815,-0.078881
6.127657,2.584668
6.148176,4.682511
6.167716,8.410736
6.187692,11.739183
6.207633,8.406028
6.227826,3.358643
6.247797,-2.068314
6.267588,-1.187905
6.287692,4.739391
6.307547,3.535661
6.327648,10.429297
6.347512,7.339539
6.367573,1.368187
6.387568,4.195725
6.407570,3.057963
6.427461,1.955694
6.447663,-2.736452
6.467404,2.162402
6.487510,4.247698
6.507370,5.731264
6.527328,0.756478
6.547394,-2.364276
6.567281,-1.157057
6.587356,-2.829760
6.607393,-2.226950
6.627360,3.088182
6.647265,-0.881613
6.667283,0.873918
6.687216,-1.663067
6.707296,-0.857356
6.727402,1.485993
6.747866,-0.339097
6.767394,-1.857108
6.787127,2.756781
6.807060,-1.198258
6.827218,-3.373956
6.847053,-1.253522
6.868015,4.236082
6.887146,0.900467
6.906986,2.476469
6.927043,4.857076
6.947971,-0.690810
6.968015,0.828337
6.987898,1.124740
7.007904,2.485590
7.027940,3.144237
7.047895,2.919452
7.067957,3.594984
7.087825,3.968882
7.107744,3.375205
7.127748,0.858537
7.147660,3.723777
7.167697,4.603777
7.187770,3.703300
7.207708,1.280282
7.227706,2.738685
7.247778,7.675590
7.267798,3.310806
7.287585,0.653386
7.307567,-0.579774
7.327530,6.842912
7.347626,-0.984107
7.367505,-0.021934
7.387631,1.925332
7.407439,6.170994
7.427523,3.298814
7.447487,-0.710245
7.467554,2.014334
7.487451,2.915122
7.507522,2.625706
7.527462,-1.719702
7.547442,7.337387
7.567394,-6.872384
7.587384,-5.652625
7.607501,-3.256185
7.627328,5.825303
7.647950,6.258367
7.667374,-4.279005
7.687289,8.451506
7.707325,5.254539
7.727203,2.330323
7.747238,1.479828
7.767280,7.613056
7.787218,-5.051167
7.807173,-1.583691
7.827298,-8.336518
7.847192,-3.767824
7.867062,2.986416
7.887249,-3.706984
7.907089,-1.573336
7.927122,-5.756074
7.947156,-2.839461
7.967013,-0.092261
7.987938,-0.855511
8.007147,2.392294
8.028517,0.863231
8.048069,-2.717648
8.068045,-4.078413
8.087947,-1.357538
8.107923,-2.006363
8.128000,0.853223
8.147893,-4.648785
8.167891,-4.046476
8.187846,0.228098
8.207778,3.155567
8.229252,-4.734342
8.248507,-3.570469
8.267858,-3.037573
8.287812,-0.232319
8.307801,-2.931679
8.327820,-1.141899
8.347753,0.436146
8.367642,-0.051016
8.387689,-2.638205
8.407667,1.484725
8.427600,1.099614
8.447661,-18.054008
8.467590,-3.263097
8.487559,0.973436
8.507596,0.519153
8.527552,3.479735
8.548289,-5.804351
8.568094,-3.385403
8.587711,0.276804
8.607472,-1.060066
8.627441,4.790158
8.647384,-4.807748
8.667560,-1.581949
8.687441,-6.764920
8.707688,-4.802730
8.727565,9.090928
8.747331,0.143921
8.767275,0.348218
8.787315,1.920059
8.807277,0.167518
8.827382,-3.608150
8.847379,-6.629000
8.867173,-4.849781
8.887196,1.874521
8.907147,-3.541346
8.927786,2.818499
8.947942,-7.911737
8.967203,1.321736
8.987348,5.311669
9.007207,0.932395
9.027099,-0.654925
9.047097,3.306629
9.066988,-0.610947
9.087013,5.091942
9.107987,1.300992
9.127974,0.723401
9.147892,-1.268013
9.167915,-2.360276
9.187977,-0.843066
9.208034,-3.445280
9.227978,0.818551
9.247904,-2.409836
9.267823,-0.890908
9.287754,-4.119891
9.308012,-0.206510
9.327868,-0.419348
9.347855,-0.698991
9.367726,2.351451
9.387665,-2.879850
9.407837,-4.198788
9.427841,-1.194725
9.447678,0.419192
9.467601,-2.458479
9.487642,-3.137413
9.507624,-5.651848
9.527619,-2.770996
9.547769,0.175843
9.567475,3.086890
9.587628,-1.464563
9.607479,-1.006053
9.627704,0.205777
9.647472,0.533148
9.667420,-0.962366
9.687512,-2.725718
9.707407,-4.231200
9.727443,-2.148307
9.747376,-1.421858
9.767325,-6.415086
9.787649,-1.633304
9.807472,-6.164200
9.827389,1.164921
9.847255,1.838936
9.867184,-2.526347
9.887217,-0.173709
9.907254,-2.229724
9.927181,-4.605168
9.947302,-4.769145
9.967138,-0.063946
9.987120,-2.448966
10.007085,-2.314026
10.027068,-0.951812
10.047204,-1.408540
10.067031,-1.629260
10.087175,-0.695243
10.107031,0.745837
10.128140,-2.145489
10.147936,-1.745804
10.167933,-1.960012
10.187937,-4.209380
10.207886,-3.074015
10.227918,-4.196491
10.247851,-0.814696
10.268055,2.810439
10.287785,3.099182
10.307790,-0.459888
10.327723,-3.059993
10.347930,-4.455456
10.367651,-2.194996
10.387985,0.867917
10.407875,-0.351305
10.427946,0.901593
10.447654,-2.078904
10.467675,-3.781514
10.488006,-2.810281
10.508055,-0.771142
10.527892,0.529932
10.547783,-4.477164
10.567527,2.323622
10.587662,2.384869
10.607491,0.028637
10.627489,-1.375819
10.647604,-3.277828
10.667635,-0.722853
10.687374,-0.269378
10.707439,-5.685826
10.727572,-4.101654
10.747399,-2.310271
10.767312,-5.306076
10.787485,-2.848902
10.807362,-0.765952
10.827429,-1.197553
10.847249,-2.092025
10.867292,0.044535
10.887228,0.560847
10.908092,-2.556394
10.927698,1.056552
10.947219,1.442585
10.967190,-3.362497
10.987096,-3.389361
11.007095,0.512196
11.027128,-0.717530
11.047122,-0.157006
11.067011,0.960834
11.087055,-0.891066
11.107032,-5.750562
11.127797,-4.746328
11.148248,-2.860561
11.166964,-2.133518
11.188112,-1.274292
11.207956,-1.285856
11.228142,-2.121516
11.247984,-2.003533
11.267945,-0.827917
11.287975,-2.256235
11.307901,-1.019886
11.328088,3.247101
11.347841,-1.396613
11.367751,-3.055154
11.387876,-2.536846
11.407755,-2.637392
11.427714,0.391640
11.447674,-1.903032
11.467746,-1.762752
11.487719,-2.676904
11.507787,-2.638271
11.527620,-2.412645
11.547666,-1.986579
11.567576,-3.521389
11.587588,-1.352014
11.607607,-1.577201
11.627501,-2.326187
11.647495,-2.805163
11.667486,1.029308
11.687461,0.527092
11.707451,-2.915442
11.727420,-4.200710
11.747421,-4.923302
11.767338,-4.218634
11.787342,-0.316842
11.807343,0.148595
11.827467,-2.105906
11.847305,-4.715682
11.867369,-3.086052
11.887305,0.195633
11.907264,0.973854
11.927238,1.507157
11.947376,1.356673
11.967256,-0.041507
11.987309,-4.010431
12.007137,-3.454847
12.027236,-4.869087
12.047152,-3.136878
12.068161,-2.305279
12.087395,-1.184865
12.107107,-2.001580
12.127118,0.951216
12.147044,-0.165961
12.167983,0.127630
12.187171,-1.123297
12.207979,0.115499
12.227973,0.056948
12.247980,0.104331
12.268017,0.291078
12.289022,-0.775248
12.308124,-1.125036
12.327927,-0.931274
12.347864,-0.649778
12.367912,-1.527159
12.387883,-0.110164
12.407990,-1.451583
12.427794,-0.408233
12.447982,-0.323765
12.467803,-1.856946
12.487731,0.064734
12.507773,-1.179076
12.527817,-1.620083
12.548055,-2.866263
12.567697,-2.624254
12.587667,-3.419734
12.607708,-2.671214
12.627755,-0.771961
12.647622,-0.875130
12.667665,-1.767111
12.687595,-1.981525
12.707727,-1.410468
12.727530,-1.733356
12.747574,-0.344153
12.767550,-0.515155
12.787498,0.230814
12.807431,-0.155916
12.827543,0.547357
12.847540,0.920580
12.867466,1.494902
12.887368,1.255361
12.907697,0.853968
12.927347,0.872376
12.947402,-0.263297
12.967328,-0.080693
12.987366,-0.154497
13.007292,-0.325356
13.027282,0.024459
13.047221,-1.505346
13.067390,-0.732817
13.087354,-2.471189
13.107228,-0.399848
13.127192,-3.112912
13.147202,-0.847200
13.167304,-4.499521
13.187092,-1.589677
13.207223,-4.082563
13.227141,-1.265316
13.247247,-3.686262
13.267307,-3.743664
13.288096,-2.817133
13.307095,-2.342959
13.327032,-1.637572
13.347995,-3.319996
13.367953,-1.566254
13.387913,-3.880104
13.407938,-2.312295
13.427882,-3.519436
13.448097,-1.556246
13.467979,-2.108137
13.487900,-2.688828
13.507912,-1.450639
13.527966,-1.766346
13.547804,-3.237794
13.567740,-2.189196
13.587766,-3.106498
13.607701,-3.722053
13.627708,-2.301304
13.647764,-3.105977
13.667762,-4.102106
13.687704,-3.112666
13.707598,-2.764797
13.728524,-3.732543
13.748453,-3.575918
13.767651,-1.739302
13.787733,-2.291384
13.807564,-2.584373
13.827706,-2.702285
13.847542,-4.167383
13.867582,-3.884468
13.887539,-2.754433
13.907560,-3.422399
13.927484,-3.848480
13.947642,-4.723120
13.967597,-4.587723
13.987372,-3.669007
14.007391,-3.481964
14.027370,-3.461292
14.047444,-3.862896
14.067357,-3.372632
14.087420,-2.262495
14.107501,-0.921888
14.127281,-0.813180
14.148646,0.305530
14.167400,1.766894
14.187226,1.792497
14.207388,0.834826
14.227407,1.589094
14.247201,1.573268
14.267428,1.141859
14.287199,1.289647
14.308284,1.539174
14.327168,0.954226
14.347124,0.946549
14.367116,1.723453
14.387161,1.030786
14.408043,1.455142
14.427066,1.250662
14.448105,1.081614
14.467943,1.566158
14.487914,1.310067
14.507940,1.397575
14.527871,1.745161
14.547984,1.307095
14.568064,1.323252
14.588468,0.942324
14.608126,0.747087
14.627801,0.805413
14.647923,0.654332
14.667912,0.575692
14.687753,0.426191
14.707738,0.439490
14.727843,0.700463
14.747798,0.551726
14.767682,0.478984
14.787710,0.657159
14.807887,0.597952
14.827663,0.805417
14.847776,0.414386
14.867715,0.683799
14.887585,0.811407
14.907495,0.828396
14.927634,1.043613
14.947592,0.447010
14.967482,0.605692
14.987499,0.787322
15.007485,0.695859
15.027495,1.013011
15.047548,0.401518
15.067447,0.555211
15.087425,0.716371
15.107407,0.368257
15.127353,0.968199
15.147467,0.849755
15.167415,0.487349
15.187510,0.674512
15.207271,0.559982
15.227352,0.782707
15.247256,0.506274
15.267246,0.714734
15.287180,0.975558
15.307318,0.677578
15.327176,1.130638
15.347121,0.659355
15.367120,0.572339
15.387223,0.690639
15.407084,0.400005
15.428163,1.111535
15.448014,0.821700
15.468026,0.531281
15.487958,0.724853
15.508050,0.420375
15.527966,0.765948
15.548232,0.836515
15.568158,0.557214
15.587891,0.821592
15.607953,0.412656
15.627837,0.572835
15.647781,0.746117
15.667834,0.525342
15.687930,0.840513
15.707892,0.430614
15.727752,0.588821
15.747737,0.695466
15.767731,0.602527
15.787745,0.892520
15.807636,0.497219
15.827802,0.611264
15.847756,0.877443
15.867656,0.472799
15.887583,0.893059
15.907550,0.470929
15.927711,0.363430
15.947627,0.639448
15.967652,0.296111
15.987596,0.787254
16.007590,0.407194
16.028247,0.334176
16.047594,0.647739
16.067428,0.268022
16.087297,0.740882
16.107352,0.221176
16.127367,0.444846
16.147316,0.724184
16.167337,0.122561
16.187285,0.935938
16.207246,0.093723
16.227345,0.277788
16.247255,0.806364
16.267318,0.233303
16.287160,0.741546
16.307200,0.103368
16.327182,0.042581
16.348322,0.504751
16.367416,0.346972
16.387119,0.778025
16.407233,0.045223
16.427273,0.178737
16.448097,0.612725
16.467988,0.215163
16.488070,0.648535
16.508284,0.025217
16.527992,0.146965
16.548088,0.655088
16.568074,0.272563
16.587927,0.628972
16.607879,0.221281
16.628125,0.011196
16.647901,0.635163
16.668041,0.516133
16.687873,0.934628
16.707978,0.729628
16.727709,0.441579
16.747727,0.711199
16.767739,0.556642
16.787871,0.782145
16.807843,1.080175
16.827650,0.829933
16.847664,0.681041
16.867620,0.773750
16.887588,0.744956
16.907650,1.089812
16.928391,0.880575
16.947810,0.653485
16.967505,1.071831
16.987634,0.662405
