0.252901,3391930.077982
0.269315,3391930.077862
0.272921,3391930.077862
0.289057,3391930.077869
0.292854,3391930.077869
0.309049,3391930.077755
0.312782,3391930.077755
0.329023,3391930.077703
0.332859,3391930.077703
0.349043,3391930.070579
0.352809,3391930.070579
0.369111,3391930.070454
0.372891,3391930.070454
0.388890,3391930.070390
0.392963,3391930.070390
0.408988,3391930.070298
0.412844,3391930.070298
0.429085,3391930.070181
0.432824,3391930.070181
0.449057,3391930.070068
0.452819,3391930.070068
0.469048,3391930.069956
0.472804,3391930.069956
0.488981,3391930.069860
0.492859,3391930.069860
0.509085,3391930.069801
0.512813,3391930.069801
0.529013,3391930.069688
0.532778,3391930.069688
0.548984,3391930.064038
0.552908,3391930.064038
0.569074,3391930.063886
0.572746,3391930.063886
0.589097,3391930.063758
0.592822,3391930.063758
0.609154,3391930.063659
0.612765,3391930.063659
0.629097,3391930.063493
0.632728,3391930.063493
0.649165,3391930.063388
0.652783,3391930.063388
0.668991,3391930.063227
0.672778,3391930.063227
0.689031,3391930.063026
0.692746,3391930.063026
0.709181,3391930.062938
0.712903,3391930.062938
0.729103,3391930.062821
0.732871,3391930.062821
0.749018,3391930.059498
0.752978,3391930.059498
0.768999,3391930.059343
0.772759,3391930.059343
0.789099,3391930.059216
0.792908,3391930.059216
0.808970,3391930.059050
0.812780,3391930.059050
0.828903,3391930.058916
0.832769,3391930.058916
0.849134,3391930.058829
0.852771,3391930.058829
0.869079,3391930.058687
0.872946,3391930.058687
0.889160,3391930.058622
0.892770,3391930.058622
0.909181,3391930.058473
0.912929,3391930.058473
0.929174,3391930.058382
0.932899,3391930.058382
0.948948,3391930.060131
0.952840,3391930.060131
0.969115,3391930.060090
0.972749,3391930.060090
0.988967,3391930.060040
0.992861,3391930.060040
1.008982,3391930.059936
1.012922,3391930.059936
1.029070,3391930.059895
1.032851,3391930.059895
1.049201,3391930.059813
1.052972,3391930.059813
1.069026,3391930.059724
1.072861,3391930.059724
1.089015,3391930.059679
1.092954,3391930.059679
1.109183,3391930.059628
1.112810,3391930.059628
1.129119,3391930.059519
1.132838,3391930.059519
1.149069,3391930.053043
1.152827,3391930.053043
1.169024,3391930.052926
1.172880,3391930.052926
1.189068,3391930.052793
1.192793,3391930.052793
1.210116,3391930.052727
1.213358,3391930.052727
1.229931,3391930.052602
1.233760,3391930.052602
1.249292,3391930.052547
1.253129,3391930.052547
1.269305,3391930.052451
1.272864,3391930.052451
1.288913,3391930.052380
1.292700,3391930.052380
1.308913,3391930.052284
1.312685,3391930.052284
1.329085,3391930.052150
1.332766,3391930.052150
1.348923,3391930.051416
1.352693,3391930.051416
1.368964,3391930.051278
1.372721,3391930.051278
1.389169,3391930.051251
1.392850,3391930.051251
1.409164,3391930.051121
1.412788,3391930.051121
1.429083,3391930.051066
1.432872,3391930.051066
1.449225,3391930.051025
1.452931,3391930.051025
1.469126,3391930.050940
1.472944,3391930.050940
1.489183,3391930.050893
1.492894,3391930.050893
1.508964,3391930.050778
1.512856,3391930.050778
1.529107,3391930.050781
1.532727,3391930.050781
1.549127,3391930.047700
1.552860,3391930.047700
1.568983,3391930.047612
1.572796,3391930.047612
1.589135,3391930.047589
1.592772,3391930.047589
1.609107,3391930.047542
1.612821,3391930.047542
1.629093,3391930.047371
1.632701,3391930.047371
1.649188,3391930.047374
1.652835,3391930.047374
1.669110,3391930.047278
1.672786,3391930.047278
1.689384,3391930.047214
1.692802,3391930.047214
1.709023,3391930.047196
1.712961,3391930.047196
1.729063,3391930.047036
1.732851,3391930.047036
1.749090,3391930.046961
1.752756,3391930.046961
1.769024,3391930.045444
1.772861,3391930.045444
1.789117,3391930.045377
1.792747,3391930.045377
1.809249,3391930.045349
1.812858,3391930.045349
1.829212,3391930.045289
1.833006,3391930.045289
1.849145,3391930.045247
1.852907,3391930.045247
1.869076,3391930.045218
1.872937,3391930.045218
1.889024,3391930.045183
1.892815,3391930.045183
1.909207,3391930.045123
1.912943,3391930.045123
1.929115,3391930.045058
1.932791,3391930.045058
1.948971,3391930.034834
1.952844,3391930.034834
1.969187,3391930.034745
1.972786,3391930.034745
1.989127,3391930.034608
1.992806,3391930.034608
2.009125,3391930.034489
2.012865,3391930.034489
2.029221,3391930.034404
2.032849,3391930.034404
2.049166,3391930.034291
2.052720,3391930.034291
2.069074,3391930.034182
2.072965,3391930.034182
2.089085,3391930.034118
2.092827,3391930.034118
2.109165,3391930.033959
2.112823,3391930.033959
2.129155,3391930.033864
2.132900,3391930.033864
2.148958,3391930.028973
2.152840,3391930.028973
2.169150,3391930.028838
2.172857,3391930.028838
2.189003,3391930.028786
2.192946,3391930.028786
2.209270,3391930.028669
2.212844,3391930.028669
2.228989,3391930.028610
2.232888,3391930.028610
2.249164,3391930.028482
2.252819,3391930.028482
2.268943,3391930.028386
2.272774,3391930.028386
2.288968,3391930.028261
2.292762,3391930.028261
2.309146,3391930.028194
2.312769,3391930.028194
2.329171,3391930.022006
2.332698,3391930.022006
2.349268,3391930.021830
2.352898,3391930.021830
2.369045,3391930.021751
2.372922,3391930.021751
2.389160,3391930.021663
2.392873,3391930.021663
2.409161,3391930.021581
2.412870,3391930.021581
2.429249,3391930.021403
2.432848,3391930.021403
2.449180,3391930.021359
2.452805,3391930.021359
2.469262,3391930.021238
2.472852,3391930.021238
2.489111,3391930.021126
2.492792,3391930.021126
2.509079,3391930.021008
2.513017,3391930.021008
2.529032,3391930.014630
2.532834,3391930.014630
2.549032,3391930.014632
2.552917,3391930.014632
2.569137,3391930.014491
2.572998,3391930.014491
2.589101,3391930.014366
2.592754,3391930.014366
2.609178,3391930.014282
2.612882,3391930.014282
2.629113,3391930.014161
2.632917,3391930.014161
2.649032,3391930.014074
2.652841,3391930.014074
2.669109,3391930.013929
2.672813,3391930.013929
2.689136,3391930.013815
2.692818,3391930.013815
2.709121,3391930.013687
2.712865,3391930.013687
2.729190,3391930.013590
2.732824,3391930.013590
2.749168,3391930.008861
2.752817,3391930.008861
2.769051,3391930.008778
2.772819,3391930.008778
2.789188,3391930.008653
2.792836,3391930.008653
2.809143,3391930.008656
2.812918,3391930.008656
2.829061,3391930.008523
2.833072,3391930.008523
2.849081,3391930.008346
2.852846,3391930.008346
2.869146,3391930.008329
2.872873,3391930.008329
2.888988,3391930.008304
2.892839,3391930.008304
2.909056,3391930.008153
2.912782,3391930.008153
2.929238,3391930.007949
2.932845,3391930.007949
2.949214,3391930.000941
2.952770,3391930.000941
2.969014,3391930.000843
2.972940,3391930.000843
2.989013,3391930.000670
2.992867,3391930.000670
3.009038,3391930.000604
3.012791,3391930.000604
3.029171,3391930.000489
3.032996,3391930.000489
3.049057,3391930.000383
3.052820,3391930.000383
3.069198,3391930.000264
3.072941,3391930.000264
3.089113,3391930.000109
3.092829,3391930.000109
3.108892,3391930.000025
3.112905,3391930.000025
3.129175,3391929.999860
3.132823,3391929.999860
3.149154,3391929.990651
3.152876,3391929.990651
3.169123,3391929.990559
3.172845,3391929.990559
3.189094,3391929.990403
3.192822,3391929.990403
3.209118,3391929.990209
3.212870,3391929.990209
3.229190,3391929.990029
3.232843,3391929.990029
3.248943,3391929.989966
3.252688,3391929.989966
3.268916,3391929.989818
3.272861,3391929.989818
3.288946,3391929.989736
3.292672,3391929.989736
3.309078,3391929.989776
3.312747,3391929.989776
3.328959,3391929.989872
3.332816,3391929.989872
3.348952,3391929.983047
3.352803,3391929.983047
3.368925,3391929.983346
3.372873,3391929.983346
3.389019,3391929.983880
3.392688,3391929.983880
3.408958,3391929.984336
3.412744,3391929.984336
3.428934,3391929.984842
3.432759,3391929.984842
3.449025,3391929.985428
3.452835,3391929.985428
3.468973,3391929.985978
3.472720,3391929.985978
3.489002,3391929.986499
3.492873,3391929.986499
3.509100,3391929.987005
3.512784,3391929.987005
3.529110,3391929.987603
3.532745,3391929.987603
3.548989,3391929.984773
3.552847,3391929.984773
3.568944,3391929.985391
3.572811,3391929.985391
3.589106,3391929.985989
3.592897,3391929.985989
3.608973,3391929.986614
3.612764,3391929.986614
3.628946,3391929.987370
3.632794,3391929.987370
3.648942,3391929.988205
3.652666,3391929.988205
3.669152,3391929.989063
3.672740,3391929.989063
3.689098,3391929.990030
3.692775,3391929.990030
3.709079,3391929.991028
3.712886,3391929.991028
3.729085,3391929.992049
3.732839,3391929.992049
3.749827,3391930.006389
3.753742,3391930.006389
3.770602,3391930.007696
3.773710,3391930.007696
3.789354,3391930.008961
3.793105,3391930.008961
3.809113,3391930.010259
3.812833,3391930.010259
3.829011,3391930.011715
3.832838,3391930.011715
3.849112,3391930.013178
3.852789,3391930.013178
3.869001,3391930.014575
3.872741,3391930.014575
3.888898,3391930.016121
3.892760,3391930.016121
3.908892,3391930.017626
3.912913,3391930.017626
3.928917,3391930.019125
3.932760,3391930.019125
3.948967,3391930.012909
3.952649,3391930.012909
3.968995,3391930.014647
3.972860,3391930.014647
3.989441,3391930.016416
3.993029,3391930.016416
4.009187,3391930.018210
4.013080,3391930.018210
4.029266,3391930.020292
4.032965,3391930.020292
4.049427,3391930.022350
4.053086,3391930.022350
4.069296,3391930.024345
4.073272,3391930.024345
4.089053,3391930.026437
4.092952,3391930.026437
4.109246,3391930.028550
4.112807,3391930.028550
4.129125,3391930.030716
4.132933,3391930.030716
4.149323,3391930.030637
4.152897,3391930.030637
4.169131,3391930.033149
4.172863,3391930.033149
4.189062,3391930.035831
4.192917,3391930.035831
4.209179,3391930.038666
4.212771,3391930.038666
4.228956,3391930.041723
4.232669,3391930.041723
4.248910,3391930.044815
4.252707,3391930.044815
4.269948,3391930.047965
4.273745,3391930.047965
4.289642,3391930.051198
4.293238,3391930.051198
4.308999,3391930.054546
4.312726,3391930.054546
4.328906,3391930.058012
4.332692,3391930.058012
4.348971,3391930.048470
4.352725,3391930.048470
4.368999,3391930.052145
4.372718,3391930.052145
4.388943,3391930.055867
4.392724,3391930.055867
4.408873,3391930.059661
4.412766,3391930.059661
4.428980,3391930.063471
4.432734,3391930.063471
4.448848,3391930.067316
4.452715,3391930.067316
4.468998,3391930.071251
4.472679,3391930.071251
4.488979,3391930.075456
4.492904,3391930.075456
4.510148,3391930.079817
4.513966,3391930.079817
4.530189,3391930.084299
4.533536,3391930.084299
4.549132,3391930.090013
4.552899,3391930.090013
4.568994,3391930.095057
4.572803,3391930.095057
4.588914,3391930.100271
4.592725,3391930.100271
4.608944,3391930.105703
4.612789,3391930.105703
4.629023,3391930.111322
4.632843,3391930.111322
4.650034,3391930.117075
4.653651,3391930.117075
4.669223,3391930.123035
4.673079,3391930.123035
4.689156,3391930.129035
4.692984,3391930.129035
4.709008,3391930.135287
4.712868,3391930.135287
4.729192,3391930.141708
4.732882,3391930.141708
4.749231,3391930.138027
4.752895,3391930.138027
4.769106,3391930.144565
4.772781,3391930.144565
4.788918,3391930.151183
4.792760,3391930.151183
4.808976,3391930.157987
4.812799,3391930.157987
4.828992,3391930.164953
4.832758,3391930.164953
4.848967,3391930.172163
4.852689,3391930.172163
4.868936,3391930.179760
4.872824,3391930.179760
4.889091,3391930.187588
4.892788,3391930.187588
4.909010,3391930.195470
4.912971,3391930.195470
4.929106,3391930.203705
4.932760,3391930.203705
4.949093,3391930.203193
4.952863,3391930.203193
4.969084,3391930.211613
4.972857,3391930.211613
4.989494,3391930.220320
4.992844,3391930.220320
5.009025,3391930.229215
5.012941,3391930.229215
5.029125,3391930.238413
5.032783,3391930.238413
5.049223,3391930.247770
5.052823,3391930.247770
5.069113,3391930.257267
5.072821,3391930.257267
5.089076,3391930.266896
5.092846,3391930.266896
5.109117,3391930.276628
5.112774,3391930.276628
5.129104,3391930.289176
5.132782,3391930.289176
5.149137,3391930.299362
5.152889,3391930.299362
5.169101,3391930.309928
5.172862,3391930.309928
5.188970,3391930.320639
5.192928,3391930.320639
5.209091,3391930.331506
5.212915,3391930.331506
5.229017,3391930.342535
5.232844,3391930.342535
5.248977,3391930.353679
5.252868,3391930.353679
5.269090,3391930.364835
5.272938,3391930.364835
5.288984,3391930.376241
5.292769,3391930.376241
5.308973,3391930.387885
5.312683,3391930.387885
5.329171,3391930.395885
5.332661,3391930.395885
5.348953,3391930.408059
5.352738,3391930.408059
5.368963,3391930.420488
5.372815,3391930.420488
5.388890,3391930.433126
5.392716,3391930.433126
5.408992,3391930.445752
5.412764,3391930.445752
5.429033,3391930.458562
5.432764,3391930.458562
5.449150,3391930.471462
5.452781,3391930.471462
5.469023,3391930.484242
5.472800,3391930.484242
5.489132,3391930.497362
5.492813,3391930.497362
5.508955,3391930.510650
5.512733,3391930.510650
5.529047,3391930.508935
5.532666,3391930.508935
5.548908,3391930.522536
5.552799,3391930.522536
5.569121,3391930.536252
5.572886,3391930.536252
5.589096,3391930.549991
5.592840,3391930.549991
5.608898,3391930.563869
5.612808,3391930.563869
5.629125,3391930.577798
5.632704,3391930.577798
5.648972,3391930.591935
5.652840,3391930.591935
5.669046,3391930.606395
5.672819,3391930.606395
5.688898,3391930.621105
5.692938,3391930.621105
5.709102,3391930.635825
5.712736,3391930.635825
5.729138,3391930.650639
5.732790,3391930.650639
5.749109,3391930.664368
5.752841,3391930.664368
5.769035,3391930.679135
5.772851,3391930.679135
5.789032,3391930.694132
5.792794,3391930.694132
5.808853,3391930.709441
5.812765,3391930.709441
5.828903,3391930.725019
5.832766,3391930.725019
5.848855,3391930.740675
5.852652,3391930.740675
5.869931,3391930.756558
5.873792,3391930.756558
5.889483,3391930.772519
5.893281,3391930.772519
5.908993,3391930.788529
5.912883,3391930.788529
5.928997,3391930.791061
5.932921,3391930.791061
5.949213,3391930.807634
5.952913,3391930.807634
5.969139,3391930.824339
5.972924,3391930.824339
5.989913,3391930.841130
5.993590,3391930.841130
6.010032,3391930.858153
6.013733,3391930.858153
6.029138,3391930.875272
6.032859,3391930.875272
6.049627,3391930.892544
6.053524,3391930.892544
6.069903,3391930.910137
6.073673,3391930.910137
6.089123,3391930.927947
6.092958,3391930.927947
6.109089,3391930.946005
6.112759,3391930.946005
6.128948,3391930.964128
6.132842,3391930.964128
6.148860,3391930.988419
6.152718,3391930.988419
6.168995,3391931.007063
6.172770,3391931.007063
6.189085,3391931.025764
6.192636,3391931.025764
6.209038,3391931.044626
6.212701,3391931.044626
6.228966,3391931.063720
6.232764,3391931.063720
6.248914,3391931.083055
6.252698,3391931.083055
6.269026,3391931.102545
6.272606,3391931.102545
6.288979,3391931.122351
6.292836,3391931.122351
6.308961,3391931.142395
6.312668,3391931.142395
6.328985,3391931.159229
6.332651,3391931.159229
6.349019,3391931.178362
6.352642,3391931.178362
6.368967,3391931.196516
6.372800,3391931.196516
6.388949,3391931.213620
6.392748,3391931.213620
6.409032,3391931.229828
6.412842,3391931.229828
6.428850,3391931.245194
6.432718,3391931.245194
6.448936,3391931.259643
6.452827,3391931.259643
6.468851,3391931.273088
6.472800,3391931.273088
6.489002,3391931.285234
6.492812,3391931.285234
6.509074,3391931.296056
6.512836,3391931.296056
6.528980,3391931.305369
6.532896,3391931.305369
6.548964,3391931.322432
6.552820,3391931.322432
6.569167,3391931.328638
6.572844,3391931.328638
6.589083,3391931.333595
6.592713,3391931.333595
6.608943,3391931.336743
6.612799,3391931.336743
6.628981,3391931.338134
6.632780,3391931.338134
6.648965,3391931.337959
6.652822,3391931.337959
6.669128,3391931.336115
6.672729,3391931.336115
6.688981,3391931.332939
6.692780,3391931.332939
6.708971,3391931.328906
6.712892,3391931.328906
6.728932,3391931.324298
6.732736,3391931.324298
6.749008,3391931.318421
6.752610,3391931.318421
6.768928,3391931.313788
6.772840,3391931.313788
6.788991,3391931.309533
6.792871,3391931.309533
6.808991,3391931.305765
6.812728,3391931.305765
6.828973,3391931.302706
6.832983,3391931.302706
6.849111,3391931.300257
6.852857,3391931.300257
6.869070,3391931.298405
6.873002,3391931.298405
6.889147,3391931.297078
6.892817,3391931.297078
6.909017,3391931.296208
6.912900,3391931.296208
6.929161,3391931.295549
6.932797,3391931.295549
6.949179,3391931.267272
6.953043,3391931.267272
6.969215,3391931.267113
6.972836,3391931.267113
6.989017,3391931.267126
6.992988,3391931.267126
7.009128,3391931.267376
7.012931,3391931.267376
7.029071,3391931.267747
7.032834,3391931.267747
7.049210,3391931.268254
7.052834,3391931.268254
7.069010,3391931.268816
7.072809,3391931.268816
7.088973,3391931.269314
7.092824,3391931.269314
7.108961,3391931.269782
7.112643,3391931.269782
7.128990,3391931.270162
7.132759,3391931.270162
7.148935,3391931.292013
7.152762,3391931.292013
7.168969,3391931.292466
7.172827,3391931.292466
7.189167,3391931.292751
7.192784,3391931.292751
7.208951,3391931.292903
7.212750,3391931.292903
7.229141,3391931.293040
7.232772,3391931.293040
7.248946,3391931.292911
7.252818,3391931.292911
7.269027,3391931.292816
7.272737,3391931.292816
7.289051,3391931.292674
7.292748,3391931.292674
7.309186,3391931.292243
7.312841,3391931.292243
7.329118,3391931.291806
7.332808,3391931.291806
7.348913,3391931.289819
7.352723,3391931.289819
7.368917,3391931.289286
7.372739,3391931.289286
7.388971,3391931.288672
7.392823,3391931.288672
7.409008,3391931.288052
7.412854,3391931.288052
7.429183,3391931.287443
7.432858,3391931.287443
7.448987,3391931.286801
7.452780,3391931.286801
7.469044,3391931.286248
7.472928,3391931.286248
7.489025,3391931.285700
7.492743,3391931.285700
7.509098,3391931.285338
7.512808,3391931.285338
7.528954,3391931.284983
7.532847,3391931.284983
7.549066,3391931.283054
7.552839,3391931.283054
7.569148,3391931.282810
7.572860,3391931.282810
7.589056,3391931.282650
7.592758,3391931.282650
7.609128,3391931.282552
7.612805,3391931.282552
7.628944,3391931.282477
7.632862,3391931.282477
7.649083,3391931.282405
7.652815,3391931.282405
7.669020,3391931.282447
7.673029,3391931.282447
7.689213,3391931.282520
7.692813,3391931.282520
7.709133,3391931.282539
7.712855,3391931.282539
7.729065,3391931.282543
7.732917,3391931.282543
7.749196,3391931.279251
7.752784,3391931.279251
7.769016,3391931.279246
7.772838,3391931.279246
7.789066,3391931.279278
7.792808,3391931.279278
7.808985,3391931.279252
7.812714,3391931.279252
7.828877,3391931.279083
7.832725,3391931.279083
7.849022,3391931.279065
7.852727,3391931.279065
7.868995,3391931.279004
7.872782,3391931.279004
7.888928,3391931.278927
7.892799,3391931.278927
7.908913,3391931.278898
7.912764,3391931.278898
7.928931,3391931.278769
7.932805,3391931.278769
7.949013,3391931.272998
7.952693,3391931.272998
7.968961,3391931.272944
7.972705,3391931.272944
7.988996,3391931.272837
7.992820,3391931.272837
8.009104,3391931.272683
8.012927,3391931.272683
8.029336,3391931.272612
8.033091,3391931.272612
8.049296,3391931.272547
8.053037,3391931.272547
8.069132,3391931.272492
8.073023,3391931.272492
8.089176,3391931.272326
8.093061,3391931.272326
8.109364,3391931.272291
8.113085,3391931.272291
8.129377,3391931.272082
8.132814,3391931.272082
8.149445,3391931.263272
8.153065,3391931.263272
8.169695,3391931.263144
8.173699,3391931.263144
8.190062,3391931.263037
8.193753,3391931.263037
8.209338,3391931.262845
8.212966,3391931.262845
8.228964,3391931.262751
8.232764,3391931.262751
8.248958,3391931.262639
8.252669,3391931.262639
8.269028,3391931.262551
8.272749,3391931.262551
8.288948,3391931.262432
8.292708,3391931.262432
8.308970,3391931.262382
8.312763,3391931.262382
8.328984,3391931.262294
8.332913,3391931.262294
8.349124,3391931.256747
8.352860,3391931.256747
8.369222,3391931.256642
8.373096,3391931.256642
8.389359,3391931.256485
8.392975,3391931.256485
8.409294,3391931.256399
8.412848,3391931.256399
8.429281,3391931.256294
8.433047,3391931.256294
8.449207,3391931.256192
8.453166,3391931.256192
8.469244,3391931.256023
8.473009,3391931.256023
8.489432,3391931.255902
8.493071,3391931.255902
8.509507,3391931.255791
8.513112,3391931.255791
8.529290,3391931.255678
8.533060,3391931.255678
8.549146,3391931.253278
8.552873,3391931.253278
8.568963,3391931.253117
8.572756,3391931.253117
8.588996,3391931.252996
8.592870,3391931.252996
8.608892,3391931.252836
8.612732,3391931.252836
8.629068,3391931.252754
8.632818,3391931.252754
8.649010,3391931.252657
8.652750,3391931.252657
8.668984,3391931.252560
8.672684,3391931.252560
8.688830,3391931.252364
8.692727,3391931.252364
8.709027,3391931.252313
8.712766,3391931.252313
8.729188,3391931.252249
8.732801,3391931.252249
8.748993,3391931.252981
8.752757,3391931.252981
8.768990,3391931.252928
8.772763,3391931.252928
8.788975,3391931.252801
8.792790,3391931.252801
8.809000,3391931.252797
8.812800,3391931.252797
8.828918,3391931.252725
8.832740,3391931.252725
8.849018,3391931.252669
8.852764,3391931.252669
8.869059,3391931.252617
8.872909,3391931.252617
8.888955,3391931.252545
8.892805,3391931.252545
8.909132,3391931.252454
8.912822,3391931.252454
8.929090,3391931.252318
8.932877,3391931.252318
8.949100,3391931.250609
8.952956,3391931.250609
8.969050,3391931.250497
8.972851,3391931.250497
8.988993,3391931.250503
8.992832,3391931.250503
9.009072,3391931.250396
9.012849,3391931.250396
9.029183,3391931.250392
9.032952,3391931.250392
9.048981,3391931.250331
9.052849,3391931.250331
9.068939,3391931.250266
9.072715,3391931.250266
9.088949,3391931.250251
9.092748,3391931.250251
9.109066,3391931.250210
9.112882,3391931.250210
9.129121,3391931.250154
9.132882,3391931.250154
9.149046,3391931.249838
9.152936,3391931.249838
9.169168,3391931.249805
9.172928,3391931.249805
9.189260,3391931.249824
9.193006,3391931.249824
9.209360,3391931.249838
9.212994,3391931.249838
9.229206,3391931.249867
9.232936,3391931.249867
9.249210,3391931.249819
9.252938,3391931.249819
9.269225,3391931.249864
9.273004,3391931.249864
9.289079,3391931.249833
9.292967,3391931.249833
9.309085,3391931.249831
9.312873,3391931.249831
9.329226,3391931.249858
9.332928,3391931.249858
9.349216,3391931.248111
9.352896,3391931.248111
9.369231,3391931.248081
9.372879,3391931.248081
9.389085,3391931.248014
9.392967,3391931.248014
9.409084,3391931.248081
9.412927,3391931.248081
9.429136,3391931.248120
9.432745,3391931.248120
9.448977,3391931.248139
9.452744,3391931.248139
9.468900,3391931.248169
9.472739,3391931.248169
9.488916,3391931.248180
9.492719,3391931.248180
9.508872,3391931.248218
9.512771,3391931.248218
9.528971,3391931.248270
9.532676,3391931.248270
9.549001,3391931.240035
9.552828,3391931.240035
9.569070,3391931.239976
9.572782,3391931.239976
9.589000,3391931.239977
9.592664,3391931.239977
9.608893,3391931.239972
9.612805,3391931.239972
9.629671,3391931.239945
9.633565,3391931.239945
9.649848,3391931.239852
9.654123,3391931.239852
9.669581,3391931.239823
9.673191,3391931.239823
9.688978,3391931.239870
9.692782,3391931.239870
9.708890,3391931.239894
9.712695,3391931.239894
9.729037,3391931.239890
9.732882,3391931.239890
9.748994,3391931.237245
9.752860,3391931.237245
9.768966,3391931.237258
9.772755,3391931.237258
9.788993,3391931.237246
9.792742,3391931.237246
9.808903,3391931.237253
9.812639,3391931.237253
9.828982,3391931.237225
9.832769,3391931.237225
9.848959,3391931.237152
9.852724,3391931.237152
9.869062,3391931.237189
9.872859,3391931.237189
9.888946,3391931.237211
9.892955,3391931.237211
9.909056,3391931.237223
9.912812,3391931.237223
9.929924,3391931.237195
9.933764,3391931.237195
9.949903,3391931.234747
9.953595,3391931.234747
9.969161,3391931.234773
9.973117,3391931.234773
9.988936,3391931.234780
9.992664,3391931.234780
10.008876,3391931.234813
10.012751,3391931.234813
10.028904,3391931.234805
10.032845,3391931.234805
10.048913,3391931.234847
10.052758,3391931.234847
10.068907,3391931.234841
10.072758,3391931.234841
10.088934,3391931.234878
10.092888,3391931.234878
10.108982,3391931.234874
10.112840,3391931.234874
10.129155,3391931.234889
10.132836,3391931.234889
10.149178,3391931.231848
10.152930,3391931.231848
10.169125,3391931.231834
10.172874,3391931.231834
10.189017,3391931.231883
10.192830,3391931.231883
10.209127,3391931.231860
10.212849,3391931.231860
10.229178,3391931.231756
10.232929,3391931.231756
10.249059,3391931.231842
10.252938,3391931.231842
10.269137,3391931.231848
10.272856,3391931.231848
10.289085,3391931.231879
10.292853,3391931.231879
10.309250,3391931.231937
10.312736,3391931.231937
10.328995,3391931.231902
10.332888,3391931.231902
10.349125,3391931.227273
10.352762,3391931.227273
10.368995,3391931.227245
10.372871,3391931.227245
10.389176,3391931.227276
10.392809,3391931.227276
10.409167,3391931.227280
10.412845,3391931.227280
10.429096,3391931.227312
10.432834,3391931.227312
10.449071,3391931.227334
10.452746,3391931.227334
10.469193,3391931.227355
10.472777,3391931.227355
10.489033,3391931.227335
10.492936,3391931.227335
10.509099,3391931.227422
10.512838,3391931.227422
10.529094,3391931.227441
10.532904,3391931.227441
10.549055,3391931.217960
10.552794,3391931.217960
10.569040,3391931.217911
10.572716,3391931.217911
10.589108,3391931.217897
10.592818,3391931.217897
10.609012,3391931.217802
10.612853,3391931.217802
10.628986,3391931.217760
10.632818,3391931.217760
10.649172,3391931.217733
10.652919,3391931.217733
10.668958,3391931.217684
10.672838,3391931.217684
10.689519,3391931.217630
10.692810,3391931.217630
10.709145,3391931.217508
10.712976,3391931.217508
10.729996,3391931.217487
10.733753,3391931.217487
10.750020,3391931.217598
10.753632,3391931.217598
10.769185,3391931.217513
10.772758,3391931.217513
10.788923,3391931.217395
10.792773,3391931.217395
10.809018,3391931.217232
10.812828,3391931.217232
10.828982,3391931.217105
10.832737,3391931.217105
10.849028,3391931.216980
10.852649,3391931.216980
10.869113,3391931.216907
10.872905,3391931.216907
10.888993,3391931.216808
10.892799,3391931.216808
10.908964,3391931.216690
10.912731,3391931.216690
10.929122,3391931.216562
10.932861,3391931.216562
10.948954,3391931.214374
10.952797,3391931.214374
10.969134,3391931.214331
10.972793,3391931.214331
10.988977,3391931.214233
10.992748,3391931.214233
11.009017,3391931.214208
11.012743,3391931.214208
11.029294,3391931.214164
11.032980,3391931.214164
11.048949,3391931.214168
11.052984,3391931.214168
11.069145,3391931.214131
11.072991,3391931.214131
11.089237,3391931.214088
11.093112,3391931.214088
11.108941,3391931.214118
11.112693,3391931.214118
11.129133,3391931.214114
11.132651,3391931.214114
11.149034,3391931.213546
11.152775,3391931.213546
11.168943,3391931.213615
11.172707,3391931.213615
11.188954,3391931.213633
11.192741,3391931.213633
11.208884,3391931.213718
11.212746,3391931.213718
11.229041,3391931.213793
11.232785,3391931.213793
11.249028,3391931.213879
11.252763,3391931.213879
11.268934,3391931.213961
11.272671,3391931.213961
11.289027,3391931.213980
11.292728,3391931.213980
11.309080,3391931.214134
11.312734,3391931.214134
11.328927,3391931.210970
11.332730,3391931.210970
11.348925,3391931.211009
11.352730,3391931.211009
11.368884,3391931.210999
11.372811,3391931.210999
11.388929,3391931.211028
11.392808,3391931.211028
11.408845,3391931.211027
11.412715,3391931.211027
11.428980,3391931.211092
11.432746,3391931.211092
11.448877,3391931.211151
11.452719,3391931.211151
11.468922,3391931.211117
11.472789,3391931.211117
11.488911,3391931.211206
11.492760,3391931.211206
11.509095,3391931.211311
11.512765,3391931.211311
11.528999,3391931.211371
11.532782,3391931.211371
11.549014,3391931.211212
11.552788,3391931.211212
11.569114,3391931.211281
11.573029,3391931.211281
11.588924,3391931.211367
11.592914,3391931.211367
11.609123,3391931.211466
11.612856,3391931.211466
11.629002,3391931.211542
11.632788,3391931.211542
11.648886,3391931.211689
11.652777,3391931.211689
11.668974,3391931.211767
11.672741,3391931.211767
11.689094,3391931.211856
