0.474910,0.000000
0.573203,0.000000
0.975801,0.000000
1.009924,0.000000
1.208285,0.000000
1.409037,0.000000
1.543954,0.000000
1.642062,0.000000
1.676355,0.000000
1.708785,0.000000
1.743445,0.000000
1.775703,0.000000
1.844526,0.000000
1.909421,0.000000
1.943792,0.000000
1.978386,0.000000
2.052203,0.000000
2.079664,0.000000
2.280154,0.004000
2.346015,0.004000
2.411826,0.004000
2.513180,0.008000
2.547691,0.025000
2.584181,0.025000
2.679404,0.025000
2.979222,0.016000
3.244453,0.025000
3.311330,0.025000
3.378107,0.025000
3.412567,0.025000
3.511861,0.025000
3.978090,0.000000
4.010616,0.000000
4.043967,0.000000
4.078618,0.000000
4.112018,0.000000
4.179322,0.000000
4.209466,0.000000
4.310638,0.000000
4.343848,0.000000
4.478706,0.000000
4.511040,0.000000
4.912359,0.000000
4.944994,0.000000
4.979337,0.000000
5.145474,0.000000
5.412796,0.000000
5.445343,0.000000
5.479746,0.000000
5.512139,0.000000
5.544590,0.000000
5.579054,0.000000
5.613409,0.000000
5.645836,0.000000
5.682369,0.000000
5.714630,0.000000
5.747203,0.000000
5.915294,0.000000
5.982472,0.000000
6.182934,0.000000
6.315552,0.000000
6.348061,0.000000
6.415901,0.000000
6.448315,0.000000
6.648870,0.000000
6.683551,0.000000
6.748318,0.000000
6.916505,0.000000
6.948910,0.000000
6.983369,0.000000
7.015834,0.000000
7.082580,0.000000
7.115888,0.000000
7.282593,0.000000
7.381552,0.000000
7.514176,0.000000
7.546679,0.000000
7.682331,0.000000
7.748262,0.000000
7.814124,0.000000
7.880966,0.000000
7.946842,0.000000
7.980472,0.000000
8.013878,0.000000
8.081681,0.000000
8.215488,0.000000
8.247865,0.000000
8.314687,0.000000
8.379657,0.000000
8.481069,0.000000
8.649160,0.000000
