0.178060,30.633373
0.197978,30.633373
0.218002,30.633373
0.238060,30.633373
0.258055,30.633373
0.278057,30.633373
0.298031,30.633373
0.318250,30.633373
0.338185,30.633373
0.358015,30.633373
0.378058,30.633373
0.397892,30.633373
0.417847,30.633373
0.437892,30.633373
0.457899,30.633373
0.478012,30.633373
0.497804,30.633373
0.517756,30.633373
0.537847,30.633373
0.557817,30.633373
0.577855,30.633373
0.597849,30.633373
0.617714,30.633373
0.637830,30.633373
0.657757,30.633373
0.677743,30.633373
0.697764,30.633373
0.717749,30.633373
0.738113,30.633373
0.758007,30.633373
0.777772,30.633373
0.797775,30.633373
0.817726,30.633373
0.837706,30.633373
0.857727,30.633373
0.877681,30.633373
0.897661,30.633373
0.917841,30.633373
0.937665,30.633373
0.957648,30.633373
0.977582,30.633373
0.997519,30.633373
1.017661,30.633373
1.037758,30.633373
1.057539,30.633373
1.077540,30.633373
1.097606,30.633373
1.117570,30.633373
1.137416,30.633373
1.157507,30.633373
1.177514,30.633373
1.197458,30.633373
1.217515,30.633373
1.237374,30.633373
1.257386,30.633373
1.278519,30.633373
1.297398,30.633373
1.317504,30.633373
1.337530,30.633373
1.357428,30.633373
1.378493,30.633373
1.397410,30.633373
1.418475,30.633373
1.438452,30.633373
1.458411,30.633373
1.478386,30.633373
1.498399,30.633373
1.518298,30.633373
1.538368,30.633373
1.558310,30.633373
1.578359,30.633373
1.598240,30.633373
1.618356,30.633373
1.638348,30.633373
1.658249,30.633373
1.678199,30.633373
1.698269,30.633373
1.718336,30.633374
1.738269,30.633374
1.758267,30.633374
1.778254,30.633374
1.798255,30.633374
1.818276,30.633374
1.838208,30.633374
1.858597,30.633374
1.878461,30.633374
1.898183,30.633374
1.918293,30.633376
1.938097,30.633376
1.958348,30.633376
1.978374,30.633376
1.998103,30.633376
2.018165,30.633376
2.038063,30.633376
2.058067,30.633376
2.078078,30.633376
2.098073,30.633376
2.118002,30.633376
2.138019,30.633378
2.158041,30.633378
2.178030,30.633378
2.197986,30.633378
2.218000,30.633378
2.237999,30.633378
2.257963,30.633378
2.277930,30.633378
2.297957,30.633380
2.317891,30.633380
2.337885,30.633380
2.357990,30.633380
2.377860,30.633380
2.397775,30.633380
2.417866,30.633380
2.437915,30.633380
2.457963,30.633380
2.477792,30.633380
2.497826,30.633380
2.517756,30.633384
2.537791,30.633384
2.557746,30.633384
2.577786,30.633384
2.597717,30.633384
2.617826,30.633384
2.637744,30.633384
2.657736,30.633384
2.677684,30.633384
2.697720,30.633384
2.717719,30.633387
2.737606,30.633387
2.757757,30.633387
2.777940,30.633387
2.797965,30.633387
2.817804,30.633387
2.837584,30.633387
2.858001,30.633387
2.877749,30.633387
2.897617,30.633387
2.917696,30.633391
2.937683,30.633391
2.957633,30.633391
2.977509,30.633391
2.997578,30.633391
3.017514,30.633391
3.037540,30.633391
3.057514,30.633391
3.078442,30.633391
3.097447,30.633391
3.117505,30.633391
3.137512,30.633396
3.157528,30.633396
3.178492,30.633396
3.197542,30.633396
3.217473,30.633396
3.237589,30.633396
3.257516,30.633396
3.278481,30.633396
3.298466,30.633396
3.318448,30.633400
3.338424,30.633400
3.358543,30.633400
3.378350,30.633400
3.398351,30.633400
3.418289,30.633400
3.438270,30.633400
3.458380,30.633400
3.478609,30.633400
3.498666,30.633400
3.518241,30.633406
3.538247,30.633406
3.558199,30.633406
3.578256,30.633406
3.598181,30.633406
3.618366,30.633406
3.638348,30.633406
3.658163,30.633406
3.678265,30.633406
3.698296,30.633406
3.718243,30.633412
3.738249,30.633412
3.758157,30.633412
3.778528,30.633412
3.798457,30.633412
3.818174,30.633412
3.838103,30.633412
3.858171,30.633412
3.878125,30.633412
3.898062,30.633418
3.918129,30.633418
3.938193,30.633418
3.958074,30.633418
3.978046,30.633418
3.997989,30.633418
4.018048,30.633418
4.038046,30.633418
4.058064,30.633418
4.078015,30.633418
4.097954,30.633418
4.118125,30.633418
4.138001,30.633418
4.158002,30.633424
4.177950,30.633424
4.198008,30.633424
4.218040,30.633424
4.237985,30.633424
4.257994,30.633424
4.277972,30.633424
4.297912,30.633424
4.318026,30.633431
4.337961,30.633431
4.358020,30.633431
4.378016,30.633431
4.397907,30.633431
4.417949,30.633431
4.437838,30.633431
4.457905,30.633431
4.477949,30.633431
4.497889,30.633438
4.517870,30.633438
4.537771,30.633438
4.557708,30.633438
4.577717,30.633438
4.597931,30.633438
4.617753,30.633438
4.637790,30.633438
4.657831,30.633438
4.677709,30.633438
4.697746,30.633446
4.717711,30.633446
4.737738,30.633446
4.757627,30.633446
4.777735,30.633446
4.797567,30.633446
4.817611,30.633446
4.837777,30.633446
4.857707,30.633446
4.877665,30.633446
4.897546,30.633454
4.917497,30.633454
4.937576,30.633454
4.957711,30.633454
4.977520,30.633454
4.997482,30.633454
5.017520,30.633454
5.037533,30.633454
5.057679,30.633454
5.077522,30.633454
5.097472,30.633454
5.117618,30.633462
5.137512,30.633462
5.157822,30.633462
5.178895,30.633462
5.197490,30.633462
5.217376,30.633462
5.237447,30.633462
5.258431,30.633462
5.278429,30.633462
5.298455,30.633462
5.318321,30.633470
5.338369,30.633470
5.358392,30.633470
5.378877,30.633470
5.398716,30.633470
5.418386,30.633470
5.438320,30.633470
5.458353,30.633470
5.478351,30.633470
5.498343,30.633470
5.518203,30.633479
5.538271,30.633479
5.558289,30.633479
5.578283,30.633479
5.598263,30.633479
5.618172,30.633479
5.638261,30.633479
5.658248,30.633479
5.678256,30.633479
5.698297,30.633479
5.718215,30.633488
5.738215,30.633488
5.758191,30.633488
5.778186,30.633488
5.798128,30.633488
5.818090,30.633488
5.838166,30.633488
5.858182,30.633488
5.878087,30.633488
5.898117,30.633488
5.917983,30.633497
5.938034,30.633497
5.958073,30.633497
5.978173,30.633497
5.998029,30.633497
6.018028,30.633497
6.038306,30.633497
6.057998,30.633497
6.077978,30.633497
6.097985,30.633497
6.117877,30.633497
6.137979,30.633507
6.157938,30.633507
6.178021,30.633507
6.197976,30.633507
6.217974,30.633507
6.238027,30.633507
6.257990,30.633507
6.278224,30.633507
6.298247,30.633507
6.317815,30.633517
6.337912,30.633517
6.357799,30.633517
6.377843,30.633517
6.397834,30.633517
6.417768,30.633517
6.437807,30.633517
6.457803,30.633517
6.477865,30.633517
6.497969,30.633517
6.517761,30.633527
6.537730,30.633527
6.557828,30.633527
6.577671,30.633527
6.597605,30.633527
6.617597,30.633527
6.637665,30.633527
6.657722,30.633527
6.677764,30.633527
6.697840,30.633537
6.717681,30.633537
6.737626,30.633537
6.757671,30.633537
6.777570,30.633537
6.797645,30.633537
6.817523,30.633537
6.837610,30.633537
6.857653,30.633537
6.877642,30.633537
6.897494,30.633547
6.917498,30.633547
6.937545,30.633547
6.957545,30.633547
6.977521,30.633547
6.998408,30.633547
7.017837,30.633547
7.038563,30.633547
7.058413,30.633547
7.078425,30.633547
7.098428,30.633547
7.118435,30.633558
7.138471,30.633558
7.158476,30.633558
7.178335,30.633558
7.198356,30.633558
7.218363,30.633558
7.238601,30.633558
7.258349,30.633558
7.278386,30.633558
7.298594,30.633569
7.318380,30.633569
7.338305,30.633569
7.358294,30.633569
7.378261,30.633569
7.398281,30.633569
7.418409,30.633569
7.438304,30.633569
7.458269,30.633569
7.478438,30.633569
7.498272,30.633580
7.518422,30.633580
7.538320,30.633580
7.558174,30.633580
7.578267,30.633580
7.598309,30.633580
7.618125,30.633580
7.638221,30.633580
7.658126,30.633580
7.678195,30.633580
7.698136,30.633580
7.718130,30.633592
7.738188,30.633592
7.758128,30.633592
7.778086,30.633592
7.798292,30.633592
7.818022,30.633592
7.838202,30.633592
7.858068,30.633592
7.878063,30.633592
7.897983,30.633603
7.918028,30.633603
7.938061,30.633603
7.957968,30.633603
7.977972,30.633603
7.998003,30.633603
8.017936,30.633603
8.038035,30.633603
8.057853,30.633603
8.077934,30.633603
8.097896,30.633603
8.117910,30.633603
8.137902,30.633615
8.157853,30.633615
8.177840,30.633615
8.197814,30.633615
8.217994,30.633615
8.237934,30.633615
8.257872,30.633615
8.277813,30.633615
8.297841,30.633615
8.317843,30.633627
8.337813,30.633627
8.357902,30.633627
8.377721,30.633627
8.397682,30.633627
8.417875,30.633627
8.437789,30.633627
8.457748,30.633627
8.477757,30.633627
8.498022,30.633627
8.517705,30.633639
8.537696,30.633639
8.557636,30.633639
8.577840,30.633639
8.597629,30.633639
8.617730,30.633639
8.637773,30.633639
8.657660,30.633639
8.677670,30.633639
8.697647,30.633639
8.717641,30.633652
8.737622,30.633652
8.757701,30.633652
8.777571,30.633652
8.797616,30.633652
8.817609,30.633652
8.837603,30.633652
8.857756,30.633652
8.877590,30.633652
8.898532,30.633652
8.917572,30.633664
8.937512,30.633664
8.958487,30.633664
8.978451,30.633664
8.998453,30.633664
9.018516,30.633664
9.038716,30.633664
9.058475,30.633664
9.078459,30.633664
9.098414,30.633664
9.118502,30.633664
9.138416,30.633677
9.158310,30.633677
9.178320,30.633677
9.198330,30.633677
9.218440,30.633677
9.238425,30.633677
9.258348,30.633677
9.278421,30.633677
9.298313,30.633677
9.318344,30.633690
9.338320,30.633690
9.358259,30.633690
9.378307,30.633690
9.398255,30.633690
9.418302,30.633690
9.438304,30.633690
9.458225,30.633690
9.478606,30.633690
9.498494,30.633690
9.518320,30.633704
9.538357,30.633704
9.558359,30.633704
9.578161,30.633704
9.598203,30.633704
9.618180,30.633704
9.638187,30.633704
9.658251,30.633704
9.678115,30.633704
9.698098,30.633704
9.718164,30.633717
9.738150,30.633717
9.758246,30.633717
9.778113,30.633717
9.798110,30.633717
9.818155,30.633717
9.838065,30.633717
9.858068,30.633717
9.878168,30.633717
9.898114,30.633730
9.918060,30.633730
9.938001,30.633730
9.958047,30.633730
9.978307,30.633730
9.998533,30.633730
10.018001,30.633730
10.037950,30.633730
10.057888,30.633730
10.078045,30.633730
10.097857,30.633730
10.117933,30.633730
10.138210,30.633744
10.158196,30.633744
10.177856,30.633744
10.197787,30.633744
10.217859,30.633744
10.237920,30.633744
10.257763,30.633744
10.277803,30.633744
10.297826,30.633758
10.317725,30.633758
10.337778,30.633758
10.357919,30.633758
10.377780,30.633758
10.397796,30.633758
10.417755,30.633758
10.437715,30.633758
10.457799,30.633758
10.477688,30.633758
10.497712,30.633772
10.517689,30.633772
10.537726,30.633772
10.557639,30.633772
10.577648,30.633772
10.597614,30.633772
10.617790,30.633772
10.637637,30.633772
10.657619,30.633772
10.677676,30.633772
10.697753,30.633786
10.717591,30.633786
10.737584,30.633786
10.757554,30.633786
10.777629,30.633786
10.798541,30.633786
10.817638,30.633786
10.837638,30.633786
10.858513,30.633786
10.877485,30.633786
10.898455,30.633786
10.918533,30.633800
10.938446,30.633800
10.958470,30.633800
10.978576,30.633800
10.998520,30.633800
11.018476,30.633800
11.038770,30.633800
11.058718,30.633800
11.078382,30.633800
11.098405,30.633800
11.118357,30.633800
11.138314,30.633815
11.158277,30.633815
11.178351,30.633815
11.198293,30.633815
11.218330,30.633815
11.238310,30.633815
11.258433,30.633815
11.278339,30.633815
11.298280,30.633815
11.318347,30.633829
11.338587,30.633829
11.358329,30.633829
11.378282,30.633829
11.398293,30.633829
11.418333,30.633829
11.438306,30.633829
11.458205,30.633829
11.478197,30.633829
11.498150,30.633829
11.518157,30.633844
11.538192,30.633844
11.558185,30.633844
11.578223,30.633844
11.598116,30.633844
11.618147,30.633844
11.638158,30.633844
11.657986,30.633844
11.678074,30.633844
11.698127,30.633844
11.718038,30.633859
11.738074,30.633859
11.757991,30.633859
11.777992,30.633859
11.798061,30.633859
11.817991,30.633859
11.838111,30.633859
11.858098,30.633859
11.877985,30.633859
11.897959,30.633859
11.917974,30.633874
11.937965,30.633874
11.957910,30.633874
11.977989,30.633874
11.998009,30.633874
12.017977,30.633874
12.038002,30.633874
12.058057,30.633874
12.077917,30.633874
12.097871,30.633874
12.117968,30.633889
12.137817,30.633889
12.157807,30.633889
12.177848,30.633889
12.197822,30.633889
12.217809,30.633889
12.237930,30.633889
12.257839,30.633889
12.277852,30.633889
12.297726,30.633904
12.317790,30.633904
12.337869,30.633904
12.357765,30.633904
12.377773,30.633904
12.397884,30.633904
12.418120,30.633904
12.438145,30.633904
12.457666,30.633904
12.477788,30.633904
12.497737,30.633904
12.517703,30.633920
12.537796,30.633920
12.557683,30.633920
12.577757,30.633920
12.597638,30.633920
12.617631,30.633920
12.637767,30.633920
12.657735,30.633920
12.677602,30.633920
12.698650,30.633920
12.717588,30.633935
12.737746,30.633935
12.757576,30.633935
12.777605,30.633935
12.798587,30.633935
12.817595,30.633935
12.837607,30.633935
12.857647,30.633935
12.877555,30.633935
12.898631,30.633951
12.917544,30.633951
12.937571,30.633951
12.958513,30.633951
12.978490,30.633951
12.998476,30.633951
13.018591,30.633951
13.038540,30.633951
13.058441,30.633951
13.078429,30.633951
13.098429,30.633951
13.118408,30.633966
13.138427,30.633966
13.158422,30.633966
13.178375,30.633966
13.198422,30.633966
13.218418,30.633966
13.238403,30.633966
13.258368,30.633966
13.278437,30.633966
13.298412,30.633982
13.318394,30.633982
13.338495,30.633982
13.358397,30.633982
13.378406,30.633982
13.398339,30.633982
13.418310,30.633982
13.438349,30.633982
13.458293,30.633982
13.478253,30.633982
13.498366,30.633982
13.518284,30.633998
13.538458,30.633998
13.558375,30.633998
13.578271,30.633998
13.598199,30.633998
13.618237,30.633998
13.638203,30.633998
13.658155,30.633998
13.678159,30.633998
13.698240,30.633998
13.718078,30.634014
13.738093,30.634014
13.758083,30.634014
13.778119,30.634014
13.798127,30.634014
13.818104,30.634014
13.838066,30.634014
13.857981,30.634014
13.878063,30.634014
13.897944,30.634014
13.917978,30.634030
13.937966,30.634030
13.957960,30.634030
13.977983,30.634030
13.997982,30.634030
14.017944,30.634030
14.038008,30.634030
14.057849,30.634030
14.077947,30.634030
14.097935,30.634030
14.117838,30.634030
14.137904,30.634045
14.157781,30.634045
14.178116,30.634045
14.198191,30.634045
14.217739,30.634045
14.237983,30.634045
14.257879,30.634045
14.277933,30.634045
14.297796,30.634045
14.317813,30.634061
14.337976,30.634061
14.357820,30.634061
14.377678,30.634061
14.397736,30.634061
14.417753,30.634061
14.437717,30.634061
14.457605,30.634061
14.477696,30.634061
14.498678,30.634061
14.517633,30.634077
14.537623,30.634077
14.557609,30.634077
14.589118,30.634077
14.598545,30.634077
14.617568,30.634077
14.637529,30.634077
14.658478,30.634077
14.677511,30.634077
14.698500,30.634077
14.717463,30.634092
14.738502,30.634092
14.758545,30.634092
14.778503,30.634092
14.798482,30.634092
14.818413,30.634092
14.838521,30.634092
14.858359,30.634092
14.878380,30.634092
14.898384,30.634107
14.918490,30.634107
14.938412,30.634107
14.958418,30.634107
14.978420,30.634107
14.998384,30.634107
15.018382,30.634107
15.038295,30.634107
15.058395,30.634107
15.078652,30.634107
15.098408,30.634107
15.118361,30.634122
15.138256,30.634122
15.158359,30.634122
15.178278,30.634122
15.198314,30.634122
15.218297,30.634122
15.238233,30.634122
15.258164,30.634122
15.278280,30.634122
15.298203,30.634137
15.318446,30.634137
15.338297,30.634137
15.358308,30.634137
15.378293,30.634137
15.398176,30.634137
15.418290,30.634137
15.438190,30.634137
15.458312,30.634137
15.478148,30.634137
15.498143,30.634151
15.518297,30.634151
15.538124,30.634151
15.558011,30.634151
15.578065,30.634151
15.598042,30.634151
15.618063,30.634151
15.638061,30.634151
15.658087,30.634151
15.678027,30.634151
15.697985,30.634165
15.717943,30.634165
15.738114,30.634165
15.757880,30.634165
15.777960,30.634165
15.798009,30.634165
15.818037,30.634165
15.838215,30.634165
15.858287,30.634165
15.877928,30.634165
15.897963,30.634180
15.917941,30.634180
15.937907,30.634180
15.957917,30.634180
15.977916,30.634180
15.997865,30.634180
16.017880,30.634180
16.037935,30.634180
16.057977,30.634180
16.077892,30.634180
16.097890,30.634180
16.117823,30.634180
16.137850,30.634194
16.157730,30.634194
16.177770,30.634194
16.197783,30.634194
16.217817,30.634194
16.237775,30.634194
16.257862,30.634194
16.277745,30.634194
16.297701,30.634194
16.317676,30.634208
16.337754,30.634208
16.357740,30.634208
16.377779,30.634208
16.398647,30.634208
16.417616,30.634208
16.437823,30.634208
16.458689,30.634208
16.477898,30.634208
16.498924,30.634208
16.517538,30.634223
16.537793,30.634223
16.558773,30.634223
16.578652,30.634223
16.598598,30.634223
16.617794,30.634223
16.638749,30.634223
16.658638,30.634223
16.678521,30.634223
16.698551,30.634223
16.718551,30.634238
16.738591,30.634238
16.758542,30.634238
16.778528,30.634238
16.798506,30.634238
16.818515,30.634238
16.838421,30.634238
16.858354,30.634238
16.878363,30.634238
16.898329,30.634238
16.918493,30.634252
16.938332,30.634252
16.958358,30.634252
16.978316,30.634252
16.998340,30.634252
17.018277,30.634252
17.038371,30.634252
17.058488,30.634252
17.078380,30.634252
17.098319,30.634252
17.118317,30.634252
17.138295,30.634267
17.158277,30.634267
17.178308,30.634267
17.198361,30.634267
17.218308,30.634267
17.238320,30.634267
17.258162,30.634267
17.278525,30.634267
17.298471,30.634267
17.318161,30.634282
17.338101,30.634282
17.358063,30.634282
17.378144,30.634282
17.398163,30.634282
17.418114,30.634282
17.438081,30.634282
17.458008,30.634282
17.478060,30.634282
17.498027,30.634297
17.518029,30.634297
17.538035,30.634297
17.558043,30.634297
17.578026,30.634297
17.598041,30.634297
17.617892,30.634297
17.638003,30.634297
17.657862,30.634297
17.677910,30.634297
17.697944,30.634297
17.717988,30.634313
17.737894,30.634313
17.758275,30.634313
17.777930,30.634313
17.797854,30.634313
17.817845,30.634313
17.837880,30.634313
17.857759,30.634313
17.877879,30.634313
17.897825,30.634328
17.917835,30.634328
17.937795,30.634328
17.957834,30.634328
17.977898,30.634328
17.997736,30.634328
18.017854,30.634328
18.037838,30.634328
18.057694,30.634328
18.077783,30.634328
18.097739,30.634328
18.117775,30.634343
18.137743,30.634343
18.157762,30.634343
18.177774,30.634343
18.197746,30.634343
18.217702,30.634343
18.237749,30.634343
18.257591,30.634343
18.277620,30.634343
18.298625,30.634359
18.317606,30.634359
18.337755,30.634359
18.357566,30.634359
18.378593,30.634359
18.398571,30.634359
18.418591,30.634359
18.438609,30.634359
18.458625,30.634359
18.478523,30.634359
18.498440,30.634374
18.518708,30.634374
18.538538,30.634374
18.558472,30.634374
18.578490,30.634374
18.598499,30.634374
18.618586,30.634374
18.638548,30.634374
18.658370,30.634374
18.678447,30.634374
18.698395,30.634390
18.718509,30.634390
18.738487,30.634390
18.758489,30.634390
18.778338,30.634390
18.798405,30.634390
18.818347,30.634390
18.838494,30.634390
18.858378,30.634390
18.878338,30.634390
18.898353,30.634406
18.918259,30.634406
18.938258,30.634406
18.958324,30.634406
18.978296,30.634406
18.998284,30.634406
19.018171,30.634406
19.038280,30.634406
19.058323,30.634406
19.078311,30.634406
19.098241,30.634406
19.118182,30.634406
19.138456,30.634421
19.158501,30.634421
19.178184,30.634421
19.198089,30.634421
19.218116,30.634421
19.238101,30.634421
19.258213,30.634421
19.278105,30.634421
19.298009,30.634421
19.318052,30.634437
19.338061,30.634437
19.358165,30.634437
19.378013,30.634437
19.398037,30.634437
19.418054,30.634437
19.437999,30.634437
19.458097,30.634437
19.478051,30.634437
19.497939,30.634437
19.518043,30.634453
19.537982,30.634453
19.557973,30.634453
19.577976,30.634453
19.597883,30.634453
19.617853,30.634453
19.637895,30.634453
19.657937,30.634453
19.677968,30.634453
19.697793,30.634453
19.717807,30.634470
19.737802,30.634470
19.757871,30.634470
19.777936,30.634470
19.797834,30.634470
19.817837,30.634470
19.837786,30.634470
19.857805,30.634470
19.877836,30.634470
19.897666,30.634470
19.917741,30.634486
19.937672,30.634486
19.957714,30.634486
19.977754,30.634486
19.997740,30.634486
20.017731,30.634486
20.037696,30.634486
20.057791,30.634486
20.077724,30.634486
20.098660,30.634486
20.117610,30.634486
20.137605,30.634502
20.157699,30.634502
20.177573,30.634502
20.198644,30.634502
20.217739,30.634502
20.237551,30.634502
20.258559,30.634502
20.277703,30.634502
20.298620,30.634502
20.318631,30.634517
20.338528,30.634517
20.358499,30.634517
20.378538,30.634517
20.398482,30.634517
20.418491,30.634517
20.438465,30.634517
20.458544,30.634517
20.478429,30.634517
20.498513,30.634533
20.518420,30.634533
20.538470,30.634533
20.558432,30.634533
20.578433,30.634533
20.598537,30.634533
20.618391,30.634533
20.638324,30.634533
20.658325,30.634533
20.678351,30.634533
20.698324,30.634548
20.718314,30.634548
20.738258,30.634548
20.758276,30.634548
20.778270,30.634548
20.798315,30.634548
20.818300,30.634548
20.838302,30.634548
20.858363,30.634548
20.878262,30.634548
20.898294,30.634548
20.918396,30.634562
20.938202,30.634562
20.958395,30.634562
20.978182,30.634562
20.998213,30.634562
21.018166,30.634562
21.038192,30.634562
21.058283,30.634562
21.078195,30.634562
21.098113,30.634562
21.118254,30.634576
21.138045,30.634576
21.158043,30.634576
21.178267,30.634576
21.198193,30.634576
21.218120,30.634576
21.238036,30.634576
21.258092,30.634576
21.278134,30.634576
21.298031,30.634590
21.318092,30.634590
21.337992,30.634590
21.357999,30.634590
21.378077,30.634590
21.398016,30.634590
21.417988,30.634590
21.437919,30.634590
21.458055,30.634590
21.477993,30.634590
21.498001,30.634603
21.517845,30.634603
21.537808,30.634603
21.557895,30.634603
21.577917,30.634603
21.598078,30.634603
21.617874,30.634603
21.637820,30.634603
21.657810,30.634603
21.677890,30.634603
21.697743,30.634615
21.717942,30.634615
21.737747,30.634615
21.757945,30.634615
21.777735,30.634615
21.797790,30.634615
21.817821,30.634615
21.837786,30.634615
21.858119,30.634615
21.877987,30.634615
21.898705,30.634615
21.917987,30.634627
21.937664,30.634627
21.957620,30.634627
21.977693,30.634627
21.998607,30.634627
22.017574,30.634627
22.037572,30.634627
22.058653,30.634627
22.078540,30.634627
22.098514,30.634627
22.118521,30.634627
22.138471,30.634639
22.158480,30.634639
22.178483,30.634639
22.198483,30.634639
22.218441,30.634639
22.238562,30.634639
22.258483,30.634639
22.278446,30.634639
22.298442,30.634639
22.318407,30.634650
22.338474,30.634650
22.358405,30.634650
22.378396,30.634650
22.398383,30.634650
22.418422,30.634650
22.438594,30.634650
22.458510,30.634650
22.478286,30.634650
22.498385,30.634650
22.518342,30.634660
22.538301,30.634660
22.558265,30.634660
22.578298,30.634660
22.598353,30.634660
22.618425,30.634660
22.638263,30.634660
22.658420,30.634660
22.678264,30.634660
22.698260,30.634660
22.718330,30.634670
22.738255,30.634670
22.758290,30.634670
22.778433,30.634670
22.798277,30.634670
22.818203,30.634670
22.838129,30.634670
22.858173,30.634670
22.878260,30.634670
22.898181,30.634670
22.918190,30.634680
22.938042,30.634680
22.958148,30.634680
22.978037,30.634680
22.998070,30.634680
23.018028,30.634680
23.037948,30.634680
23.057991,30.634680
23.077985,30.634680
23.098012,30.634680
23.118010,30.634689
23.137969,30.634689
23.158066,30.634689
23.177975,30.634689
23.197917,30.634689
23.217888,30.634689
23.237854,30.634689
23.257873,30.634689
23.277880,30.634689
23.297892,30.634697
23.317973,30.634697
23.337806,30.634697
23.357812,30.634697
23.377818,30.634697
23.397845,30.634697
23.417812,30.634697
23.437697,30.634697
23.457949,30.634697
23.477854,30.634697
23.497772,30.634705
23.517730,30.634705
23.537716,30.634705
23.557757,30.634705
23.577789,30.634705
23.597710,30.634705
23.617730,30.634705
23.637677,30.634705
23.657736,30.634705
23.677701,30.634705
23.697638,30.634705
23.717600,30.634713
23.737553,30.634713
23.757582,30.634713
23.777674,30.634713
23.798751,30.634713
23.817590,30.634713
23.837521,30.634713
23.858661,30.634713
23.878617,30.634713
23.898530,30.634720
23.918540,30.634720
23.938539,30.634720
23.958591,30.634720
23.978495,30.634720
23.998638,30.634720
24.018479,30.634720
24.038490,30.634720
24.058527,30.634720
24.078480,30.634720
24.098433,30.634720
24.118552,30.634726
24.138440,30.634726
24.158584,30.634726
24.178375,30.634726
24.198438,30.634726
24.218450,30.634726
24.238339,30.634726
24.258378,30.634726
24.278335,30.634726
24.298299,30.634731
24.318431,30.634731
24.338332,30.634731
24.358267,30.634731
24.378307,30.634731
24.398204,30.634731
24.418386,30.634731
24.438230,30.634731
24.458290,30.634731
24.478241,30.634731
24.498252,30.634736
24.518300,30.634736
24.538236,30.634736
24.558295,30.634736
24.578146,30.634736
24.598295,30.634736
24.618166,30.634736
24.638076,30.634736
24.658142,30.634736
24.678122,30.634736
24.698103,30.634736
24.718127,30.634741
24.738093,30.634741
24.758098,30.634741
24.778134,30.634741
24.798043,30.634741
24.818013,30.634741
24.838045,30.634741
24.858026,30.634741
24.878023,30.634741
24.898077,30.634741
24.917944,30.634745
24.937935,30.634745
24.958254,30.634745
24.978253,30.634745
24.997973,30.634745
25.017973,30.634745
25.037902,30.634745
25.058065,30.634745
25.077918,30.634745
25.097920,30.634745
25.117893,30.634745
25.137840,30.634748
25.157864,30.634748
25.177970,30.634748
25.197797,30.634748
25.217902,30.634748
25.237774,30.634748
25.257863,30.634748
25.277954,30.634748
25.297711,30.634748
25.317793,30.634751
25.337752,30.634751
25.357810,30.634751
25.377737,30.634751
25.397775,30.634751
25.417775,30.634751
25.437649,30.634751
25.457722,30.634751
25.477701,30.634751
25.497660,30.634751
25.517754,30.634754
25.537634,30.634754
25.557685,30.634754
25.577734,30.634754
25.598986,30.634754
25.618133,30.634754
25.637669,30.634754
25.658789,30.634754
25.678624,30.634754
25.698725,30.634754
25.718715,30.634755
25.738504,30.634755
25.758562,30.634755
25.778506,30.634755
25.798522,30.634755
25.818640,30.634755
25.838476,30.634755
25.858539,30.634755
25.878567,30.634755
25.898427,30.634757
25.918492,30.634757
25.938489,30.634757
25.958490,30.634757
25.978492,30.634757
25.998415,30.634757
26.018393,30.634757
26.038371,30.634757
26.058451,30.634757
26.078439,30.634757
26.098380,30.634757
26.118352,30.634759
26.138263,30.634759
26.158348,30.634759
26.178281,30.634759
26.198375,30.634759
26.218241,30.634759
26.238177,30.634759
26.258250,30.634759
26.278642,30.634759
26.298425,30.634760
26.318350,30.634760
26.338117,30.634760
26.358246,30.634760
26.378173,30.634760
26.398157,30.634760
26.418207,30.634760
26.438168,30.634760
26.458160,30.634760
26.478140,30.634760
26.498136,30.634761
26.518129,30.634761
26.538069,30.634761
26.558143,30.634761
26.578047,30.634761
26.598105,30.634761
26.618117,30.634761
26.637947,30.634761
26.658056,30.634761
26.678108,30.634761
26.698069,30.634761
26.718026,30.634762
26.737972,30.634762
26.758090,30.634762
26.777996,30.634762
26.797981,30.634762
26.817970,30.634762
26.837872,30.634762
26.858001,30.634762
26.878027,30.634762
26.897986,30.634762
26.917999,30.634762
26.937845,30.634762
26.957969,30.634762
26.977877,30.634762
26.997938,30.634762
27.017878,30.634762
27.037860,30.634762
27.057833,30.634762
27.077779,30.634762
27.097851,30.634762
27.117799,30.634763
27.137731,30.634763
27.157726,30.634763
27.177806,30.634763
27.197779,30.634763
27.217689,30.634763
27.237711,30.634763
27.257738,30.634763
27.277765,30.634763
27.298747,30.634763
27.317664,30.634763
27.337617,30.634763
27.357684,30.634763
27.377757,30.634763
27.397659,30.634763
27.417725,30.634763
27.437565,30.634763
27.458801,30.634763
27.478700,30.634763
27.499076,30.634763
27.518756,30.634763
27.538571,30.634763
27.558598,30.634763
27.578522,30.634763
27.598580,30.634763
27.618582,30.634763
27.638494,30.634763
27.658594,30.634763
27.678537,30.634763
27.698510,30.634763
27.718502,30.634763
27.738454,30.634763
27.758485,30.634763
27.778424,30.634763
27.798474,30.634763
27.818398,30.634763
27.838412,30.634763
27.858386,30.634763
27.878360,30.634763
27.898433,30.634763
27.918367,30.634763
27.938310,30.634763
27.958368,30.634763
27.978370,30.634763
27.998331,30.634763
28.018357,30.634763
28.038259,30.634763
28.058612,30.634763
28.078591,30.634763
28.098351,30.634763
28.118295,30.634763
28.138291,30.634763
28.158258,30.634763
28.178234,30.634763
28.198248,30.634763
