0.164121,741645.986652
0.180989,741645.986690
0.184068,741645.986690
0.200995,741645.986705
0.204127,741645.986705
0.220892,741645.986726
0.224093,741645.986726
0.240919,741645.986650
0.244250,741645.986650
0.260983,741645.986709
0.264140,741645.986709
0.281025,741645.986634
0.284119,741645.986634
0.300949,741645.986602
0.304138,741645.986602
0.321584,741645.986740
0.324797,741645.986740
0.341549,741645.986667
0.345154,741645.986667
0.361213,741645.986692
0.364158,741645.986692
0.381056,741645.986607
0.384082,741645.986607
0.401020,741645.986639
0.404025,741645.986639
0.420885,741645.986747
0.424116,741645.986747
0.440910,741645.986756
0.444174,741645.986756
0.460841,741645.986817
0.464174,741645.986817
0.481045,741645.986828
0.484145,741645.986828
0.500968,741645.986854
0.504115,741645.986854
0.521011,741645.992316
0.524102,741645.992316
0.540940,741645.992465
0.544105,741645.992465
0.560922,741645.992452
0.564178,741645.992452
0.580935,741645.992496
0.584208,741645.992496
0.601098,741645.992595
0.604130,741645.992595
0.620952,741645.992671
0.624155,741645.992671
0.640891,741645.992680
0.644164,741645.992680
0.661005,741645.992743
0.664250,741645.992743
0.681116,741645.992807
0.684164,741645.992807
0.700952,741645.992885
0.704170,741645.992885
0.720906,741645.988884
0.724262,741645.988884
0.742080,741645.988847
0.745050,741645.988847
0.761574,741645.988945
0.764533,741645.988945
0.780960,741645.988932
0.784168,741645.988932
0.800920,741645.988903
0.804145,741645.988903
0.821015,741645.988958
0.824183,741645.988958
0.840893,741645.989049
0.844125,741645.989049
0.861008,741645.989065
0.864112,741645.989065
0.881060,741645.989121
0.884121,741645.989121
0.900878,741645.989164
0.904240,741645.989164
0.920913,741645.994086
0.924109,741645.994086
0.940925,741645.994125
0.944114,741645.994125
0.961023,741645.994213
0.964098,741645.994213
0.980980,741645.994314
0.984178,741645.994314
1.001025,741645.994363
1.004265,741645.994363
1.020812,741645.994461
1.024032,741645.994461
1.041049,741645.994509
1.044188,741645.994509
1.061016,741645.994634
1.064250,741645.994634
1.080997,741645.994686
1.084235,741645.994686
1.100960,741645.994817
1.104141,741645.994817
1.120955,741645.994956
1.124169,741645.994956
1.140885,741645.992567
1.144088,741645.992567
1.161015,741645.992658
1.164141,741645.992658
1.180964,741645.992708
1.184087,741645.992708
1.201087,741645.992643
1.204163,741645.992643
1.220816,741645.992552
1.224139,741645.992552
1.240971,741645.992475
1.244066,741645.992475
1.261010,741645.992446
1.264142,741645.992446
1.280912,741645.992375
1.284128,741645.992375
1.300917,741645.992271
1.304175,741645.992271
1.321008,741645.989540
1.324194,741645.989540
1.340890,741645.989311
1.344159,741645.989311
1.361037,741645.989075
1.364404,741645.989075
1.381046,741645.988802
1.384196,741645.988802
1.401036,741645.988563
1.404139,741645.988563
1.420868,741645.988333
1.424089,741645.988333
1.440901,741645.987992
1.444193,741645.987992
1.460950,741645.987830
1.464173,741645.987830
1.480899,741645.987512
1.484143,741645.987512
1.500933,741645.987210
1.504138,741645.987210
1.520922,741645.995715
1.524379,741645.995715
1.540955,741645.995496
1.544094,741645.995496
1.561079,741645.995441
1.564186,741645.995441
1.581311,741645.995340
1.584239,741645.995340
1.600981,741645.995226
1.604103,741645.995226
1.620874,741645.995039
1.624134,741645.995039
1.640919,741645.994981
1.644216,741645.994981
1.661041,741645.994705
1.664137,741645.994705
1.680953,741645.994551
1.684143,741645.994551
1.701018,741645.994351
1.704108,741645.994351
1.720985,741645.983689
1.724183,741645.983689
1.740911,741645.983366
1.744137,741645.983366
1.760880,741645.983016
1.764034,741645.983016
1.780934,741645.982549
1.784062,741645.982549
1.800945,741645.982293
1.804209,741645.982293
1.820900,741645.981874
1.824103,741645.981874
1.840990,741645.981527
1.844210,741645.981527
1.862106,741645.981120
1.864881,741645.981120
1.882059,741645.980673
1.884952,741645.980673
1.901059,741645.980312
1.904261,741645.980312
1.920963,741645.984165
1.924264,741645.984165
1.940886,741645.983593
1.944241,741645.983593
1.961765,741645.983168
1.964780,741645.983168
1.981751,741645.982644
1.984560,741645.982644
2.001150,741645.982088
2.004176,741645.982088
2.020809,741645.981479
2.024224,741645.981479
2.040972,741645.980867
2.044122,741645.980867
2.060972,741645.980354
2.064188,741645.980354
2.081018,741645.979794
2.084133,741645.979794
2.100893,741645.979258
2.104127,741645.979258
2.120983,741645.978698
2.124121,741645.978698
2.141013,741645.992373
2.144139,741645.992373
2.160959,741645.992065
2.164171,741645.992065
2.181101,741645.991603
2.184169,741645.991603
2.200842,741645.991095
2.204220,741645.991095
2.220882,741645.990725
2.224302,741645.990725
2.241026,741645.990235
2.244215,741645.990235
2.260862,741645.989718
2.264195,741645.989718
2.280912,741645.989388
2.284151,741645.989388
2.300840,741645.988962
2.304177,741645.988962
2.320930,741645.995419
2.324076,741645.995419
2.341156,741645.994938
2.344168,741645.994938
2.361044,741645.994591
2.364149,741645.994591
2.380984,741645.994146
2.384217,741645.994146
2.400899,741645.993590
2.404047,741645.993590
2.420835,741645.993091
2.424122,741645.993091
2.440966,741645.992382
2.444157,741645.992382
2.460832,741645.991818
2.464268,741645.991818
2.481134,741645.991099
2.484131,741645.991099
2.500967,741645.990486
2.504128,741645.990486
2.520890,741646.000836
2.524166,741646.000836
2.540895,741646.000318
2.544212,741646.000318
2.560922,741645.999675
2.564103,741645.999675
2.580857,741645.999106
2.584227,741645.999106
2.601033,741645.998485
2.604219,741645.998485
2.621032,741645.997864
2.624114,741645.997864
2.640968,741645.997383
2.644169,741645.997383
2.661003,741645.996846
2.664163,741645.996846
2.681041,741645.996303
2.684150,741645.996303
2.700971,741645.995844
2.704186,741645.995844
2.721041,741645.993232
2.724140,741645.993232
2.740894,741645.992747
2.744139,741645.992747
2.761024,741645.992073
2.764136,741645.992073
2.781816,741645.991507
2.785113,741645.991507
2.801770,741645.990818
2.805234,741645.990818
2.821121,741645.990233
2.824376,741645.990233
2.840928,741645.989523
2.844207,741645.989523
2.861894,741645.988870
2.864904,741645.988870
2.881483,741645.988249
2.884379,741645.988249
2.900929,741645.987738
2.904109,741645.987738
2.921045,741645.981798
2.924135,741645.981798
2.940934,741645.981005
2.944208,741645.981005
2.961029,741645.980326
2.964122,741645.980326
2.981037,741645.979645
2.984138,741645.979645
3.000894,741645.978840
3.004045,741645.978840
3.020854,741645.978108
3.024170,741645.978108
3.040904,741645.977334
3.044142,741645.977334
3.061009,741645.976452
3.064244,741645.976452
3.080904,741645.975539
3.084191,741645.975539
3.100894,741645.974504
3.104306,741645.974504
3.120994,741645.973586
3.124179,741645.973586
3.140920,741645.971309
3.144208,741645.971309
3.160977,741645.970252
3.164250,741645.970252
3.181123,741645.969357
3.184211,741645.969357
3.201020,741645.968445
3.204115,741645.968445
3.221057,741645.967460
3.224140,741645.967460
3.240867,741645.966388
3.244034,741645.966388
3.261070,741645.965376
3.264182,741645.965376
3.281043,741645.964295
3.284225,741645.964295
3.301056,741645.963127
3.304313,741645.963127
3.321015,741645.959981
3.324246,741645.959981
3.341001,741645.958823
3.344106,741645.958823
3.361137,741645.957632
3.364224,741645.957632
3.380895,741645.956422
3.384158,741645.956422
3.401018,741645.955152
3.404142,741645.955152
3.420979,741645.953932
3.424170,741645.953932
3.440979,741645.952471
3.444138,741645.952471
3.461036,741645.951105
3.464124,741645.951105
3.482168,741645.949775
3.485319,741645.949775
3.502200,741645.948223
3.505116,741645.948223
3.521244,741645.937620
3.524445,741645.937620
3.540964,741645.936079
3.544085,741645.936079
3.560936,741645.934409
3.564151,741645.934409
3.580944,741645.932746
3.584080,741645.932746
3.600914,741645.931104
3.604138,741645.931104
3.620902,741645.929427
3.624142,741645.929427
3.640905,741645.927809
3.644048,741645.927809
3.660937,741645.926086
3.664104,741645.926086
3.680927,741645.924319
3.684081,741645.924319
3.700827,741645.922575
3.704032,741645.922575
3.720967,741645.916921
3.724155,741645.916921
3.741045,741645.915134
3.744305,741645.915134
3.760941,741645.913326
3.764106,741645.913326
3.781908,741645.911493
3.784998,741645.911493
3.801980,741645.909922
3.804857,741645.909922
3.821132,741645.908249
3.824155,741645.908249
3.841013,741645.906660
3.844081,741645.906660
3.861023,741645.904976
3.864181,741645.904976
3.881020,741645.903268
3.884161,741645.903268
3.900871,741645.901443
3.904145,741645.901443
3.920897,741645.890256
3.924120,741645.890256
3.940902,741645.888211
3.944009,741645.888211
3.960928,741645.886079
3.964219,741645.886079
3.980924,741645.883996
3.984096,741645.883996
4.000933,741645.881734
4.004183,741645.881734
4.020920,741645.879563
4.024135,741645.879563
4.040928,741645.877265
4.044230,741645.877265
4.060880,741645.875063
4.064203,741645.875063
4.081113,741645.872597
4.084210,741645.872597
4.100936,741645.870100
4.104137,741645.870100
4.120855,741645.867579
4.124121,741645.867579
4.141007,741645.865016
4.144152,741645.865016
4.160883,741645.853216
4.164204,741645.853216
4.180890,741645.850567
4.184193,741645.850567
4.200974,741645.847843
4.204072,741645.847843
4.220984,741645.845111
4.224241,741645.845111
4.240988,741645.842307
4.244232,741645.842307
4.261150,741645.839669
4.264212,741645.839669
4.281003,741645.836909
4.284393,741645.836909
4.301004,741645.834107
4.304129,741645.834107
4.321031,741645.833344
4.324075,741645.833344
4.341036,741645.830691
4.344172,741645.830691
4.361001,741645.828072
4.364246,741645.828072
4.381162,741645.825376
4.384174,741645.825376
4.401010,741645.822662
4.404171,741645.822662
4.421028,741645.819898
4.424160,741645.819898
4.440948,741645.817190
4.444199,741645.817190
4.461088,741645.814178
4.464210,741645.814178
4.480931,741645.811256
4.484127,741645.811256
4.501012,741645.808443
4.504227,741645.808443
4.521002,741645.798509
4.524046,741645.798509
4.540924,741645.795438
4.544182,741645.795438
4.561042,741645.792444
4.564083,741645.792444
4.580986,741645.789283
4.584049,741645.789283
4.600901,741645.786093
4.604116,741645.786093
4.621013,741645.782869
4.624131,741645.782869
4.640978,741645.779563
4.644137,741645.779563
4.660961,741645.776288
4.664171,741645.776288
4.681127,741645.772995
4.684137,741645.772995
4.701043,741645.769539
4.704165,741645.769539
4.720913,741645.766273
4.724180,741645.766273
4.740969,741645.762925
4.744179,741645.762925
4.761052,741645.759567
4.764152,741645.759567
4.781048,741645.756196
4.784125,741645.756196
4.800886,741645.752749
4.804131,741645.752749
4.820920,741645.749382
4.824069,741645.749382
4.840971,741645.745943
4.844148,741645.745943
4.860981,741645.742498
4.864099,741645.742498
4.880913,741645.738909
4.884103,741645.738909
4.900911,741645.735214
4.904166,741645.735214
4.920965,741645.737637
4.924128,741645.737637
4.940890,741645.733973
4.944173,741645.733973
4.960910,741645.730367
4.964086,741645.730367
4.980930,741645.726697
4.984214,741645.726697
5.000905,741645.723018
5.004114,741645.723018
5.021040,741645.719350
5.024108,741645.719350
5.041007,741645.715672
5.044085,741645.715672
5.060898,741645.711794
5.064192,741645.711794
5.080999,741645.707836
5.084207,741645.707836
5.100826,741645.703853
5.104102,741645.703853
5.120924,741645.699828
5.124192,741645.699828
5.141103,741645.689640
5.144083,741645.689640
5.161913,741645.685405
5.165094,741645.685405
5.182128,741645.681192
5.184923,741645.681192
5.201139,741645.676988
5.204281,741645.676988
5.220874,741645.672721
5.224033,741645.672721
5.240871,741645.668447
5.244050,741645.668447
5.260939,741645.664119
5.264109,741645.664119
5.280960,741645.659993
5.284058,741645.659993
5.300927,741645.655861
5.304131,741645.655861
5.320966,741645.653461
5.324202,741645.653461
5.340957,741645.649364
5.344279,741645.649364
5.360860,741645.645249
5.364221,741645.645249
5.382225,741645.645249
5.385287,741645.641013
5.401991,741645.636884
5.404678,741645.636884
5.421030,741645.632769
5.424109,741645.632769
5.440874,741645.628473
5.444156,741645.628473
5.461049,741645.624155
5.464152,741645.624155
5.481021,741645.619748
5.484177,741645.619748
5.500992,741645.615258
5.504060,741645.615258
5.520893,741645.610878
5.524188,741645.610878
5.540956,741645.607599
5.544086,741645.607599
5.560968,741645.603114
5.564139,741645.603114
5.580920,741645.598729
5.584090,741645.598729
5.600958,741645.594198
5.604158,741645.594198
5.620959,741645.589713
5.624036,741645.589713
5.640933,741645.585151
5.644189,741645.585151
5.660903,741645.580574
5.664023,741645.580574
5.680975,741645.575958
5.684072,741645.575958
5.700987,741645.571303
5.704188,741645.571303
5.720844,741645.566690
5.724158,741645.566690
5.740928,741645.576568
5.744166,741645.576568
5.760885,741645.572003
5.764098,741645.572003
5.780851,741645.567410
5.784039,741645.567410
5.800881,741645.562718
5.804129,741645.562718
5.820948,741645.558164
5.824102,741645.558164
5.840922,741645.553452
5.844099,741645.553452
5.860941,741645.548764
5.864149,741645.548764
5.880983,741645.543849
5.884140,741645.543849
5.900996,741645.539018
5.904168,741645.539018
5.920810,741645.538218
5.924139,741645.538218
5.940904,741645.533330
5.944196,741645.533330
5.960903,741645.528467
5.964081,741645.528467
5.981032,741645.523715
5.984075,741645.523715
6.000967,741645.518873
6.004121,741645.518873
6.020981,741645.514037
6.024037,741645.514037
6.040900,741645.509261
6.044193,741645.509261
6.060936,741645.504507
6.064233,741645.504507
6.080898,741645.499758
6.084188,741645.499758
6.100875,741645.495098
6.104181,741645.495098
6.120967,741645.490452
6.124157,741645.490452
6.140831,741645.485778
6.144200,741645.485778
6.160975,741645.490896
6.164449,741645.490896
6.180860,741645.486382
6.184122,741645.486382
6.200967,741645.481937
6.204139,741645.481937
6.221049,741645.477566
6.224234,741645.477566
6.241024,741645.473037
6.244223,741645.473037
6.260959,741645.468422
6.264215,741645.468422
6.282224,741645.463773
6.285150,741645.463773
6.302207,741645.459151
6.304967,741645.459151
6.321128,741645.454432
6.324187,741645.454432
6.340984,741645.461379
6.344257,741645.461379
6.361008,741645.456796
6.364193,741645.456796
6.381047,741645.452139
6.384233,741645.452139
6.400927,741645.447412
6.404163,741645.447412
6.421046,741645.442858
6.424126,741645.442858
6.440886,741645.438267
6.444089,741645.438267
6.460911,741645.433724
6.464056,741645.433724
6.480991,741645.429236
6.484144,741645.429236
6.501081,741645.424738
6.504248,741645.424738
6.520929,741645.425682
6.524104,741645.425682
6.540950,741645.421142
6.544133,741645.421142
6.560945,741645.416729
6.564233,741645.416729
6.581075,741645.412336
6.584222,741645.412336
6.601027,741645.407932
6.604202,741645.407932
6.620987,741645.403550
6.624126,741645.403550
6.641004,741645.399011
6.644202,741645.399011
6.661021,741645.394446
6.664218,741645.394446
6.681060,741645.389887
6.684282,741645.389887
6.701028,741645.385367
6.704105,741645.385367
6.720915,741645.386399
6.724057,741645.386399
6.740933,741645.381914
6.744219,741645.381914
6.761058,741645.377422
6.764230,741645.377422
6.780944,741645.372973
6.784171,741645.372973
6.801023,741645.368502
6.804231,741645.368502
6.820979,741645.364079
6.824204,741645.364079
6.841001,741645.359695
6.844050,741645.359695
6.860889,741645.355302
6.864175,741645.355302
6.880921,741645.351059
6.884228,741645.351059
6.900971,741645.346732
6.904138,741645.346732
6.920919,741645.350745
6.924150,741645.350745
6.940977,741645.346500
6.944148,741645.346500
6.960952,741645.342348
6.964191,741645.342348
6.980917,741645.338077
6.984231,741645.338077
7.000951,741645.333776
7.004134,741645.333776
7.021894,741645.329354
7.025152,741645.329354
7.041350,741645.324938
7.044396,741645.324938
7.060933,741645.320489
7.064122,741645.320489
7.080849,741645.316062
7.084164,741645.316062
7.100903,741645.311640
7.104088,741645.311640
7.120946,741645.307201
7.124158,741645.307201
7.140992,741645.304713
7.144041,741645.304713
7.160926,741645.300222
7.164097,741645.300222
7.180968,741645.295867
7.184237,741645.295867
7.200907,741645.291739
7.204297,741645.291739
7.220974,741645.287427
7.224229,741645.287427
7.240917,741645.283240
7.244248,741645.283240
7.261053,741645.279104
7.264197,741645.279104
7.280961,741645.275024
7.284244,741645.275024
7.300962,741645.270921
7.304066,741645.270921
7.321043,741645.266286
7.324147,741645.266286
7.340960,741645.262143
7.344237,741645.262143
7.360996,741645.258012
7.364224,741645.258012
7.380922,741645.253889
7.384137,741645.253889
7.401039,741645.249773
7.404330,741645.249773
7.420868,741645.245546
7.424142,741645.245546
7.440996,741645.241493
7.444148,741645.241493
7.460948,741645.237436
7.464172,741645.237436
7.480970,741645.233275
7.484166,741645.233275
7.500873,741645.229059
7.504253,741645.229059
7.520913,741645.232608
7.524116,741645.232608
7.540892,741645.228690
7.544108,741645.228690
7.560873,741645.224752
7.564185,741645.224752
7.580943,741645.220850
7.584228,741645.220850
7.600906,741645.216841
7.604124,741645.216841
7.620837,741645.212962
7.624009,741645.212962
7.640926,741645.209053
7.644158,741645.209053
7.660960,741645.205066
7.664163,741645.205066
7.681100,741645.201049
7.684121,741645.201049
7.700896,741645.197071
7.704139,741645.197071
7.720929,741645.201866
7.724232,741645.201866
7.740953,741645.198194
7.744086,741645.198194
7.760977,741645.194284
7.764145,741645.194284
7.780873,741645.190420
7.784138,741645.190420
7.800977,741645.186563
7.804171,741645.186563
7.820961,741645.182732
7.824167,741645.182732
7.840934,741645.178851
7.844129,741645.178851
7.860934,741645.175201
7.864064,741645.175201
7.880943,741645.171585
7.884199,741645.171585
7.900943,741645.168035
7.904131,741645.168035
7.920978,741645.174613
7.924210,741645.174613
7.940901,741645.171144
7.944133,741645.171144
7.960934,741645.167631
7.964161,741645.167631
7.980933,741645.164176
7.984113,741645.164176
8.000885,741645.160602
8.004096,741645.160602
8.020855,741645.157205
8.024090,741645.157205
8.040900,741645.153745
8.044184,741645.153745
8.060973,741645.150360
8.064233,741645.150360
8.080924,741645.146956
8.084265,741645.146956
8.100946,741645.143524
8.104184,741645.143524
8.120974,741645.139993
8.124269,741645.139993
8.141014,741645.142620
8.144244,741645.142620
8.160938,741645.139307
8.164177,741645.139307
8.181046,741645.136053
8.184151,741645.136053
8.200892,741645.132798
8.204121,741645.132798
8.221101,741645.129438
8.224274,741645.129438
8.240996,741645.126141
8.244116,741645.126141
8.260990,741645.122933
8.264171,741645.122933
8.280838,741645.119731
8.284147,741645.119731
8.300896,741645.116491
8.304116,741645.116491
8.320917,741645.120118
8.324103,741645.120118
8.341047,741645.117164
8.344211,741645.117164
8.360960,741645.114202
8.364156,741645.114202
8.380926,741645.111384
8.384129,741645.111384
8.401015,741645.108477
8.404113,741645.108477
8.420923,741645.105715
8.424105,741645.105715
8.440920,741645.102820
8.444192,741645.102820
8.461018,741645.100115
8.464181,741645.100115
8.480912,741645.097523
8.484094,741645.097523
8.500978,741645.095060
8.504092,741645.095060
8.521052,741645.098001
8.524155,741645.098001
8.540799,741645.095517
8.544088,741645.095517
8.560980,741645.092960
8.564155,741645.092960
8.580981,741645.090472
8.584240,741645.090472
8.601021,741645.087925
8.604096,741645.087925
8.621069,741645.085235
8.624204,741645.085235
8.640972,741645.082549
8.644188,741645.082549
8.661082,741645.079980
8.664188,741645.079980
8.681199,741645.077327
8.684267,741645.077327
8.701007,741645.074570
8.704158,741645.074570
8.721129,741645.068927
8.724258,741645.068927
8.740921,741645.066037
8.744278,741645.066037
8.760955,741645.063218
8.764138,741645.063218
8.780877,741645.060551
8.784137,741645.060551
8.800965,741645.057849
8.804125,741645.057849
8.820977,741645.055057
8.824085,741645.055057
8.840924,741645.052275
8.844152,741645.052275
8.860961,741645.049421
8.864118,741645.049421
8.881035,741645.046701
8.884217,741645.046701
8.900968,741645.043906
8.904268,741645.043906
8.920997,741645.048381
8.924211,741645.048381
8.941047,741645.045702
8.944090,741645.045702
8.960896,741645.042873
8.964114,741645.042873
8.980945,741645.040123
8.984154,741645.040123
9.000964,741645.037391
9.004302,741645.037391
9.020962,741645.034572
9.024109,741645.034572
9.041776,741645.031888
9.045216,741645.031888
9.061248,741645.029289
9.064382,741645.029289
9.081058,741645.026618
9.084140,741645.026618
9.101021,741645.024102
9.104114,741645.024102
9.120902,741645.021509
9.124114,741645.021509
9.140849,741645.020994
9.144108,741645.020994
9.160915,741645.018399
9.164262,741645.018399
9.180924,741645.015678
9.184155,741645.015678
9.200993,741645.013048
9.204047,741645.013048
9.220922,741645.010374
9.224125,741645.010374
9.240920,741645.007792
9.244127,741645.007792
9.260933,741645.005227
9.264126,741645.005227
9.280980,741645.002676
9.284057,741645.002676
9.300901,741645.000070
9.304176,741645.000070
9.320876,741645.001015
9.324101,741645.001015
9.340952,741644.998662
9.344183,741644.998662
9.360830,741644.996295
9.364280,741644.996295
9.380909,741644.993992
9.384156,741644.993992
9.400932,741644.991695
9.404156,741644.991695
9.420931,741644.989263
9.424164,741644.989263
9.440933,741644.986956
9.444210,741644.986956
9.461015,741644.984666
9.464080,741644.984666
9.482151,741644.982309
9.485225,741644.982309
9.501880,741644.979974
9.505227,741644.979974
9.521215,741644.983772
9.524228,741644.983772
9.540978,741644.981568
9.544075,741644.981568
9.560873,741644.979205
9.564063,741644.979205
9.580958,741644.976744
9.584149,741644.976744
9.600919,741644.974437
9.604091,741644.974437
9.621006,741644.972207
9.624142,741644.972207
9.640942,741644.969845
9.644190,741644.969845
9.661038,741644.967540
9.664314,741644.967540
9.680964,741644.965169
9.684296,741644.965169
9.700979,741644.962832
9.704176,741644.962832
9.721062,741644.965102
9.724042,741644.965102
9.741016,741644.962851
9.744115,741644.962851
9.761173,741644.960542
9.764165,741644.960542
9.780932,741644.958254
9.784169,741644.958254
9.801025,741644.956105
9.804299,741644.956105
9.820960,741644.953964
9.824173,741644.953964
9.840956,741644.951761
9.844188,741644.951761
9.860897,741644.949626
9.864207,741644.949626
9.880962,741644.947565
9.884167,741644.947565
9.900996,741644.945515
9.904137,741644.945515
9.920971,741644.933809
9.924125,741644.933809
9.940979,741644.931717
9.944143,741644.931717
9.961004,741644.929487
9.964484,741644.929487
9.982149,741644.927310
9.985205,741644.927310
10.001724,741644.925323
10.004914,741644.925323
10.021026,741644.923187
10.024159,741644.923187
10.040976,741644.921052
10.044169,741644.921052
10.060986,741644.919028
10.064163,741644.919028
10.080855,741644.916997
10.084081,741644.916997
10.100898,741644.915026
10.104194,741644.915026
10.120908,741644.912995
10.124088,741644.912995
10.141832,741644.911346
10.145110,741644.911346
10.161896,741644.909384
10.165153,741644.909384
10.181257,741644.907464
10.184309,741644.907464
10.200873,741644.905622
10.204187,741644.905622
10.220893,741644.903657
10.224062,741644.903657
10.240936,741644.901721
10.244089,741644.901721
10.261016,741644.899736
10.264138,741644.899736
10.280933,741644.897775
10.284159,741644.897775
10.300906,741644.895681
10.304161,741644.895681
10.320926,741644.895373
10.324170,741644.895373
10.340949,741644.893390
10.344244,741644.893390
10.360901,741644.891380
10.364081,741644.891380
10.380863,741644.889293
10.384132,741644.889293
10.400968,741644.887211
10.404233,741644.887211
10.421010,741644.885101
10.424099,741644.885101
10.440882,741644.882821
10.444220,741644.882821
10.460983,741644.880732
10.464234,741644.880732
10.481317,741644.878694
10.484247,741644.878694
10.500985,741644.876492
10.504182,741644.876492
10.521031,741644.874295
10.524112,741644.874295
10.541043,741644.872112
10.544157,741644.872112
10.560909,741644.869800
10.564270,741644.869800
10.580930,741644.867438
10.584293,741644.867438
10.600945,741644.865167
10.604257,741644.865167
10.620908,741644.862801
10.624130,741644.862801
10.640938,741644.860507
10.644276,741644.860507
10.661075,741644.858261
10.664049,741644.858261
10.681004,741644.855881
10.684199,741644.855881
10.700968,741644.853595
10.704158,741644.853595
10.720984,741644.853697
10.724121,741644.853697
10.741024,741644.851609
10.744216,741644.851609
10.760959,741644.849456
10.764137,741644.849456
10.781119,741644.847224
10.784144,741644.847224
10.800886,741644.845000
10.804175,741644.845000
10.820903,741644.842675
10.824111,741644.842675
10.840883,741644.840451
10.844158,741644.840451
10.860793,741644.838155
10.864202,741644.838155
10.880927,741644.835753
10.884117,741644.835753
10.901009,741644.833487
10.904201,741644.833487
10.920936,741644.836717
10.924201,741644.836717
10.940950,741644.834199
10.944229,741644.834199
10.961555,741644.831759
10.964215,741644.831759
10.980949,741644.829369
10.984203,741644.829369
11.001018,741644.827057
11.004318,741644.827057
11.021058,741644.824603
11.024278,741644.824603
11.041981,741644.822049
11.045064,741644.822049
11.061950,741644.819491
11.064673,741644.819491
11.080965,741644.817004
11.084271,741644.817004
11.101011,741644.814474
11.104168,741644.814474
11.120941,741644.811931
11.124101,741644.811931
11.140898,741644.800056
11.144160,741644.800056
11.160826,741644.797356
11.164140,741644.797356
11.180839,741644.794811
11.184153,741644.794811
11.201006,741644.792186
11.204041,741644.792186
11.220876,741644.789366
11.224106,741644.789366
11.240893,741644.786758
11.244142,741644.786758
11.260984,741644.784026
11.264132,741644.784026
11.280930,741644.781297
11.284082,741644.781297
11.300864,741644.778427
11.304180,741644.778427
11.320958,741644.777622
11.324051,741644.777622
11.341600,741644.774659
11.344949,741644.774659
11.361363,741644.771711
11.364572,741644.771711
11.381099,741644.768785
11.384201,741644.768785
11.400827,741644.765829
11.404167,741644.765829
11.420898,741644.762872
11.424128,741644.762872
11.440938,741644.759860
11.444145,741644.759860
11.460980,741644.756843
11.464314,741644.756843
11.480934,741644.753761
11.484068,741644.753761
11.500885,741644.750819
11.504140,741644.750819
11.520989,741644.754872
11.524132,741644.754872
11.540905,741644.751940
11.544101,741644.751940
11.561024,741644.748902
11.564126,741644.748902
11.580936,741644.746023
11.584137,741644.746023
11.601013,741644.743084
11.604118,741644.743084
11.620897,741644.740174
11.624115,741644.740174
11.640927,741644.737203
11.644168,741644.737203
11.660952,741644.734408
11.664194,741644.734408
11.680933,741644.731623
11.684148,741644.731623
11.700924,741644.728752
11.704043,741644.728752
11.720929,741644.714870
11.724162,741644.714870
11.740887,741644.712047
11.744135,741644.712047
11.760953,741644.709191
11.764138,741644.709191
11.780939,741644.706237
11.784100,741644.706237
11.800878,741644.702988
11.804130,741644.702988
11.820876,741644.699973
11.824098,741644.699973
11.841010,741644.696800
11.844257,741644.696800
11.860873,741644.693484
11.864185,741644.693484
11.881052,741644.690194
11.884198,741644.690194
11.900997,741644.687014
11.904142,741644.687014
11.920983,741644.693886
11.924132,741644.693886
11.940886,741644.690684
11.944176,741644.690684
11.960994,741644.687297
11.964182,741644.687297
11.980974,741644.683970
11.984101,741644.683970
12.000934,741644.680700
12.004154,741644.680700
12.021127,741644.677404
12.024176,741644.677404
12.040970,741644.674113
12.044341,741644.674113
12.061015,741644.670811
12.064196,741644.670811
12.081073,741644.667459
12.084282,741644.667459
12.100897,741644.664039
12.104170,741644.664039
12.121006,741644.660737
12.124216,741644.660737
12.140980,741644.666159
12.144213,741644.666159
12.160877,741644.662707
12.164182,741644.662707
12.180906,741644.659273
12.184090,741644.659273
12.200982,741644.655706
12.204138,741644.655706
12.220901,741644.652108
12.224252,741644.652108
12.240969,741644.648519
12.244165,741644.648519
12.260910,741644.644881
12.264082,741644.644881
12.281025,741644.641119
12.284136,741644.641119
12.300962,741644.637409
12.304138,741644.637409
12.320902,741644.631617
12.324162,741644.631617
12.341005,741644.627843
12.344054,741644.627843
12.360975,741644.624110
12.364233,741644.624110
12.381195,741644.620397
12.384128,741644.620397
12.400946,741644.616707
12.404143,741644.616707
12.421781,741644.612943
12.424957,741644.612943
12.441892,741644.609169
12.444708,741644.609169
12.461190,741644.605321
12.464226,741644.605321
12.481009,741644.601538
12.484127,741644.601538
12.500962,741644.597847
12.504102,741644.597847
12.520884,741644.588716
12.524117,741644.588716
12.541111,741644.584716
12.543985,741644.584716
12.560875,741644.580683
12.564107,741644.580683
12.581270,741644.576568
12.584156,741644.576568
12.600845,741644.572465
12.604160,741644.572465
12.620901,741644.568371
12.624101,741644.568371
12.640840,741644.564030
12.644110,741644.564030
12.660980,741644.559726
12.664219,741644.559726
12.681067,741644.555472
12.684197,741644.555472
12.700846,741644.551092
12.704183,741644.551092
12.721037,741644.543687
12.724168,741644.543687
12.740951,741644.539180
12.744016,741644.539180
12.760820,741644.534694
12.764142,741644.534694
12.781001,741644.530175
12.784132,741644.530175
12.801002,741644.525544
12.804113,741644.525544
12.821003,741644.521034
12.824174,741644.521034
12.840868,741644.516522
12.844295,741644.516522
12.860986,741644.512037
12.864172,741644.512037
12.881051,741644.507450
12.884219,741644.507450
12.901061,741644.502795
12.904132,741644.502795
12.920952,741644.498091
12.924106,741644.498091
12.940973,741644.493413
12.944091,741644.493413
12.961000,741644.488674
12.964177,741644.488674
12.980950,741644.483971
12.984219,741644.483971
13.000996,741644.479161
13.004019,741644.479161
13.020945,741644.474440
13.024189,741644.474440
13.040931,741644.469684
13.044085,741644.469684
13.060927,741644.464939
13.064432,741644.464939
13.080991,741644.460160
13.084200,741644.460160
13.100881,741644.455379
13.104160,741644.455379
13.120885,741644.450635
13.124127,741644.450635
13.141000,741644.431849
13.144139,741644.431849
13.160936,741644.427030
13.164369,741644.427030
13.180940,741644.422140
13.184170,741644.422140
13.200936,741644.417293
13.204151,741644.417293
13.220961,741644.412486
13.224177,741644.412486
13.241051,741644.407573
13.244114,741644.407573
13.260931,741644.402595
13.264111,741644.402595
13.280860,741644.397488
13.284191,741644.397488
13.300947,741644.392331
13.304184,741644.392331
13.320887,741644.380971
13.324212,741644.380971
13.340941,741644.375661
13.344188,741644.375661
13.360891,741644.370339
13.364230,741644.370339
13.380978,741644.365035
13.384214,741644.365035
13.400925,741644.359528
13.404137,741644.359528
13.420972,741644.354024
13.424153,741644.354024
13.440868,741644.348539
13.444153,741644.348539
13.460880,741644.343037
13.464191,741644.343037
13.480931,741644.337492
13.484244,741644.337492
13.501018,741644.331898
13.504183,741644.331898
13.521132,741644.325343
13.524336,741644.325343
13.541002,741644.319715
13.544157,741644.319715
13.560946,741644.314182
13.564378,741644.314182
13.581035,741644.308744
13.584260,741644.308744
13.600926,741644.303259
13.604347,741644.303259
13.621047,741644.297707
13.624258,741644.297707
13.640980,741644.292116
13.644260,741644.292116
13.660895,741644.286572
13.664224,741644.286572
13.680936,741644.281040
13.684118,741644.281040
13.700969,741644.275469
13.704249,741644.275469
13.720935,741644.271687
13.724150,741644.271687
13.740920,741644.266091
13.744112,741644.266091
13.760957,741644.260543
13.764143,741644.260543
13.780997,741644.254903
13.784139,741644.254903
13.800867,741644.249440
13.804168,741644.249440
13.820900,741644.243926
13.824059,741644.243926
13.840840,741644.238324
13.844090,741644.238324
13.861118,741644.232807
13.864192,741644.232807
13.880918,741644.227242
13.884078,741644.227242
13.900887,741644.221671
13.904097,741644.221671
13.920915,741644.214616
13.924075,741644.214616
13.940960,741644.209178
13.944181,741644.209178
13.960988,741644.203459
13.964435,741644.203459
13.980947,741644.197838
13.984156,741644.197838
14.001109,741644.192047
14.004179,741644.192047
14.020887,741644.186345
14.024150,741644.186345
14.040914,741644.180582
14.044064,741644.180582
14.060963,741644.174978
14.064159,741644.174978
14.080960,741644.169129
14.084013,741644.169129
14.100876,741644.163413
14.104141,741644.163413
14.120975,741644.157730
14.124112,741644.157730
14.140868,741644.154344
14.144036,741644.154344
14.160882,741644.148674
14.164176,741644.148674
14.181867,741644.143026
14.184761,741644.143026
14.201886,741644.137281
14.204482,741644.137281
14.221210,741644.131597
14.224203,741644.131597
14.241378,741644.125963
14.244468,741644.125963
14.261147,741644.120220
14.264273,741644.120220
14.281079,741644.114648
14.284338,741644.114648
14.301096,741644.109036
14.304170,741644.109036
14.320978,741644.101887
14.324212,741644.101887
14.341141,741644.096323
14.344326,741644.096323
14.361035,741644.090634
14.364280,741644.090634
14.380927,741644.084986
14.384153,741644.084986
14.401009,741644.079558
14.404184,741644.079558
14.421167,741644.073868
14.424207,741644.073868
14.440931,741644.068349
14.444174,741644.068349
14.460898,741644.062966
14.464111,741644.062966
14.480975,741644.057533
14.484206,741644.057533
14.500951,741644.052293
14.504114,741644.052293
14.520931,741644.050877
14.524094,741644.050877
14.540908,741644.045790
14.544195,741644.045790
14.561004,741644.040667
14.564144,741644.040667
14.589276,741644.035583
14.589295,741644.035583
14.601057,741644.030487
14.604107,741644.030487
14.621067,741644.025451
14.624204,741644.025451
14.641097,741644.020518
14.644166,741644.020518
14.660949,741644.015497
14.664032,741644.015497
14.680918,741644.010485
14.684127,741644.010485
14.701004,741644.005643
14.704112,741644.005643
14.721122,741644.000126
14.724085,741644.000126
14.740966,741643.995213
14.744114,741643.995213
14.760933,741643.990540
14.764244,741643.990540
14.781102,741643.985692
14.784164,741643.985692
14.801066,741643.980900
14.804055,741643.980900
14.821015,741643.976026
14.824160,741643.976026
14.841076,741643.971258
14.844160,741643.971258
14.861075,741643.966535
14.864228,741643.966535
14.881018,741643.961886
14.884155,741643.961886
14.900965,741643.957156
14.904082,741643.957156
14.920965,741643.967039
14.924081,741643.967039
14.940900,741643.962362
14.944124,741643.962362
14.960928,741643.957790
14.964157,741643.957790
14.980952,741643.953161
14.984039,741643.953161
15.000897,741643.948607
15.004057,741643.948607
15.021007,741643.944021
15.024121,741643.944021
15.040885,741643.939394
15.044182,741643.939394
15.060914,741643.934752
15.064168,741643.934752
15.081929,741643.930103
15.085073,741643.930103
15.101578,741643.925550
15.104478,741643.925550
15.120946,741643.921074
15.124191,741643.921074
15.140972,741643.920468
15.144267,741643.920468
15.160884,741643.916115
15.164115,741643.916115
15.180803,741643.911755
15.184154,741643.911755
15.200963,741643.907334
15.204077,741643.907334
15.221020,741643.902933
15.224048,741643.902933
15.240928,741643.898661
15.244211,741643.898661
15.260902,741643.894316
15.264164,741643.894316
15.280911,741643.889986
15.284157,741643.889986
15.300962,741643.885670
15.304087,741643.885670
15.320960,741643.885670
15.324075,741643.885670
15.340932,741643.881303
15.344114,741643.881303
15.360851,741643.876909
15.364283,741643.876909
15.381168,741643.872630
15.384243,741643.872630
15.401162,741643.868445
15.404227,741643.868445
15.420933,741643.864256
15.424152,741643.864256
15.440951,741643.859922
15.444148,741643.859922
15.460965,741643.855610
15.464079,741643.855610
15.480997,741643.851493
15.484105,741643.851493
15.500916,741643.847330
15.504194,741643.847330
15.520930,741643.828271
15.524125,741643.828271
15.540897,741643.823753
15.544163,741643.823753
15.560930,741643.819295
15.564201,741643.819295
15.580915,741643.814746
15.584131,741643.814746
15.601066,741643.810196
15.604146,741643.810196
15.620935,741643.805696
15.624085,741643.805696
15.640841,741643.801229
15.644129,741643.801229
15.660950,741643.796813
15.664197,741643.796813
15.681001,741643.792458
15.684186,741643.792458
15.701049,741643.787926
15.704093,741643.787926
15.720918,741643.789993
15.724154,741643.789993
15.740935,741643.785807
15.744125,741643.785807
15.760945,741643.781605
15.764190,741643.781605
15.780918,741643.777342
15.784103,741643.777342
15.800953,741643.773085
15.804192,741643.773085
15.820900,741643.768879
15.824089,741643.768879
15.842204,741643.764637
15.844955,741643.764637
15.861959,741643.760242
15.864683,741643.760242
15.881138,741643.755926
15.884228,741643.755926
15.900982,741643.751641
15.904206,741643.751641
15.920921,741643.754872
15.924200,741643.754872
15.940976,741643.750649
15.944225,741643.750649
15.960942,741643.746282
15.964274,741643.746282
15.980916,741643.742123
15.984181,741643.742123
16.000972,741643.737981
16.004208,741643.737981
16.020936,741643.733843
16.024177,741643.733843
16.040900,741643.729720
16.044214,741643.729720
16.061011,741643.725427
16.064209,741643.725427
16.080833,741643.721106
16.084200,741643.721106
16.100943,741643.716875
16.104239,741643.716875
16.120846,741643.712595
16.124194,741643.712595
16.140920,741643.697103
16.144246,741643.697103
16.160888,741643.692707
16.164121,741643.692707
16.180922,741643.688305
16.184178,741643.688305
16.200997,741643.683803
16.204139,741643.683803
16.220953,741643.679300
16.224092,741643.679300
16.241012,741643.674821
16.244123,741643.674821
16.260916,741643.670522
16.264189,741643.670522
16.281028,741643.666083
16.284153,741643.666083
16.300841,741643.661781
16.304136,741643.661781
16.320890,741643.672141
16.324175,741643.672141
16.340952,741643.668027
16.344134,741643.668027
16.360953,741643.664002
16.364281,741643.664002
16.381018,741643.659665
16.384156,741643.659665
16.400972,741643.655624
16.404130,741643.655624
16.421056,741643.651587
16.424284,741643.651587
16.440866,741643.647623
16.444110,741643.647623
16.460870,741643.643446
16.464187,741643.643446
16.482189,741643.639404
16.485381,741643.639404
16.502058,741643.635453
16.504659,741643.635453
16.520977,741643.638432
16.524267,741643.638432
16.541456,741643.634547
16.544558,741643.634547
16.561440,741643.630557
16.564716,741643.630557
16.581109,741643.626534
16.584333,741643.626534
16.601098,741643.622686
16.604322,741643.622686
16.621055,741643.618677
16.624261,741643.618677
16.641140,741643.614788
16.644185,741643.614788
16.660980,741643.610993
16.664116,741643.610993
16.681170,741643.607365
16.684279,741643.607365
16.701192,741643.603534
16.704324,741643.603534
16.721002,741643.595317
16.724195,741643.595317
16.741022,741643.591499
16.744282,741643.591499
16.760995,741643.587707
16.764239,741643.587707
16.781046,741643.583924
16.784172,741643.583924
16.800987,741643.580053
16.804271,741643.580053
16.820982,741643.576217
16.824367,741643.576217
16.841105,741643.572461
16.844232,741643.572461
16.860930,741643.568709
16.864264,741643.568709
16.880938,741643.564950
16.884130,741643.564950
16.900892,741643.561294
16.904170,741643.561294
16.920822,741643.554916
16.924164,741643.554916
16.940923,741643.551347
16.944141,741643.551347
16.961024,741643.547801
16.964172,741643.547801
16.980986,741643.544327
16.984111,741643.544327
17.000981,741643.541055
17.004203,741643.541055
17.020895,741643.537585
17.024125,741643.537585
17.041017,741643.534277
17.044057,741643.534277
17.060858,741643.530929
17.064199,741643.530929
17.080855,741643.527522
17.084194,741643.527522
17.101032,741643.524201
17.104135,741643.524201
17.120951,741643.520847
17.124082,741643.520847
17.140918,741643.516915
17.144254,741643.516915
17.160992,741643.513715
17.164154,741643.513715
17.180935,741643.510501
17.184276,741643.510501
17.200989,741643.507236
17.204076,741643.507236
17.220992,741643.504025
17.224191,741643.504025
17.240997,741643.501050
17.244174,741643.501050
17.260931,741643.498052
17.264594,741643.498052
17.281923,741643.494984
17.285104,741643.494984
17.301992,741643.492073
17.305040,741643.492073
17.321097,741643.484799
17.324175,741643.484799
17.340847,741643.481995
17.344139,741643.481995
17.360997,741643.479042
17.364277,741643.479042
17.380882,741643.476123
17.384129,741643.476123
17.400927,741643.473219
17.404098,741643.473219
17.420934,741643.470313
17.424158,741643.470313
17.441011,741643.467493
17.444147,741643.467493
17.461010,741643.464686
17.464125,741643.464686
17.480958,741643.461792
17.484138,741643.461792
17.501002,741643.459108
17.504135,741643.459108
17.520875,741643.459795
17.524123,741643.459795
17.540939,741643.456946
17.544089,741643.456946
17.560972,741643.454179
17.564179,741643.454179
17.580944,741643.451360
17.584063,741643.451360
17.600993,741643.448706
17.604098,741643.448706
17.621031,741643.445889
17.624063,741643.445889
17.640956,741643.443216
17.644273,741643.443216
17.660884,741643.440703
17.664135,741643.440703
17.680966,741643.438160
17.684153,741643.438160
17.700934,741643.435739
17.704164,741643.435739
17.721013,741643.437267
17.724165,741643.437267
17.741167,741643.435058
17.744207,741643.435058
17.761870,741643.432898
17.764773,741643.432898
17.781257,741643.430657
17.784375,741643.430657
17.801014,741643.428288
17.804174,741643.428288
17.820896,741643.426074
17.824094,741643.426074
17.840874,741643.423735
17.844267,741643.423735
17.860932,741643.421345
17.864032,741643.421345
17.880995,741643.418963
17.884097,741643.418963
17.900877,741643.416535
17.904071,741643.416535
17.920992,741643.425429
17.924017,741643.425429
17.940932,741643.423383
17.944173,741643.423383
17.961013,741643.421307
17.964164,741643.421307
17.980944,741643.419159
17.984116,741643.419159
18.000988,741643.417047
18.004128,741643.417047
18.020978,741643.415008
18.024110,741643.415008
18.041103,741643.413038
18.044150,741643.413038
18.060915,741643.411088
18.064283,741643.411088
18.080975,741643.409103
18.084198,741643.409103
18.100872,741643.407203
18.104099,741643.407203
18.120792,741643.405474
18.124057,741643.405474
18.140996,741643.400702
18.144114,741643.400702
18.160926,741643.398960
18.164209,741643.398960
18.180949,741643.397256
18.184161,741643.397256
18.200999,741643.395472
18.204069,741643.395472
18.220900,741643.393763
18.224483,741643.393763
18.241063,741643.392010
18.244153,741643.392010
18.261006,741643.390214
18.264276,741643.390214
18.281222,741643.388467
18.284246,741643.388467
18.301102,741643.386692
18.304127,741643.386692
18.320950,741643.382628
18.324140,741643.382628
18.340936,741643.380913
18.344158,741643.380913
18.360875,741643.379241
18.364139,741643.379241
18.381061,741643.377497
18.384126,741643.377497
18.401117,741643.375813
18.404172,741643.375813
18.420972,741643.374319
18.424159,741643.374319
18.440975,741643.372687
18.444341,741643.372687
18.460988,741643.371059
18.464094,741643.371059
18.480953,741643.369512
18.484258,741643.369512
18.500967,741643.367906
18.504148,741643.367906
18.520915,741643.358759
18.524256,741643.358759
18.540992,741643.357139
18.544186,741643.357139
18.560909,741643.355367
18.564211,741643.355367
18.581059,741643.353764
18.584288,741643.353764
18.600869,741643.352147
18.604138,741643.352147
18.621109,741643.350459
18.624075,741643.350459
18.640997,741643.348926
18.644085,741643.348926
18.660943,741643.347479
18.664266,741643.347479
18.680907,741643.345832
18.684059,741643.345832
18.701025,741643.344311
18.704175,741643.344311
18.720925,741643.331385
18.724318,741643.331385
18.740995,741643.329652
18.744167,741643.329652
18.760971,741643.327976
18.764131,741643.327976
18.781060,741643.326245
18.784154,741643.326245
18.800903,741643.324595
18.804188,741643.324595
18.821043,741643.322771
18.824152,741643.322771
18.840989,741643.321007
18.844150,741643.321007
18.861155,741643.319089
18.864270,741643.319089
18.881000,741643.317311
18.884118,741643.317311
18.900941,741643.315466
18.904158,741643.315466
18.921058,741643.302764
18.924253,741643.302764
18.941005,741643.300679
18.944175,741643.300679
18.961095,741643.298643
18.964224,741643.298643
18.980981,741643.296575
18.984146,741643.296575
19.000882,741643.294509
19.004100,741643.294509
19.020896,741643.292410
19.024122,741643.292410
19.040911,741643.290400
19.044085,741643.290400
19.061057,741643.288467
19.064120,741643.288467
19.081156,741643.286357
19.084156,741643.286357
19.101238,741643.284331
19.104147,741643.284331
19.120860,741643.282317
19.124161,741643.282317
19.141994,741643.283344
19.145339,741643.283344
19.162210,741643.281260
19.164646,741643.281260
19.181182,741643.279335
19.184288,741643.279335
19.201028,741643.277235
19.204074,741643.277235
19.220996,741643.275161
19.224082,741643.275161
19.240874,741643.273094
19.244132,741643.273094
19.260845,741643.271136
19.264109,741643.271136
19.280964,741643.269071
19.284224,741643.269071
19.300973,741643.267021
19.304166,741643.267021
19.321008,741643.263526
19.324129,741643.263526
19.340937,741643.261702
19.344213,741643.261702
19.360843,741643.259874
19.364134,741643.259874
19.380949,741643.257884
19.384096,741643.257884
19.400901,741643.255997
19.404203,741643.255997
19.420941,741643.254133
19.424222,741643.254133
19.440828,741643.252238
19.444127,741643.252238
19.460857,741643.250226
19.464260,741643.250226
19.480905,741643.248259
19.484142,741643.248259
19.501035,741643.246349
19.504080,741643.246349
19.520871,741643.238242
19.524101,741643.238242
19.540896,741643.236162
19.544137,741643.236162
19.560906,741643.234085
19.564145,741643.234085
19.581067,741643.232081
19.584172,741643.232081
19.600941,741643.230031
19.604107,741643.230031
19.621000,741643.227998
19.624110,741643.227998
19.640936,741643.225960
19.644081,741643.225960
19.660934,741643.224082
19.664193,741643.224082
19.680936,741643.222096
19.684089,741643.222096
19.700958,741643.220049
19.704097,741643.220049
19.720845,741643.211078
19.724156,741643.211078
19.740918,741643.208929
19.744083,741643.208929
19.760979,741643.206852
19.764174,741643.206852
19.780863,741643.204758
19.784176,741643.204758
19.800890,741643.202651
19.804044,741643.202651
19.820973,741643.200592
19.824198,741643.200592
19.840901,741643.198398
19.844241,741643.198398
19.861008,741643.196283
19.864133,741643.196283
19.880942,741643.194136
19.884109,741643.194136
19.900839,741643.191943
19.904104,741643.191943
19.921070,741643.183690
19.924148,741643.183690
19.940923,741643.181563
19.944148,741643.181563
19.960969,741643.179251
19.964139,741643.179251
19.980936,741643.176864
19.984135,741643.176864
20.000872,741643.174452
20.004113,741643.174452
20.020948,741643.171972
20.024135,741643.171972
20.040938,741643.169632
20.044092,741643.169632
20.060893,741643.167291
20.064081,741643.167291
20.080958,741643.164689
20.084157,741643.164689
20.100912,741643.162263
20.104205,741643.162263
20.120982,741643.159697
20.124190,741643.159697
20.140939,741643.150469
20.144177,741643.150469
20.160993,741643.147716
20.164278,741643.147716
20.180950,741643.144961
20.184098,741643.144961
20.200924,741643.142152
20.204193,741643.142152
20.220922,741643.139270
20.224099,741643.139270
20.240906,741643.136373
20.244152,741643.136373
20.260943,741643.133507
20.264275,741643.133507
20.280802,741643.130642
20.284113,741643.130642
20.300824,741643.127763
20.304152,741643.127763
20.321015,741643.125266
20.324113,741643.125266
20.340987,741643.122313
20.344104,741643.122313
20.360897,741643.119239
20.364534,741643.119239
20.380937,741643.116187
20.384194,741643.116187
20.400888,741643.113173
20.404137,741643.113173
20.420973,741643.109922
20.424107,741643.109922
20.440821,741643.106760
20.444095,741643.106760
20.460971,741643.103618
20.464405,741643.103618
20.480999,741643.100438
20.484162,741643.100438
20.500959,741643.097368
20.504411,741643.097368
20.520953,741643.096997
20.524205,741643.096997
20.540964,741643.093997
20.544191,741643.093997
20.560897,741643.090933
20.564269,741643.090933
20.581012,741643.088059
20.584205,741643.088059
20.600851,741643.085102
20.604189,741643.085102
20.620887,741643.082112
20.624144,741643.082112
20.640873,741643.079168
20.644065,741643.079168
20.660909,741643.076142
20.664182,741643.076142
20.680931,741643.073178
20.684061,741643.073178
20.700855,741643.070268
20.704140,741643.070268
20.720912,741643.043452
20.724204,741643.043452
20.740871,741643.040244
20.744098,741643.040244
20.760964,741643.037018
20.764247,741643.037018
20.780884,741643.033689
20.784099,741643.033689
20.800965,741643.030317
20.804037,741643.030317
20.820940,741643.027016
20.824144,741643.027016
20.840970,741643.023432
20.844154,741643.023432
20.860924,741643.019860
20.864245,741643.019860
20.881089,741643.016392
20.884206,741643.016392
20.901034,741643.012754
20.904211,741643.012754
20.920981,741643.008190
20.924197,741643.008190
20.941032,741643.004473
20.944410,741643.004473
20.961138,741643.000679
20.964120,741643.000679
20.981014,741642.996952
20.984128,741642.996952
21.000855,741642.993153
21.004162,741642.993153
21.020970,741642.989439
21.024264,741642.989439
21.040940,741642.985756
21.044333,741642.985756
21.061041,741642.982227
21.064171,741642.982227
21.080937,741642.978818
21.084258,741642.978818
21.100863,741642.975422
21.104209,741642.975422
21.121004,741642.972116
21.124135,741642.972116
21.140954,741642.960856
21.144261,741642.960856
21.160946,741642.957397
21.164180,741642.957397
21.180987,741642.953802
21.184261,741642.953802
21.201016,741642.950311
21.204171,741642.950311
21.220919,741642.946728
21.224152,741642.946728
21.240876,741642.943064
21.244226,741642.943064
21.260929,741642.939212
21.264014,741642.939212
21.281037,741642.935366
21.284213,741642.935366
21.300955,741642.931701
21.304234,741642.931701
21.321026,741642.929447
21.324288,741642.929447
21.340988,741642.925652
21.344138,741642.925652
21.360904,741642.921688
21.364161,741642.921688
21.380952,741642.917916
21.384213,741642.917916
21.400980,741642.914046
21.404096,741642.914046
21.421027,741642.910214
21.424333,741642.910214
21.440957,741642.906382
21.444193,741642.906382
21.460947,741642.902487
21.464223,741642.902487
21.481309,741642.898443
21.484184,741642.898443
21.501037,741642.894715
21.504177,741642.894715
21.520998,741642.874702
21.524121,741642.874702
21.540904,741642.870555
21.544133,741642.870555
21.561011,741642.866245
21.564131,741642.866245
21.580897,741642.862176
21.584182,741642.862176
21.600904,741642.858071
21.604234,741642.858071
21.621036,741642.853956
21.624160,741642.853956
21.640940,741642.849780
21.644140,741642.849780
21.660950,741642.845627
21.664182,741642.845627
21.680936,741642.841393
21.684247,741642.841393
21.700946,741642.837137
21.704088,741642.837137
21.721024,741642.825466
21.724205,741642.825466
21.741058,741642.821178
21.744045,741642.821178
21.760940,741642.816883
21.764271,741642.816883
21.780990,741642.812550
21.784280,741642.812550
21.800915,741642.808254
21.804190,741642.808254
21.821080,741642.803861
21.824229,741642.803861
21.840971,741642.799476
21.844179,741642.799476
21.861744,741642.795114
21.865268,741642.795114
21.882047,741642.790818
21.884475,741642.790818
21.901483,741642.786527
21.904161,741642.786527
21.921724,741642.764800
21.924950,741642.764800
21.941174,741642.760422
21.944383,741642.760422
21.960909,741642.756081
21.964351,741642.756081
21.981055,741642.751637
21.984110,741642.751637
22.000921,741642.747458
22.004097,741642.747458
22.020883,741642.743235
22.024193,741642.743235
22.040945,741642.739296
22.044091,741642.739296
22.060996,741642.735232
22.064321,741642.735232
22.081059,741642.731264
22.084168,741642.731264
22.100959,741642.727323
22.104090,741642.727323
22.120924,741642.723503
22.124189,741642.723503
22.140887,741642.719624
22.144164,741642.719624
22.160906,741642.716275
22.164106,741642.716275
22.180847,741642.712504
22.184233,741642.712504
22.200916,741642.708587
22.204113,741642.708587
22.220872,741642.704896
22.224236,741642.704896
22.240878,741642.701165
22.244228,741642.701165
22.260972,741642.697465
22.264157,741642.697465
22.280973,741642.693745
22.284182,741642.693745
22.300884,741642.690003
22.304234,741642.690003
22.320879,741642.682674
22.324212,741642.682674
22.340881,741642.678964
22.344145,741642.678964
22.360885,741642.675397
22.364244,741642.675397
22.380955,741642.671777
22.384107,741642.671777
22.400934,741642.668285
22.404087,741642.668285
22.420911,741642.664738
22.424087,741642.664738
22.440939,741642.661313
22.444177,741642.661313
22.460936,741642.657826
22.464102,741642.657826
22.480956,741642.654439
22.484142,741642.654439
22.500891,741642.651146
22.504161,741642.651146
22.520819,741642.652393
22.524155,741642.652393
22.540915,741642.649112
22.544186,741642.649112
22.560854,741642.645911
22.564122,741642.645911
22.580989,741642.642695
22.584275,741642.642695
22.600915,741642.639558
22.604135,741642.639558
22.620973,741642.636432
22.624163,741642.636432
22.642916,741642.633254
22.644163,741642.633254
22.661030,741642.630067
22.664261,741642.630067
22.681031,741642.627005
22.684133,741642.627005
22.700993,741642.623820
22.704145,741642.623820
22.720973,741642.622898
22.724159,741642.622898
22.740936,741642.619897
22.744181,741642.619897
22.760993,741642.616902
22.764214,741642.616902
22.781087,741642.613903
22.784184,741642.613903
22.801052,741642.611010
22.804249,741642.611010
22.820974,741642.608258
22.824208,741642.608258
22.840958,741642.605371
22.844209,741642.605371
22.860974,741642.602631
22.864156,741642.602631
22.881032,741642.599899
22.884190,741642.599899
22.900993,741642.597027
22.904231,741642.597027
22.920989,741642.588623
22.924194,741642.588623
22.940880,741642.585844
22.944281,741642.585844
22.961131,741642.583042
22.964324,741642.583042
22.980894,741642.580279
22.984111,741642.580279
23.000943,741642.577554
23.004142,741642.577554
23.020901,741642.574810
23.024134,741642.574810
23.040927,741642.572050
23.044091,741642.572050
23.060910,741642.569321
23.064143,741642.569321
23.081039,741642.566490
23.084139,741642.566490
23.101070,741642.563775
23.104162,741642.563775
23.120936,741642.561074
23.124176,741642.561074
23.140872,741642.558202
23.144143,741642.558202
23.160966,741642.555465
23.164202,741642.555465
23.180945,741642.552793
23.184217,741642.552793
23.201107,741642.550272
23.204108,741642.550272
23.221005,741642.547630
23.224066,741642.547630
23.240955,741642.545024
23.244140,741642.545024
23.260875,741642.542562
23.264090,741642.542562
23.280978,741642.540204
23.284094,741642.540204
23.300922,741642.537745
23.304107,741642.537745
23.320953,741642.530380
23.324100,741642.530380
23.340992,741642.527980
23.344175,741642.527980
23.360985,741642.525615
23.364110,741642.525615
23.380942,741642.523212
23.384163,741642.523212
23.400951,741642.520782
23.404094,741642.520782
23.420940,741642.518482
23.424054,741642.518482
23.440949,741642.516215
23.444220,741642.516215
23.461021,741642.513953
23.464202,741642.513953
23.480834,741642.511561
23.484156,741642.511561
23.501031,741642.509400
23.504179,741642.509400
23.520998,741642.510374
23.524137,741642.510374
23.540901,741642.508095
23.544025,741642.508095
23.560907,741642.506051
23.564155,741642.506051
23.580884,741642.503888
23.584115,741642.503888
23.600970,741642.501842
23.604048,741642.501842
23.620857,741642.499731
23.624157,741642.499731
23.640903,741642.497532
23.644130,741642.497532
23.660963,741642.495490
23.664187,741642.495490
23.680934,741642.493520
23.684237,741642.493520
23.700927,741642.491464
23.704095,741642.491464
23.720870,741642.481455
23.724094,741642.481455
23.740911,741642.479444
23.744115,741642.479444
23.760873,741642.477542
23.764138,741642.477542
23.781005,741642.475675
23.784194,741642.475675
23.800948,741642.473842
23.804097,741642.473842
23.820965,741642.471893
23.824179,741642.471893
23.841066,741642.470101
23.844081,741642.470101
23.860961,741642.468264
23.864118,741642.468264
23.880940,741642.466355
23.884194,741642.466355
23.900902,741642.464394
23.904065,741642.464394
23.920894,741642.446928
23.924079,741642.446928
23.940927,741642.444745
23.944167,741642.444745
23.960949,741642.442706
23.964051,741642.442706
23.981364,741642.440620
23.984157,741642.440620
24.000911,741642.438560
24.004165,741642.438560
24.020943,741642.436549
24.024092,741642.436549
24.040922,741642.434610
24.044188,741642.434610
24.060888,741642.432660
24.064035,741642.432660
24.080840,741642.430823
24.084203,741642.430823
24.100910,741642.428890
24.104110,741642.428890
24.120891,741642.427059
24.124158,741642.427059
24.140964,741642.418296
24.144175,741642.418296
24.160901,741642.416525
24.164120,741642.416525
24.180925,741642.414811
24.184167,741642.414811
24.200943,741642.413089
24.204102,741642.413089
24.220893,741642.411375
24.224027,741642.411375
24.240849,741642.409721
24.244171,741642.409721
24.260895,741642.408008
24.264147,741642.408008
24.281001,741642.406408
24.284166,741642.406408
24.300897,741642.404765
24.304182,741642.404765
24.320959,741642.413043
24.324028,741642.413043
24.341008,741642.411586
24.344069,741642.411586
24.360948,741642.410069
24.364147,741642.410069
24.380951,741642.408545
24.384107,741642.408545
24.400869,741642.407114
24.404110,741642.407114
24.420896,741642.405575
24.424239,741642.405575
24.440934,741642.404057
24.444039,741642.404057
24.461011,741642.402585
24.464207,741642.402585
24.481026,741642.401134
24.484134,741642.401134
24.501006,741642.399688
24.504015,741642.399688
24.520967,741642.405646
24.524132,741642.405646
24.541005,741642.404385
24.544113,741642.404385
24.560987,741642.403130
24.564187,741642.403130
24.580849,741642.401868
24.584133,741642.401868
24.600919,741642.400650
24.604050,741642.400650
24.620866,741642.399403
24.624060,741642.399403
24.640925,741642.398089
24.644077,741642.398089
24.660882,741642.396930
24.664117,741642.396930
24.681021,741642.395848
24.684124,741642.395848
24.700836,741642.394684
24.704095,741642.394684
24.721009,741642.383343
24.724171,741642.383343
24.740984,741642.382270
24.744214,741642.382270
24.760863,741642.381158
24.764131,741642.381158
24.781022,741642.380128
24.784117,741642.380128
24.800918,741642.379040
24.804096,741642.379040
24.820910,741642.377953
24.824130,741642.377953
24.841016,741642.376863
24.844197,741642.376863
24.860894,741642.375801
24.864215,741642.375801
24.880916,741642.374688
24.884156,741642.374688
24.900890,741642.373616
24.904153,741642.373616
24.920923,741642.377387
24.924065,741642.377387
24.940845,741642.376364
24.944164,741642.376364
24.961692,741642.375254
24.965126,741642.375254
24.981559,741642.374238
24.984644,741642.374238
25.001025,741642.373239
25.004172,741642.373239
25.020862,741642.372296
25.024035,741642.372296
25.040903,741642.371259
25.044157,741642.371259
25.061024,741642.370317
25.064159,741642.370317
25.081074,741642.369393
25.084141,741642.369393
25.100931,741642.368394
25.104069,741642.368394
25.120860,741642.367603
25.124037,741642.367603
25.140844,741642.358386
25.144033,741642.358386
25.161032,741642.357408
25.164194,741642.357408
25.180985,741642.356582
25.184050,741642.356582
25.201112,741642.355813
25.204199,741642.355813
25.220915,741642.355008
25.224122,741642.355008
25.241006,741642.354293
25.244223,741642.354293
25.260940,741642.353565
25.264332,741642.353565
25.281041,741642.352904
25.284102,741642.352904
25.300872,741642.352138
25.304114,741642.352138
25.320827,741642.346266
25.324289,741642.346266
25.340910,741642.345647
25.344200,741642.345647
25.360963,741642.344903
25.364129,741642.344903
25.381010,741642.344265
25.384141,741642.344265
25.400912,741642.343591
25.404107,741642.343591
25.421016,741642.342866
25.424061,741642.342866
25.440904,741642.342302
25.444053,741642.342302
25.461020,741642.341717
25.464072,741642.341717
25.480936,741642.341235
25.484259,741642.341235
25.501056,741642.340771
25.504148,741642.340771
25.521096,741642.345906
25.524104,741642.345906
25.540966,741642.345486
25.544096,741642.345486
25.560983,741642.345105
25.564154,741642.345105
25.580968,741642.344745
25.584146,741642.344745
25.601665,741642.344390
25.605123,741642.344390
25.622056,741642.344006
25.625315,741642.344006
25.641293,741642.343653
25.644473,741642.343653
25.660920,741642.343335
25.664196,741642.343335
25.680859,741642.342939
25.684086,741642.342939
25.700926,741642.342664
25.704076,741642.342664
25.720935,741642.329691
25.724089,741642.329691
25.740954,741642.329183
25.744157,741642.329183
25.760875,741642.328618
25.764137,741642.328618
25.780910,741642.328140
25.784137,741642.328140
25.800856,741642.327497
25.804010,741642.327497
25.820934,741642.327089
25.824212,741642.327089
25.840943,741642.326405
25.844238,741642.326405
25.860916,741642.325801
25.864092,741642.325801
25.880973,741642.325176
25.884175,741642.325176
25.900902,741642.324517
25.904096,741642.324517
25.920864,741642.330140
25.924067,741642.330140
25.940853,741642.329529
25.944089,741642.329529
25.960930,741642.328891
25.964124,741642.328891
25.980909,741642.328181
25.984105,741642.328181
26.000978,741642.327498
26.004133,741642.327498
26.020982,741642.326924
26.024331,741642.326924
26.040981,741642.326221
26.044245,741642.326221
26.061026,741642.325648
26.064363,741642.325648
26.081025,741642.325088
26.084118,741642.325088
26.100900,741642.324544
26.104235,741642.324544
26.120902,741642.324064
26.124090,741642.324064
26.140934,741642.322746
26.144212,741642.322746
26.160997,741642.322262
26.164168,741642.322262
26.180917,741642.321816
26.184210,741642.321816
26.201080,741642.321412
26.204147,741642.321412
26.220827,741642.321071
26.224154,741642.321071
26.240841,741642.320700
26.244147,741642.320700
26.260939,741642.320477
26.264907,741642.320477
26.281964,741642.320218
26.285323,741642.320218
26.301479,741642.320025
26.304361,741642.320025
26.321080,741642.327161
26.324056,741642.327161
26.340845,741642.327160
26.344124,741642.327160
26.360928,741642.327108
26.364112,741642.327108
26.380930,741642.327100
26.384096,741642.327100
26.401197,741642.327152
26.404076,741642.327152
26.421098,741642.327160
26.424055,741642.327160
26.440929,741642.327092
26.444069,741642.327092
26.461016,741642.327051
26.464192,741642.327051
26.480902,741642.326961
26.484210,741642.326961
26.500839,741642.326759
26.504085,741642.326759
26.520948,741642.320832
26.524087,741642.320832
26.540976,741642.320557
26.544096,741642.320557
26.560989,741642.320204
26.564190,741642.320204
26.580879,741642.319826
26.584136,741642.319826
26.600980,741642.319540
26.604102,741642.319540
26.620860,741642.319231
26.624192,741642.319231
26.640903,741642.319030
26.644185,741642.319030
26.660827,741642.318741
26.664171,741642.318741
26.680897,741642.318512
26.684034,741642.318512
26.700950,741642.318329
26.704102,741642.318329
26.720881,741642.314876
26.724077,741642.314876
26.740921,741642.314653
26.744078,741642.314653
26.760866,741642.314454
26.764208,741642.314454
26.781044,741642.314166
26.784089,741642.314166
26.800881,741642.313956
26.804116,741642.313956
26.820926,741642.313858
26.824221,741642.313858
26.840859,741642.313730
26.844128,741642.313730
26.860938,741642.313569
26.864178,741642.313569
26.880944,741642.313426
26.884108,741642.313426
26.901028,741642.313336
26.904095,741642.313336
26.920867,741642.308652
26.924145,741642.308652
26.940937,741642.308577
26.944198,741642.308577
26.960888,741642.308508
26.964106,741642.308508
26.981005,741642.308418
26.984117,741642.308418
27.000884,741642.308334
27.004146,741642.308334
27.020945,741642.308253
27.024140,741642.308253
27.040978,741642.308040
27.044044,741642.308040
27.060903,741642.307911
27.064148,741642.307911
27.080964,741642.307852
27.084125,741642.307852
27.101010,741642.307685
27.104047,741642.307685
27.121050,741642.307514
27.124198,741642.307514
27.140799,741642.302512
27.144077,741642.302512
27.161009,741642.302310
27.164039,741642.302310
27.180892,741642.302222
27.184076,741642.302222
27.200863,741642.301992
27.204079,741642.301992
27.220994,741642.301937
27.224179,741642.301937
27.240924,741642.301729
27.244101,741642.301729
27.260879,741642.301579
27.264170,741642.301579
27.280884,741642.301444
27.284138,741642.301444
27.300877,741642.301271
27.304119,741642.301271
27.320855,741642.305876
27.324101,741642.305876
27.340865,741642.305753
27.344126,741642.305753
27.360962,741642.305687
27.364103,741642.305687
27.380835,741642.305615
27.384149,741642.305615
27.400910,741642.305583
27.404177,741642.305583
27.420904,741642.305517
27.424074,741642.305517
27.441003,741642.305594
27.444156,741642.305594
27.461056,741642.305582
27.464211,741642.305582
27.480965,741642.305659
27.484125,741642.305659
27.501846,741642.305788
27.505145,741642.305788
27.521514,741642.302126
27.524496,741642.302126
27.540945,741642.302184
27.544309,741642.302184
27.560904,741642.302196
27.564496,741642.302196
27.580961,741642.302298
27.584133,741642.302298
27.600947,741642.302338
27.604101,741642.302338
27.620905,741642.302443
27.624146,741642.302443
27.640944,741642.302437
27.644128,741642.302437
27.660877,741642.302479
27.664532,741642.302479
27.680915,741642.302561
27.684107,741642.302561
27.700957,741642.302599
27.704168,741642.302599
27.720923,741642.295620
27.724113,741642.295620
27.740966,741642.295590
27.744147,741642.295590
27.760934,741642.295517
27.764081,741642.295517
27.780945,741642.295522
27.784090,741642.295522
27.800767,741642.295489
27.804117,741642.295489
27.820963,741642.295484
27.824032,741642.295484
27.840842,741642.295423
27.844175,741642.295423
27.860957,741642.295397
27.864225,741642.295397
27.880962,741642.295331
27.884148,741642.295331
27.900910,741642.295337
27.904154,741642.295337
27.920849,741642.294166
27.924115,741642.294166
27.940928,741642.294147
27.944121,741642.294147
27.960986,741642.294116
27.964098,741642.294116
27.980887,741642.294023
27.984128,741642.294023
28.000963,741642.294036
28.004102,741642.294036
28.020973,741642.293973
28.024145,741642.293973
28.040956,741642.294009
28.044084,741642.294009
28.061831,741642.293929
28.064904,741642.293929
28.081934,741642.293854
28.085131,741642.293854
28.101178,741642.293926
28.104122,741642.293926
28.120968,741642.293897
28.124263,741642.293897
28.140847,741642.293838
28.144181,741642.293838
28.160921,741642.296404
28.164193,741642.296404
28.180931,741642.296351
28.184097,741642.296351
28.201024,741642.296412
28.204097,741642.296412
28.220972,741642.296412
