0.189439,-96.478771
0.209398,-96.478771
0.230759,-96.478771
0.250428,-96.478771
0.269385,-96.478771
0.290532,-96.478771
0.310383,-96.478771
0.330716,-96.478771
0.350449,-96.478771
0.370359,-96.478771
0.390383,-96.478771
0.410511,-96.478770
0.430811,-96.478770
0.450425,-96.478770
0.470570,-96.478770
0.490305,-96.478770
0.510250,-96.478770
0.530267,-96.478770
0.550274,-96.478770
0.570349,-96.478770
0.590344,-96.478771
0.610329,-96.478771
0.630248,-96.478770
0.650314,-96.478770
0.670265,-96.478770
0.690568,-96.478770
0.710199,-96.478770
0.730330,-96.478770
0.750205,-96.478770
0.770142,-96.478770
0.790192,-96.478771
0.810279,-96.478771
0.830189,-96.478771
0.850120,-96.478771
0.870250,-96.478771
0.890110,-96.478771
0.910123,-96.478771
0.930122,-96.478771
0.950202,-96.478771
0.970251,-96.478770
0.990190,-96.478771
1.010104,-96.478771
1.030110,-96.478771
1.050460,-96.478771
1.070061,-96.478771
1.090183,-96.478771
1.110111,-96.478771
1.130016,-96.478771
1.150116,-96.478771
1.170045,-96.478771
1.190052,-96.478770
1.210029,-96.478770
1.230183,-96.478770
1.250064,-96.478770
1.269922,-96.478770
1.290003,-96.478770
1.310088,-96.478770
1.329957,-96.478770
1.350156,-96.478770
1.370073,-96.478770
1.390103,-96.478770
1.410033,-96.478771
1.430165,-96.478771
1.450201,-96.478771
1.470017,-96.478771
1.490141,-96.478771
1.509952,-96.478771
1.530239,-96.478771
1.550154,-96.478771
1.569850,-96.478771
1.589842,-96.478771
1.609933,-96.478771
1.629745,-96.478771
1.649891,-96.478771
1.669861,-96.478771
1.689846,-96.478771
1.710006,-96.478771
1.729819,-96.478771
1.749981,-96.478771
1.769787,-96.478771
1.789698,-96.478771
1.809808,-96.478771
1.829639,-96.478771
1.849623,-96.478771
1.869670,-96.478771
1.889705,-96.478771
1.910087,-96.478771
1.929601,-96.478771
1.949613,-96.478771
1.969691,-96.478771
1.989644,-96.478771
2.009666,-96.478771
2.029604,-96.478771
2.049875,-96.478771
2.069637,-96.478771
2.089619,-96.478771
2.109555,-96.478771
2.129499,-96.478771
2.149569,-96.478771
2.169549,-96.478771
2.189523,-96.478771
2.210499,-96.478771
2.230527,-96.478771
2.249577,-96.478771
2.269537,-96.478771
2.289528,-96.478771
2.309566,-96.478771
2.330682,-96.478771
2.349746,-96.478771
2.369415,-96.478771
2.389414,-96.478771
2.410410,-96.478771
2.430506,-96.478771
2.450482,-96.478771
2.470399,-96.478771
2.490393,-96.478771
2.510489,-96.478771
2.530351,-96.478771
2.550446,-96.478771
2.570319,-96.478771
2.590572,-96.478771
2.610309,-96.478771
2.630393,-96.478771
2.650578,-96.478771
2.670394,-96.478771
2.690390,-96.478771
2.710285,-96.478771
2.730746,-96.478771
2.750283,-96.478771
2.770431,-96.478771
2.790441,-96.478771
2.810449,-96.478771
2.830250,-96.478771
2.850174,-96.478771
2.870162,-96.478771
2.890228,-96.478771
2.910214,-96.478771
2.930283,-96.478771
2.950141,-96.478771
2.970212,-96.478771
2.990142,-96.478771
3.010148,-96.478771
3.030113,-96.478771
3.050425,-96.478771
3.070201,-96.478771
3.090041,-96.478771
3.110098,-96.478771
3.130008,-96.478771
3.150091,-96.478771
3.170063,-96.478771
3.190164,-96.478771
3.210052,-96.478771
3.229936,-96.478771
3.250124,-96.478771
3.269953,-96.478771
3.290082,-96.478771
3.310013,-96.478771
3.329947,-96.478771
3.349990,-96.478771
3.370216,-96.478771
3.390078,-96.478771
3.409951,-96.478771
3.429954,-96.478771
3.450030,-96.478771
3.469933,-96.478771
3.490004,-96.478771
3.510019,-96.478771
3.529829,-96.478771
3.549876,-96.478771
3.569824,-96.478771
3.589787,-96.478771
3.610096,-96.478771
3.629757,-96.478771
3.649804,-96.478771
3.669752,-96.478771
3.689791,-96.478771
3.709728,-96.478771
3.729762,-96.478771
3.749735,-96.478771
3.769667,-96.478771
3.789840,-96.478771
3.809611,-96.478771
3.829676,-96.478771
3.849668,-96.478771
3.869753,-96.478771
3.889644,-96.478771
3.909558,-96.478771
3.929773,-96.478771
3.949525,-96.478771
3.969550,-96.478771
3.989566,-96.478771
4.009531,-96.478771
4.029696,-96.478771
4.049547,-96.478771
4.069657,-96.478771
4.089555,-96.478771
4.110306,-96.478771
4.129723,-96.478771
4.149580,-96.478771
4.170443,-96.478771
4.190388,-96.478771
4.210391,-96.478771
4.230522,-96.478771
4.250503,-96.478771
4.270365,-96.478771
4.290429,-96.478771
4.310387,-96.478771
4.330368,-96.478771
4.350312,-96.478771
4.370332,-96.478771
4.390323,-96.478771
4.410274,-96.478771
4.430591,-96.478771
4.450574,-96.478771
4.470273,-96.478771
4.490219,-96.478771
4.510266,-96.478771
4.530468,-96.478771
4.550341,-96.478771
4.570392,-96.478771
4.590198,-96.478771
4.610296,-96.478771
4.630220,-96.478771
4.650168,-96.478771
4.670120,-96.478771
4.690194,-96.478771
4.710090,-96.478771
4.730142,-96.478771
4.750219,-96.478771
4.770231,-96.478771
4.790195,-96.478771
4.810299,-96.478771
4.830318,-96.478771
4.850127,-96.478771
4.870093,-96.478771
4.890462,-96.478771
4.910048,-96.478771
4.930036,-96.478771
4.950065,-96.478771
4.970024,-96.478771
4.989968,-96.478771
5.009979,-96.478771
5.030223,-96.478771
5.050222,-96.478771
5.069936,-96.478771
5.089934,-96.478771
5.110126,-96.478771
5.129930,-96.478771
5.149894,-96.478771
5.169883,-96.478771
5.189999,-96.478771
5.209901,-96.478771
5.230014,-96.478771
5.250094,-96.478771
5.269943,-96.478771
5.289889,-96.478771
5.309991,-96.478771
5.329940,-96.478771
5.349888,-96.478771
5.369844,-96.478771
5.389858,-96.478771
5.409823,-96.478771
5.429774,-96.478771
5.449763,-96.478771
5.469717,-96.478771
5.489792,-96.478771
5.509714,-96.478771
5.529953,-96.478771
5.549978,-96.478771
5.569710,-96.478771
5.589704,-96.478771
5.609741,-96.478771
5.629640,-96.478771
5.649654,-96.478771
5.669842,-96.478771
5.689762,-96.478771
5.709656,-96.478771
5.729618,-96.478771
5.749907,-96.478771
5.769760,-96.478771
5.789626,-96.478771
5.809688,-96.478771
5.829817,-96.478771
5.849808,-96.478771
5.869605,-96.478771
5.889586,-96.478771
5.909518,-96.478771
5.929555,-96.478771
5.949549,-96.478771
5.969590,-96.478771
5.989648,-96.478771
6.009500,-96.478771
6.029549,-96.478771
6.049596,-96.478771
6.069495,-96.478771
6.089724,-96.478771
6.109553,-96.478771
6.130461,-96.478771
6.150653,-96.478771
6.170531,-96.478771
6.190362,-96.478770
6.210379,-96.478770
6.230545,-96.478770
6.250369,-96.478770
6.270322,-96.478770
6.290339,-96.478770
6.310292,-96.478770
6.330341,-96.478770
6.350554,-96.478770
6.370273,-96.478770
6.390325,-96.478770
6.410292,-96.478770
6.430306,-96.478770
6.450345,-96.478770
6.470308,-96.478770
6.490416,-96.478770
6.510280,-96.478770
6.530407,-96.478770
6.550442,-96.478770
6.570279,-96.478770
6.590170,-96.478770
6.610395,-96.478770
6.630577,-96.478770
6.650288,-96.478770
6.670685,-96.478770
6.690314,-96.478770
6.710254,-96.478770
6.730244,-96.478770
6.750121,-96.478770
6.770186,-96.478770
6.790068,-96.478770
6.810144,-96.478770
6.830073,-96.478770
6.850106,-96.478770
6.870168,-96.478770
6.890057,-96.478770
6.910217,-96.478770
6.930009,-96.478770
6.950196,-96.478770
6.970096,-96.478770
6.990052,-96.478770
7.009993,-96.478770
7.030154,-96.478770
7.050035,-96.478770
7.070042,-96.478770
7.090076,-96.478770
7.110000,-96.478770
7.130094,-96.478770
7.149959,-96.478770
7.169892,-96.478770
7.189986,-96.478770
7.209845,-96.478770
7.229806,-96.478770
7.249911,-96.478770
7.269758,-96.478770
7.289945,-96.478770
7.310005,-96.478770
7.329755,-96.478770
7.349862,-96.478770
