0.215662,1.562387
0.231516,1.562371
0.235632,1.562371
0.251467,1.562388
0.255665,1.562388
0.271654,1.562381
0.275749,1.562381
0.291578,1.562373
0.295827,1.562373
0.311563,1.562398
0.315865,1.562398
0.331470,1.562399
0.335634,1.562399
0.351546,1.562402
0.355691,1.562402
0.371440,1.562408
0.375681,1.562408
0.391541,1.562375
0.395626,1.562375
0.411530,1.562403
0.415637,1.562403
0.431576,1.562384
0.435573,1.562384
0.451523,1.562363
0.455765,1.562363
0.471528,1.562358
0.475500,1.562358
0.491588,1.562334
0.495670,1.562334
0.511558,1.562358
0.515795,1.562358
0.531554,1.562376
0.535750,1.562376
0.551524,1.562377
0.555569,1.562377
0.571563,1.562383
0.575744,1.562383
0.591591,1.562366
0.595656,1.562366
0.611545,1.562388
0.615825,1.562388
0.631649,1.562389
0.635572,1.562389
0.651416,1.562363
0.655636,1.562363
0.671424,1.562360
0.675664,1.562360
0.691538,1.562342
0.695665,1.562342
0.711489,1.562345
0.715776,1.562345
0.731537,1.562350
0.735792,1.562350
0.751601,1.562336
0.755782,1.562336
0.771541,1.562329
0.775682,1.562329
0.791450,1.562341
0.795712,1.562341
0.811517,1.562333
0.815686,1.562333
0.831480,1.562366
0.835801,1.562366
0.851531,1.562357
0.855618,1.562357
0.871652,1.562343
0.875613,1.562343
0.891638,1.562340
0.895722,1.562340
0.911716,1.562340
0.915637,1.562340
0.931474,1.562363
0.935758,1.562363
0.951491,1.562352
0.955635,1.562352
0.971468,1.562336
0.975605,1.562336
0.991469,1.562354
0.995667,1.562354
1.011651,1.562348
1.015817,1.562348
1.031602,1.562386
1.035703,1.562386
1.051623,1.562368
1.055618,1.562368
1.071535,1.562374
1.075754,1.562374
1.091582,1.562361
1.095712,1.562361
1.111561,1.562373
1.115656,1.562373
1.131527,1.562348
1.135784,1.562348
1.151563,1.562362
1.155655,1.562362
1.171418,1.562363
1.175632,1.562363
1.191482,1.562367
1.195736,1.562367
1.211483,1.562325
1.215767,1.562325
1.231607,1.562342
1.235739,1.562342
1.251421,1.562352
1.255705,1.562352
1.271475,1.562322
1.275734,1.562322
1.291629,1.562324
1.295681,1.562324
1.311541,1.562334
1.315756,1.562334
1.331450,1.562289
1.335690,1.562289
1.351691,1.562309
1.355674,1.562309
1.371469,1.562379
1.375566,1.562379
1.391432,1.562394
1.395675,1.562394
1.411569,1.562376
1.415679,1.562376
1.431454,1.562349
1.435650,1.562349
1.451514,1.562374
1.455658,1.562374
1.471484,1.562282
1.475639,1.562282
1.491521,1.562385
1.495743,1.562385
1.511583,1.562369
1.515733,1.562369
1.531578,1.562308
1.535699,1.562308
1.551478,1.562346
1.555668,1.562346
1.571511,1.562203
1.575755,1.562203
1.591491,1.562091
1.595675,1.562091
1.611511,1.562103
1.615617,1.562103
1.631405,1.561971
1.635657,1.561971
1.651405,1.561914
1.655729,1.561914
1.671551,1.561970
1.675601,1.561970
1.691440,1.561856
1.695644,1.561856
1.711629,1.561838
1.715756,1.561838
1.731509,1.561933
1.735741,1.561933
1.751466,1.561851
1.755734,1.561851
1.771512,1.561906
1.775779,1.561906
1.791508,1.561943
1.795711,1.561943
1.811665,1.561821
1.816090,1.561821
1.831559,1.561812
1.835786,1.561812
1.851455,1.561754
1.855668,1.561754
1.871551,1.561612
1.875677,1.561612
1.891542,1.561552
1.895754,1.561552
1.911616,1.561521
1.915741,1.561521
1.931447,1.561364
1.935622,1.561364
1.951598,1.561338
1.955666,1.561338
1.971478,1.561350
1.975700,1.561350
1.991518,1.561227
1.995689,1.561227
2.011486,1.561296
2.015821,1.561296
2.031384,1.561220
2.035722,1.561220
2.051539,1.561163
2.055735,1.561163
2.071663,1.561182
2.075759,1.561182
2.091548,1.561056
2.095671,1.561056
2.111530,1.561039
2.115732,1.561039
2.131555,1.560954
2.135692,1.560954
2.151521,1.560858
2.155675,1.560858
2.171493,1.560759
2.175669,1.560759
2.191564,1.560733
2.195623,1.560733
2.211524,1.560660
2.215743,1.560660
2.231629,1.560587
2.235780,1.560587
2.251438,1.560590
2.255662,1.560590
2.271640,1.560417
2.275556,1.560417
2.291436,1.560441
2.295575,1.560441
2.311477,1.560397
2.315637,1.560397
2.331459,1.560249
2.335670,1.560249
2.351507,1.560265
2.355584,1.560265
2.371527,1.560134
2.375774,1.560134
2.391458,1.560055
2.395791,1.560055
2.411478,1.559998
2.415727,1.559998
2.431540,1.559816
2.435645,1.559816
2.451441,1.559799
2.455656,1.559799
2.471476,1.559608
2.475899,1.559608
2.491490,1.559481
2.495767,1.559481
2.511507,1.559443
2.515750,1.559443
2.531520,1.559265
2.535657,1.559265
2.551406,1.559266
2.555609,1.559266
2.571594,1.559185
2.575648,1.559185
2.591539,1.559032
2.595606,1.559032
2.611514,1.558956
2.615742,1.558956
2.631516,1.558839
2.635607,1.558839
2.651477,1.558773
2.655625,1.558773
2.671504,1.558615
2.675529,1.558615
2.691483,1.558545
2.695841,1.558545
2.711474,1.558435
2.715671,1.558435
2.731510,1.558288
2.735707,1.558288
2.751426,1.558250
2.755712,1.558250
2.771500,1.558022
2.775679,1.558022
2.791441,1.557931
2.795627,1.557931
2.811641,1.557835
2.815638,1.557835
2.832155,1.557614
2.836173,1.557614
2.851564,1.557606
2.855947,1.557606
2.871681,1.557354
2.875740,1.557354
2.891625,1.557288
2.895545,1.557288
2.911520,1.557143
2.915828,1.557143
2.931559,1.556950
2.935745,1.556950
2.951628,1.556879
2.955682,1.556879
2.971535,1.556653
2.975728,1.556653
2.991491,1.556542
2.995642,1.556542
3.011616,1.556304
3.015812,1.556304
3.031597,1.556201
3.035646,1.556201
3.051515,1.555983
3.055624,1.555983
3.071534,1.555904
3.075777,1.555904
3.091354,1.555687
3.095720,1.555687
3.111463,1.555637
3.115721,1.555637
3.131466,1.555462
3.135649,1.555462
3.151587,1.555374
3.155770,1.555374
3.171555,1.555228
3.175758,1.555228
3.191675,1.555179
3.195637,1.555179
3.211590,1.555054
3.215675,1.555054
3.231528,1.554972
3.235629,1.554972
3.252050,1.554866
3.256065,1.554866
3.272161,1.554772
3.276153,1.554772
3.291635,1.554654
3.295644,1.554654
3.311556,1.554563
3.315773,1.554563
3.331460,1.554434
3.335649,1.554434
3.351438,1.554322
3.355639,1.554322
3.371603,1.554235
3.375613,1.554235
3.391555,1.554152
3.395694,1.554152
3.411534,1.554026
3.415781,1.554026
3.431569,1.554021
3.435686,1.554021
3.451543,1.553879
3.455678,1.553879
3.471539,1.553875
3.475718,1.553875
3.491500,1.553731
3.495716,1.553731
3.511601,1.553643
3.515654,1.553643
3.531481,1.553505
3.535670,1.553505
3.551568,1.553353
3.555802,1.553353
3.571391,1.553207
3.575636,1.553207
3.591466,1.553019
3.595715,1.553019
3.611434,1.552856
3.615683,1.552856
3.631528,1.552711
3.635591,1.552711
3.651537,1.552563
3.655645,1.552563
3.671497,1.552435
3.675630,1.552435
3.691385,1.552377
3.695682,1.552377
3.711536,1.552296
3.715641,1.552296
3.731513,1.552236
3.735642,1.552236
3.751581,1.552156
3.755736,1.552156
3.771578,1.552012
3.775813,1.552012
3.791394,1.551948
3.795549,1.551948
3.811612,1.551781
3.815670,1.551781
3.831588,1.551678
3.835759,1.551678
3.851453,1.551538
3.855597,1.551538
3.871510,1.551383
3.875796,1.551383
3.891513,1.551266
3.895608,1.551266
3.911571,1.551045
3.915609,1.551045
3.931669,1.550916
3.935658,1.550916
3.952056,1.550747
3.955952,1.550747
3.971580,1.550591
3.975733,1.550591
3.991592,1.550500
3.995705,1.550500
4.011586,1.550348
4.015654,1.550348
4.031407,1.550298
4.035705,1.550298
4.051521,1.550234
4.055707,1.550234
4.071507,1.550167
4.075624,1.550167
4.091472,1.550099
4.095580,1.550099
4.111520,1.549967
4.115707,1.549967
4.131553,1.549896
4.135658,1.549896
4.151549,1.549800
4.155657,1.549800
4.171608,1.549623
4.175685,1.549623
4.191595,1.549538
4.195661,1.549538
4.211564,1.549332
4.215608,1.549332
4.231466,1.549129
4.235564,1.549129
4.251518,1.549068
4.255587,1.549068
4.271487,1.548801
4.275650,1.548801
4.291549,1.548711
4.295662,1.548711
4.311603,1.548630
4.315610,1.548630
4.331509,1.548507
4.335615,1.548507
4.351500,1.548542
4.355675,1.548542
4.371613,1.548460
4.375701,1.548460
4.391547,1.548403
4.395739,1.548403
4.411464,1.548458
4.415695,1.548458
4.431441,1.548351
4.435770,1.548351
4.451511,1.548280
4.455682,1.548280
4.471529,1.548273
4.475719,1.548273
4.491517,1.548112
4.495693,1.548112
4.511614,1.547998
4.515714,1.547998
4.531508,1.547877
4.535711,1.547877
4.551515,1.547745
4.555622,1.547745
4.571527,1.547660
4.575573,1.547660
4.591494,1.547563
4.595692,1.547563
4.611558,1.547425
4.615651,1.547425
4.631529,1.547351
4.635725,1.547351
4.651551,1.547272
4.655540,1.547272
4.671610,1.547211
4.675647,1.547211
4.691617,1.547250
4.695700,1.547250
4.711544,1.547223
4.715682,1.547223
4.731488,1.547200
4.735648,1.547200
4.751644,1.547251
4.755606,1.547251
4.771548,1.547093
4.775674,1.547093
4.791471,1.546993
4.795558,1.546993
4.811457,1.546925
4.815592,1.546925
4.831543,1.546782
4.835725,1.546782
4.851558,1.546712
4.855723,1.546712
4.871587,1.546607
4.875656,1.546607
4.891586,1.546514
4.895732,1.546514
4.911637,1.546434
4.915705,1.546434
4.931560,1.546353
4.935706,1.546353
4.951586,1.546299
4.955746,1.546299
4.971463,1.546215
4.975657,1.546215
4.991548,1.546172
4.995708,1.546172
5.011458,1.546121
5.015759,1.546121
5.031558,1.546010
5.035789,1.546010
5.051505,1.545951
5.055607,1.545951
5.071476,1.545823
5.075674,1.545823
5.091614,1.545794
5.095673,1.545794
5.111579,1.545658
5.115685,1.545658
5.131465,1.545581
5.135657,1.545581
5.151444,1.545497
5.155837,1.545497
5.171547,1.545385
5.175813,1.545385
5.191486,1.545297
5.195654,1.545297
5.211486,1.545158
5.215663,1.545158
5.231631,1.545031
5.235602,1.545031
5.251628,1.544998
5.255635,1.544998
5.271509,1.544943
5.275496,1.544943
5.291582,1.544920
5.295596,1.544920
5.311450,1.544940
5.315684,1.544940
5.331442,1.544931
5.335741,1.544931
5.351608,1.544935
5.355686,1.544935
5.371622,1.544968
5.375665,1.544968
5.391382,1.544992
5.395660,1.544992
5.411632,1.545072
5.415706,1.545072
5.431542,1.545079
5.435699,1.545079
5.451653,1.545068
5.455665,1.545068
5.471515,1.545063
5.475855,1.545063
5.491512,1.545067
5.495731,1.545067
5.511511,1.545105
5.515667,1.545105
5.531533,1.545130
5.535662,1.545130
5.551518,1.545224
5.555648,1.545224
5.571497,1.545362
5.575626,1.545362
5.591577,1.545400
5.595609,1.545400
5.611553,1.545578
5.615666,1.545578
5.631551,1.545668
5.635657,1.545668
5.651516,1.545745
5.655655,1.545745
5.671540,1.545835
5.675684,1.545835
5.691448,1.545943
5.695683,1.545943
5.711569,1.546047
5.715739,1.546047
5.731582,1.545970
5.735620,1.545970
5.751521,1.545973
5.755805,1.545973
5.771494,1.546055
5.775739,1.546055
5.791543,1.546041
5.795729,1.546041
5.811522,1.546147
5.815621,1.546147
5.831447,1.546227
5.835672,1.546227
5.851490,1.546278
5.855661,1.546278
5.871564,1.546420
5.875618,1.546420
5.891486,1.546562
5.895601,1.546562
5.911714,1.546659
5.915636,1.546659
5.931530,1.546823
5.935688,1.546823
5.951586,1.546894
5.955753,1.546894
5.971518,1.546964
5.975652,1.546964
5.991449,1.547021
5.995650,1.547021
6.011515,1.547043
6.015582,1.547043
6.031491,1.547149
6.035737,1.547149
6.051550,1.547245
6.055699,1.547245
6.071515,1.547283
6.075720,1.547283
6.091639,1.547419
6.095729,1.547419
6.111476,1.547470
6.115689,1.547470
6.131462,1.547564
6.135601,1.547564
6.151446,1.547703
6.155626,1.547703
6.171681,1.547749
6.175654,1.547749
6.191485,1.547884
6.195700,1.547884
6.211530,1.548033
6.215641,1.548033
6.231534,1.548062
6.235717,1.548062
6.251522,1.548109
6.255667,1.548109
6.271556,1.548128
6.275618,1.548128
6.291548,1.548201
6.295637,1.548201
6.311642,1.548239
6.315608,1.548239
6.331587,1.548325
6.335671,1.548325
6.351589,1.548518
6.355636,1.548518
6.371558,1.548568
6.375722,1.548568
6.391515,1.548605
6.395729,1.548605
6.411548,1.548739
6.415685,1.548739
6.431530,1.548877
6.435665,1.548877
6.451586,1.548904
6.455593,1.548904
6.471616,1.549153
6.475652,1.549153
6.491498,1.549217
6.495621,1.549217
6.511452,1.549321
6.515615,1.549321
6.531496,1.549462
6.535704,1.549462
6.551464,1.549532
6.555773,1.549532
6.571500,1.549647
6.575738,1.549647
6.591506,1.549759
6.595914,1.549759
6.611669,1.549804
6.615934,1.549804
6.631456,1.549898
6.635621,1.549898
6.651480,1.549956
6.655684,1.549956
6.671685,1.550002
6.675583,1.550002
6.691484,1.550132
6.695599,1.550132
6.711481,1.550130
6.715658,1.550130
6.731452,1.550233
6.735755,1.550233
6.751545,1.550323
6.755763,1.550323
6.771546,1.550346
6.775799,1.550346
6.791547,1.550502
6.795529,1.550502
6.811500,1.550624
6.815648,1.550624
6.831487,1.550682
6.835798,1.550682
6.851663,1.550839
6.855699,1.550839
6.871480,1.550899
6.875667,1.550899
6.891475,1.551017
6.895612,1.551017
6.911392,1.551161
6.915621,1.551161
6.931491,1.551185
6.935754,1.551185
6.951423,1.551356
6.955690,1.551356
6.971516,1.551448
6.975665,1.551448
6.991576,1.551514
6.995712,1.551514
7.011525,1.551642
7.015748,1.551642
7.031535,1.551718
7.035754,1.551718
7.051505,1.551782
7.055581,1.551782
7.071451,1.551883
7.075719,1.551883
7.091430,1.551919
7.095630,1.551919
7.111513,1.551977
7.115744,1.551977
7.131562,1.552095
7.135726,1.552095
7.151609,1.552134
7.155653,1.552134
7.171451,1.552219
7.175725,1.552219
7.191475,1.552309
7.195636,1.552309
7.211663,1.552445
7.215655,1.552445
7.231572,1.552671
7.235695,1.552671
7.251692,1.552946
7.255822,1.552946
7.271548,1.553248
7.275668,1.553248
7.291609,1.553511
7.295652,1.553511
7.311506,1.553881
7.315681,1.553881
7.331539,1.554274
7.335742,1.554274
7.351573,1.554552
7.355603,1.554552
7.371535,1.554890
7.375728,1.554890
7.391439,1.555193
7.395709,1.555193
7.411415,1.555476
7.415649,1.555476
7.431781,1.555827
7.435784,1.555827
7.451543,1.556132
7.455713,1.556132
7.471647,1.556423
7.475687,1.556423
7.491558,1.556773
7.495586,1.556773
7.511541,1.557101
7.515649,1.557101
7.531459,1.557477
7.535687,1.557477
7.551631,1.557718
7.555636,1.557718
7.571412,1.558103
7.575671,1.558103
7.591482,1.558369
7.595637,1.558369
7.611540,1.558591
7.615689,1.558591
7.631504,1.559017
7.635782,1.559017
7.651615,1.559302
7.655719,1.559302
7.671505,1.559643
7.675633,1.559643
7.691537,1.559961
7.695740,1.559961
7.711536,1.560283
7.715742,1.560283
7.731503,1.560565
7.735641,1.560565
7.751539,1.560950
7.755614,1.560950
7.771625,1.561273
7.775755,1.561273
7.791501,1.561636
7.795673,1.561636
7.811510,1.562016
7.815616,1.562016
7.831576,1.562381
7.835659,1.562381
7.851510,1.562743
7.855663,1.562743
7.871534,1.563067
7.875698,1.563067
7.891559,1.563394
7.895687,1.563394
7.911582,1.563689
7.915867,1.563689
7.931492,1.563969
7.935647,1.563969
7.951478,1.564229
7.955573,1.564229
7.971494,1.564474
7.975672,1.564474
7.991669,1.564539
7.995695,1.564539
8.011702,1.564768
8.015891,1.564768
8.031528,1.564935
8.035777,1.564935
8.051448,1.565148
8.055697,1.565148
8.071589,1.565290
8.075602,1.565290
8.091587,1.565526
8.095665,1.565526
8.111656,1.565724
8.115941,1.565724
8.131626,1.565921
8.136003,1.565921
8.151523,1.566082
8.155633,1.566082
8.171649,1.566354
8.175717,1.566354
8.191548,1.566446
8.195581,1.566446
8.211406,1.566641
8.215759,1.566641
8.231563,1.566883
8.235685,1.566883
8.251443,1.566992
8.255671,1.566992
8.271454,1.567155
8.275720,1.567155
8.291537,1.567226
8.295645,1.567226
8.311452,1.567484
8.315668,1.567484
8.331501,1.567580
8.335755,1.567580
8.351476,1.567673
8.355538,1.567673
8.371568,1.567910
8.375719,1.567910
8.391544,1.568028
8.395658,1.568028
8.411479,1.568224
8.415677,1.568224
8.431719,1.568404
8.435715,1.568404
8.451582,1.568572
8.455628,1.568572
8.471435,1.568764
8.475705,1.568764
8.491379,1.568947
8.495598,1.568947
8.511470,1.569216
8.515816,1.569216
8.531582,1.569469
8.535711,1.569469
8.551365,1.569750
8.555616,1.569750
8.571639,1.570082
8.575628,1.570082
8.591509,1.570364
8.595706,1.570364
8.611637,1.570584
8.615671,1.570584
8.631554,1.570820
8.635700,1.570820
8.651476,1.570968
8.655614,1.570968
8.671493,1.571116
8.675660,1.571116
8.691460,1.571227
8.695685,1.571227
8.711605,1.571340
8.715734,1.571340
8.731617,1.571433
8.735678,1.571433
8.751501,1.571596
8.755651,1.571596
8.771544,1.571757
8.775726,1.571757
8.791528,1.571843
8.795783,1.571843
8.811489,1.571996
8.815649,1.571996
8.831402,1.572195
8.836131,1.572195
8.851564,1.572379
8.855633,1.572379
8.871626,1.572571
8.875642,1.572571
8.891454,1.572746
8.895639,1.572746
8.911537,1.572915
8.915659,1.572915
8.931480,1.573075
8.935646,1.573075
8.951593,1.573208
8.955732,1.573208
8.971415,1.573347
8.975655,1.573347
8.991650,1.573422
8.995615,1.573422
9.011522,1.573577
9.015703,1.573577
9.031397,1.573550
9.035734,1.573550
9.051459,1.573569
9.055847,1.573569
9.071493,1.573646
9.075584,1.573646
9.091512,1.573733
9.095735,1.573733
9.111557,1.573740
9.115814,1.573740
9.131588,1.573837
9.135800,1.573837
9.151622,1.573984
9.155735,1.573984
9.171522,1.574034
9.175815,1.574034
9.191612,1.574253
9.195678,1.574253
9.211617,1.574399
9.215708,1.574399
9.231536,1.574454
9.235719,1.574454
9.251546,1.574508
9.255819,1.574508
9.271523,1.574533
9.275785,1.574533
9.292213,1.574476
9.296671,1.574476
9.311733,1.574531
9.315885,1.574531
9.331614,1.574483
9.335649,1.574483
9.351575,1.574450
9.355725,1.574450
9.371444,1.574473
9.375576,1.574473
9.391436,1.574375
9.395708,1.574375
9.411493,1.574386
9.415716,1.574386
9.431462,1.574391
9.435631,1.574391
9.451558,1.574440
9.455666,1.574440
9.471462,1.574386
9.475796,1.574386
9.491542,1.574394
9.495674,1.574394
9.511672,1.574386
9.515631,1.574386
9.531589,1.574372
9.535747,1.574372
9.551485,1.574355
9.555802,1.574355
9.571542,1.574388
9.575809,1.574388
9.591587,1.574336
9.595667,1.574336
9.611583,1.574340
9.615631,1.574340
9.631525,1.574261
9.635881,1.574261
9.651517,1.574164
9.655633,1.574164
9.671602,1.574050
9.675646,1.574050
9.691547,1.573925
9.695657,1.573925
9.711511,1.573951
9.715629,1.573951
9.731497,1.573843
9.735658,1.573843
9.751462,1.573749
9.755674,1.573749
9.771433,1.573637
9.775668,1.573637
9.791578,1.573569
9.795691,1.573569
9.811583,1.573651
9.815777,1.573651
9.831596,1.573528
9.835653,1.573528
9.851599,1.573511
9.855737,1.573511
9.871582,1.573626
9.875700,1.573626
9.891589,1.573535
9.895719,1.573535
9.911607,1.573489
9.915755,1.573489
9.931402,1.573521
9.935746,1.573521
9.951465,1.573380
9.955705,1.573380
9.971611,1.573339
9.975699,1.573339
9.991587,1.573212
9.995658,1.573212
10.011482,1.573127
10.015766,1.573127
10.031519,1.573000
10.035580,1.573000
10.051459,1.572978
10.055600,1.572978
10.071549,1.572958
10.075647,1.572958
10.091559,1.572900
10.095679,1.572900
10.111521,1.572928
10.115724,1.572928
10.131573,1.572772
10.135580,1.572772
10.151464,1.572749
10.155726,1.572749
10.171579,1.572734
10.175708,1.572734
10.191566,1.572617
10.195675,1.572617
10.211584,1.572615
10.215690,1.572615
10.231602,1.572425
10.235683,1.572425
10.251485,1.572385
10.255629,1.572385
10.271491,1.572342
10.275671,1.572342
10.291584,1.572198
10.295657,1.572198
10.311511,1.572135
10.315667,1.572135
10.331658,1.572163
10.335637,1.572163
10.351451,1.572123
10.355706,1.572123
10.371622,1.572125
10.375660,1.572125
10.391671,1.572117
10.395729,1.572117
10.411554,1.572133
10.415627,1.572133
10.431571,1.572067
10.435702,1.572067
10.451562,1.571958
10.455804,1.571958
10.471535,1.572057
10.475591,1.572057
10.491507,1.571909
10.495559,1.571909
10.511427,1.571642
10.515686,1.571642
10.531598,1.571707
10.535843,1.571707
10.551533,1.571598
10.555677,1.571598
10.571897,1.571423
10.576109,1.571423
10.591664,1.571374
10.595750,1.571374
10.611543,1.571322
10.616083,1.571322
10.631805,1.571084
10.635690,1.571084
10.651508,1.570989
10.655672,1.570989
10.671754,1.570859
10.675550,1.570859
10.691717,1.570873
10.695641,1.570873
10.711619,1.570799
10.715679,1.570799
10.731579,1.570673
10.735615,1.570673
10.751493,1.570549
10.755632,1.570549
10.771471,1.570291
10.775592,1.570291
10.791474,1.570099
10.795625,1.570099
10.811555,1.569898
10.815758,1.569898
10.831450,1.569588
10.835705,1.569588
10.851557,1.569326
10.855639,1.569326
10.871571,1.568986
10.875673,1.568986
10.891432,1.568630
10.895529,1.568630
10.911538,1.568265
10.915765,1.568265
10.931520,1.567878
10.935734,1.567878
10.951448,1.567668
10.955657,1.567668
10.971431,1.567145
10.975596,1.567145
10.991508,1.566785
10.995610,1.566785
11.011587,1.566389
11.015708,1.566389
11.031595,1.565637
11.035668,1.565637
11.051452,1.565310
11.055697,1.565310
11.071550,1.565008
11.075766,1.565008
11.091424,1.564327
11.095813,1.564327
11.111389,1.563916
11.115634,1.563916
11.131565,1.563533
11.135711,1.563533
11.151676,1.563045
11.155600,1.563045
11.171510,1.562618
11.175763,1.562618
11.191597,1.562231
11.195745,1.562231
11.211673,1.561762
11.215724,1.561762
11.231517,1.561338
11.235698,1.561338
11.251556,1.560831
11.255723,1.560831
11.271530,1.560270
11.275666,1.560270
11.291528,1.559795
11.295686,1.559795
11.311540,1.559294
11.315765,1.559294
11.331502,1.558758
11.335796,1.558758
11.351584,1.558343
11.355670,1.558343
11.371495,1.557936
11.375618,1.557936
11.391490,1.557455
11.395617,1.557455
11.411451,1.557088
11.415722,1.557088
11.431544,1.556752
11.435719,1.556752
11.451568,1.556342
11.455678,1.556342
11.471673,1.555983
11.475590,1.555983
11.491443,1.555594
11.495690,1.555594
11.511463,1.555169
11.515711,1.555169
11.531585,1.554769
11.535685,1.554769
11.551512,1.554373
11.555748,1.554373
11.571455,1.553924
11.575675,1.553924
11.591475,1.553498
11.595663,1.553498
11.611486,1.553189
11.615799,1.553189
11.631564,1.552723
11.635844,1.552723
11.651428,1.552359
11.655657,1.552359
11.671553,1.552065
11.675716,1.552065
11.691522,1.551707
11.695643,1.551707
11.711623,1.551365
11.715635,1.551365
11.731444,1.550897
11.735717,1.550897
11.751612,1.550520
11.755749,1.550520
11.771511,1.550188
11.775619,1.550188
11.791510,1.549836
11.795578,1.549836
11.811484,1.549564
11.815780,1.549564
11.831611,1.549389
11.835618,1.549389
11.852067,1.549203
11.855966,1.549203
11.871545,1.549075
11.875709,1.549075
11.891621,1.549051
11.895614,1.549051
11.911551,1.548996
11.915665,1.548996
11.931529,1.548975
11.935667,1.548975
11.951565,1.548972
11.955612,1.548972
11.971559,1.549064
11.975650,1.549064
11.991467,1.549061
11.995777,1.549061
12.011425,1.549161
12.015707,1.549161
12.031419,1.549341
12.035741,1.549341
12.051560,1.549661
12.055720,1.549661
12.071577,1.549811
12.075642,1.549811
12.091528,1.549935
12.095646,1.549935
12.111549,1.550133
12.115691,1.550133
12.131546,1.550192
12.135705,1.550192
12.151598,1.550282
12.155772,1.550282
12.171501,1.550329
12.175717,1.550329
12.191514,1.550430
12.195759,1.550430
12.211446,1.550400
12.215713,1.550400
12.231460,1.550460
12.235641,1.550460
12.251660,1.550420
12.255801,1.550420
12.271471,1.550478
12.275715,1.550478
12.291609,1.550523
12.295824,1.550523
12.311569,1.550521
12.315685,1.550521
12.331509,1.550529
12.335604,1.550529
12.351583,1.550481
12.355689,1.550481
12.371471,1.550355
12.375727,1.550355
12.391551,1.550416
12.395749,1.550416
12.411461,1.550436
12.415747,1.550436
12.431576,1.550442
12.435694,1.550442
12.451591,1.550445
12.455675,1.550445
12.471456,1.550507
12.475725,1.550507
12.491385,1.550539
12.495583,1.550539
12.511474,1.550590
12.515608,1.550590
12.531523,1.550620
12.535691,1.550620
12.551591,1.550741
12.555708,1.550741
12.571539,1.550837
12.575694,1.550837
12.591527,1.550952
12.595742,1.550952
12.611540,1.551148
12.615608,1.551148
12.631544,1.551322
12.635740,1.551322
12.651417,1.551484
12.655661,1.551484
12.671508,1.551637
12.675717,1.551637
12.691479,1.551854
12.695761,1.551854
12.711678,1.552006
12.715653,1.552006
12.731558,1.552223
12.735609,1.552223
12.751574,1.552387
12.755679,1.552387
12.771609,1.552570
12.775721,1.552570
12.791606,1.552808
12.795611,1.552808
12.811458,1.552966
12.815737,1.552966
12.831496,1.553256
12.835731,1.553256
12.851418,1.553454
12.855671,1.553454
12.871595,1.553601
12.875612,1.553601
12.891593,1.553797
12.895728,1.553797
12.911521,1.553968
12.915778,1.553968
12.931591,1.554033
12.935742,1.554033
12.951497,1.554150
12.955652,1.554150
12.971535,1.554225
12.975536,1.554225
12.991580,1.554323
12.995732,1.554323
13.011464,1.554313
13.015861,1.554313
13.031538,1.554374
13.035652,1.554374
13.051545,1.554448
13.055716,1.554448
13.071517,1.554464
13.075574,1.554464
13.091547,1.554444
13.095607,1.554444
13.111563,1.554446
13.115717,1.554446
13.131417,1.554450
13.135629,1.554450
13.151550,1.554370
13.155774,1.554370
13.171487,1.554330
13.175644,1.554330
13.191603,1.554249
13.195676,1.554249
13.211529,1.554118
13.215636,1.554118
13.231576,1.554075
13.235625,1.554075
13.251443,1.554030
13.255622,1.554030
13.271492,1.553885
13.275636,1.553885
13.291498,1.553810
13.295626,1.553810
13.311470,1.553702
13.315761,1.553702
13.331522,1.553592
13.335613,1.553592
13.351515,1.553535
13.355625,1.553535
13.371548,1.553459
13.375707,1.553459
13.391494,1.553330
13.395579,1.553330
13.411430,1.553383
13.415745,1.553383
13.431461,1.553476
13.435698,1.553476
13.451539,1.553454
13.455661,1.553454
13.471502,1.553516
13.475723,1.553516
13.491357,1.553566
13.495726,1.553566
13.511522,1.553598
13.515736,1.553598
13.531594,1.553741
13.535616,1.553741
13.551505,1.553751
13.555740,1.553751
13.571579,1.553820
13.575688,1.553820
13.591512,1.553840
13.595650,1.553840
13.611584,1.553853
13.615593,1.553853
13.631425,1.554106
13.635696,1.554106
13.651511,1.553990
13.655746,1.553990
13.671461,1.554194
13.675743,1.554194
13.691467,1.554254
13.695725,1.554254
13.711538,1.554145
13.715516,1.554145
13.731642,1.554181
13.735745,1.554181
13.751576,1.554162
13.755688,1.554162
13.771539,1.554123
13.775506,1.554123
13.791563,1.554098
13.795667,1.554098
13.812327,1.554026
13.816342,1.554026
13.831753,1.554113
13.835727,1.554113
13.851523,1.554140
13.855688,1.554140
13.871543,1.554131
13.875697,1.554131
13.891562,1.554118
13.895641,1.554118
13.911474,1.554173
13.915661,1.554173
13.931434,1.554175
13.935691,1.554175
13.951485,1.554256
13.955788,1.554256
13.971559,1.554312
13.975737,1.554312
13.991596,1.554275
13.995595,1.554275
14.011549,1.554404
14.015845,1.554404
14.031482,1.554538
14.035759,1.554538
14.051512,1.554667
14.055688,1.554667
14.071500,1.554861
14.075822,1.554861
14.091567,1.554915
14.095732,1.554915
14.111519,1.554945
14.115649,1.554945
14.131535,1.555042
14.135655,1.555042
14.151628,1.555180
14.155795,1.555180
14.171488,1.555259
14.175617,1.555259
14.191452,1.555337
14.195750,1.555337
14.211550,1.555547
14.215682,1.555547
14.231559,1.555684
14.235697,1.555684
14.251560,1.555750
14.255728,1.555750
14.271497,1.555942
14.275629,1.555942
14.291419,1.556034
14.295631,1.556034
14.311508,1.556177
14.315640,1.556177
14.331472,1.556282
14.335746,1.556282
14.351553,1.556342
14.355669,1.556342
14.371590,1.556455
14.375675,1.556455
14.391565,1.556430
14.395715,1.556430
14.411484,1.556651
14.415632,1.556651
14.431519,1.556754
14.435725,1.556754
14.451543,1.556841
14.455690,1.556841
14.471475,1.557014
14.475724,1.557014
14.491571,1.557081
14.495727,1.557081
14.511414,1.557126
14.515748,1.557126
14.531610,1.557226
14.535645,1.557226
14.551555,1.557195
14.555564,1.557195
14.571496,1.557173
14.575664,1.557173
14.591446,1.557230
14.595672,1.557230
14.611490,1.557218
14.615736,1.557218
14.631494,1.557293
14.635620,1.557293
14.651596,1.557353
14.655659,1.557353
14.672254,1.557373
14.676606,1.557373
14.691873,1.557446
14.695794,1.557446
14.711646,1.557515
14.715716,1.557515
14.731514,1.557557
14.735644,1.557557
14.751579,1.557511
14.755753,1.557511
14.771544,1.557538
14.775684,1.557538
14.791484,1.557586
14.795574,1.557586
14.811580,1.557572
14.815638,1.557572
14.831515,1.557592
14.835636,1.557592
14.851596,1.557713
14.855708,1.557713
14.871541,1.557691
14.875674,1.557691
14.891455,1.557627
14.895653,1.557627
14.911482,1.557695
14.915771,1.557695
14.931483,1.557639
14.935647,1.557639
14.951647,1.557474
14.955614,1.557474
14.971410,1.557481
14.975607,1.557481
14.991480,1.557450
14.995565,1.557450
15.011540,1.557463
15.015800,1.557463
15.031610,1.557540
15.035626,1.557540
15.051623,1.557515
15.055619,1.557515
15.071439,1.557483
15.075709,1.557483
15.091542,1.557550
15.095634,1.557550
15.111498,1.557480
15.115589,1.557480
15.131518,1.557388
15.135694,1.557388
15.151596,1.557452
15.155671,1.557452
15.171568,1.557403
15.175679,1.557403
15.191468,1.557417
15.195642,1.557417
15.211650,1.557600
15.215695,1.557600
15.231467,1.557516
15.235678,1.557516
15.251546,1.557532
15.255652,1.557532
15.271559,1.557655
15.275675,1.557655
15.291548,1.557585
15.295675,1.557585
15.311531,1.557486
15.315588,1.557486
15.331457,1.557536
15.335779,1.557536
15.351511,1.557546
15.355606,1.557546
15.371497,1.557404
15.375662,1.557404
15.391488,1.557496
15.395623,1.557496
15.411671,1.557558
15.415576,1.557558
15.431509,1.557450
15.435637,1.557450
15.451602,1.557483
15.455737,1.557483
15.471493,1.557404
15.475696,1.557404
15.491528,1.557346
15.495656,1.557346
15.511464,1.557355
15.516052,1.557355
15.531552,1.557324
15.535726,1.557324
15.551463,1.557323
15.555787,1.557323
15.571478,1.557414
15.575687,1.557414
15.591483,1.557498
15.595692,1.557498
15.611598,1.557497
15.615650,1.557497
15.631546,1.557583
15.635722,1.557583
15.651487,1.557574
15.655716,1.557574
15.671451,1.557603
15.675682,1.557603
15.691711,1.557503
15.695636,1.557503
15.711441,1.557481
15.715672,1.557481
15.731528,1.557578
15.735776,1.557578
15.751499,1.557559
15.755641,1.557559
15.771555,1.557673
15.775777,1.557673
15.791575,1.557683
15.795577,1.557683
15.811464,1.557752
15.815724,1.557752
15.831558,1.557680
15.835702,1.557680
15.851455,1.557703
15.855669,1.557703
15.871578,1.557671
15.875655,1.557671
15.891457,1.557669
15.895728,1.557669
15.911469,1.557712
15.915698,1.557712
15.931524,1.557727
15.935664,1.557727
15.951524,1.557890
15.955561,1.557890
15.971554,1.557985
15.975695,1.557985
15.991538,1.557911
15.995668,1.557911
16.011558,1.557930
16.015691,1.557930
16.031531,1.557878
16.035750,1.557878
16.051426,1.557841
16.055732,1.557841
16.071508,1.557916
16.075734,1.557916
16.091559,1.557954
16.095734,1.557954
16.111482,1.557901
16.115651,1.557901
16.131588,1.558096
16.135836,1.558096
16.151617,1.558164
16.155700,1.558164
16.171493,1.558234
16.175652,1.558234
16.191396,1.558366
16.195746,1.558366
16.211876,1.558274
16.216253,1.558274
16.231799,1.558346
16.235915,1.558346
16.252038,1.558428
16.255705,1.558428
16.271444,1.558543
16.275585,1.558543
16.291633,1.558658
16.295666,1.558658
16.311401,1.558826
16.315649,1.558826
16.331545,1.558867
16.335703,1.558867
16.351562,1.558949
16.355742,1.558949
16.371529,1.559066
16.375730,1.559066
16.391502,1.558993
16.395657,1.558993
16.411517,1.559129
16.415760,1.559129
16.431591,1.559112
16.435659,1.559112
16.451593,1.559128
16.455677,1.559128
16.471584,1.559215
16.475714,1.559215
16.491514,1.559144
16.495628,1.559144
16.511520,1.559247
16.515629,1.559247
16.531555,1.559284
16.535701,1.559284
16.551537,1.559423
16.555687,1.559423
16.571398,1.559395
16.575673,1.559395
16.591472,1.559436
16.595624,1.559436
16.611623,1.559487
16.615658,1.559487
16.631557,1.559536
16.635695,1.559536
16.651503,1.559612
16.655798,1.559612
16.671540,1.559699
16.675735,1.559699
16.691525,1.559883
16.695595,1.559883
16.711545,1.559918
16.715799,1.559918
16.731549,1.560105
16.735700,1.560105
16.751471,1.560163
16.755827,1.560163
16.771502,1.560196
16.775668,1.560196
16.791503,1.560314
16.795769,1.560314
16.811569,1.560447
16.815550,1.560447
16.831543,1.560509
16.835675,1.560509
16.851558,1.560649
16.855609,1.560649
16.871472,1.560787
16.875638,1.560787
16.891581,1.560870
16.895768,1.560870
16.911525,1.561077
16.915738,1.561077
16.931511,1.561067
16.935676,1.561067
16.951611,1.561055
16.955647,1.561055
16.971576,1.561197
16.975583,1.561197
16.991474,1.561201
16.995714,1.561201
17.011500,1.561245
17.015617,1.561245
17.031513,1.561365
17.035672,1.561365
17.051452,1.561384
17.055603,1.561384
17.071486,1.561453
17.075644,1.561453
17.091580,1.561521
17.095591,1.561521
17.111536,1.561468
17.115638,1.561468
17.131466,1.561469
17.135713,1.561469
17.151506,1.561507
17.155768,1.561507
17.171420,1.561529
17.175732,1.561529
17.191370,1.561489
17.195724,1.561489
17.211554,1.561681
17.215554,1.561681
17.231556,1.561705
17.235744,1.561705
17.251611,1.561697
17.255645,1.561697
17.271546,1.561871
17.275692,1.561871
17.291570,1.561801
17.295663,1.561801
17.311406,1.561759
17.315646,1.561759
17.331498,1.561807
17.335712,1.561807
17.351461,1.561833
17.355694,1.561833
17.371536,1.561851
17.375684,1.561851
17.391522,1.561922
17.395702,1.561922
17.411491,1.561995
17.415718,1.561995
17.431519,1.561983
17.435654,1.561983
17.451603,1.562073
17.455592,1.562073
17.471470,1.562075
17.475708,1.562075
17.491458,1.562010
17.495737,1.562010
17.511421,1.562008
17.515632,1.562008
17.531496,1.562100
17.535624,1.562100
17.551461,1.562133
17.555682,1.562133
17.571525,1.562247
17.575638,1.562247
17.591453,1.562404
17.595556,1.562404
17.611562,1.562509
17.615761,1.562509
17.631410,1.562726
17.635722,1.562726
17.651487,1.562670
17.655623,1.562670
17.671571,1.562826
17.675694,1.562826
17.691444,1.562867
17.695691,1.562867
17.711483,1.562981
17.715763,1.562981
17.731589,1.563142
17.735723,1.563142
17.751549,1.563151
17.755676,1.563151
17.771622,1.563338
17.775692,1.563338
17.791572,1.563411
17.795621,1.563411
17.811455,1.563556
17.815582,1.563556
17.831560,1.563697
17.835618,1.563697
17.851515,1.563764
17.855752,1.563764
17.871607,1.563870
17.875601,1.563870
17.891545,1.563919
17.895636,1.563919
17.911486,1.563997
17.915738,1.563997
17.931551,1.564100
17.935750,1.564100
17.951499,1.564209
17.955685,1.564209
17.971518,1.564332
17.975606,1.564332
17.991688,1.564498
17.995649,1.564498
18.011577,1.564598
18.015648,1.564598
18.031544,1.564688
18.035788,1.564688
18.051472,1.564846
18.055706,1.564846
18.071612,1.564800
18.075643,1.564800
18.091641,1.564971
18.095639,1.564971
18.111517,1.565116
18.115618,1.565116
18.131550,1.565121
18.135675,1.565121
18.151572,1.565369
18.155712,1.565369
18.171522,1.565452
18.175620,1.565452
18.191535,1.565527
18.195702,1.565527
18.211491,1.565757
18.215776,1.565757
18.231517,1.565821
18.235645,1.565821
18.251507,1.565997
18.255713,1.565997
18.271597,1.566003
18.275735,1.566003
18.291517,1.566004
18.295714,1.566004
18.311580,1.566197
18.315606,1.566197
18.331532,1.566284
18.335742,1.566284
18.351603,1.566269
18.355628,1.566269
18.371623,1.566485
18.375640,1.566485
18.391573,1.566407
18.395649,1.566407
18.411598,1.566518
18.415704,1.566518
18.431558,1.566601
18.435712,1.566601
18.451570,1.566598
18.455785,1.566598
18.471475,1.566666
18.475710,1.566666
18.491488,1.566656
18.495644,1.566656
18.511484,1.566775
18.515771,1.566775
18.531585,1.566787
18.535718,1.566787
18.551482,1.566851
18.555749,1.566851
18.571468,1.566942
18.575728,1.566942
18.591436,1.567022
18.595649,1.567022
18.611510,1.567039
18.615812,1.567039
18.631510,1.567181
18.635711,1.567181
18.651558,1.567106
18.655585,1.567106
18.671379,1.567244
18.675819,1.567244
18.691515,1.567254
18.695725,1.567254
18.711467,1.567219
18.715736,1.567219
18.731518,1.567275
18.735594,1.567275
18.751555,1.567360
18.755671,1.567360
18.771622,1.567300
18.775658,1.567300
18.791502,1.567313
18.795699,1.567313
18.811616,1.567394
18.815801,1.567394
18.831497,1.567347
18.835711,1.567347
18.851558,1.567402
18.855664,1.567402
18.871557,1.567462
18.875695,1.567462
18.891481,1.567434
18.895622,1.567434
18.911584,1.567430
18.915805,1.567430
18.931594,1.567501
18.935747,1.567501
18.951572,1.567399
18.955675,1.567399
18.971649,1.567559
18.975615,1.567559
18.991468,1.567545
18.995742,1.567545
19.011474,1.567640
19.015702,1.567640
19.031555,1.567637
19.035618,1.567637
19.051445,1.567712
19.055595,1.567712
19.071598,1.567644
19.075741,1.567644
19.091576,1.567735
19.095730,1.567735
19.111608,1.567745
19.115575,1.567745
19.131520,1.567738
19.135696,1.567738
19.151605,1.567811
19.155663,1.567811
19.171619,1.567779
19.175578,1.567779
19.191557,1.567808
19.195737,1.567808
19.211518,1.567833
19.215669,1.567833
19.231533,1.567901
19.235676,1.567901
19.251397,1.567998
19.255726,1.567998
19.271531,1.567981
19.275682,1.567981
19.291609,1.568125
19.295645,1.568125
19.311477,1.568114
19.315710,1.568114
19.331553,1.568133
19.335819,1.568133
19.351479,1.568253
19.355679,1.568253
19.371484,1.568247
19.375707,1.568247
19.391598,1.568322
19.395627,1.568322
19.411433,1.568389
19.415711,1.568389
19.431573,1.568447
19.435638,1.568447
19.451534,1.568475
19.455665,1.568475
19.471468,1.568602
19.475710,1.568602
19.491597,1.568699
19.495673,1.568699
19.511588,1.568777
19.515666,1.568777
19.531506,1.568846
19.535704,1.568846
19.551562,1.568953
19.555674,1.568953
19.571589,1.568959
19.575819,1.568959
19.591531,1.569051
19.595724,1.569051
19.611600,1.569082
19.615613,1.569082
19.631456,1.569099
19.635739,1.569099
19.651573,1.569113
19.655645,1.569113
19.671568,1.569132
19.675587,1.569132
19.691602,1.569118
19.695691,1.569118
19.711492,1.569207
19.715876,1.569207
19.731539,1.569103
19.735723,1.569103
19.751506,1.569180
19.755779,1.569180
19.771469,1.569181
19.775608,1.569181
19.791586,1.569195
19.795604,1.569195
19.811590,1.569241
19.815675,1.569241
19.831587,1.569284
19.835653,1.569284
19.851619,1.569309
19.855717,1.569309
19.871524,1.569402
19.875795,1.569402
19.892182,1.569436
19.896531,1.569436
19.911814,1.569432
19.916006,1.569432
19.931592,1.569512
19.935797,1.569512
19.951520,1.569479
19.955705,1.569479
19.971559,1.569532
19.975717,1.569532
19.991600,1.569546
19.995641,1.569546
20.011634,1.569548
20.015707,1.569548
20.031496,1.569612
20.035792,1.569612
20.051592,1.569581
20.055619,1.569581
20.071526,1.569573
20.075692,1.569573
20.091487,1.569676
20.095741,1.569676
20.111506,1.569734
20.115708,1.569734
20.131582,1.569749
20.135760,1.569749
20.151588,1.569854
20.155636,1.569854
20.171677,1.569860
20.175580,1.569860
20.191551,1.569914
20.195818,1.569914
20.211484,1.569955
20.215677,1.569955
20.231609,1.569967
20.235629,1.569967
20.251574,1.570035
20.255707,1.570035
20.271500,1.569973
20.275774,1.569973
20.291510,1.569990
20.295668,1.569990
20.311474,1.569922
20.315665,1.569922
20.331553,1.569844
20.335716,1.569844
20.351521,1.569787
20.355698,1.569787
20.371507,1.569816
20.375688,1.569816
20.391544,1.569798
20.395707,1.569798
20.411586,1.569766
20.415600,1.569766
20.431526,1.569762
20.435630,1.569762
20.451547,1.569718
20.455767,1.569718
20.471538,1.569748
20.475672,1.569748
20.491556,1.569764
20.495657,1.569764
20.511593,1.569705
20.515505,1.569705
20.531588,1.569671
20.535629,1.569671
20.551541,1.569589
20.555704,1.569589
20.571696,1.569574
20.575648,1.569574
20.591548,1.569464
20.595706,1.569464
20.611633,1.569404
20.615657,1.569404
20.631549,1.569254
20.635678,1.569254
20.651443,1.569195
20.655606,1.569195
20.671457,1.569088
20.675682,1.569088
20.691525,1.568977
20.695623,1.568977
20.711514,1.568864
20.715606,1.568864
20.731436,1.568743
20.735648,1.568743
20.751570,1.568679
20.755793,1.568679
20.771689,1.568639
20.775654,1.568639
20.791743,1.568581
20.795649,1.568581
20.811654,1.568527
20.815613,1.568527
20.831563,1.568442
20.835716,1.568442
20.851566,1.568384
20.855788,1.568384
20.871546,1.568343
20.875698,1.568343
20.891515,1.568300
20.895776,1.568300
20.911420,1.568220
20.915634,1.568220
20.931553,1.568094
20.935678,1.568094
20.951485,1.567976
20.955635,1.567976
20.971644,1.567873
20.975759,1.567873
20.991556,1.567738
20.995660,1.567738
21.011458,1.567606
21.015740,1.567606
21.031515,1.567508
21.035716,1.567508
21.051543,1.567495
21.055708,1.567495
21.071577,1.567348
21.075641,1.567348
21.091725,1.567265
21.095799,1.567265
21.111745,1.567172
21.115549,1.567172
21.131567,1.567127
21.135729,1.567127
21.151535,1.567039
21.155609,1.567039
21.171406,1.566967
21.175723,1.566967
21.191500,1.566888
21.195693,1.566888
21.211554,1.566814
21.215757,1.566814
21.231522,1.566755
21.235696,1.566755
21.251562,1.566689
21.255738,1.566689
21.271568,1.566648
21.275786,1.566648
21.291414,1.566594
21.295753,1.566594
21.311546,1.566516
21.315739,1.566516
21.331657,1.566493
21.335755,1.566493
21.351440,1.566405
21.355687,1.566405
21.371456,1.566295
21.375580,1.566295
21.391641,1.566270
21.395704,1.566270
21.411477,1.566178
21.415836,1.566178
21.431570,1.566164
21.435750,1.566164
21.451390,1.566028
21.455755,1.566028
21.471552,1.565994
21.475715,1.565994
21.491453,1.565968
21.495612,1.565968
21.511441,1.565870
21.515636,1.565870
21.531631,1.565903
21.535679,1.565903
21.551481,1.565806
21.555676,1.565806
21.571426,1.565787
21.575651,1.565787
21.591471,1.565794
21.595713,1.565794
21.611459,1.565750
21.615591,1.565750
21.631540,1.565755
21.635796,1.565755
21.651460,1.565766
21.655720,1.565766
21.671582,1.565767
21.675711,1.565767
21.691498,1.565781
21.695549,1.565781
21.711607,1.565702
21.715747,1.565702
21.731612,1.565645
21.735638,1.565645
21.751614,1.565563
21.755559,1.565563
21.771538,1.565449
21.775626,1.565449
21.791543,1.565427
21.795682,1.565427
21.811538,1.565341
21.815950,1.565341
21.831536,1.565261
21.835609,1.565261
21.851551,1.565212
21.855684,1.565212
21.871437,1.565159
21.875758,1.565159
21.891570,1.565090
21.895638,1.565090
21.911555,1.565076
21.915652,1.565076
21.931533,1.565025
21.935760,1.565025
21.951514,1.564980
21.955714,1.564980
21.971444,1.564977
21.975759,1.564977
21.991477,1.564954
21.995714,1.564954
22.011555,1.564913
22.015669,1.564913
22.031509,1.564967
22.035791,1.564967
22.051625,1.564936
22.055615,1.564936
22.071509,1.564966
22.075672,1.564966
22.091524,1.565010
22.095732,1.565010
22.111514,1.564956
22.115716,1.564956
22.131510,1.564995
22.135597,1.564995
22.151548,1.564926
22.155721,1.564926
22.171611,1.564907
22.175719,1.564907
22.191535,1.564882
22.195786,1.564882
22.211540,1.564809
22.215634,1.564809
22.231583,1.564792
22.235596,1.564792
22.251479,1.564683
22.255708,1.564683
22.271500,1.564626
22.275676,1.564626
22.291611,1.564644
22.295686,1.564644
22.311569,1.564546
22.315695,1.564546
22.331623,1.564542
22.335673,1.564542
22.351498,1.564533
22.355607,1.564533
22.371575,1.564520
22.375731,1.564520
22.391635,1.564526
22.395714,1.564526
22.411574,1.564575
22.415577,1.564575
22.431429,1.564654
22.435700,1.564654
22.451545,1.564687
22.455722,1.564687
22.471511,1.564741
22.475696,1.564741
22.491557,1.564833
22.495585,1.564833
22.511472,1.564843
22.515723,1.564843
22.531561,1.564858
22.535624,1.564858
22.551590,1.564824
22.555563,1.564824
22.571610,1.564760
22.575621,1.564760
22.591554,1.564771
22.595728,1.564771
22.611410,1.564617
22.615757,1.564617
22.631535,1.564685
22.635621,1.564685
22.651486,1.564596
22.655632,1.564596
22.671485,1.564571
22.675736,1.564571
22.691578,1.564694
22.695644,1.564694
22.711531,1.564593
22.715633,1.564593
22.731430,1.564729
22.735689,1.564729
22.751542,1.564840
22.755855,1.564840
22.771557,1.564836
22.775608,1.564836
22.791447,1.564942
22.795609,1.564942
22.811488,1.564977
22.815643,1.564977
22.831482,1.564958
22.835630,1.564958
22.851548,1.565025
22.855694,1.565025
22.871599,1.564922
22.875607,1.564922
22.891504,1.564915
22.895561,1.564915
22.911474,1.564900
22.915623,1.564900
22.931574,1.564842
22.935628,1.564842
22.951581,1.564873
22.955708,1.564873
22.971476,1.564842
22.975494,1.564842
22.991523,1.564867
22.995700,1.564867
23.011496,1.564902
23.015634,1.564902
23.031466,1.564931
23.035766,1.564931
23.051618,1.564954
23.055574,1.564954
23.071454,1.564964
23.075661,1.564964
23.091451,1.565006
23.095688,1.565006
23.111445,1.565002
23.115541,1.565002
23.131564,1.565017
23.135606,1.565017
23.151528,1.565016
23.155689,1.565016
23.171595,1.565003
23.175630,1.565003
23.191647,1.565013
23.195760,1.565013
23.211521,1.565000
23.215762,1.565000
23.231465,1.564993
23.235775,1.564993
23.251602,1.565001
23.255759,1.565001
23.271624,1.565040
23.275693,1.565040
23.291541,1.565072
23.295660,1.565072
23.311448,1.565147
23.315587,1.565147
23.331547,1.565175
23.335662,1.565175
23.351559,1.565195
23.355784,1.565195
23.371587,1.565241
23.375660,1.565241
23.391541,1.565228
23.395754,1.565228
23.411454,1.565251
23.416080,1.565251
23.431633,1.565240
23.435674,1.565240
23.452059,1.565220
23.455623,1.565220
23.471629,1.565231
23.475502,1.565231
23.491429,1.565234
23.495766,1.565234
23.511506,1.565262
23.515722,1.565262
23.531553,1.565246
23.535577,1.565246
23.551568,1.565229
23.555741,1.565229
23.571424,1.565267
23.575588,1.565267
23.591398,1.565263
23.595703,1.565263
23.611531,1.565314
23.615767,1.565314
23.631552,1.565285
23.635702,1.565285
23.651567,1.565292
23.655639,1.565292
23.671560,1.565309
23.675715,1.565309
23.691628,1.565305
23.695655,1.565305
23.711621,1.565348
23.715692,1.565348
23.731598,1.565354
23.735699,1.565354
23.751568,1.565366
23.755684,1.565366
23.771511,1.565403
23.775695,1.565403
23.791416,1.565382
23.795556,1.565382
23.811597,1.565420
23.815669,1.565420
23.831575,1.565411
23.835628,1.565411
23.851514,1.565418
23.855698,1.565418
23.871501,1.565443
23.875698,1.565443
23.891485,1.565413
23.895692,1.565413
23.911572,1.565453
23.916078,1.565453
23.931530,1.565457
23.935704,1.565457
23.951508,1.565458
23.955725,1.565458
23.971545,1.565510
23.975678,1.565510
23.991572,1.565498
23.995726,1.565498
24.011555,1.565520
24.015698,1.565520
24.031510,1.565512
24.035681,1.565512
24.051458,1.565525
24.055752,1.565525
24.071596,1.565535
24.075618,1.565535
24.091524,1.565526
24.095681,1.565526
24.111423,1.565528
24.115727,1.565528
24.131544,1.565524
24.135660,1.565524
24.151524,1.565523
24.155712,1.565523
24.171441,1.565569
24.175594,1.565569
24.191515,1.565573
24.195663,1.565573
24.211501,1.565599
24.215732,1.565599
24.231585,1.565628
24.235623,1.565628
24.251638,1.565645
24.255735,1.565645
24.271551,1.565690
24.275568,1.565690
24.291495,1.565714
24.295634,1.565714
24.311362,1.565715
24.315708,1.565715
24.331549,1.565712
24.335650,1.565712
24.351386,1.565704
24.355682,1.565704
24.371521,1.565705
24.375800,1.565705
24.391489,1.565724
24.395717,1.565724
24.411492,1.565719
24.415698,1.565719
24.431543,1.565734
24.435739,1.565734
24.451554,1.565767
24.455757,1.565767
24.471581,1.565767
24.475543,1.565767
24.491503,1.565828
24.495662,1.565828
24.511550,1.565810
24.515777,1.565810
24.531487,1.565818
24.535665,1.565818
24.551520,1.565834
24.555628,1.565834
24.571532,1.565812
24.575590,1.565812
24.591561,1.565846
24.595680,1.565846
24.611462,1.565831
24.615617,1.565831
24.631540,1.565825
24.635821,1.565825
24.651500,1.565846
24.655698,1.565846
24.671515,1.565846
