0.196614,30.634518
0.216571,30.634518
0.236534,30.634518
0.256538,30.634518
0.276520,30.634518
0.296619,30.634518
0.316525,30.634518
0.336468,30.634518
0.356464,30.634518
0.376475,30.634518
0.396410,30.634518
0.416361,30.634518
0.436503,30.634518
0.456473,30.634518
0.476383,30.634518
0.496443,30.634518
0.516304,30.634518
0.536290,30.634518
0.556298,30.634518
0.576353,30.634518
0.596346,30.634518
0.616190,30.634518
0.636189,30.634518
0.656151,30.634518
0.677108,30.634518
0.696182,30.634518
0.716120,30.634518
0.736098,30.634518
0.757016,30.634518
0.777014,30.634518
0.797031,30.634518
0.816953,30.634518
0.837006,30.634518
0.856939,30.634518
0.876917,30.634518
0.897085,30.634518
0.916859,30.634518
0.936948,30.634518
0.956881,30.634518
0.976837,30.634518
0.996818,30.634518
1.016979,30.634518
1.036782,30.634518
1.056774,30.634518
1.076789,30.634518
1.096708,30.634518
1.116714,30.634518
1.136688,30.634518
1.156731,30.634518
1.176672,30.634518
1.196638,30.634518
1.216666,30.634518
1.236534,30.634518
1.256635,30.634518
1.276579,30.634518
1.296523,30.634518
1.316457,30.634518
1.336429,30.634518
1.356451,30.634518
1.376446,30.634518
1.396491,30.634518
1.416373,30.634518
1.436453,30.634518
1.456415,30.634518
1.476366,30.634518
1.496339,30.634518
1.516347,30.634518
1.536294,30.634518
1.556345,30.634518
1.576280,30.634518
1.596258,30.634518
1.616281,30.634518
1.636228,30.634518
1.656204,30.634518
1.676287,30.634518
1.696206,30.634518
1.716240,30.634518
1.736141,30.634518
1.757177,30.634518
1.777284,30.634518
1.797124,30.634518
1.817083,30.634518
1.837024,30.634518
1.857034,30.634518
1.876989,30.634518
1.898355,30.634518
1.916939,30.634518
1.938095,30.634518
1.957976,30.634518
1.977268,30.634518
1.997831,30.634518
2.017537,30.634518
2.036901,30.634518
2.056819,30.634518
2.076855,30.634518
2.096778,30.634518
2.116781,30.634518
2.136742,30.634518
2.156657,30.634518
2.176680,30.634518
2.196708,30.634518
2.216681,30.634518
2.236634,30.634518
2.256598,30.634518
2.276857,30.634518
2.296658,30.634518
2.316693,30.634518
2.336526,30.634518
2.356538,30.634518
2.376520,30.634518
2.396543,30.634518
2.416494,30.634518
2.436600,30.634518
2.456449,30.634518
2.476516,30.634518
2.496449,30.634518
2.516519,30.634518
2.536389,30.634518
2.556422,30.634518
2.576380,30.634518
2.596364,30.634518
2.616330,30.634518
2.636262,30.634518
2.656353,30.634518
2.676276,30.634518
2.696266,30.634518
2.716248,30.634518
2.736253,30.634518
2.756170,30.634518
2.776183,30.634518
2.796178,30.634518
2.816156,30.634518
2.837169,30.634518
2.857108,30.634518
2.877096,30.634518
2.896985,30.634518
2.917020,30.634518
2.937087,30.634518
2.956983,30.634518
2.977042,30.634518
2.997179,30.634518
3.016992,30.634518
3.036957,30.634518
3.056963,30.634518
3.076818,30.634518
3.096921,30.634518
3.116853,30.634518
3.136868,30.634518
3.156908,30.634518
3.176949,30.634518
3.196769,30.634518
3.216762,30.634518
3.236802,30.634518
3.256776,30.634518
3.276738,30.634518
3.296679,30.634518
3.316643,30.634518
3.336660,30.634518
3.356645,30.634518
3.376673,30.634518
3.396649,30.634518
3.416639,30.634518
3.436595,30.634518
3.456497,30.634518
3.476623,30.634518
3.496493,30.634518
3.516464,30.634518
3.536526,30.634518
3.556375,30.634518
3.576457,30.634518
3.596428,30.634518
3.616335,30.634518
3.636401,30.634518
3.656412,30.634518
3.676406,30.634518
3.696320,30.634518
3.717322,30.634518
3.736376,30.634518
3.756259,30.634518
3.776248,30.634518
3.796282,30.634518
3.816244,30.634518
3.836198,30.634518
3.856217,30.634518
3.877147,30.634518
3.897086,30.634518
3.917128,30.634518
3.937160,30.634518
3.957052,30.634518
3.977005,30.634518
3.997045,30.634518
4.016956,30.634518
4.037075,30.634518
4.056960,30.634518
4.076911,30.634518
4.096956,30.634518
4.116829,30.634518
4.136923,30.634518
4.156881,30.634518
4.176753,30.634518
4.196859,30.634518
4.216830,30.634518
4.236762,30.634518
4.256834,30.634518
4.276704,30.634518
4.296856,30.634518
4.316695,30.634519
4.336725,30.634519
4.356700,30.634519
4.376566,30.634519
4.396605,30.634519
4.416585,30.634519
4.436656,30.634519
4.456607,30.634519
4.476556,30.634519
4.496539,30.634519
4.516549,30.634519
4.536422,30.634519
4.556490,30.634519
4.576358,30.634519
4.596490,30.634519
4.616448,30.634519
4.636419,30.634519
4.656414,30.634519
4.676335,30.634519
4.696303,30.634519
4.716288,30.634520
4.736226,30.634520
4.756337,30.634520
4.776242,30.634520
4.797258,30.634520
4.816159,30.634520
4.836168,30.634520
4.856152,30.634520
4.876070,30.634520
4.896174,30.634520
4.917077,30.634521
4.937163,30.634521
4.957080,30.634521
4.977102,30.634521
4.997040,30.634521
5.017042,30.634521
5.036969,30.634521
5.057028,30.634521
5.077035,30.634521
5.096985,30.634521
5.116891,30.634521
5.136879,30.634522
5.156832,30.634522
5.176845,30.634522
5.196867,30.634522
5.216857,30.634522
5.236783,30.634522
5.256824,30.634522
5.276825,30.634522
5.296728,30.634522
5.316741,30.634523
5.336649,30.634523
5.356645,30.634523
5.376645,30.634523
5.396644,30.634523
5.416593,30.634523
5.436528,30.634523
5.456626,30.634523
5.476570,30.634523
5.496543,30.634523
5.516419,30.634525
5.536466,30.634525
5.556508,30.634525
5.576418,30.634525
5.596476,30.634525
5.616370,30.634525
5.636368,30.634525
5.656348,30.634525
5.676363,30.634525
5.696502,30.634525
5.716298,30.634526
5.736276,30.634526
5.756362,30.634526
5.777343,30.634526
5.796326,30.634526
5.816321,30.634526
5.836209,30.634526
5.856172,30.634526
5.877195,30.634526
5.897082,30.634526
5.917081,30.634528
5.937136,30.634528
5.957128,30.634528
5.977073,30.634528
5.997067,30.634528
6.016991,30.634528
6.037108,30.634528
6.056980,30.634528
6.077045,30.634528
6.096937,30.634528
6.116905,30.634528
6.136991,30.634530
6.156940,30.634530
6.176970,30.634530
6.196904,30.634530
6.216950,30.634530
6.236924,30.634530
6.256923,30.634530
6.276829,30.634530
6.296894,30.634530
6.316785,30.634532
6.336747,30.634532
6.356823,30.634532
6.376714,30.634532
6.396762,30.634532
6.416612,30.634532
6.436703,30.634532
6.456666,30.634532
6.476679,30.634532
6.496662,30.634532
6.516636,30.634535
6.536555,30.634535
6.556526,30.634535
6.576587,30.634535
6.596564,30.634535
6.616455,30.634535
6.636419,30.634535
6.656509,30.634535
6.676511,30.634535
6.696466,30.634535
6.716390,30.634537
6.736421,30.634537
6.756446,30.634537
6.776307,30.634537
6.796311,30.634537
6.816411,30.634537
6.836268,30.634537
6.856326,30.634537
6.876387,30.634537
6.896281,30.634537
6.916309,30.634540
6.937184,30.634540
6.957198,30.634540
6.976250,30.634540
6.996182,30.634540
7.016101,30.634540
7.036285,30.634540
7.057122,30.634540
7.077033,30.634540
7.097126,30.634540
7.117063,30.634540
7.137276,30.634543
7.157025,30.634543
7.176952,30.634543
7.196965,30.634543
7.216956,30.634543
7.236943,30.634543
7.257089,30.634543
7.276969,30.634543
7.296994,30.634543
7.316884,30.634545
7.336839,30.634545
7.356904,30.634545
7.376887,30.634545
7.396855,30.634545
7.416868,30.634545
7.436754,30.634545
7.456801,30.634545
7.476707,30.634545
7.496706,30.634545
7.516657,30.634548
7.536710,30.634548
7.556663,30.634548
7.576624,30.634548
7.596609,30.634548
7.616551,30.634548
7.636578,30.634548
7.656550,30.634548
7.676699,30.634548
7.696524,30.634548
7.716459,30.634551
7.736452,30.634551
7.756407,30.634551
7.776366,30.634551
7.796402,30.634551
7.816337,30.634551
7.836421,30.634551
7.856432,30.634551
7.876347,30.634551
7.896344,30.634551
7.916261,30.634554
7.937230,30.634554
7.956354,30.634554
7.976140,30.634554
7.996222,30.634554
8.016330,30.634554
8.037198,30.634554
8.057148,30.634554
8.077160,30.634554
8.097151,30.634554
8.116994,30.634554
8.137179,30.634554
8.157084,30.634557
8.177106,30.634557
8.197092,30.634557
8.216914,30.634557
8.237025,30.634557
8.256991,30.634557
8.276949,30.634557
8.297032,30.634557
8.316862,30.634561
8.336972,30.634561
8.356897,30.634561
8.376891,30.634561
8.396910,30.634561
8.416808,30.634561
8.436926,30.634561
8.456841,30.634561
8.476878,30.634561
8.496829,30.634561
8.516722,30.634564
8.536793,30.634564
8.556722,30.634564
8.576683,30.634564
8.596781,30.634564
8.616643,30.634564
8.636669,30.634564
8.656689,30.634564
8.676676,30.634564
8.696537,30.634564
8.717338,30.634568
8.736547,30.634568
8.756490,30.634568
8.776521,30.634568
8.796554,30.634568
8.816454,30.634568
8.836383,30.634568
8.856352,30.634568
8.876451,30.634568
8.896464,30.634568
8.916441,30.634572
8.936352,30.634572
8.956330,30.634572
8.976424,30.634572
8.996350,30.634572
9.016413,30.634572
9.036334,30.634572
9.056422,30.634572
9.076310,30.634572
9.096375,30.634572
9.117131,30.634576
9.136214,30.634576
9.156237,30.634576
9.177198,30.634576
9.197094,30.634576
9.217056,30.634576
9.237033,30.634576
9.257138,30.634576
9.277086,30.634576
9.297088,30.634576
9.316933,30.634581
9.337015,30.634581
9.357017,30.634581
9.377009,30.634581
9.397041,30.634581
9.416835,30.634581
9.436917,30.634581
9.456929,30.634581
9.476925,30.634581
9.496862,30.634581
9.516810,30.634586
9.536843,30.634586
9.556870,30.634586
9.576820,30.634586
9.596762,30.634586
9.616708,30.634586
9.636698,30.634586
9.656717,30.634586
9.676797,30.634586
9.696649,30.634586
9.716575,30.634591
9.736589,30.634591
9.756568,30.634591
9.776557,30.634591
9.796574,30.634591
9.816552,30.634591
9.836553,30.634591
9.856528,30.634591
9.876528,30.634591
9.896493,30.634591
9.916409,30.634596
9.936456,30.634596
9.956471,30.634596
9.976362,30.634596
9.996372,30.634596
10.016381,30.634596
10.036365,30.634596
10.056306,30.634596
10.076353,30.634596
10.097386,30.634596
10.116364,30.634596
10.136243,30.634601
10.156281,30.634601
10.176272,30.634601
10.197155,30.634601
10.217093,30.634601
10.237148,30.634601
10.257192,30.634601
10.277148,30.634601
10.297128,30.634601
10.316990,30.634607
10.337038,30.634607
10.357138,30.634607
10.377053,30.634607
10.396940,30.634607
10.416932,30.634607
10.436964,30.634607
10.456951,30.634607
10.477005,30.634607
10.496937,30.634607
10.516842,30.634612
10.537049,30.634612
10.556806,30.634612
10.576855,30.634612
10.596861,30.634612
10.616755,30.634612
10.636826,30.634612
10.656737,30.634612
10.676790,30.634612
10.696748,30.634612
10.716640,30.634618
10.736865,30.634618
10.756681,30.634618
10.776722,30.634618
10.796710,30.634618
10.816616,30.634618
10.836520,30.634618
10.856544,30.634618
10.876536,30.634618
10.896518,30.634618
10.916469,30.634624
10.936501,30.634624
10.956482,30.634624
10.976574,30.634624
10.996433,30.634624
11.016478,30.634624
11.036390,30.634624
11.056417,30.634624
11.076373,30.634624
11.096423,30.634624
11.116336,30.634624
11.136338,30.634629
11.156271,30.634629
11.177332,30.634629
11.196349,30.634629
11.217215,30.634629
11.237200,30.634629
11.256323,30.634629
11.276190,30.634629
11.297211,30.634629
11.317067,30.634635
11.337165,30.634635
11.357084,30.634635
11.377078,30.634635
11.397067,30.634635
11.416973,30.634635
11.437115,30.634635
11.456978,30.634635
11.476939,30.634635
11.496984,30.634635
11.516865,30.634641
11.536891,30.634641
11.556850,30.634641
11.576918,30.634641
11.596929,30.634641
11.616800,30.634641
11.636832,30.634641
11.656814,30.634641
11.676858,30.634641
11.696764,30.634641
11.716776,30.634648
11.736799,30.634648
11.756704,30.634648
11.776687,30.634648
11.796668,30.634648
11.816575,30.634648
11.836672,30.634648
11.856615,30.634648
11.876514,30.634648
11.896547,30.634648
11.916492,30.634655
11.936498,30.634655
11.956463,30.634655
11.976481,30.634655
11.996501,30.634655
12.016496,30.634655
12.036461,30.634655
12.056492,30.634655
12.076392,30.634655
12.096411,30.634655
12.116286,30.634655
12.136388,30.634661
12.156335,30.634661
12.176343,30.634661
12.196299,30.634661
12.217389,30.634661
12.236184,30.634661
12.256254,30.634661
12.276181,30.634661
12.296134,30.634668
12.317487,30.634668
12.337183,30.634668
12.357160,30.634668
12.377246,30.634668
12.397109,30.634668
12.416989,30.634668
12.437121,30.634668
12.457048,30.634668
12.476997,30.634668
12.496986,30.634668
12.516938,30.634676
12.536971,30.634676
12.556954,30.634676
12.576983,30.634676
12.597036,30.634676
12.616864,30.634676
12.636955,30.634676
12.656868,30.634676
12.676893,30.634676
12.696845,30.634676
12.716764,30.634683
12.736873,30.634683
12.756846,30.634683
12.776742,30.634683
12.796752,30.634683
12.817000,30.634683
12.836698,30.634683
12.856689,30.634683
12.876619,30.634683
12.896680,30.634683
12.916593,30.634691
12.936658,30.634691
12.956617,30.634691
12.976645,30.634691
12.996593,30.634691
13.016530,30.634691
13.036520,30.634691
13.056519,30.634691
13.076538,30.634691
13.096578,30.634691
13.116472,30.634691
13.136499,30.634698
13.156491,30.634698
13.176498,30.634698
13.196385,30.634698
13.216351,30.634698
13.236345,30.634698
13.256317,30.634698
13.276265,30.634698
13.296304,30.634698
13.317234,30.634705
13.337193,30.634705
13.356210,30.634705
13.376271,30.634705
13.396203,30.634705
13.417062,30.634705
13.437175,30.634705
13.457154,30.634705
13.477042,30.634705
13.497104,30.634705
13.516959,30.634712
13.537008,30.634712
13.557069,30.634712
13.576985,30.634712
13.597026,30.634712
13.616850,30.634712
13.636937,30.634712
13.656901,30.634712
13.676863,30.634712
13.696832,30.634712
13.716788,30.634719
13.736829,30.634719
13.756791,30.634719
13.776839,30.634719
13.796794,30.634719
13.816702,30.634719
13.836778,30.634719
13.856754,30.634719
13.876839,30.634719
13.896690,30.634719
13.916566,30.634726
13.936714,30.634726
13.956608,30.634726
13.976689,30.634726
13.996593,30.634726
14.016615,30.634726
14.036503,30.634726
14.056501,30.634726
14.076528,30.634726
14.096573,30.634726
14.116398,30.634726
14.136483,30.634732
14.156378,30.634732
14.176437,30.634732
14.196394,30.634732
14.216406,30.634732
14.236398,30.634732
14.256274,30.634732
14.276339,30.634732
14.296343,30.634732
14.317201,30.634738
14.336211,30.634738
14.357234,30.634738
14.377215,30.634738
14.397159,30.634738
14.417059,30.634738
14.437185,30.634738
14.457114,30.634738
14.477161,30.634738
14.497087,30.634738
14.516976,30.634744
14.537002,30.634744
14.556952,30.634744
14.576991,30.634744
14.596942,30.634744
14.616909,30.634744
14.637053,30.634744
14.656967,30.634744
14.676919,30.634744
14.696923,30.634744
14.716794,30.634749
14.736886,30.634749
14.756872,30.634749
14.776836,30.634749
14.796807,30.634749
14.816687,30.634749
14.836728,30.634749
14.856726,30.634749
14.876658,30.634749
14.896665,30.634749
14.916636,30.634754
14.936690,30.634754
14.956631,30.634754
14.976676,30.634754
14.996589,30.634754
15.016599,30.634754
15.036538,30.634754
15.056533,30.634754
15.076557,30.634754
15.096549,30.634754
15.116468,30.634759
15.136533,30.634759
15.156439,30.634759
15.176408,30.634759
15.196482,30.634759
15.216499,30.634759
15.236426,30.634759
15.256541,30.634759
15.276409,30.634759
15.296276,30.634764
15.316270,30.634764
15.336289,30.634764
15.357261,30.634764
15.377342,30.634764
15.397341,30.634764
15.417382,30.634764
15.437258,30.634764
15.457221,30.634764
15.477251,30.634764
15.497122,30.634764
15.517081,30.634768
15.537077,30.634768
15.557141,30.634768
15.577212,30.634768
15.597126,30.634768
15.617012,30.634768
15.637120,30.634768
15.657046,30.634768
15.676976,30.634768
15.696979,30.634768
15.716882,30.634772
15.736980,30.634772
15.756922,30.634772
15.776901,30.634772
15.796918,30.634772
15.816813,30.634772
15.836866,30.634772
15.856798,30.634772
15.876839,30.634772
15.896979,30.634772
15.916739,30.634776
15.936746,30.634776
15.956678,30.634776
15.976773,30.634776
15.996621,30.634776
16.016721,30.634776
16.036598,30.634776
16.056666,30.634776
16.076588,30.634776
16.096677,30.634776
16.116563,30.634776
16.136656,30.634780
16.156554,30.634780
16.176557,30.634780
16.196541,30.634780
16.216524,30.634780
16.236414,30.634780
16.256395,30.634780
16.276485,30.634780
16.296464,30.634780
16.316410,30.634783
16.336340,30.634783
16.356311,30.634783
16.376386,30.634783
16.396388,30.634783
16.416380,30.634783
16.436307,30.634783
16.456353,30.634783
16.477427,30.634783
16.497307,30.634783
16.517258,30.634787
16.537349,30.634787
16.557253,30.634787
16.577250,30.634787
16.597187,30.634787
16.617087,30.634787
16.637137,30.634787
16.657231,30.634787
16.677073,30.634787
16.697083,30.634787
16.717070,30.634790
16.736944,30.634790
16.757051,30.634790
16.776948,30.634790
16.796983,30.634790
16.816993,30.634790
16.836918,30.634790
16.856877,30.634790
16.876870,30.634790
16.896879,30.634790
16.916902,30.634792
16.936824,30.634792
16.956743,30.634792
16.976850,30.634792
16.996810,30.634792
17.016750,30.634792
17.036755,30.634792
17.056732,30.634792
17.076742,30.634792
17.096680,30.634792
17.116649,30.634795
17.136761,30.634795
17.156669,30.634795
17.176645,30.634795
17.196693,30.634795
17.216650,30.634795
17.236640,30.634795
17.256644,30.634795
17.276593,30.634795
17.296568,30.634797
17.316529,30.634797
17.336484,30.634797
17.356555,30.634797
17.376447,30.634797
17.396500,30.634797
17.416465,30.634797
17.436450,30.634797
17.456389,30.634797
17.476388,30.634797
17.496319,30.634797
17.516428,30.634799
17.536409,30.634799
17.557408,30.634799
17.576313,30.634799
17.597274,30.634799
17.617286,30.634799
17.637367,30.634799
17.657229,30.634799
17.677436,30.634799
17.697183,30.634799
17.717174,30.634801
17.737222,30.634801
17.757145,30.634801
17.777117,30.634801
17.797059,30.634801
17.817083,30.634801
17.837054,30.634801
17.857017,30.634801
17.877059,30.634801
17.896982,30.634801
17.916983,30.634803
17.936928,30.634803
17.956986,30.634803
17.976911,30.634803
17.996925,30.634803
18.016871,30.634803
18.036841,30.634803
18.056870,30.634803
18.076759,30.634803
18.096808,30.634803
18.116769,30.634803
18.136789,30.634805
18.156796,30.634805
18.176782,30.634805
18.196645,30.634805
18.216728,30.634805
18.236644,30.634805
18.256637,30.634805
18.276595,30.634805
18.296666,30.634805
18.316569,30.634806
18.336636,30.634806
18.356509,30.634806
18.376602,30.634806
18.396483,30.634806
18.416523,30.634806
18.436505,30.634806
18.456436,30.634806
18.476457,30.634806
18.496453,30.634806
18.516414,30.634808
18.536388,30.634808
18.556337,30.634808
18.576404,30.634808
18.596465,30.634808
18.616325,30.634808
18.637378,30.634808
18.657242,30.634808
18.677341,30.634808
18.697288,30.634808
18.717122,30.634809
18.737264,30.634809
18.757198,30.634809
18.777198,30.634809
18.797261,30.634809
18.817201,30.634809
18.837099,30.634809
18.857068,30.634809
18.877068,30.634809
18.897045,30.634809
18.916965,30.634810
18.936994,30.634810
18.957019,30.634810
18.977006,30.634810
18.996928,30.634810
19.016871,30.634810
19.036936,30.634810
19.056858,30.634810
19.076945,30.634810
19.096897,30.634810
19.116840,30.634810
19.136881,30.634811
19.156833,30.634811
19.176821,30.634811
19.196811,30.634811
19.216723,30.634811
19.236652,30.634811
19.256728,30.634811
19.276644,30.634811
19.296659,30.634811
19.316577,30.634812
19.336618,30.634812
19.356616,30.634812
19.376585,30.634812
19.396528,30.634812
19.416581,30.634812
19.436519,30.634812
19.456483,30.634812
19.476529,30.634812
19.496454,30.634813
19.516424,30.634813
19.536439,30.634813
19.556377,30.634813
19.576397,30.634813
19.596433,30.634813
19.616345,30.634813
19.636384,30.634813
19.657294,30.634813
19.677344,30.634813
19.697392,30.634813
19.717232,30.634814
19.737170,30.634814
19.757207,30.634814
19.777091,30.634814
19.797128,30.634814
19.817163,30.634814
19.837081,30.634814
19.857042,30.634814
19.877108,30.634814
19.897003,30.634815
19.916922,30.634815
19.937008,30.634815
19.957101,30.634815
19.976951,30.634815
19.996915,30.634815
20.016932,30.634815
20.036961,30.634815
20.056931,30.634815
20.076831,30.634815
20.096894,30.634815
20.116873,30.634815
20.136871,30.634815
20.156834,30.634815
20.176902,30.634815
20.196690,30.634815
20.216769,30.634815
20.236707,30.634815
20.256735,30.634815
20.276743,30.634815
20.296679,30.634815
20.316713,30.634814
20.336699,30.634814
20.356626,30.634814
20.376629,30.634814
20.396581,30.634814
20.416771,30.634814
20.436596,30.634814
20.456623,30.634814
20.476586,30.634814
20.496592,30.634814
20.516515,30.634814
20.536476,30.634814
20.556443,30.634814
20.576435,30.634814
20.596454,30.634814
20.616358,30.634814
20.636405,30.634814
20.656349,30.634814
20.676408,30.634814
20.696394,30.634814
20.716381,30.634814
20.736318,30.634814
20.757401,30.634814
20.777303,30.634814
20.797310,30.634814
20.817315,30.634814
20.837260,30.634814
20.857124,30.634814
20.877160,30.634814
20.897210,30.634814
20.917186,30.634814
20.937064,30.634814
20.957182,30.634814
20.977100,30.634814
20.997007,30.634814
21.016946,30.634814
21.036997,30.634814
