0.186638,-9.343981
0.206617,-9.747543
0.226632,-8.843870
0.246550,-10.470732
0.266609,-9.443087
0.286537,-9.583874
0.306598,-10.120008
0.326505,-9.594812
0.346402,-9.971835
0.366486,-10.642983
0.386430,-9.134528
0.406339,-9.792207
0.426341,-10.248969
0.446394,-10.019499
0.466292,-11.005361
0.486596,-9.308259
0.506283,-10.167279
0.526249,-9.554501
0.546272,-9.465145
0.566163,-11.225239
0.586202,-9.698059
0.606236,-9.937830
0.626240,-9.538925
0.646139,-9.094315
0.666089,-11.051437
0.686314,-9.905344
0.707174,-10.014948
0.726578,-9.409265
0.746012,-9.101238
0.766164,-9.977317
0.786017,-10.032201
0.805953,-9.939471
0.825980,-9.716885
0.845945,-8.623013
0.865971,-9.226211
0.885904,-9.770181
0.906052,-9.393320
0.925941,-10.329906
0.945829,-9.100885
0.965882,-8.938797
0.985755,-9.959161
1.005782,-8.974140
1.027014,-10.510303
1.045736,-9.966961
1.066903,-9.390215
1.086710,-10.184013
1.106925,-9.957178
1.126844,-9.787258
1.146649,-11.195024
1.166620,-9.541918
1.186552,-9.745827
1.206607,-10.014347
1.226678,-8.419268
1.246649,-8.860359
1.266558,-10.088436
1.286794,-8.859358
1.306450,-10.401733
1.326544,-10.473029
1.346510,-9.460719
1.366879,-10.431705
1.386608,-9.860970
1.406403,-9.004670
1.426382,-8.974174
1.446300,-10.036466
1.466284,-9.228350
1.486261,-8.617495
1.506197,-9.995878
1.526188,-11.372106
1.546198,-11.190788
1.566190,-10.176832
1.586219,-8.593039
1.606254,-8.255018
1.626085,-9.722167
1.646244,-11.024502
1.666138,-9.668611
1.686138,-9.012466
1.706063,-7.814513
1.726025,-10.305911
1.746014,-10.482532
1.765970,-6.934473
1.785985,-10.948931
1.805905,-9.236859
1.826105,-8.215247
1.847166,-11.727946
1.866150,-8.735614
1.885891,-9.841116
1.906051,-11.761806
1.925807,-7.412287
1.945809,-12.028090
1.965783,-10.401617
1.985855,-7.489552
2.005806,-13.281249
2.025760,-8.144915
2.046677,-13.454315
2.066706,-8.400073
2.086751,-8.903376
2.106656,-8.977981
2.126758,-6.830245
2.146659,-12.250422
2.166641,-7.646558
2.186523,-12.172782
2.206625,-8.214166
2.226477,-12.914376
2.246606,-8.529977
2.266460,-11.893112
2.286539,-6.740634
2.306484,-12.043164
2.326433,-6.506207
2.346479,-11.079972
2.366395,-8.279342
2.386325,-11.334752
2.406569,-9.251315
2.426267,-10.358211
2.446396,-8.548329
2.466260,-11.061707
2.486549,-8.863849
2.506423,-9.913862
2.526156,-10.656896
2.546273,-8.424318
2.566100,-9.556284
2.586105,-6.876107
2.606087,-11.390573
2.627266,-7.968660
2.646061,-8.717131
2.665994,-9.726095
2.686011,-7.296165
2.705994,-11.790386
2.726008,-9.663850
2.745982,-8.898767
2.765864,-10.338026
2.785850,-11.898242
2.805832,-8.972030
2.825901,-7.488545
2.845868,-10.754540
2.865872,-10.455010
2.885862,-8.848204
2.905961,-10.566473
2.925812,-10.800999
2.946795,-9.473276
2.965702,-7.942010
2.985911,-9.938351
3.005629,-9.406263
3.026784,-9.554718
3.046602,-9.397093
3.066768,-10.084753
3.086767,-10.130890
3.106770,-9.983842
3.126498,-10.794995
3.146459,-7.928865
3.166487,-10.839993
3.186413,-9.515524
3.206426,-8.967072
3.226411,-10.657258
3.246727,-9.874517
3.266630,-10.188456
3.286584,-9.642323
3.306438,-11.425770
3.326383,-7.156137
3.346327,-10.024058
3.366485,-9.484715
3.386346,-9.329936
3.406241,-10.300938
3.426251,-9.393653
3.446175,-9.200868
3.466266,-8.808904
3.486499,-9.894813
3.506156,-8.831878
3.526116,-10.442969
3.546070,-7.516912
3.566166,-10.538359
3.588918,-7.892359
3.606117,-10.755334
3.626078,-9.444669
3.646127,-8.976213
3.666032,-10.958800
3.686113,-8.811331
3.705888,-10.083179
3.725871,-8.230198
3.745909,-10.732779
3.765831,-8.900383
3.785948,-10.979322
3.805808,-9.581503
3.825879,-11.032061
3.845778,-9.945124
3.865752,-10.245802
3.885807,-9.066439
3.905761,-11.254807
3.925642,-8.764855
3.945812,-10.128440
3.966965,-8.456661
3.986629,-9.704886
4.006070,-9.916720
4.026797,-10.044686
4.046667,-9.269253
4.066918,-10.567883
4.086528,-8.647106
4.106488,-9.742527
4.126475,-9.663263
4.146487,-8.730087
4.166600,-9.258027
4.186442,-9.062225
4.206437,-8.110346
4.226431,-10.134416
4.246774,-7.715861
4.266761,-12.161739
4.286502,-9.267036
4.306386,-11.119930
4.326310,-11.050817
4.346456,-8.543370
4.366608,-11.568576
4.386441,-10.727406
4.406188,-11.836954
4.426195,-8.853484
4.446119,-8.885003
4.466452,-5.514865
4.486281,-12.353866
4.506045,-10.718745
4.526085,-8.810148
4.546238,-9.292105
4.565965,-9.644079
4.586182,-11.084879
4.611168,-7.250060
4.626243,-12.692231
4.645943,-10.384867
4.665892,-8.727734
4.685941,-7.567288
4.705936,-10.335914
4.725842,-11.885715
4.746171,-5.591148
4.766803,-11.947768
4.786054,-9.985085
4.805801,-6.734689
4.825864,-9.491536
4.845815,-10.099949
4.867007,-10.034265
4.886497,-7.018362
4.905649,-12.003300
4.925794,-10.945753
4.945934,-11.129335
4.966790,-12.180373
4.985614,-8.501768
5.006549,-11.582233
5.026583,-9.587157
5.046506,-9.141030
5.066581,-8.799494
5.086625,-10.990917
5.106750,-10.284890
5.126875,-6.726273
5.146634,-10.135100
5.166454,-9.622687
5.186446,-9.277123
5.206346,-9.964908
5.226341,-5.223423
5.246350,-12.004795
5.266308,-11.708485
5.286488,-10.392583
5.306243,-11.220111
5.326186,-8.385489
5.346156,-10.657261
5.366160,-11.505470
5.386262,-11.187789
5.406184,-9.060136
5.426091,-5.271570
5.446061,-9.823774
5.466123,-8.773743
5.486204,-10.673191
5.506130,-7.532826
5.525984,-7.060491
5.545998,-10.961642
5.566082,-11.199399
5.585997,-11.382455
5.605926,-10.796947
5.625894,-8.539767
5.645985,-11.285665
5.665857,-12.611667
5.685818,-11.788003
5.705960,-11.426712
5.725918,-8.787785
5.745872,-11.168959
5.765874,-9.942665
5.785745,-11.572363
5.805782,-10.456993
5.825805,-5.563929
5.845699,-10.082329
5.865680,-8.988197
5.885961,-8.318869
5.905657,-9.357534
5.925768,-6.346085
5.945787,-10.253059
5.965582,-9.175583
5.985690,-9.044516
6.007030,-10.846402
6.025581,-7.507837
6.046601,-10.410166
6.066620,-11.032362
6.086697,-9.219675
6.106470,-10.467323
6.126444,-8.983855
6.146614,-10.913363
6.166363,-9.772014
6.186375,-9.752193
6.206344,-10.640411
6.226319,-7.708729
6.246366,-9.127164
6.266283,-8.912171
6.286407,-9.759549
6.306309,-9.344506
6.326227,-5.608850
6.346184,-9.828935
6.366267,-9.977703
6.386328,-10.590212
6.406409,-10.669600
6.426151,-8.829262
6.446270,-10.463310
6.466227,-10.494696
6.486084,-11.727331
6.506078,-10.217263
6.526971,-7.967365
6.547245,-10.098143
6.566057,-8.541994
6.586286,-8.380478
6.605996,-10.230879
6.625998,-7.278811
6.645917,-10.986807
6.665896,-10.701540
6.685921,-10.069925
6.705855,-11.737787
6.725809,-10.657980
6.745838,-10.242490
6.765841,-10.101512
6.785868,-9.129275
6.805735,-8.991818
6.825704,-5.573336
6.845715,-11.364375
6.865771,-10.874614
6.885675,-9.556262
6.905673,-9.669183
6.925712,-7.935615
6.945599,-11.100122
6.965598,-8.975437
6.985556,-9.425070
7.005656,-9.447628
7.026010,-5.453406
7.046554,-8.431505
7.065588,-11.160793
7.086460,-7.343292
7.106597,-8.240957
7.126442,-5.838849
7.146461,-8.979316
7.167264,-9.741564
7.186727,-10.508310
7.206339,-9.385972
7.226319,-7.970522
7.246372,-9.987120
7.266368,-13.284854
7.286238,-9.698099
7.306232,-12.260643
7.326205,-11.567294
7.346262,-12.250173
7.366169,-11.027884
7.386158,-10.199156
7.406545,-12.643501
7.426180,-9.575418
7.446087,-10.179118
7.466047,-9.098816
7.486153,-9.988853
7.505988,-11.243948
7.525948,-8.518045
7.545950,-10.234435
7.565966,-8.729117
7.585914,-9.314269
7.606084,-10.514395
7.625964,-4.666661
7.645913,-7.622565
7.665915,-8.530457
7.686058,-9.238865
7.705809,-10.349232
7.726044,-7.778502
7.745891,-8.621588
7.765756,-8.880764
7.785713,-9.620986
7.805683,-12.851089
7.825636,-8.919821
7.845659,-7.828232
7.865642,-10.577580
7.885784,-8.630503
7.905838,-11.448318
7.925578,-11.245374
7.945529,-11.632922
7.966035,-10.864753
7.986560,-6.783105
8.005496,-9.747944
8.025511,-10.974463
8.045435,-9.933877
8.066888,-11.081275
8.086331,-9.355829
