0.222437,53.517000
0.242195,53.517000
0.262240,53.517000
0.282218,53.517000
0.302193,53.517000
0.323400,53.517000
0.342170,53.517000
0.363267,53.517000
0.383198,53.517000
0.403178,53.516000
0.423261,53.516000
0.442273,53.516000
0.463221,53.516000
0.483232,53.516000
0.503106,53.516000
0.523105,53.516000
0.543097,53.516000
0.563093,53.516000
0.583155,53.516000
0.603113,53.513000
0.623109,53.513000
0.643188,53.513000
0.663167,53.513000
0.683064,53.513000
0.703141,53.513000
0.723030,53.513000
0.743022,53.513000
0.763028,53.513000
0.783017,53.513000
0.803005,53.513000
0.823038,53.511000
0.843015,53.511000
0.862978,53.511000
0.882977,53.511000
0.902969,53.511000
0.922974,53.511000
0.943042,53.511000
0.962914,53.511000
0.982924,53.511000
1.002904,53.511000
1.022905,53.522000
1.042906,53.522000
1.062868,53.522000
1.082935,53.522000
1.102874,53.522000
1.122869,53.522000
1.142860,53.522000
1.162919,53.522000
1.182860,53.522000
1.202850,53.522000
1.222861,53.534000
1.242795,53.534000
1.262829,53.534000
1.282895,53.534000
1.302881,53.534000
1.322777,53.534000
1.342755,53.534000
1.362801,53.534000
1.382739,53.534000
1.402760,53.552000
1.422830,53.552000
1.442719,53.552000
1.462714,53.552000
1.482772,53.552000
1.502768,53.552000
1.522698,53.552000
1.542793,53.552000
1.562696,53.552000
1.582716,53.552000
1.602681,53.552000
1.622667,53.551000
1.642691,53.551000
1.662648,53.551000
1.682659,53.551000
1.702634,53.551000
1.722654,53.551000
1.742641,53.551000
1.762680,53.551000
1.782602,53.551000
1.802680,53.550000
1.822580,53.550000
1.842590,53.550000
1.862614,53.550000
1.882634,53.550000
1.902538,53.550000
1.922555,53.550000
1.942531,53.550000
1.962559,53.550000
1.982511,53.550000
2.002506,53.550000
2.022532,53.553000
2.042504,53.553000
2.062493,53.553000
2.082461,53.553000
2.102477,53.553000
2.122460,53.553000
2.142518,53.553000
2.162437,53.553000
2.182433,53.553000
2.202476,53.535000
2.222444,53.535000
2.242410,53.535000
2.262428,53.535000
2.282390,53.535000
2.302392,53.535000
2.322369,53.535000
2.342378,53.535000
2.362385,53.535000
2.382367,53.535000
2.402335,53.534000
2.422376,53.534000
2.442309,53.534000
2.462335,53.534000
2.482290,53.534000
2.502279,53.534000
2.522280,53.534000
2.542280,53.534000
2.562267,53.534000
2.582274,53.534000
2.602355,53.534000
2.622294,53.534000
2.642261,53.534000
2.662304,53.534000
2.682234,53.534000
2.702227,53.534000
2.723217,53.534000
2.742254,53.534000
2.762223,53.534000
2.782229,53.534000
2.802284,53.531000
2.823270,53.531000
2.842193,53.531000
2.862171,53.531000
2.883203,53.531000
2.903188,53.531000
2.923188,53.531000
2.943255,53.531000
2.963198,53.531000
2.983184,53.531000
3.003218,53.531000
3.023189,53.525000
3.043182,53.525000
3.063095,53.525000
3.083094,53.525000
3.103114,53.525000
3.123045,53.525000
3.143045,53.525000
3.163108,53.525000
3.183047,53.525000
3.203023,53.541000
3.223023,53.541000
3.243059,53.541000
3.263026,53.541000
3.283013,53.541000
3.303021,53.541000
3.322988,53.541000
3.343043,53.541000
3.363023,53.541000
3.382974,53.541000
3.402987,53.536000
3.423023,53.536000
3.442940,53.536000
3.462941,53.536000
3.482935,53.536000
3.502914,53.536000
3.522978,53.536000
3.542916,53.536000
3.562961,53.536000
3.582940,53.536000
3.602901,53.536000
3.622872,53.553000
3.642882,53.553000
3.662963,53.553000
3.682949,53.553000
3.702899,53.553000
3.722869,53.553000
3.742970,53.553000
3.762827,53.553000
3.782816,53.553000
3.802806,53.553000
3.822836,53.573000
3.842827,53.573000
3.862792,53.573000
3.882769,53.573000
3.902821,53.573000
3.922805,53.573000
3.942763,53.573000
3.962793,53.573000
3.982809,53.573000
4.002751,53.573000
4.022748,53.593000
4.042745,53.593000
4.062805,53.593000
4.082714,53.593000
4.102704,53.593000
4.122721,53.593000
4.142765,53.593000
4.162673,53.593000
4.182700,53.593000
4.202693,53.593000
4.222677,53.610000
4.242636,53.610000
4.262719,53.610000
4.282634,53.610000
4.302691,53.610000
4.322601,53.610000
4.342602,53.610000
4.362639,53.610000
4.382747,53.610000
4.402565,53.610000
4.422649,53.619000
4.442531,53.619000
4.462608,53.619000
4.482554,53.619000
4.502533,53.619000
4.522580,53.619000
4.542498,53.619000
4.562538,53.619000
4.582490,53.619000
4.602587,53.619000
4.622478,53.633000
4.642457,53.633000
4.662462,53.633000
4.682430,53.633000
4.702453,53.633000
4.722439,53.633000
4.742484,53.633000
4.762444,53.633000
4.782392,53.633000
4.802378,53.633000
4.822583,53.640000
4.842428,53.640000
4.862387,53.640000
4.882352,53.640000
4.902447,53.640000
4.922333,53.640000
4.942336,53.640000
4.962376,53.640000
4.982322,53.640000
5.002476,53.640000
5.022319,53.662000
5.042337,53.662000
5.062292,53.662000
5.082425,53.662000
5.102344,53.662000
5.122275,53.662000
5.142271,53.662000
5.162325,53.662000
5.182295,53.662000
5.202265,53.657000
5.222339,53.657000
5.242249,53.657000
5.262310,53.657000
5.282233,53.657000
5.302221,53.657000
5.322260,53.657000
5.342203,53.657000
5.362257,53.657000
5.382248,53.657000
5.402174,53.657000
5.423195,53.672000
5.442169,53.672000
5.463160,53.672000
5.483183,53.672000
5.503243,53.672000
5.523255,53.672000
5.543154,53.672000
5.563190,53.672000
5.583129,53.672000
5.603112,53.682000
5.623219,53.682000
5.643171,53.682000
5.663242,53.682000
5.683132,53.682000
5.703126,53.682000
5.723090,53.682000
5.743057,53.682000
5.763019,53.682000
5.783070,53.682000
5.803057,53.681000
5.823037,53.681000
5.843062,53.681000
5.862994,53.681000
5.882964,53.681000
5.903047,53.681000
5.922981,53.681000
5.942988,53.681000
5.962971,53.681000
5.982982,53.681000
6.002986,53.681000
6.022916,53.690000
6.042927,53.690000
6.063024,53.690000
6.082949,53.690000
6.102955,53.690000
6.122884,53.690000
6.142925,53.690000
6.162885,53.690000
6.182913,53.690000
6.202909,53.690000
6.222871,53.694000
6.242901,53.694000
6.262855,53.694000
6.282848,53.694000
6.302841,53.694000
6.322830,53.694000
6.342812,53.694000
6.362988,53.694000
6.382818,53.694000
6.402940,53.694000
6.422799,53.698000
6.442785,53.698000
6.462792,53.698000
6.482905,53.698000
6.502752,53.698000
6.522789,53.698000
6.542790,53.698000
6.562738,53.698000
6.582758,53.698000
6.602767,53.698000
6.622828,53.713000
6.642732,53.713000
6.662741,53.713000
6.682767,53.713000
6.702711,53.713000
6.722708,53.713000
6.742724,53.713000
6.762720,53.713000
6.782715,53.713000
6.802676,53.713000
6.822664,53.741000
6.842690,53.741000
6.862712,53.741000
6.882648,53.741000
6.902651,53.741000
6.922648,53.741000
6.942674,53.741000
6.962617,53.741000
6.982635,53.741000
7.002562,53.741000
7.022558,53.749000
7.042628,53.749000
7.062567,53.749000
7.082527,53.749000
7.102535,53.749000
7.122530,53.749000
7.142709,53.749000
7.162644,53.749000
7.182568,53.749000
7.202583,53.749000
7.222514,53.735000
7.243049,53.735000
7.262503,53.735000
7.282520,53.735000
7.302450,53.735000
7.322761,53.735000
7.342443,53.735000
7.362460,53.735000
7.382469,53.735000
7.402473,53.747000
7.422467,53.747000
7.442437,53.747000
7.462410,53.747000
7.482440,53.747000
7.502403,53.747000
7.522382,53.747000
7.542377,53.747000
7.562372,53.747000
7.582354,53.747000
7.602458,53.776000
7.622405,53.776000
7.642357,53.776000
7.662349,53.776000
7.682347,53.776000
7.702320,53.776000
7.722316,53.776000
7.742311,53.776000
7.762293,53.776000
7.782269,53.776000
7.802395,53.798000
7.822258,53.798000
7.842298,53.798000
7.862318,53.798000
7.882242,53.798000
7.902342,53.798000
7.922260,53.798000
7.942241,53.798000
7.962217,53.798000
7.982215,53.798000
8.002196,53.798000
8.023209,53.824000
8.042192,53.824000
8.062216,53.824000
8.082193,53.824000
8.102160,53.824000
8.123157,53.824000
8.142190,53.824000
8.162187,53.824000
8.183143,53.824000
8.203125,53.824000
8.223131,53.864000
8.243184,53.864000
8.263180,53.864000
8.283088,53.864000
8.303149,53.864000
8.323122,53.864000
8.343093,53.864000
8.363019,53.864000
8.383017,53.864000
8.403027,53.864000
8.422989,53.895000
8.443014,53.895000
8.463031,53.895000
8.483033,53.895000
8.502997,53.895000
8.523036,53.895000
8.542987,53.895000
8.562984,53.895000
8.582940,53.895000
8.603101,53.917000
8.622937,53.917000
8.643036,53.917000
8.662917,53.917000
8.682926,53.917000
8.702925,53.917000
8.722889,53.917000
8.742898,53.917000
8.762912,53.917000
8.782976,53.917000
8.802894,53.932000
8.822959,53.932000
8.842868,53.932000
8.862967,53.932000
8.882836,53.932000
8.902906,53.932000
8.922838,53.932000
8.942829,53.932000
8.962927,53.932000
8.982829,53.932000
9.002850,53.932000
9.022794,53.954000
9.042801,53.954000
9.062791,53.954000
9.082752,53.954000
9.102771,53.954000
9.122783,53.954000
9.142736,53.954000
9.162813,53.954000
9.182761,53.954000
9.202744,53.954000
9.222713,53.969000
9.242716,53.969000
9.262779,53.969000
9.282808,53.969000
9.302733,53.969000
9.322688,53.969000
9.342658,53.969000
9.362706,53.969000
9.383836,53.969000
9.402747,53.969000
9.422677,53.991000
9.442687,53.991000
9.462665,53.991000
9.482653,53.991000
9.502634,53.991000
9.522594,53.991000
9.542565,53.991000
9.562613,53.991000
9.582633,53.991000
9.602559,53.991000
9.622567,54.012000
9.642736,54.012000
9.662533,54.012000
9.682530,54.012000
9.702590,54.012000
9.722528,54.012000
9.742479,54.012000
9.762614,54.012000
9.782477,54.012000
9.802460,54.012000
9.822466,54.038000
9.842431,54.038000
9.862468,54.038000
9.882451,54.038000
9.902421,54.038000
9.922446,54.038000
9.942486,54.038000
9.962400,54.038000
9.982435,54.038000
10.002557,54.038000
10.022503,54.063000
10.042421,54.063000
10.062364,54.063000
10.082444,54.063000
10.102416,54.063000
10.122384,54.063000
10.142340,54.063000
10.162377,54.063000
10.182429,54.063000
10.202357,54.085000
10.222319,54.085000
10.242304,54.085000
10.262381,54.085000
10.282345,54.085000
10.302886,54.085000
10.322285,54.085000
10.342280,54.085000
10.362271,54.085000
10.382343,54.085000
10.402279,54.089000
10.422265,54.089000
10.442244,54.089000
10.462241,54.089000
10.482252,54.089000
10.502223,54.089000
10.522253,54.089000
10.542278,54.089000
10.562211,54.089000
10.582180,54.089000
10.602180,54.110000
10.623175,54.110000
10.642182,54.110000
10.662201,54.110000
10.683142,54.110000
10.702152,54.110000
10.723199,54.110000
10.742138,54.110000
10.762177,54.110000
10.783124,54.110000
10.802272,54.117000
10.823227,54.117000
10.842099,54.117000
10.863122,54.117000
10.883063,54.117000
10.903070,54.117000
10.923090,54.117000
10.943130,54.117000
10.963088,54.117000
10.983181,54.117000
11.003106,54.117000
11.023147,54.117000
11.043051,54.118000
11.062993,54.118000
11.082969,54.118000
11.103041,54.118000
11.123071,54.118000
11.142981,54.118000
11.163001,54.118000
11.182939,54.118000
11.202935,54.120000
11.222948,54.120000
11.242944,54.120000
11.263001,54.120000
11.282997,54.120000
11.302905,54.120000
11.322971,54.120000
11.342989,54.120000
11.362899,54.120000
11.382956,54.120000
11.403009,54.127000
11.422948,54.127000
11.442954,54.127000
11.463004,54.127000
11.482922,54.127000
11.502984,54.127000
11.522851,54.127000
11.542846,54.127000
11.562839,54.127000
11.582834,54.127000
11.602838,54.119000
11.622924,54.119000
11.642787,54.119000
11.662816,54.119000
11.682788,54.119000
11.702872,54.119000
11.722789,54.119000
11.742906,54.119000
11.762785,54.119000
11.782754,54.119000
11.802729,54.119000
11.822752,54.126000
11.842707,54.126000
11.862727,54.126000
11.882725,54.126000
11.902690,54.126000
11.922718,54.126000
11.942752,54.126000
11.962738,54.126000
11.982687,54.126000
12.002648,54.126000
12.022627,54.138000
12.042703,54.138000
12.062709,54.138000
12.082620,54.138000
12.102625,54.138000
12.122598,54.138000
12.142583,54.138000
12.162635,54.138000
12.182604,54.138000
12.202551,54.138000
12.222545,54.141000
12.242553,54.141000
12.262540,54.141000
12.282541,54.141000
12.302508,54.141000
12.322506,54.141000
12.342514,54.141000
12.362493,54.141000
12.382501,54.141000
12.402478,54.141000
12.422504,54.145000
12.442534,54.145000
12.462482,54.145000
12.482521,54.145000
12.502446,54.145000
12.522533,54.145000
12.542488,54.145000
12.562442,54.145000
12.582458,54.145000
12.602416,54.145000
12.622400,54.153000
12.642450,54.153000
12.662385,54.153000
12.682385,54.153000
12.702371,54.153000
12.722383,54.153000
12.742399,54.153000
12.762387,54.153000
12.782367,54.153000
12.802411,54.153000
12.822327,54.142000
12.842429,54.142000
12.862366,54.142000
12.882331,54.142000
12.902271,54.142000
12.922282,54.142000
12.942255,54.142000
12.962267,54.142000
12.982312,54.142000
13.002235,54.142000
13.022277,54.165000
13.042232,54.165000
13.062236,54.165000
13.082279,54.165000
13.102206,54.165000
13.123314,54.165000
13.142176,54.165000
13.162369,54.165000
13.183137,54.165000
13.202122,54.163000
13.223124,54.163000
13.242146,54.163000
13.262128,54.163000
13.283146,54.163000
13.303065,54.163000
13.323090,54.163000
13.343157,54.163000
13.363045,54.163000
13.383039,54.163000
13.403067,54.159000
13.423035,54.159000
13.443043,54.159000
13.463050,54.159000
13.483043,54.159000
13.503063,54.159000
13.523074,54.159000
13.543087,54.159000
13.563054,54.159000
13.583045,54.159000
13.603084,54.159000
13.622982,54.160000
13.643066,54.160000
13.662977,54.160000
13.682936,54.160000
13.703012,54.160000
13.722954,54.160000
13.742957,54.160000
13.762928,54.160000
13.782935,54.160000
13.802913,54.178000
13.822883,54.178000
13.842951,54.178000
13.862911,54.178000
13.882942,54.178000
13.902853,54.178000
13.922854,54.178000
13.942899,54.178000
13.962919,54.178000
13.982840,54.178000
14.002825,54.178000
14.022910,54.188000
14.042800,54.188000
14.062828,54.188000
14.082826,54.188000
14.102785,54.188000
14.122765,54.188000
14.142797,54.188000
14.162856,54.188000
14.182791,54.188000
14.202752,54.180000
14.222746,54.180000
14.242769,54.180000
14.262730,54.180000
14.282723,54.180000
14.302781,54.180000
14.322783,54.180000
14.342849,54.180000
14.362752,54.180000
14.382845,54.180000
14.402704,54.175000
14.422698,54.175000
14.442725,54.175000
14.462732,54.175000
14.482686,54.175000
14.502726,54.175000
14.522737,54.175000
14.542664,54.175000
14.562654,54.175000
14.582711,54.175000
14.602638,54.175000
14.623156,54.181000
14.642641,54.181000
14.662660,54.181000
14.682645,54.181000
14.702620,54.181000
14.722589,54.181000
14.742595,54.181000
14.762604,54.181000
14.782678,54.181000
14.802610,54.194000
14.822589,54.194000
14.842598,54.194000
14.862561,54.194000
14.882519,54.194000
14.902536,54.194000
14.922504,54.194000
14.942623,54.194000
14.962495,54.194000
14.982534,54.194000
15.002450,54.194000
15.022560,54.191000
15.042456,54.191000
15.062491,54.191000
15.082422,54.191000
15.102480,54.191000
15.122444,54.191000
15.142422,54.191000
15.162414,54.191000
15.182398,54.191000
15.202413,54.191000
15.222457,54.199000
15.242406,54.199000
15.262364,54.199000
15.282375,54.199000
15.302358,54.199000
15.322388,54.199000
15.342313,54.199000
15.362339,54.199000
15.382311,54.199000
15.402358,54.191000
15.422323,54.191000
15.442277,54.191000
15.462324,54.191000
15.482289,54.191000
15.502242,54.191000
15.522304,54.191000
15.542300,54.191000
15.562281,54.191000
15.582307,54.191000
15.602211,54.191000
15.622224,54.181000
15.642235,54.181000
15.662310,54.181000
15.682220,54.181000
15.702292,54.181000
15.722207,54.181000
15.742172,54.181000
15.762258,54.181000
15.782194,54.181000
15.802217,54.176000
15.823197,54.176000
15.842187,54.176000
15.862134,54.176000
15.883167,54.176000
15.902147,54.176000
15.923109,54.176000
15.942176,54.176000
15.962207,54.176000
15.983088,54.176000
16.003134,54.166000
16.023108,54.166000
16.043099,54.166000
16.063079,54.166000
16.083065,54.166000
16.103035,54.166000
16.123084,54.166000
16.143084,54.166000
16.163034,54.166000
16.183137,54.166000
16.203023,54.166000
16.223036,54.171000
16.243054,54.171000
16.263054,54.171000
16.283020,54.171000
16.303005,54.171000
16.323022,54.171000
16.343044,54.171000
16.363029,54.171000
16.383061,54.171000
16.403028,54.171000
16.423044,54.180000
16.443044,54.180000
16.463015,54.180000
16.483016,54.180000
16.502973,54.180000
16.522926,54.180000
16.542961,54.180000
16.562954,54.180000
16.582977,54.180000
16.602926,54.180000
16.622878,54.183000
16.642930,54.183000
16.662936,54.183000
16.683056,54.183000
16.702956,54.183000
16.722826,54.183000
16.742943,54.183000
16.762883,54.183000
16.782830,54.183000
16.802835,54.183000
16.822880,54.174000
16.842822,54.174000
16.862843,54.174000
16.882771,54.174000
16.902781,54.174000
16.922804,54.174000
16.942824,54.174000
16.962840,54.174000
16.982759,54.174000
17.002757,54.174000
17.022750,54.174000
17.042766,54.181000
17.062771,54.181000
17.082792,54.181000
17.102745,54.181000
17.122765,54.181000
17.142832,54.181000
17.162699,54.181000
17.182745,54.181000
17.202688,54.181000
17.222708,54.185000
17.242655,54.185000
17.262663,54.185000
17.282638,54.185000
17.302630,54.185000
17.322631,54.185000
17.342641,54.185000
17.362656,54.185000
17.382715,54.185000
17.402663,54.185000
17.422587,54.177000
17.442623,54.177000
17.462620,54.177000
17.482581,54.177000
17.502664,54.177000
17.522550,54.177000
17.542541,54.177000
17.562548,54.177000
17.582525,54.177000
17.602528,54.177000
17.622541,54.175000
17.642551,54.175000
17.662515,54.175000
17.682523,54.175000
17.702530,54.175000
17.722481,54.175000
17.742470,54.175000
17.762467,54.175000
17.782511,54.175000
17.802553,54.175000
17.822525,54.175000
17.842431,54.175000
17.862459,54.175000
17.882439,54.175000
17.902465,54.175000
17.922385,54.175000
17.942463,54.175000
17.962394,54.175000
17.982373,54.175000
18.002397,54.175000
18.022354,54.176000
18.042346,54.176000
18.062323,54.176000
18.082338,54.176000
18.102365,54.176000
18.122385,54.176000
18.142311,54.176000
18.162345,54.176000
18.182351,54.176000
18.202289,54.176000
18.222276,54.191000
18.242323,54.191000
18.262239,54.191000
18.282299,54.191000
18.302294,54.191000
18.322348,54.191000
18.342238,54.191000
18.362331,54.191000
18.382269,54.191000
18.402215,54.201000
18.422303,54.201000
18.442189,54.201000
18.462197,54.201000
18.482186,54.201000
18.502227,54.201000
18.522215,54.201000
18.542208,54.201000
18.562159,54.201000
18.582227,54.201000
18.602186,54.214000
18.623160,54.214000
18.642265,54.214000
18.662147,54.214000
18.683158,54.214000
18.702197,54.214000
18.723170,54.214000
18.742125,54.214000
18.762164,54.214000
18.783167,54.214000
18.803112,54.213000
18.823158,54.213000
18.843051,54.213000
18.863198,54.213000
18.883085,54.213000
18.903019,54.213000
18.923018,54.213000
18.942991,54.213000
18.962990,54.213000
18.983003,54.213000
19.002995,54.213000
19.023016,54.257000
19.043035,54.257000
19.063039,54.257000
19.083017,54.257000
19.102997,54.257000
19.123044,54.257000
19.143103,54.257000
19.162991,54.257000
19.182975,54.257000
19.203034,54.284000
19.222966,54.284000
19.243032,54.284000
19.262892,54.284000
19.283059,54.284000
19.302917,54.284000
19.322945,54.284000
19.342856,54.284000
19.362870,54.284000
19.382859,54.284000
19.402852,54.297000
19.422845,54.297000
19.442863,54.297000
19.462899,54.297000
19.482886,54.297000
19.502827,54.297000
19.522807,54.297000
19.542892,54.297000
19.562793,54.297000
19.582773,54.297000
19.602780,54.290000
19.622770,54.290000
19.642830,54.290000
19.662752,54.290000
19.682770,54.290000
19.702749,54.290000
19.722731,54.290000
19.742740,54.290000
19.762751,54.290000
19.782739,54.290000
19.802814,54.267000
19.822748,54.267000
19.842734,54.267000
19.862766,54.267000
19.882709,54.267000
19.902686,54.267000
19.922697,54.267000
19.942706,54.267000
19.962656,54.267000
19.982672,54.267000
20.002652,54.267000
20.022660,54.256000
20.042628,54.256000
20.062707,54.256000
20.082628,54.256000
20.102722,54.256000
20.122803,54.256000
20.142607,54.256000
20.162598,54.256000
20.182585,54.256000
20.202585,54.256000
20.222600,54.261000
20.242655,54.261000
20.262592,54.261000
20.282555,54.261000
20.302590,54.261000
20.322519,54.261000
20.342504,54.261000
20.362563,54.261000
20.382540,54.261000
20.402536,54.261000
20.422560,54.252000
20.442532,54.252000
20.462512,54.252000
20.482465,54.252000
20.502460,54.252000
20.522450,54.252000
20.542496,54.252000
20.562459,54.252000
20.582478,54.252000
20.602410,54.252000
20.622409,54.229000
20.642492,54.229000
20.662386,54.229000
20.682456,54.229000
20.702407,54.229000
20.722435,54.229000
20.742343,54.229000
20.762339,54.229000
20.782381,54.229000
20.802370,54.229000
20.822306,54.234000
20.842296,54.234000
20.862362,54.234000
20.882346,54.234000
20.902318,54.234000
20.922289,54.234000
20.942304,54.234000
20.962285,54.234000
20.982245,54.234000
21.002237,54.234000
21.022217,54.236000
21.042204,54.236000
21.062232,54.236000
21.082197,54.236000
21.102207,54.236000
21.122204,54.236000
21.142185,54.236000
21.162182,54.236000
21.182182,54.236000
21.202164,54.237000
21.223178,54.237000
21.242150,54.237000
21.262237,54.237000
21.283123,54.237000
21.302212,54.237000
21.323172,54.237000
21.342307,54.237000
21.362183,54.237000
21.383157,54.237000
21.402120,54.240000
21.423125,54.240000
21.443058,54.240000
21.463135,54.240000
21.483105,54.240000
21.503046,54.240000
21.523054,54.240000
21.543113,54.240000
21.563041,54.240000
21.583086,54.240000
21.603004,54.225000
21.623000,54.225000
21.643017,54.225000
21.663086,54.225000
21.683024,54.225000
21.702981,54.225000
21.723033,54.225000
21.742972,54.225000
21.763078,54.225000
21.782954,54.225000
21.803079,54.228000
21.823073,54.228000
21.842968,54.228000
21.862966,54.228000
21.883044,54.228000
21.902974,54.228000
21.922973,54.228000
21.942962,54.228000
21.963011,54.228000
21.982980,54.228000
22.002893,54.228000
22.022912,54.243000
22.042877,54.243000
22.062899,54.243000
22.082983,54.243000
22.102908,54.243000
22.122847,54.243000
22.142882,54.243000
22.162844,54.243000
22.183043,54.243000
22.202843,54.229000
22.222819,54.229000
22.242872,54.229000
22.262784,54.229000
22.282812,54.229000
22.302798,54.229000
22.322851,54.229000
22.342769,54.229000
22.362754,54.229000
22.382769,54.229000
22.402790,54.236000
22.422767,54.236000
22.442734,54.236000
22.462719,54.236000
22.482728,54.236000
22.502714,54.236000
22.522702,54.236000
22.542709,54.236000
22.562721,54.236000
22.582715,54.236000
22.602701,54.248000
22.622746,54.248000
22.642692,54.248000
22.662704,54.248000
22.682637,54.248000
22.702733,54.248000
22.722692,54.248000
22.742686,54.248000
22.762685,54.248000
22.782684,54.248000
22.802620,54.262000
22.822615,54.262000
22.842585,54.262000
22.862648,54.262000
22.882583,54.262000
22.902608,54.262000
22.922684,54.262000
22.942548,54.262000
22.962582,54.262000
22.982525,54.262000
23.002527,54.262000
23.022597,54.262000
23.042487,54.267000
23.062504,54.267000
23.082463,54.267000
23.102456,54.267000
23.122458,54.267000
23.142545,54.267000
23.162453,54.267000
23.182481,54.267000
23.202446,54.267000
23.222438,54.258000
23.242450,54.258000
23.262449,54.258000
23.282384,54.258000
23.302515,54.258000
23.322374,54.258000
23.342355,54.258000
23.362441,54.258000
23.382376,54.258000
23.402313,54.258000
23.422337,54.256000
23.442362,54.256000
23.462394,54.256000
23.482326,54.256000
23.502297,54.256000
23.522377,54.256000
23.542326,54.256000
23.562292,54.256000
23.582309,54.256000
23.602374,54.256000
23.622264,54.260000
23.642244,54.260000
23.662270,54.260000
23.682259,54.260000
23.702226,54.260000
23.722262,54.260000
23.742307,54.260000
23.762249,54.260000
23.782234,54.260000
23.802235,54.254000
23.822223,54.254000
23.842186,54.254000
23.862186,54.254000
23.882203,54.254000
23.902219,54.254000
23.923372,54.254000
23.942242,54.254000
23.962218,54.254000
23.983186,54.254000
24.002137,54.254000
24.023131,54.274000
24.042160,54.274000
24.062109,54.274000
24.083082,54.274000
24.102160,54.274000
24.123062,54.274000
24.143074,54.274000
24.163055,54.274000
24.183049,54.274000
24.203136,54.287000
24.223087,54.287000
24.243032,54.287000
24.263066,54.287000
24.283118,54.287000
24.303027,54.287000
24.323019,54.287000
24.343012,54.287000
24.362998,54.287000
24.382979,54.287000
24.403078,54.280000
24.422973,54.280000
24.442991,54.280000
24.462948,54.280000
24.483017,54.280000
24.502964,54.280000
24.523038,54.280000
24.542991,54.280000
24.563077,54.280000
24.582961,54.280000
24.602938,54.278000
24.622936,54.278000
24.642928,54.278000
24.662978,54.278000
24.682990,54.278000
24.703021,54.278000
24.722915,54.278000
24.742850,54.278000
24.762971,54.278000
24.782875,54.278000
24.802843,54.278000
24.822917,54.273000
24.842854,54.273000
24.862818,54.273000
24.882799,54.273000
24.902800,54.273000
24.922871,54.273000
24.942867,54.273000
24.962806,54.273000
24.982793,54.273000
25.002771,54.273000
25.022793,54.283000
25.042767,54.283000
25.062772,54.283000
25.082817,54.283000
25.102732,54.283000
25.122747,54.283000
25.142823,54.283000
25.162702,54.283000
25.182774,54.283000
25.202788,54.294000
25.222703,54.294000
25.242700,54.294000
25.262713,54.294000
25.282742,54.294000
25.302652,54.294000
25.322638,54.294000
25.342648,54.294000
25.362640,54.294000
25.382620,54.294000
25.402607,54.294000
25.422648,54.283000
25.442656,54.283000
25.462671,54.283000
25.482639,54.283000
25.502673,54.283000
25.522589,54.283000
25.542555,54.283000
25.562614,54.283000
25.582546,54.283000
25.602588,54.283000
25.622530,54.272000
25.642508,54.272000
25.662515,54.272000
25.682523,54.272000
25.702509,54.272000
25.722515,54.272000
25.742486,54.272000
25.762490,54.272000
25.782476,54.272000
25.802497,54.272000
25.822522,54.241000
25.842479,54.241000
25.862453,54.241000
25.882442,54.241000
25.902487,54.241000
25.922438,54.241000
25.942454,54.241000
25.962513,54.241000
25.982407,54.241000
26.002372,54.241000
26.022418,54.232000
26.042446,54.232000
26.062398,54.232000
26.082417,54.232000
26.102358,54.232000
26.122481,54.232000
26.142385,54.232000
26.162331,54.232000
26.182399,54.232000
26.202338,54.232000
26.222416,54.204000
26.242444,54.204000
26.262373,54.204000
26.282309,54.204000
26.302289,54.204000
26.322296,54.204000
26.342340,54.204000
26.362300,54.204000
26.382298,54.204000
26.402254,54.191000
26.422247,54.191000
26.442272,54.191000
26.462218,54.191000
26.482198,54.191000
26.502294,54.191000
26.522191,54.191000
26.542288,54.191000
26.562286,54.191000
26.582249,54.191000
26.602195,54.191000
26.623167,54.201000
26.642207,54.201000
26.662159,54.201000
26.682251,54.201000
26.702129,54.201000
26.723180,54.201000
26.742135,54.201000
26.762184,54.201000
26.783129,54.201000
26.802248,54.196000
26.823122,54.196000
26.842104,54.196000
26.862184,54.196000
26.883174,54.196000
26.902160,54.196000
26.923048,54.196000
26.943152,54.196000
26.963088,54.196000
26.983038,54.196000
27.003062,54.196000
27.023020,54.204000
27.043087,54.204000
27.063029,54.204000
27.083086,54.204000
27.102992,54.204000
27.123120,54.204000
27.143039,54.204000
27.162988,54.204000
27.182985,54.204000
27.202992,54.197000
27.222938,54.197000
27.242952,54.197000
27.262984,54.197000
27.283134,54.197000
27.302953,54.197000
27.322971,54.197000
27.344596,54.197000
27.362964,54.197000
27.382927,54.197000
27.402901,54.195000
27.422898,54.195000
27.442961,54.195000
27.462913,54.195000
27.482905,54.195000
27.502890,54.195000
27.522908,54.195000
27.542908,54.195000
27.562860,54.195000
27.582899,54.195000
27.602808,54.198000
27.622807,54.198000
27.642783,54.198000
27.662793,54.198000
27.682786,54.198000
27.702770,54.198000
27.722734,54.198000
27.742823,54.198000
27.762748,54.198000
27.782737,54.198000
27.802751,54.189000
27.822794,54.189000
27.842708,54.189000
27.862733,54.189000
27.882756,54.189000
27.902702,54.189000
27.922672,54.189000
27.942746,54.189000
27.962677,54.189000
27.982688,54.189000
28.002711,54.194000
28.022654,54.194000
28.042840,54.194000
28.062729,54.194000
28.082626,54.194000
28.102605,54.194000
28.122638,54.194000
28.142594,54.194000
28.162606,54.194000
28.182701,54.194000
28.202610,54.194000
28.222583,54.192000
28.242568,54.192000
28.262648,54.192000
28.282566,54.192000
28.302544,54.192000
28.322518,54.192000
28.342560,54.192000
28.362567,54.192000
28.382517,54.192000
28.402490,54.197000
28.422528,54.197000
28.442479,54.197000
28.462522,54.197000
28.482509,54.197000
28.502467,54.197000
28.522444,54.197000
28.542458,54.197000
28.562439,54.197000
28.582429,54.197000
28.602433,54.201000
28.622472,54.201000
28.642403,54.201000
28.662396,54.201000
28.682372,54.201000
28.702484,54.201000
28.722390,54.201000
28.742402,54.201000
28.762358,54.201000
28.782377,54.201000
28.802358,54.196000
28.822355,54.196000
28.842320,54.196000
28.862340,54.196000
28.882306,54.196000
28.902366,54.196000
28.922350,54.196000
28.942372,54.196000
28.962308,54.196000
28.982270,54.196000
29.002349,54.196000
29.022327,54.175000
29.042259,54.175000
29.062295,54.175000
29.082278,54.175000
29.102268,54.175000
29.122249,54.175000
29.142290,54.175000
29.162404,54.175000
29.182196,54.175000
29.202235,54.179000
29.222271,54.179000
29.242202,54.179000
29.262175,54.179000
29.282193,54.179000
29.302190,54.179000
29.322172,54.179000
29.342131,54.179000
29.362239,54.179000
29.382176,54.179000
29.402123,54.179000
29.423116,54.169000
29.442100,54.169000
29.462165,54.169000
29.483115,54.169000
29.503102,54.169000
29.523096,54.169000
29.542120,54.169000
29.563086,54.169000
29.583052,54.169000
29.603061,54.167000
29.623132,54.167000
29.643152,54.167000
29.663038,54.167000
29.683034,54.167000
29.703115,54.167000
29.723069,54.167000
29.743003,54.167000
29.763015,54.167000
29.783059,54.167000
29.802994,54.167000
29.823070,54.177000
29.842984,54.177000
29.863046,54.177000
29.882965,54.177000
29.903104,54.177000
29.922950,54.177000
29.942981,54.177000
29.962913,54.177000
29.983020,54.177000
30.002918,54.177000
30.022930,54.172000
30.042934,54.172000
30.062951,54.172000
30.082978,54.172000
30.102902,54.172000
30.122868,54.172000
30.142894,54.172000
30.162932,54.172000
30.182904,54.172000
30.202866,54.172000
30.222860,54.170000
30.242871,54.170000
30.262864,54.170000
30.282913,54.170000
30.302920,54.170000
30.322889,54.170000
30.342900,54.170000
30.362809,54.170000
30.382777,54.170000
30.402776,54.170000
30.422790,54.166000
30.442809,54.166000
30.462829,54.166000
30.482810,54.166000
30.502783,54.166000
30.522858,54.166000
30.542725,54.166000
30.562792,54.166000
30.582741,54.166000
30.602737,54.166000
30.622727,54.178000
30.642718,54.178000
30.662724,54.178000
30.682704,54.178000
30.702701,54.178000
30.722703,54.178000
30.742746,54.178000
30.762712,54.178000
30.782791,54.178000
30.802758,54.191000
30.822720,54.191000
30.842752,54.191000
30.862680,54.191000
30.882676,54.191000
30.902637,54.191000
30.922612,54.191000
30.942705,54.191000
30.962666,54.191000
30.982604,54.191000
31.002624,54.191000
31.022583,54.188000
31.042601,54.188000
31.062667,54.188000
31.082602,54.188000
31.102534,54.188000
31.122605,54.188000
31.142540,54.188000
31.162510,54.188000
31.182518,54.188000
31.202492,54.175000
31.222507,54.175000
31.242478,54.175000
31.262498,54.175000
31.282497,54.175000
31.302473,54.175000
31.322487,54.175000
31.342494,54.175000
31.362470,54.175000
31.382392,54.175000
31.402515,54.175000
31.422395,54.175000
31.442403,54.175000
31.462451,54.175000
31.482451,54.175000
31.502398,54.175000
31.522392,54.175000
31.542359,54.175000
31.562346,54.175000
31.582388,54.175000
31.602331,54.176000
31.622302,54.176000
31.642303,54.176000
31.662303,54.176000
31.682326,54.176000
31.702318,54.176000
31.722268,54.176000
31.742314,54.176000
31.762333,54.176000
31.782283,54.176000
31.802267,54.187000
31.822257,54.187000
31.842321,54.187000
31.862250,54.187000
31.882257,54.187000
31.902302,54.187000
31.922267,54.187000
31.942207,54.187000
31.962208,54.187000
31.982258,54.187000
32.002174,54.187000
32.022198,54.192000
32.042146,54.192000
32.062147,54.192000
32.082279,54.192000
32.102153,54.192000
32.122171,54.192000
32.142195,54.192000
32.162206,54.192000
32.182172,54.192000
32.202131,54.192000
32.223252,54.192000
32.242152,54.192000
32.262100,54.192000
32.283074,54.192000
32.302142,54.192000
32.323121,54.192000
32.343096,54.192000
32.363079,54.192000
32.383006,54.192000
32.403030,54.190000
32.423010,54.190000
32.443096,54.190000
32.462960,54.190000
32.482987,54.190000
32.503009,54.190000
32.522982,54.190000
32.542960,54.190000
32.562944,54.190000
32.582961,54.190000
32.603075,54.193000
32.622990,54.193000
32.642905,54.193000
32.662941,54.193000
32.682914,54.193000
32.702991,54.193000
32.722919,54.193000
32.742876,54.193000
32.762951,54.193000
32.782890,54.193000
32.802917,54.193000
32.822846,54.193000
32.842831,54.193000
32.862930,54.193000
32.882934,54.193000
32.902833,54.193000
32.922863,54.193000
32.942873,54.193000
32.962878,54.193000
32.982896,54.193000
33.002933,54.193000
33.022832,54.196000
33.042773,54.196000
33.062819,54.196000
33.082755,54.196000
33.102827,54.196000
33.122747,54.196000
33.142767,54.196000
33.162818,54.196000
33.182829,54.196000
33.202722,54.212000
33.222799,54.212000
33.242743,54.212000
33.262728,54.212000
33.282739,54.212000
33.302682,54.212000
33.322702,54.212000
33.342684,54.212000
33.362686,54.212000
33.382679,54.212000
33.402672,54.220000
33.422658,54.220000
33.442729,54.220000
33.462625,54.220000
33.482602,54.220000
33.502645,54.220000
33.522691,54.220000
33.542619,54.220000
33.562638,54.220000
33.582569,54.220000
33.602547,54.229000
33.622557,54.229000
33.642518,54.229000
33.662507,54.229000
33.682508,54.229000
33.702654,54.229000
33.722502,54.229000
33.742474,54.229000
33.762475,54.229000
33.782542,54.229000
33.802520,54.239000
33.822455,54.239000
33.842452,54.239000
33.862456,54.239000
33.882540,54.239000
33.902422,54.239000
33.922463,54.239000
33.942410,54.239000
33.962417,54.239000
33.982410,54.239000
34.002401,54.239000
34.022410,54.248000
34.042402,54.248000
34.062370,54.248000
34.082382,54.248000
34.102406,54.248000
34.122403,54.248000
34.142344,54.248000
34.162366,54.248000
34.182355,54.248000
34.202323,54.253000
34.222319,54.253000
34.242376,54.253000
34.262418,54.253000
34.282368,54.253000
34.302329,54.253000
34.322389,54.253000
34.342318,54.253000
34.362298,54.253000
34.382253,54.253000
34.402499,54.257000
34.422266,54.257000
34.442264,54.257000
34.462266,54.257000
34.482306,54.257000
34.502219,54.257000
34.522240,54.257000
34.542207,54.257000
34.562214,54.257000
34.582272,54.257000
34.602406,54.273000
34.622211,54.273000
34.642176,54.273000
34.662291,54.273000
34.682177,54.273000
34.702251,54.273000
34.723142,54.273000
34.742225,54.273000
34.762169,54.273000
34.782142,54.273000
34.802171,54.265000
34.823142,54.265000
34.842177,54.265000
34.863101,54.265000
34.883176,54.265000
34.902177,54.265000
34.923084,54.265000
34.942130,54.265000
34.962095,54.265000
34.983095,54.265000
35.003057,54.265000
35.023062,54.265000
35.043090,54.265000
35.063107,54.265000
35.083110,54.265000
35.103014,54.265000
35.123015,54.265000
35.143021,54.265000
35.163018,54.265000
35.183031,54.265000
35.202983,54.263000
35.222998,54.263000
35.242969,54.263000
35.263067,54.263000
35.282971,54.263000
35.302947,54.263000
35.322964,54.263000
35.343037,54.263000
35.362932,54.263000
35.382956,54.263000
35.402902,54.256000
35.422995,54.256000
35.442874,54.256000
35.462907,54.256000
35.482934,54.256000
35.502916,54.256000
35.522883,54.256000
35.542874,54.256000
35.562893,54.256000
35.582930,54.256000
35.602879,54.250000
35.622856,54.250000
35.642969,54.250000
35.662898,54.250000
35.682927,54.250000
35.702899,54.250000
35.722915,54.250000
35.742895,54.250000
35.762878,54.250000
35.782878,54.250000
35.802815,54.246000
35.822868,54.246000
35.842829,54.246000
35.862811,54.246000
35.882834,54.246000
35.902815,54.246000
35.922768,54.246000
35.942746,54.246000
35.962892,54.246000
35.982784,54.246000
36.002734,54.242000
36.022721,54.242000
36.042730,54.242000
36.062757,54.242000
36.082738,54.242000
36.102736,54.242000
36.122687,54.242000
36.142650,54.242000
36.162654,54.242000
36.182729,54.242000
36.202650,54.233000
36.222658,54.233000
36.242630,54.233000
36.262631,54.233000
36.282643,54.233000
36.302601,54.233000
36.322612,54.233000
36.342635,54.233000
36.362626,54.233000
36.382587,54.233000
36.402645,54.242000
36.422619,54.242000
36.442634,54.242000
36.462540,54.242000
36.482609,54.242000
36.502537,54.242000
36.522510,54.242000
36.542506,54.242000
36.562486,54.242000
36.582593,54.242000
36.602564,54.232000
36.622523,54.232000
36.642471,54.232000
36.662488,54.232000
36.682471,54.232000
36.702470,54.232000
36.722446,54.232000
36.742567,54.232000
36.762443,54.232000
36.782516,54.232000
36.802476,54.219000
36.822460,54.219000
36.842499,54.219000
36.862593,54.219000
36.882391,54.219000
36.902434,54.219000
36.922440,54.219000
36.942441,54.219000
36.962373,54.219000
36.982363,54.219000
37.002387,54.219000
37.022369,54.214000
37.042341,54.214000
37.062329,54.214000
37.082313,54.214000
37.102350,54.214000
37.122325,54.214000
37.142337,54.214000
37.162339,54.214000
37.182280,54.214000
37.202299,54.212000
37.222286,54.212000
37.242264,54.212000
37.262272,54.212000
37.282259,54.212000
37.302295,54.212000
37.322223,54.212000
37.342202,54.212000
37.362200,54.212000
37.382194,54.212000
37.402192,54.214000
37.422188,54.214000
37.442221,54.214000
37.462186,54.214000
37.482159,54.214000
37.502169,54.214000
37.523207,54.214000
37.542166,54.214000
37.562138,54.214000
37.582122,54.214000
37.602159,54.212000
37.623508,54.212000
37.642091,54.212000
37.662105,54.212000
37.683080,54.212000
37.702099,54.212000
37.723085,54.212000
37.742091,54.212000
37.762099,54.212000
37.783088,54.212000
37.802072,54.212000
37.823045,54.212000
37.843096,54.212000
37.863042,54.212000
37.883043,54.212000
37.903059,54.212000
37.923051,54.212000
37.943065,54.212000
37.963097,54.212000
37.983038,54.212000
38.003037,54.209000
38.022969,54.209000
38.043013,54.209000
38.063005,54.209000
38.082996,54.209000
38.102970,54.209000
38.123010,54.209000
38.142938,54.209000
38.162922,54.209000
38.182943,54.209000
38.202996,54.208000
38.222909,54.208000
38.242975,54.208000
38.262964,54.208000
38.282971,54.208000
38.302969,54.208000
38.322851,54.208000
38.342854,54.208000
38.362905,54.208000
38.382823,54.208000
38.402831,54.199000
38.422848,54.199000
38.442830,54.199000
38.462834,54.199000
38.482795,54.199000
38.503021,54.199000
38.522785,54.199000
38.542832,54.199000
38.562797,54.199000
38.582792,54.199000
38.602767,54.199000
38.622852,54.199000
38.642773,54.199000
38.662814,54.199000
38.682790,54.199000
38.702704,54.199000
38.722746,54.199000
38.742789,54.199000
38.762706,54.199000
38.782723,54.199000
38.802681,54.188000
38.822691,54.188000
38.842674,54.188000
38.862674,54.188000
38.882646,54.188000
38.902657,54.188000
38.922650,54.188000
38.942646,54.188000
38.962654,54.188000
38.982671,54.188000
39.002595,54.188000
39.022704,54.180000
39.042642,54.180000
39.062565,54.180000
39.082558,54.180000
39.102684,54.180000
39.122549,54.180000
39.142529,54.180000
39.162616,54.180000
39.182521,54.180000
39.202545,54.176000
39.222517,54.176000
39.242535,54.176000
39.262507,54.176000
39.282501,54.176000
39.302504,54.176000
39.322476,54.176000
39.342473,54.176000
39.362475,54.176000
39.382500,54.176000
39.402453,54.172000
39.422431,54.172000
39.442438,54.172000
39.462397,54.172000
39.482418,54.172000
39.502398,54.172000
39.522471,54.172000
39.542385,54.172000
39.562383,54.172000
39.582418,54.172000
39.602429,54.172000
39.622353,54.166000
39.642417,54.166000
39.662326,54.166000
39.682312,54.166000
39.702325,54.166000
39.722340,54.166000
39.742304,54.166000
39.762342,54.166000
39.782323,54.166000
39.802285,54.163000
39.822310,54.163000
39.842268,54.163000
39.862298,54.163000
39.882318,54.163000
39.902272,54.163000
39.922271,54.163000
39.942295,54.163000
39.962235,54.163000
39.982224,54.163000
40.002277,54.163000
40.022213,54.169000
40.042313,54.169000
40.062190,54.169000
40.082252,54.169000
40.102180,54.169000
40.122216,54.169000
40.142178,54.169000
40.162230,54.169000
40.182154,54.169000
40.202157,54.175000
40.223219,54.175000
40.242188,54.175000
40.262256,54.175000
40.283096,54.175000
40.302182,54.175000
40.323113,54.175000
40.342109,54.175000
40.362092,54.175000
40.383165,54.175000
40.402071,54.176000
40.423071,54.176000
40.442107,54.176000
40.463034,54.176000
40.483056,54.176000
40.503042,54.176000
40.523084,54.176000
40.543072,54.176000
40.563064,54.176000
40.583076,54.176000
40.603085,54.194000
40.623050,54.194000
40.642977,54.194000
40.662944,54.194000
40.682951,54.194000
40.703149,54.194000
40.722991,54.194000
40.742937,54.194000
40.762937,54.194000
40.782938,54.194000
40.802945,54.192000
40.822925,54.192000
40.842934,54.192000
40.862891,54.192000
40.882873,54.192000
40.902996,54.192000
40.922901,54.192000
40.942881,54.192000
40.962923,54.192000
40.982862,54.192000
41.002892,54.192000
41.022925,54.199000
41.044363,54.199000
41.062883,54.199000
41.082849,54.199000
41.102833,54.199000
41.122825,54.199000
41.142776,54.199000
41.162809,54.199000
41.182776,54.199000
41.202792,54.216000
41.222792,54.216000
41.242825,54.216000
41.262753,54.216000
41.282821,54.216000
41.302783,54.216000
41.322818,54.216000
41.342787,54.216000
41.362746,54.216000
41.382774,54.216000
41.402773,54.224000
41.422793,54.224000
41.442746,54.224000
41.462767,54.224000
41.482744,54.224000
41.502678,54.224000
41.522682,54.224000
41.542678,54.224000
41.562815,54.224000
41.582667,54.224000
41.602640,54.237000
41.622638,54.237000
41.642633,54.237000
41.662648,54.237000
41.682644,54.237000
41.702611,54.237000
41.722649,54.237000
41.742638,54.237000
41.762631,54.237000
41.782620,54.237000
41.802588,54.243000
41.822582,54.243000
41.842568,54.243000
41.862624,54.243000
41.882584,54.243000
41.902635,54.243000
41.922547,54.243000
41.942660,54.243000
41.962587,54.243000
41.982581,54.243000
42.002528,54.243000
42.022513,54.244000
42.042527,54.244000
42.062537,54.244000
42.082547,54.244000
42.102477,54.244000
42.122478,54.244000
42.142495,54.244000
42.162486,54.244000
42.182454,54.244000
42.202443,54.244000
42.222427,54.247000
42.242430,54.247000
42.262413,54.247000
42.282533,54.247000
42.302490,54.247000
42.322395,54.247000
42.342386,54.247000
42.362375,54.247000
42.382413,54.247000
42.402411,54.263000
42.422353,54.263000
42.442394,54.263000
42.462404,54.263000
42.482329,54.263000
42.502330,54.263000
42.522341,54.263000
42.542322,54.263000
42.562378,54.263000
42.582304,54.263000
42.602281,54.262000
42.622302,54.262000
42.642287,54.262000
42.662270,54.262000
42.682263,54.262000
42.702286,54.262000
42.722252,54.262000
42.742348,54.262000
42.762267,54.262000
42.782253,54.262000
42.802237,54.262000
42.822246,54.261000
42.842247,54.261000
42.862317,54.261000
42.882219,54.261000
42.902286,54.261000
42.922180,54.261000
42.942298,54.261000
42.962174,54.261000
42.982185,54.261000
43.002201,54.261000
43.023132,54.268000
43.042150,54.268000
43.062180,54.268000
43.082154,54.268000
43.102143,54.268000
43.123134,54.268000
43.142249,54.268000
43.162139,54.268000
43.182227,54.268000
43.202143,54.260000
43.223090,54.260000
43.242110,54.260000
43.262232,54.260000
43.283159,54.260000
43.303112,54.260000
43.323021,54.260000
43.343051,54.260000
43.363006,54.260000
43.382996,54.260000
43.403030,54.260000
43.422981,54.238000
43.443014,54.238000
43.463056,54.238000
43.482976,54.238000
43.502996,54.238000
43.522944,54.238000
43.542948,54.238000
43.562954,54.238000
43.582927,54.238000
43.603009,54.245000
