0.217713,55.571000
0.237623,55.571000
0.257664,55.571000
0.277652,55.571000
0.297676,55.571000
0.317677,55.571000
0.337677,55.571000
0.357726,55.571000
0.377562,55.571000
0.397653,55.571000
0.417603,55.549000
0.437580,55.549000
0.457857,55.549000
0.477516,55.549000
0.497519,55.549000
0.517589,55.549000
0.537523,55.549000
0.557556,55.549000
0.577510,55.549000
0.597499,55.549000
0.617589,55.537000
0.637557,55.537000
0.657501,55.537000
0.677414,55.537000
0.697429,55.537000
0.717492,55.537000
0.737338,55.537000
0.757367,55.537000
0.777458,55.537000
0.797328,55.537000
0.817375,55.507000
0.837285,55.507000
0.857322,55.507000
0.877295,55.507000
0.897252,55.507000
0.917237,55.507000
0.937294,55.507000
0.957310,55.507000
0.977282,55.507000
0.997244,55.507000
1.017268,55.484000
1.037345,55.484000
1.057218,55.484000
1.077166,55.484000
1.097233,55.484000
1.118122,55.484000
1.137176,55.484000
1.157096,55.484000
1.178235,55.484000
1.197229,55.484000
1.218075,55.476000
1.237040,55.476000
1.258003,55.476000
1.278041,55.476000
1.298040,55.476000
1.317986,55.476000
1.337989,55.476000
1.357995,55.476000
1.377981,55.476000
1.398004,55.476000
1.417958,55.461000
1.437980,55.461000
1.457954,55.461000
1.477939,55.461000
1.497932,55.461000
1.517979,55.461000
1.537933,55.461000
1.557959,55.461000
1.577927,55.461000
1.597910,55.461000
1.617880,55.467000
1.637907,55.467000
1.657932,55.467000
1.677896,55.467000
1.697912,55.467000
1.717933,55.467000
1.737835,55.467000
1.758070,55.467000
1.777808,55.467000
1.797814,55.467000
1.818239,55.430000
1.837778,55.430000
1.857838,55.430000
1.877968,55.430000
1.897757,55.430000
1.917756,55.430000
1.937803,55.430000
1.957817,55.430000
1.977730,55.430000
1.997778,55.430000
2.017717,55.393000
2.037721,55.393000
2.057855,55.393000
2.077671,55.393000
2.097718,55.393000
2.117705,55.393000
2.137650,55.393000
2.157667,55.393000
2.177625,55.393000
2.197575,55.393000
2.217613,55.347000
2.237562,55.347000
2.257534,55.347000
2.277828,55.347000
2.297527,55.347000
2.317624,55.347000
2.337529,55.347000
2.357567,55.347000
2.377464,55.347000
2.397531,55.347000
2.417573,55.335000
2.437517,55.335000
2.457500,55.335000
2.477464,55.335000
2.497371,55.335000
2.517421,55.335000
2.537370,55.335000
2.557380,55.335000
2.577347,55.335000
2.597363,55.335000
2.617421,55.309000
2.637413,55.309000
2.657284,55.309000
2.677308,55.309000
2.697314,55.309000
2.717289,55.309000
2.737293,55.309000
2.757277,55.309000
2.777260,55.309000
2.797292,55.309000
2.817237,55.290000
2.837252,55.290000
2.857202,55.290000
2.877512,55.290000
2.897207,55.290000
2.917212,55.290000
2.937227,55.290000
2.957235,55.290000
2.977166,55.290000
2.997138,55.290000
3.017226,55.304000
3.037133,55.304000
3.057087,55.304000
3.077182,55.304000
3.098049,55.304000
3.118034,55.304000
3.138057,55.304000
3.158375,55.304000
3.178203,55.304000
3.198003,55.304000
3.218008,55.298000
3.238021,55.298000
3.258018,55.298000
3.277931,55.298000
3.297982,55.298000
3.317948,55.298000
3.337915,55.298000
3.357939,55.298000
3.377953,55.298000
3.397935,55.298000
3.417904,55.287000
3.437942,55.287000
3.457879,55.287000
3.477873,55.287000
3.497957,55.287000
3.517869,55.287000
3.537819,55.287000
3.557855,55.287000
3.577845,55.287000
3.597809,55.287000
3.617787,55.287000
3.637809,55.287000
3.657741,55.287000
3.677770,55.287000
3.697792,55.287000
3.717746,55.287000
3.737659,55.287000
3.757733,55.287000
3.777722,55.287000
3.797727,55.287000
3.817720,55.260000
3.837647,55.260000
3.857742,55.260000
3.877704,55.260000
3.897668,55.260000
3.917599,55.260000
3.937665,55.260000
3.957647,55.260000
3.977656,55.260000
3.997671,55.260000
4.017632,55.249000
4.037560,55.249000
4.057657,55.249000
4.077541,55.249000
4.097562,55.249000
4.117549,55.249000
4.137513,55.249000
4.157700,55.249000
4.177553,55.249000
4.197567,55.249000
4.217523,55.247000
4.237510,55.247000
4.257472,55.247000
4.277527,55.247000
4.297585,55.247000
4.317528,55.247000
4.337476,55.247000
4.357434,55.247000
4.377430,55.247000
4.397399,55.247000
4.417404,55.241000
4.437375,55.241000
4.457380,55.241000
4.477437,55.241000
4.497348,55.241000
4.517325,55.241000
4.537406,55.241000
4.557381,55.241000
4.577361,55.241000
4.597354,55.241000
4.617324,55.234000
4.637218,55.234000
4.657341,55.234000
4.677306,55.234000
4.697284,55.234000
4.717329,55.234000
4.737258,55.234000
4.757287,55.234000
4.777261,55.234000
4.797322,55.234000
4.817275,55.220000
4.837371,55.220000
4.857217,55.220000
4.877208,55.220000
4.897195,55.220000
4.917176,55.220000
4.937208,55.220000
4.957176,55.220000
4.977168,55.220000
4.998119,55.220000
5.017145,55.208000
5.037228,55.208000
5.058079,55.208000
5.078156,55.208000
5.098000,55.208000
5.118036,55.208000
5.138051,55.208000
5.158020,55.208000
5.178045,55.208000
5.198028,55.208000
5.217979,55.193000
5.237973,55.193000
5.257942,55.193000
5.277944,55.193000
5.297931,55.193000
5.317925,55.193000
5.337984,55.193000
5.357898,55.193000
5.377894,55.193000
5.397898,55.193000
5.418163,55.177000
5.437835,55.177000
5.457953,55.177000
5.477846,55.177000
5.497777,55.177000
5.517796,55.177000
5.537834,55.177000
5.557811,55.177000
5.577867,55.177000
5.597775,55.177000
5.617778,55.146000
5.637800,55.146000
5.657794,55.146000
5.677766,55.146000
5.697719,55.146000
5.717781,55.146000
5.737794,55.146000
5.757737,55.146000
5.777731,55.146000
5.797787,55.146000
5.817663,55.120000
5.837730,55.120000
5.857658,55.120000
5.877797,55.120000
5.897723,55.120000
5.917616,55.120000
5.937704,55.120000
5.957697,55.120000
5.977683,55.120000
5.997646,55.120000
6.017648,55.133000
6.037590,55.133000
6.057572,55.133000
6.077596,55.133000
6.097567,55.133000
6.117574,55.133000
6.137613,55.133000
6.157598,55.133000
6.177519,55.133000
6.197555,55.133000
6.217479,55.123000
6.237525,55.123000
6.257502,55.123000
6.277494,55.123000
6.297575,55.123000
6.317566,55.123000
6.337553,55.123000
6.357416,55.123000
6.377430,55.123000
6.397357,55.123000
6.417446,55.118000
6.437438,55.118000
6.457434,55.118000
6.477380,55.118000
6.497527,55.118000
6.517296,55.118000
6.537311,55.118000
6.557425,55.118000
6.577367,55.118000
6.597273,55.118000
6.617370,55.137000
6.637315,55.137000
6.657284,55.137000
6.677251,55.137000
6.697210,55.137000
6.717283,55.137000
6.737296,55.137000
6.757316,55.137000
6.777302,55.137000
6.797180,55.137000
6.817185,55.108000
6.837238,55.108000
6.858163,55.108000
6.877145,55.108000
6.897170,55.108000
6.918099,55.108000
6.937211,55.108000
6.957095,55.108000
6.978101,55.108000
6.998058,55.108000
7.018119,55.095000
7.038044,55.095000
7.058001,55.095000
7.078087,55.095000
7.098047,55.095000
7.117997,55.095000
7.137989,55.095000
7.157982,55.095000
7.178017,55.095000
7.197964,55.095000
7.217959,55.095000
7.237969,55.095000
7.257982,55.095000
7.277965,55.095000
7.297920,55.095000
7.317944,55.095000
7.337875,55.095000
7.357907,55.095000
7.377996,55.095000
7.397871,55.095000
7.417896,55.087000
7.437859,55.087000
7.457880,55.087000
7.478190,55.087000
7.497846,55.087000
7.517833,55.087000
7.537827,55.087000
7.557861,55.087000
7.577809,55.087000
7.597786,55.087000
7.617878,55.078000
7.638029,55.078000
7.657771,55.078000
7.677677,55.078000
7.698076,55.078000
7.717799,55.078000
7.737797,55.078000
7.757720,55.078000
7.777703,55.078000
7.797666,55.078000
7.817625,55.073000
7.837649,55.073000
7.857723,55.073000
7.877609,55.073000
7.897916,55.073000
7.917588,55.073000
7.937634,55.073000
7.957679,55.073000
7.977521,55.073000
7.997535,55.073000
8.017526,55.072000
8.037643,55.072000
8.057530,55.072000
8.077512,55.072000
8.097471,55.072000
8.117557,55.072000
8.137490,55.072000
8.157493,55.072000
8.177475,55.072000
8.197562,55.072000
8.217448,55.074000
8.237465,55.074000
8.257409,55.074000
8.277385,55.074000
8.297398,55.074000
8.317366,55.074000
8.337545,55.074000
8.357393,55.074000
8.377357,55.074000
8.397362,55.074000
8.417432,55.083000
8.437402,55.083000
8.457513,55.083000
8.477394,55.083000
8.497324,55.083000
8.517341,55.083000
8.537352,55.083000
8.557287,55.083000
8.577245,55.083000
8.597332,55.083000
8.617287,55.100000
8.637335,55.100000
8.657231,55.100000
8.677271,55.100000
8.697218,55.100000
8.718143,55.100000
8.737210,55.100000
8.757165,55.100000
8.778183,55.100000
8.797151,55.100000
8.818110,55.117000
8.837218,55.117000
8.858109,55.117000
8.878124,55.117000
8.898081,55.117000
8.918133,55.117000
8.938124,55.117000
8.958070,55.117000
8.978050,55.117000
8.998032,55.117000
9.018046,55.115000
9.037997,55.115000
9.058050,55.115000
9.078008,55.115000
9.097987,55.115000
9.117984,55.115000
9.138029,55.115000
9.157986,55.115000
9.178061,55.115000
9.197935,55.115000
9.217948,55.118000
9.237930,55.118000
9.257920,55.118000
9.277914,55.118000
9.297906,55.118000
9.317907,55.118000
9.337893,55.118000
9.357929,55.118000
9.377924,55.118000
9.398010,55.118000
9.417928,55.101000
9.437885,55.101000
9.457857,55.101000
9.477908,55.101000
9.497814,55.101000
9.517872,55.101000
9.537880,55.101000
9.557781,55.101000
9.577813,55.101000
9.597830,55.101000
9.617774,55.102000
9.637746,55.102000
9.657696,55.102000
9.677696,55.102000
9.697686,55.102000
9.717739,55.102000
9.737670,55.102000
9.757654,55.102000
9.777651,55.102000
9.797659,55.102000
9.817664,55.119000
9.837681,55.119000
9.857882,55.119000
9.877568,55.119000
9.897689,55.119000
9.917557,55.119000
9.937567,55.119000
9.957574,55.119000
9.977613,55.119000
9.997571,55.119000
10.017502,55.119000
10.037643,55.119000
10.057631,55.119000
10.077559,55.119000
10.097494,55.119000
10.117655,55.119000
10.137529,55.119000
10.157526,55.119000
10.177533,55.119000
10.197447,55.119000
10.217555,55.115000
10.237451,55.115000
10.257432,55.115000
10.277444,55.115000
10.297351,55.115000
10.317383,55.115000
10.337359,55.115000
10.357355,55.115000
10.377359,55.115000
10.397348,55.115000
10.417362,55.108000
10.437265,55.108000
10.457250,55.108000
10.477312,55.108000
10.497308,55.108000
10.518214,55.108000
10.537261,55.108000
10.557257,55.108000
10.577219,55.108000
10.597327,55.108000
10.618180,55.095000
10.637233,55.095000
10.658136,55.095000
10.677181,55.095000
10.698143,55.095000
10.718127,55.095000
10.738085,55.095000
10.758094,55.095000
10.778106,55.095000
10.798126,55.095000
10.818075,55.090000
10.838059,55.090000
10.858135,55.090000
10.878038,55.090000
10.899414,55.090000
10.918394,55.090000
10.938053,55.090000
10.958002,55.090000
10.978003,55.090000
10.997993,55.090000
11.017983,55.083000
11.037999,55.083000
11.057951,55.083000
11.077956,55.083000
11.097961,55.083000
11.117910,55.083000
11.137910,55.083000
11.157948,55.083000
11.177939,55.083000
11.198055,55.083000
11.217891,55.081000
11.237878,55.081000
11.257914,55.081000
11.277883,55.081000
11.297823,55.081000
11.317833,55.081000
11.337837,55.081000
11.357783,55.081000
11.378081,55.081000
11.398024,55.081000
11.417751,55.074000
11.437757,55.074000
11.457779,55.074000
11.477965,55.074000
11.497729,55.074000
11.517781,55.074000
11.537741,55.074000
11.557706,55.074000
11.577752,55.074000
11.597704,55.074000
11.617670,55.070000
11.637722,55.070000
11.657661,55.070000
11.677674,55.070000
11.697668,55.070000
11.717675,55.070000
11.737678,55.070000
11.757691,55.070000
11.777596,55.070000
11.797689,55.070000
11.817578,55.057000
11.837610,55.057000
11.857635,55.057000
11.877603,55.057000
11.897817,55.057000
11.917717,55.057000
11.937524,55.057000
11.957575,55.057000
11.977549,55.057000
11.997481,55.057000
12.017541,55.030000
12.037614,55.030000
12.057478,55.030000
12.077542,55.030000
12.097528,55.030000
12.117524,55.030000
12.137453,55.030000
12.157464,55.030000
12.177418,55.030000
12.197402,55.030000
12.217374,55.030000
12.237401,55.030000
12.257475,55.030000
12.277392,55.030000
12.297479,55.030000
12.317354,55.030000
12.337337,55.030000
12.357378,55.030000
12.377334,55.030000
12.397328,55.030000
12.417335,55.036000
12.437359,55.036000
12.457288,55.036000
12.477303,55.036000
12.497282,55.036000
12.518253,55.036000
12.537265,55.036000
12.557350,55.036000
12.578165,55.036000
12.597229,55.036000
12.617237,55.040000
12.637206,55.040000
12.657175,55.040000
12.677158,55.040000
12.698168,55.040000
12.718074,55.040000
12.738080,55.040000
12.758086,55.040000
12.778072,55.040000
12.798068,55.040000
12.818072,55.024000
12.838180,55.024000
12.858028,55.024000
12.878235,55.024000
12.897990,55.024000
12.917988,55.024000
12.937982,55.024000
12.958051,55.024000
12.977945,55.024000
12.997918,55.024000
13.017933,55.026000
13.037952,55.026000
13.057975,55.026000
13.077928,55.026000
13.097992,55.026000
13.117879,55.026000
13.137913,55.026000
13.157929,55.026000
13.177927,55.026000
13.197868,55.026000
13.217847,55.032000
13.237853,55.032000
13.257847,55.032000
13.277887,55.032000
13.297843,55.032000
13.317848,55.032000
13.337882,55.032000
13.357829,55.032000
13.377818,55.032000
13.397777,55.032000
13.417774,55.037000
13.437815,55.037000
13.457770,55.037000
13.477742,55.037000
13.497748,55.037000
13.517724,55.037000
13.537745,55.037000
13.557794,55.037000
13.577705,55.037000
13.597703,55.037000
13.617778,55.032000
13.637692,55.032000
13.657792,55.032000
13.677667,55.032000
13.697618,55.032000
13.717691,55.032000
13.737650,55.032000
13.757596,55.032000
13.777629,55.032000
13.797854,55.032000
13.817582,55.027000
13.837876,55.027000
13.857602,55.027000
13.877677,55.027000
13.897562,55.027000
13.917577,55.027000
13.937517,55.027000
13.957762,55.027000
13.977520,55.027000
13.997557,55.027000
14.017506,55.023000
14.037505,55.023000
14.057655,55.023000
14.077472,55.023000
14.097530,55.023000
14.117586,55.023000
14.137497,55.023000
14.157598,55.023000
14.177654,55.023000
14.197449,55.023000
14.217414,55.012000
14.237377,55.012000
14.257390,55.012000
14.277384,55.012000
14.297346,55.012000
14.317385,55.012000
14.337359,55.012000
14.357273,55.012000
14.377360,55.012000
14.397370,55.012000
14.417363,55.006000
14.437303,55.006000
14.457360,55.006000
14.477343,55.006000
14.497297,55.006000
14.518201,55.006000
14.537385,55.006000
14.557325,55.006000
14.577215,55.006000
14.598216,55.006000
14.618157,55.010000
14.637233,55.010000
14.658162,55.010000
14.678151,55.010000
14.698135,55.010000
14.718142,55.010000
14.738110,55.010000
14.758132,55.010000
14.778084,55.010000
14.798130,55.010000
14.818059,54.998000
14.838067,54.998000
14.858066,54.998000
14.878010,54.998000
14.898011,54.998000
14.918036,54.998000
14.938040,54.998000
14.957984,54.998000
14.978012,54.998000
14.997982,54.998000
15.017997,54.993000
15.037980,54.993000
15.057973,54.993000
15.078020,54.993000
15.097938,54.993000
15.117956,54.993000
15.137968,54.993000
15.157960,54.993000
