0.187592,-0.005336
0.207782,-0.000919
0.227569,-0.003482
0.247433,0.001130
0.267344,0.009547
0.287367,-0.008014
0.307535,-0.006724
0.327334,-0.014683
0.347324,0.012272
0.367240,-0.002750
0.387299,-0.008971
0.407188,0.005811
0.427172,-0.002998
0.447237,-0.021773
0.467220,-0.020419
0.487481,-0.004295
0.507843,-0.022578
0.527992,0.003200
0.547281,0.004371
0.567237,0.020851
0.587219,0.003346
0.607239,-0.001070
0.627391,0.009177
0.647290,0.022991
0.667783,-0.000832
0.687730,0.017071
0.707177,0.025060
0.727930,-0.002216
0.747183,-0.005688
0.767192,-0.010582
0.787101,0.009353
0.807240,0.001022
0.827634,-0.001426
0.847895,0.015401
0.867386,0.002545
0.886974,-0.017621
0.907713,-0.004637
0.927130,0.009049
0.946916,0.005016
0.966817,0.013006
0.987004,-0.004704
1.006840,0.001806
1.026783,-0.011913
1.046906,-0.018517
1.066962,0.005014
1.086823,0.004304
1.106827,0.006819
1.126923,0.006245
1.146751,-0.014810
1.166761,-0.021569
1.186738,-0.022077
1.206753,-0.024773
1.226700,-0.022562
1.246732,-0.004178
1.266870,0.013069
1.286844,0.002296
1.306736,-0.012557
1.326747,0.000138
1.346704,-0.002688
1.367275,-0.028230
1.388495,-0.009130
1.406878,0.006220
1.426878,-0.000592
1.446679,-0.018369
1.467624,-0.010039
1.487525,-0.011763
1.506525,-0.006987
1.527430,-0.013022
1.547558,-0.009427
1.567711,0.002458
1.587519,-0.005156
1.607426,-0.002058
1.627539,-0.024826
1.647550,-0.029660
1.667481,-0.029236
1.687357,-0.033815
1.707466,-0.029639
1.727364,-0.020781
1.747497,-0.006364
1.767479,-0.017776
1.787495,-0.029197
1.807523,-0.012153
1.827794,-0.006231
1.847415,-0.021122
1.867568,-0.017879
1.887535,-0.025609
1.908106,-0.013432
1.927927,-0.024822
1.947395,-0.020596
1.967219,-0.007849
1.987266,-0.009387
2.007165,0.005498
2.027210,-0.003187
2.048300,-0.025573
2.067530,-0.022280
2.087379,-0.013616
2.107407,-0.003943
2.127260,-0.004774
2.147239,0.004339
2.167249,0.005965
2.187907,-0.007938
2.208066,-0.016876
2.227199,-0.021493
2.247173,-0.015369
2.267108,-0.009706
2.287126,-0.001036
2.307001,-0.008487
2.327044,-0.014454
2.347221,-0.027963
2.367084,-0.005668
2.387017,-0.017428
2.407111,-0.009159
2.427672,0.023243
2.447832,0.003907
2.467060,-0.006777
2.488069,-0.012562
2.507664,0.004912
2.527028,0.004976
2.547197,0.017028
2.567024,0.015387
2.587106,-0.010399
2.607010,-0.009503
2.627007,0.004710
2.646931,0.006656
2.666893,0.002123
2.686916,0.014501
2.706879,0.017407
2.727007,0.007192
2.746848,-0.014575
2.766914,0.001742
2.786892,0.010846
2.806773,0.005819
2.826721,0.000706
2.846865,0.006711
2.866673,-0.001580
2.886773,-0.002097
2.906698,-0.006183
2.926684,-0.000842
2.946774,-0.008253
2.966735,0.009564
2.986697,-0.010607
3.006582,-0.007744
3.026728,-0.001862
3.046599,0.004302
3.066564,-0.004853
3.087658,-0.012268
3.106555,0.017439
3.126570,0.019839
3.146459,-0.000705
3.167687,-0.007417
3.187548,0.006494
3.207457,-0.009217
3.227488,-0.000336
3.247633,0.009265
3.267452,0.014773
3.287631,0.010282
3.307499,-0.018976
3.327594,0.006936
3.347549,-0.001895
3.367515,0.003479
3.387544,0.005327
3.407594,-0.003528
3.427529,-0.013430
3.447389,0.002819
3.467232,0.016283
3.487496,0.006155
3.507354,0.015363
3.527367,0.015222
3.547400,0.002239
3.567343,-0.019390
3.587315,0.007146
3.607248,0.027681
3.627228,0.009591
3.647333,-0.008647
3.667207,0.001491
3.687539,0.004732
3.707283,0.015256
3.727188,0.011835
3.747162,0.010496
3.767166,0.004475
3.787250,0.007881
3.807225,0.013243
3.827073,0.002972
3.847030,0.010482
3.867190,0.031522
3.887724,0.010249
3.907970,-0.007485
3.927261,-0.010885
3.947187,-0.007979
3.967010,-0.005444
3.987037,-0.001753
4.007072,0.018494
4.026986,0.018207
4.047145,-0.007430
4.067054,0.012289
4.086934,0.010779
4.106938,0.011454
4.127026,-0.011318
4.146997,-0.014647
4.166923,-0.027455
4.187138,-0.019731
4.207005,-0.005711
4.226866,0.015419
4.246851,0.008130
4.266800,0.013576
4.286904,0.030002
4.306778,-0.005285
4.327003,0.011915
4.346895,0.027650
4.367006,0.036382
4.386969,0.008533
4.406817,-0.009029
4.426775,-0.017989
4.446891,-0.016342
4.466820,-0.003075
4.486724,0.010817
4.506733,0.003570
4.526719,0.005047
4.546702,0.006763
4.566589,-0.021700
4.586604,0.005430
4.606677,0.001079
4.626647,0.018715
4.646761,0.017775
4.666595,-0.000772
4.687576,0.011452
4.706528,0.008552
4.726501,-0.014148
4.747644,0.004595
4.767644,0.023192
4.787503,0.011054
4.807393,0.002934
4.827307,-0.005978
4.847480,0.009457
4.867555,0.006813
4.887376,0.010480
4.907468,0.016309
4.927581,0.003281
4.947365,0.001880
4.967340,0.005879
4.987359,-0.018215
5.007418,0.004002
5.027297,0.016162
5.047416,0.026883
5.067307,0.011784
5.087364,-0.004514
5.107278,0.007329
5.127269,-0.013444
5.147195,-0.007372
5.167152,0.005937
5.187224,0.021145
5.207196,0.019520
5.227231,0.010520
5.247172,-0.008109
5.267208,0.002509
5.287331,-0.008861
5.307085,0.014968
5.327075,0.011764
5.347158,0.008167
5.367182,0.023917
5.387058,0.010836
5.407063,0.001299
5.427111,-0.001917
5.447325,0.011706
5.467507,-0.009057
5.487130,-0.008412
5.507267,0.013548
5.527193,0.010372
5.547706,0.002872
5.567060,-0.020012
5.587075,-0.013349
5.607468,-0.017705
5.626833,-0.005390
5.646892,0.012812
5.667065,0.002349
5.687026,0.007348
5.706882,0.006713
5.727225,-0.000941
5.747015,-0.004379
5.766822,-0.003352
5.786817,0.019529
5.806948,0.009802
5.826916,0.000655
5.846743,0.022259
5.866891,0.018725
5.886847,0.000690
5.906868,-0.004087
5.926881,-0.008797
5.946661,-0.008005
5.966796,-0.008098
5.986777,0.000178
6.006740,0.018085
6.026725,0.011829
6.047322,0.020967
6.066888,0.007188
6.086779,-0.003603
6.106718,-0.003231
6.127188,0.012984
6.146847,-0.007167
6.166919,0.001940
6.186721,0.007015
6.206745,0.010771
6.226586,0.001129
6.246876,-0.007100
6.266660,0.004638
6.286544,-0.006703
6.306734,-0.033797
6.326815,-0.011717
6.347597,0.001182
6.367137,-0.004241
6.388120,-0.003124
6.407697,-0.002888
6.426529,0.006046
6.446674,-0.009488
6.467552,-0.012031
6.487606,0.003654
6.507610,0.005443
6.527519,0.012370
6.547485,0.015867
6.567542,0.007167
6.588197,0.002149
6.607771,0.011318
6.627281,0.004894
6.647775,-0.008606
6.667845,-0.004496
6.687778,0.017200
6.707550,0.015755
6.727471,-0.002166
6.747466,0.010046
6.767593,0.009156
6.787619,-0.024032
6.807328,-0.012664
6.827451,-0.005397
6.847420,0.004351
6.867265,0.000233
6.887295,0.008657
6.907468,0.020762
6.927192,0.021272
6.947239,0.009742
6.967311,0.017360
6.987240,0.009563
7.007177,0.005769
7.027585,-0.003316
7.047295,-0.009914
7.067142,-0.002817
7.087548,-0.000995
7.107183,0.002701
7.127198,0.001219
7.147051,0.006305
7.167167,0.015757
7.187165,0.006916
7.207177,-0.010151
7.226992,0.003421
7.247119,0.005086
7.267114,-0.011335
7.287127,0.001556
7.307093,0.020527
7.326867,0.023130
7.346783,0.016149
7.366771,0.008380
7.386943,0.038216
7.406782,0.020166
7.427523,0.010521
7.447734,0.002821
7.466801,0.016561
7.487601,0.002404
7.507249,0.003259
7.526921,0.015861
7.546733,0.011163
7.566675,0.004854
7.586762,-0.018633
7.606757,-0.006344
7.626813,-0.016864
7.646841,-0.002020
7.666771,0.009063
7.686821,0.007803
7.706658,0.016597
7.726645,0.017207
7.746665,0.005917
7.766615,0.008492
7.786699,0.009062
7.806719,0.015810
7.826596,0.015319
7.846754,-0.003423
7.866693,0.015952
7.886622,0.005304
7.906595,-0.008557
7.926611,0.006608
7.946633,0.024552
7.967080,0.021972
7.986694,0.012855
8.007581,0.010134
8.026332,0.011051
8.046559,0.000921
8.067392,0.007572
8.087446,0.012050
8.107465,0.018234
8.127395,0.022226
8.147444,0.023030
8.167580,0.006117
8.187455,0.003814
8.207482,0.021376
8.227449,0.013741
8.247329,0.010675
8.267613,0.005610
8.287479,0.033506
8.307372,0.021761
8.327523,0.005700
8.347464,0.008848
8.367403,-0.000748
8.387405,-0.005036
8.407457,0.005199
8.427304,0.002828
8.447419,0.005773
8.467309,0.013721
8.487537,0.005613
8.507288,0.007275
8.527391,0.004332
8.547247,0.025936
8.567224,0.020567
8.587340,-0.006500
8.607248,0.001602
8.627172,0.002959
8.647296,-0.009671
8.667273,-0.005411
8.687199,-0.002389
8.707701,0.004259
8.727393,0.000371
8.747200,0.011879
8.767071,0.012543
8.787065,0.020691
8.807215,0.019435
8.826919,0.009433
8.846931,-0.006254
8.866906,-0.006720
8.887014,0.009110
8.907020,-0.014629
8.926878,-0.006845
8.947001,-0.013800
8.966876,0.000008
8.986746,-0.015167
9.006818,-0.014344
9.026741,-0.020307
9.046760,-0.019547
9.066792,-0.032905
9.086898,-0.025132
9.106913,-0.015887
9.127211,-0.002884
9.146834,0.014276
9.166623,-0.018406
9.186775,-0.013836
9.206716,-0.024164
9.226735,-0.016367
9.246959,-0.019701
9.266701,-0.032572
9.286881,-0.014183
9.306879,-0.023347
9.326628,-0.040105
9.346677,-0.039842
9.366635,-0.025277
9.386555,-0.028804
9.406628,-0.029082
9.426907,-0.023679
9.446911,-0.027384
9.466558,-0.018566
9.486610,-0.025160
9.506481,-0.014358
9.526653,-0.026085
9.546677,-0.025926
9.566638,-0.022771
9.586459,-0.034524
9.606529,-0.030234
9.626409,-0.017832
9.646696,-0.020264
9.666407,-0.029708
9.686427,-0.028327
9.706478,-0.010825
9.726352,-0.020106
9.746431,-0.024731
9.767575,-0.000709
9.788900,0.002975
9.808027,-0.004596
9.827449,-0.013881
9.847388,-0.000447
9.867223,-0.004786
9.887330,-0.031835
9.907200,-0.033164
9.927197,-0.036324
9.947284,-0.025232
9.967129,-0.028735
9.987203,-0.002821
10.007167,0.007306
10.027142,-0.004318
10.047432,0.013872
10.067133,-0.008929
10.087278,0.003614
10.107195,-0.021094
10.127327,-0.021336
10.147087,-0.023790
10.167056,-0.027263
10.187223,-0.025510
10.207060,-0.016151
10.227051,-0.008436
10.247188,0.001785
10.266926,0.017930
10.287170,0.004657
10.307055,0.002874
10.326952,-0.003853
10.347105,-0.015670
10.366946,-0.012196
10.387110,-0.026163
10.407069,-0.003388
10.426913,0.002227
10.446909,0.000784
10.466966,0.003423
10.486870,0.016114
10.506845,0.001159
10.526781,0.006061
10.546922,0.005192
10.566923,-0.004235
10.586747,-0.012454
10.606824,-0.014538
10.626923,-0.010037
10.646803,-0.008709
10.666768,-0.008911
10.686778,0.006667
10.706775,0.026705
10.727345,0.007849
10.746947,0.006851
10.766698,0.016282
10.786786,0.004114
10.806752,0.008554
10.826743,-0.001408
10.846773,-0.007816
10.866682,-0.003017
10.886780,-0.009887
10.906652,-0.014270
10.926664,-0.001476
10.946859,-0.006034
10.966610,-0.000664
10.986721,0.004809
11.006646,-0.005493
11.026618,-0.006529
11.046748,0.005197
11.066568,-0.026736
11.086545,0.004330
11.106858,0.005000
11.126559,-0.004101
11.146582,0.009313
11.166633,0.014894
11.186555,0.008110
11.206480,-0.009605
11.226505,-0.007733
11.246407,-0.004786
11.266538,-0.017450
11.286726,-0.027150
11.306580,-0.011103
11.326535,0.001363
11.346713,-0.005855
11.366540,-0.001744
11.386535,0.012014
11.407314,0.003093
11.426279,-0.001094
11.446392,-0.014490
11.467302,-0.009897
11.487348,-0.004230
11.507481,-0.007692
11.527276,0.005516
11.547414,0.005943
11.567322,-0.003769
11.587247,-0.011981
11.607388,-0.014387
11.627236,-0.007086
11.647077,-0.010606
11.667108,0.003573
11.687257,-0.004972
11.707203,0.010358
11.727122,0.012187
11.747160,-0.015159
11.767153,-0.010774
11.787467,-0.010462
11.807306,-0.031646
11.827256,-0.016854
11.847038,0.002905
11.866973,0.010237
11.887098,0.016704
11.907150,-0.000170
11.927149,0.020315
11.947102,-0.004181
11.967140,-0.010377
11.987041,0.011300
12.007156,0.024420
12.026946,0.000740
12.046943,-0.000402
12.066932,0.002851
12.086792,-0.014814
12.106911,-0.008018
12.126859,-0.010683
12.146930,0.012685
12.166859,0.009156
12.186802,0.003100
12.206934,0.008940
12.227027,0.014107
12.246850,-0.018435
12.266710,-0.006824
12.286841,0.005446
12.306731,-0.000982
12.326879,-0.001765
12.346642,0.003283
12.366741,0.010523
12.386859,-0.010639
12.406697,-0.007463
12.426718,-0.004433
12.446650,0.020668
12.466677,-0.005229
12.486738,0.006458
12.506716,0.014622
12.526698,-0.018165
12.546823,-0.027042
12.566711,-0.024072
12.586725,-0.020111
12.606694,-0.018878
12.626525,-0.020958
12.646727,-0.008265
12.666637,-0.005020
12.686804,-0.020703
12.706476,-0.012701
12.726485,-0.005491
12.746500,-0.012833
12.766607,-0.014393
12.786572,-0.007280
12.806494,0.010135
12.826401,0.000312
12.846359,-0.004401
12.866465,0.002784
12.887256,-0.019951
12.907118,-0.013823
12.926656,-0.010936
12.946220,-0.001602
12.966465,-0.004195
12.986261,-0.013607
13.007308,-0.025388
13.027398,-0.051798
13.046232,-0.032412
13.067196,-0.024056
13.087252,-0.013873
13.107317,-0.008360
13.127557,-0.009126
13.147252,-0.022511
13.167110,-0.038657
13.188091,-0.052383
13.207750,-0.023552
13.227050,-0.028177
13.247071,-0.027362
13.267163,-0.003919
13.287209,-0.003138
13.307106,-0.002366
13.327047,-0.039706
13.347142,-0.016294
13.367088,-0.010648
13.387165,-0.020065
13.407203,-0.006236
13.427049,-0.002216
13.447355,0.001607
13.467023,-0.007631
13.487041,-0.023340
13.507787,-0.008175
13.527415,-0.002405
13.547123,0.003607
13.567160,0.014738
13.587059,-0.006216
13.607081,-0.006397
13.627034,-0.012164
13.646856,-0.017214
13.666874,-0.022972
13.686878,-0.018971
13.707091,-0.001447
13.726993,-0.010167
13.746789,-0.010336
13.766749,-0.002047
13.786958,0.005029
13.806706,-0.013591
13.826816,-0.016491
13.846700,0.008333
13.866824,0.012374
13.886840,0.008848
13.906748,0.008345
13.926752,0.003036
13.946818,0.006191
13.966690,-0.014417
13.986667,0.002120
14.006705,-0.007070
14.026723,0.002501
14.047057,0.006545
14.066641,0.018330
14.086750,0.021502
14.106729,0.011221
14.126678,-0.002184
14.146697,0.006262
14.166554,-0.021529
14.186722,-0.016430
14.206501,0.008409
14.226526,0.009570
14.246686,0.023575
14.266505,0.005680
14.286482,0.008916
14.306552,-0.009404
14.326519,-0.002158
14.346406,-0.016532
14.366403,0.019427
14.386355,0.007532
14.406593,0.009193
14.426359,0.019072
14.446491,0.006642
14.466453,-0.005795
14.486416,-0.008370
14.506320,-0.013633
14.526300,-0.002955
14.546296,-0.001733
14.566684,-0.009068
14.586388,0.004048
14.606354,-0.008194
14.626432,-0.010977
14.646235,0.006630
14.666317,0.011104
14.687181,0.015247
14.707169,0.021664
14.727275,0.031462
14.747260,0.018270
14.767129,0.003061
14.787450,-0.000983
14.807293,-0.000724
14.827060,0.008889
14.847035,0.006566
14.867277,0.002725
14.887277,0.007152
14.906984,-0.015217
14.927042,-0.000964
14.947434,0.009092
14.967191,0.014817
14.987188,0.017394
15.007082,0.003193
15.027154,-0.002072
15.047244,-0.000611
15.067126,0.003162
15.087172,0.022942
15.107344,0.017870
15.127149,0.021280
15.147038,0.010677
15.167062,0.001523
15.187012,-0.001410
15.207075,-0.004055
15.226978,0.006248
15.246903,0.021997
15.267021,0.016031
15.286895,-0.000372
15.306887,0.007592
15.326752,0.002592
15.346821,0.004689
15.366887,0.007793
15.386771,0.007296
15.406933,0.001271
15.426793,-0.022946
15.446774,-0.031235
15.466667,-0.017593
15.487714,-0.013757
15.507650,-0.005290
15.526873,0.014819
15.546600,0.003787
15.566661,0.003566
15.586591,-0.009642
15.606587,0.022685
15.626602,0.020465
15.646558,0.023290
15.666679,0.001213
15.686494,0.009436
15.706549,-0.000093
15.726571,-0.013830
15.746602,0.013954
15.766773,0.020263
15.786650,0.014700
15.807555,0.009112
15.828236,0.008847
15.846695,-0.005355
15.866484,0.002555
15.886478,0.011277
15.906506,0.007936
15.926827,0.002974
15.946429,-0.013938
15.966424,-0.004442
15.986439,-0.000788
16.006440,0.012466
16.026291,0.010623
16.046355,0.006537
16.066287,-0.009456
16.086285,0.008032
16.106340,0.012269
16.126356,0.020746
16.146194,0.022121
16.166479,0.006744
16.187249,0.000008
16.206210,-0.014341
16.226392,0.004295
16.246210,0.002999
16.266309,-0.010132
16.287378,-0.017739
16.307291,-0.000648
16.327198,0.012356
16.347240,0.004081
16.367177,-0.001105
16.387247,0.004534
16.407231,0.010276
16.427042,-0.008824
16.447218,0.015260
16.466976,0.031347
16.487190,0.008773
16.507180,0.000579
16.527008,-0.001881
16.547041,0.015293
16.567021,0.021550
16.587033,0.010121
16.606999,0.000448
16.627067,-0.009971
16.646912,-0.016560
16.667039,0.009638
16.686952,0.004375
16.709575,0.001690
16.726897,0.009354
16.746892,-0.003531
16.766826,-0.003169
16.786886,0.007774
16.807069,0.008895
16.826793,-0.003405
16.846733,-0.014290
16.867233,-0.009293
16.886789,0.013186
16.906775,0.008133
16.926778,0.017656
16.946815,0.024512
16.966684,0.011347
16.986668,-0.004123
17.006700,-0.002633
17.026933,-0.009508
17.046711,0.010474
17.066575,0.009293
17.086688,0.002884
17.106541,-0.018019
17.126606,-0.014941
17.146515,0.000118
17.166686,-0.012850
17.186649,0.002341
17.206546,0.019710
17.226594,0.025470
17.246575,0.013849
17.266696,-0.000185
17.286546,0.008729
17.306551,0.004906
17.326517,-0.009343
17.346375,-0.002577
17.366429,0.004927
17.386401,0.017329
17.406382,0.018660
17.426382,-0.002478
17.446410,-0.002867
17.466353,-0.015726
17.486424,0.006744
17.506494,-0.000351
17.526240,0.001989
17.546445,0.023713
17.566312,0.014531
17.586480,-0.019790
17.606322,-0.012856
17.626470,-0.001888
17.646311,-0.006154
17.666316,-0.003719
17.686414,-0.004978
17.706264,0.011776
17.726344,-0.003763
17.746176,-0.005533
17.766281,-0.006081
17.787247,0.001940
17.806299,0.010999
17.826347,0.016514
17.846170,0.000743
17.867066,-0.006358
17.887059,-0.002204
17.906234,0.003286
17.927097,-0.011194
17.947146,-0.014405
17.967158,0.017306
17.987029,0.018009
18.007086,-0.001118
18.027122,0.012813
18.047057,0.010730
18.066992,-0.000199
18.087190,0.004736
18.107208,-0.004712
18.126959,0.001180
18.146975,0.001704
18.167079,0.002516
18.186913,0.007042
18.206985,0.005892
18.226940,0.012246
18.247310,0.013895
18.266887,-0.004900
18.286961,0.001807
18.306940,0.019860
18.326887,0.005663
18.346945,0.003646
18.366786,0.007425
18.386806,0.019440
18.406900,0.004269
18.426867,-0.008871
18.446800,0.005993
18.466959,0.001697
18.486740,-0.018229
18.507347,-0.011293
18.526688,-0.000233
18.546746,0.001739
18.566586,0.010413
18.586637,0.010870
18.606845,0.015559
18.626564,0.015990
18.646584,0.002136
18.667954,0.020465
18.686786,-0.002644
18.706573,0.014530
18.726575,0.013476
18.746708,-0.000113
18.766478,0.008377
18.786657,0.012475
18.806577,0.014941
18.826619,0.000757
18.846571,0.006139
18.866491,0.019373
18.886567,0.012323
18.906704,-0.012506
18.926729,0.013206
18.946498,0.012072
18.966591,0.007791
18.986830,0.016258
19.006550,0.019695
19.026569,0.029733
19.046939,0.008180
19.066541,-0.003466
19.086625,0.009758
19.106501,-0.006318
19.126330,-0.017091
19.146299,-0.008134
19.166682,-0.008005
19.186364,0.006865
19.206445,0.022749
19.226269,0.020632
19.246506,0.024899
19.266329,0.014066
19.286226,0.004867
19.306445,0.006307
19.326354,-0.006301
19.346269,0.004613
19.366292,0.005389
19.386294,0.003391
19.406238,0.020256
19.426277,0.037275
19.446297,0.023126
19.466159,0.019240
19.488064,0.017519
19.506929,0.010191
19.526134,-0.004666
19.546049,-0.001966
19.565982,0.014760
19.586924,0.012157
19.607034,-0.003094
19.627013,0.003693
19.647004,0.019339
19.666939,0.009206
19.687031,0.006812
19.706974,0.000981
19.727075,0.001105
19.746971,-0.004403
19.767046,-0.012698
19.787065,0.007789
19.806926,0.001762
19.826890,0.004466
19.847028,0.019389
19.867093,0.010155
19.886893,0.020562
19.907126,0.020334
19.926913,-0.002580
19.946986,-0.008480
19.966842,-0.008149
19.986928,-0.007664
20.006857,-0.003318
20.027006,-0.012512
20.046918,0.008709
20.066936,0.011645
20.086953,-0.010103
20.107028,0.009849
20.126711,0.006864
20.146704,-0.006120
20.166679,-0.022380
20.186757,-0.017901
20.206855,-0.016277
20.226850,-0.014484
20.246663,-0.012985
20.266633,0.006526
20.286795,0.004235
20.306626,0.004823
20.326750,0.006069
20.346632,-0.020920
20.366551,-0.005853
20.386613,-0.002554
20.406489,-0.015572
20.426600,-0.037695
20.446580,-0.041239
20.466529,-0.032086
20.486447,-0.039231
20.507618,-0.041174
20.528233,-0.016078
20.546472,-0.025205
20.566428,-0.039659
20.586482,-0.030119
20.606560,-0.023566
20.626497,-0.020802
20.646538,-0.015400
20.666513,-0.029588
20.686402,-0.016643
20.706592,-0.032002
20.726382,-0.022490
20.746337,-0.018861
20.766325,-0.016821
20.786563,-0.008997
20.806355,-0.008041
20.826410,-0.020581
20.846479,-0.031161
20.866395,-0.016734
20.886263,-0.031260
20.906350,-0.026064
20.926293,-0.029120
20.946209,-0.012916
20.966448,-0.016359
20.986248,-0.028136
21.006051,-0.001531
21.026092,-0.004704
21.045960,-0.018394
21.066024,-0.009442
21.087147,-0.006149
21.106079,0.003582
21.126017,-0.006802
21.147105,-0.022468
21.165973,-0.014679
21.186973,-0.022710
21.207016,-0.019628
21.226910,0.001627
21.247077,-0.010767
21.266875,-0.010928
21.287071,-0.017131
21.306931,-0.010365
21.326863,-0.013648
21.347222,-0.010536
21.366993,-0.018076
21.387055,-0.013328
21.407079,-0.015890
21.427042,-0.009804
21.446876,0.004364
21.466924,-0.002490
21.486809,0.007801
21.506852,0.002432
21.526777,0.003765
21.546889,-0.014012
21.567833,0.000874
21.587147,-0.007352
21.606911,-0.017858
21.626796,-0.010836
21.646749,-0.005873
21.666796,0.011682
21.686838,0.001123
21.706808,0.009702
21.726779,-0.000315
21.746705,-0.007589
21.766661,-0.013770
21.786661,-0.001674
21.806727,-0.015712
21.826570,-0.029636
21.846784,-0.017598
21.866740,-0.023662
21.886634,-0.001901
21.906720,0.011184
21.926727,0.024921
21.946569,0.032869
21.966566,0.016326
21.986599,0.006735
22.007153,-0.002337
22.027324,-0.004614
22.046465,-0.006113
22.066483,-0.010456
22.086503,-0.011439
22.106346,0.006209
22.126356,0.003292
22.146457,0.006999
22.166261,0.012223
22.186498,0.016879
22.206276,-0.003969
22.226321,-0.010563
22.246361,-0.012908
22.266318,-0.004887
22.286344,-0.004220
22.306221,-0.010873
22.326210,0.017365
22.346224,0.020040
22.366293,0.011316
22.386299,0.006723
22.406564,0.021191
22.426183,-0.006755
22.446155,-0.011430
22.466216,-0.020642
22.486216,0.001436
22.506288,-0.001068
22.526184,-0.002301
22.546223,0.006739
22.566225,0.004354
22.586147,-0.015291
22.606147,-0.022205
22.626273,-0.012180
22.646146,-0.015437
22.666238,-0.009177
22.687235,0.002910
22.706192,-0.001225
22.726131,0.003284
22.746186,0.008908
22.766210,-0.005696
22.787040,0.005267
22.807033,-0.006001
22.825981,-0.006166
22.846994,-0.006684
22.867037,0.008060
22.887210,0.016369
22.907130,-0.002091
22.926917,-0.004265
22.946994,-0.010317
22.967014,-0.012847
22.987025,-0.024257
23.007041,-0.006202
23.026925,0.006959
23.046934,-0.001073
23.066961,-0.019179
23.086945,-0.004227
23.106839,-0.018561
23.126796,-0.019409
23.146816,0.000892
23.166808,0.010484
23.186934,0.019358
23.206809,0.010825
23.226795,0.001188
23.246719,0.004928
23.266778,-0.007511
23.286927,-0.009275
23.306709,-0.003885
23.326788,-0.000717
23.346785,0.006490
23.366817,0.016221
23.387379,0.003065
23.407413,0.001939
23.426733,-0.004745
