0.138428,741156.614541
0.158514,741156.614734
0.178526,741156.614923
0.198589,741156.615139
0.218419,741156.615252
0.238478,741156.615475
0.258464,741156.615658
0.278451,741156.615870
0.298513,741156.616005
0.318512,741156.616205
0.338487,741156.618148
0.358402,741156.618347
0.378507,741156.618425
0.399359,741156.618588
0.419013,741156.618762
0.438599,741156.618978
0.458428,741156.619100
0.478520,741156.619251
0.498457,741156.619403
0.518466,741156.619596
0.538632,741156.621423
0.558523,741156.621656
0.578518,741156.621845
0.598573,741156.621988
0.618437,741156.622167
0.638450,741156.622334
0.658579,741156.622356
0.678641,741156.622609
0.698449,741156.622794
0.720880,741156.622973
0.739167,741156.623201
0.759173,741156.623298
0.778535,741156.625259
0.798612,741156.625432
0.818515,741156.625611
0.838570,741156.625808
0.858799,741156.625985
0.878566,741156.626207
0.898650,741156.626383
0.918502,741156.626577
0.938502,741156.624659
0.958450,741156.624845
0.978753,741156.624986
0.998504,741156.625185
1.018516,741156.625351
1.038502,741156.625521
1.058487,741156.625633
1.079102,741156.625810
1.098516,741156.625974
1.118395,741156.626227
1.138550,741156.628071
1.158530,741156.628233
1.178608,741156.628423
1.200912,741156.628576
1.220954,741156.628754
1.238973,741156.628868
1.259437,741156.629038
1.278599,741156.629215
1.298998,741156.629330
1.318719,741156.629495
1.339112,741156.633913
1.358906,741156.634138
1.378970,741156.634253
1.399043,741156.634528
1.419972,741156.634672
1.439415,741156.634881
1.459076,741156.635040
1.479072,741156.635269
1.499016,741156.635455
1.518986,741156.635612
1.539019,741156.639807
1.559022,741156.640145
1.579599,741156.640397
1.600096,741156.640575
1.618542,741156.641041
1.639027,741156.641825
1.658487,741156.643254
1.678527,741156.645507
1.698557,741156.648698
1.718601,741156.652561
1.738665,741156.657064
1.758499,741156.666065
1.778405,741156.671448
1.798555,741156.677491
1.818437,741156.684187
1.838628,741156.691545
1.858463,741156.699710
1.878346,741156.708230
1.898446,741156.717135
1.918412,741156.726396
1.938537,741156.726770
1.958514,741156.736913
1.978398,741156.747534
1.998407,741156.758830
2.018517,741156.770680
2.038585,741156.782924
2.058424,741156.795750
2.078553,741156.809182
2.098547,741156.823368
2.118473,741156.838433
2.138575,741156.869328
2.158485,741156.885949
2.178423,741156.903002
2.198513,741156.920682
2.218438,741156.938972
2.238629,741156.957860
2.258528,741156.977495
2.278609,741156.997760
2.298577,741157.018542
2.318490,741157.039949
2.338377,741157.058898
2.358482,741157.081272
2.378463,741157.104187
2.398571,741157.127618
2.418511,741157.151788
2.438454,741157.176795
2.458422,741157.202294
2.478506,741157.228568
2.498515,741157.255451
2.518685,741157.283290
2.538405,741157.319032
2.558648,741157.348679
2.578818,741157.379386
2.598499,741157.410713
2.618674,741157.442880
2.638637,741157.475788
2.658590,741157.509405
2.678560,741157.543696
2.698934,741157.578703
2.719210,741157.614410
2.739031,741157.650783
2.758454,741157.669604
2.779410,741157.707110
2.801076,741157.745590
2.821332,741157.784617
2.839411,741157.824390
2.858957,741157.864705
2.879017,741157.905758
2.898885,741157.947347
2.919090,741157.989603
2.938529,741158.017622
2.958564,741158.061284
2.978998,741158.105486
2.999003,741158.150247
3.019128,741158.195599
3.038919,741158.241712
3.058895,741158.288349
3.078961,741158.335674
3.099024,741158.383861
3.120986,741158.432814
3.139277,741158.471726
3.159131,741158.521740
3.178531,741158.572217
3.198373,741158.623505
3.218897,741158.675303
3.238599,741158.727809
3.258548,741158.780808
3.278431,741158.834600
3.298515,741158.889154
3.318399,741158.944442
3.338455,741158.999764
3.358545,741159.056636
3.378438,741159.114429
3.398455,741159.172821
3.418493,741159.232093
3.438592,741159.291821
3.458326,741159.352209
3.478504,741159.413216
3.498453,741159.474832
3.518449,741159.537172
3.538544,741159.587631
3.559586,741159.651420
3.578929,741159.715873
3.598637,741159.781100
3.618465,741159.846616
3.638367,741159.912552
3.660323,741159.979242
3.679737,741160.046662
3.698753,741160.115146
3.718484,741160.184542
3.738417,741160.254476
3.758371,741160.307409
3.778564,741160.377615
3.798608,741160.448272
3.818562,741160.519347
3.838479,741160.591059
3.858540,741160.663597
3.878506,741160.736960
3.898455,741160.810864
3.918400,741160.885443
3.938434,741160.996516
3.958478,741161.072484
3.978512,741161.148814
3.998398,741161.225635
4.018469,741161.303075
4.041387,741161.381278
4.060318,741161.460203
4.078754,741161.539800
4.098580,741161.620156
4.118811,741161.701215
4.138444,741161.801112
4.158467,741161.883114
4.178423,741161.965835
4.198437,741162.048763
4.218595,741162.132047
4.238558,741162.216048
4.258497,741162.300502
4.278510,741162.385441
4.298571,741162.470803
4.319628,741162.556565
4.338588,741162.654314
4.358564,741162.741117
4.378561,741162.828653
4.398501,741162.916753
4.418999,741163.005263
4.441184,741163.094317
4.460119,741163.183721
4.478670,741163.273786
4.498576,741163.364306
4.518809,741163.455582
4.539131,741163.547418
4.558525,741163.614922
4.578794,741163.706825
4.598992,741163.799230
4.619044,741163.892266
4.639068,741163.985628
4.659019,741164.079493
4.678948,741164.174126
4.698954,741164.269279
4.721208,741164.365144
4.741192,741164.461171
4.758834,741164.557743
4.778505,741164.670389
4.798454,741164.767366
4.819067,741164.864889
4.838570,741164.963168
4.858489,741165.061988
4.878537,741165.161297
4.898624,741165.261343
4.918425,741165.361735
4.938454,741165.480805
4.958556,741165.582403
4.978427,741165.684289
4.998362,741165.786385
5.018399,741165.888559
5.038457,741165.990831
5.058372,741166.093508
5.078548,741166.196371
5.098510,741166.299720
5.118545,741166.403585
5.138474,741166.518353
5.158437,741166.623367
5.178507,741166.728584
5.199913,741166.834126
5.221076,741166.940088
5.238816,741167.046308
5.258440,741167.152886
5.278475,741167.259837
5.298377,741167.367159
5.318503,741167.475301
5.338563,741167.562119
5.358458,741167.671009
5.378529,741167.780209
5.398540,741167.889480
5.418345,741167.998917
5.438285,741168.108506
5.458441,741168.218626
5.478492,741168.329335
5.498558,741168.440781
5.518426,741168.552803
5.538380,741168.679332
5.558431,741168.792041
5.578561,741168.905104
5.598596,741169.018386
5.618577,741169.131987
5.638424,741169.246099
5.658575,741169.360702
5.678419,741169.475486
5.698683,741169.590364
5.718527,741169.705420
5.738516,741169.820688
5.758502,741169.936237
5.778412,741170.052205
5.798360,741170.168919
5.818534,741170.285687
5.838449,741170.402921
5.858441,741170.520274
5.878533,741170.637765
5.898373,741170.755567
5.918467,741170.874053
5.938694,741170.963871
5.958426,741171.082444
5.978494,741171.201283
5.998423,741171.320417
6.018593,741171.439843
6.039044,741171.559347
6.059294,741171.679000
6.078439,741171.799224
6.099183,741171.919868
6.118864,741172.041295
6.138797,741172.158093
6.159316,741172.280270
6.179100,741172.402595
6.198750,741172.524948
6.218428,741172.647324
6.238861,741172.770161
6.259362,741172.893617
6.279042,741173.017420
6.299001,741173.141579
6.318920,741173.266026
6.338938,741173.396675
6.358994,741173.521358
6.379185,741173.645953
6.399003,741173.770857
6.419014,741173.896089
6.438950,741174.022179
6.459031,741174.148549
6.479009,741174.275159
6.499044,741174.402003
6.518423,741174.528837
6.539021,741174.669487
6.558385,741174.797117
6.578484,741174.924834
6.598447,741175.052806
6.618553,741175.181024
6.638566,741175.309644
6.658436,741175.438321
6.678471,741175.567477
6.698429,741175.696959
6.718553,741175.826777
6.738530,741175.956714
6.758381,741176.086780
6.778487,741176.212059
6.798448,741176.343076
6.818503,741176.474005
6.838544,741176.604947
6.858326,741176.736078
6.878575,741176.867336
6.898413,741176.998515
6.918456,741177.130127
6.938470,741177.238056
6.958545,741177.369265
6.978373,741177.500774
6.998436,741177.632739
7.018501,741177.764983
7.038477,741177.897756
7.058453,741178.030895
7.078434,741178.164299
7.098560,741178.297438
7.119890,741178.430832
7.138997,741178.548052
7.158673,741178.681083
7.178468,741178.814347
7.198462,741178.947531
7.218360,741179.080585
7.238528,741179.213293
7.258477,741179.346351
7.278584,741179.479091
7.298452,741179.611329
7.318456,741179.743497
7.338498,741179.872257
7.358450,741180.003654
7.378378,741180.135091
7.398327,741180.266439
7.418541,741180.397390
7.438428,741180.527697
7.458667,741180.657727
7.478512,741180.787365
7.498274,741180.916555
7.518454,741181.045907
7.538421,741181.163212
7.558287,741181.292121
7.578493,741181.420337
7.598587,741181.548143
7.618471,741181.675336
7.638517,741181.801982
7.658492,741181.928443
7.678443,741182.055041
7.698499,741182.181569
7.718539,741182.307963
7.738926,741182.434501
7.758476,741182.569120
7.778633,741182.695808
7.798401,741182.822807
7.818445,741182.950009
7.838546,741183.077050
7.858522,741183.204032
7.878423,741183.330978
7.898788,741183.458232
7.919590,741183.585495
7.939708,741183.711911
7.959192,741183.839125
7.978593,741183.966166
7.998477,741184.093075
8.018495,741184.219759
8.041711,741184.346566
8.060841,741184.473372
8.081792,741184.727189
8.098712,741184.727189
8.119204,741184.854374
8.138618,741184.991611
8.159028,741185.119556
8.178616,741185.247528
8.199070,741185.375345
8.218445,741185.503184
8.239665,741185.630851
8.259072,741185.758770
8.279031,741185.886780
8.298993,741186.014906
8.319634,741186.142586
8.338415,741186.272264
8.358443,741186.399458
8.378509,741186.526681
8.398426,741186.654028
8.418376,741186.781841
8.438499,741186.909784
8.458367,741187.037861
8.478404,741187.165744
8.498423,741187.293530
8.518568,741187.417272
8.538460,741187.545364
8.558474,741187.673673
8.578435,741187.802256
8.598549,741187.931038
8.618547,741188.059918
8.638581,741188.188760
8.658645,741188.317219
8.678563,741188.445696
8.698480,741188.574032
8.718495,741188.702220
8.738433,741188.826108
8.758497,741188.954633
8.778381,741189.082967
8.798381,741189.211319
8.818393,741189.339537
8.838605,741189.467146
8.858590,741189.594901
8.878464,741189.722898
8.898437,741189.851207
8.918447,741189.979368
8.938482,741190.105706
8.958522,741190.234097
8.978456,741190.362408
8.998491,741190.490572
9.018526,741190.618961
9.038429,741190.747468
9.058537,741190.875730
9.078435,741191.003642
9.098370,741191.131667
9.118601,741191.260165
9.138377,741191.417848
9.158396,741191.546978
9.178575,741191.676459
9.198459,741191.805908
9.218511,741191.935081
9.238451,741192.064502
9.258377,741192.194029
9.278581,741192.323831
9.298408,741192.453972
9.318361,741192.583993
9.338525,741192.697593
9.358474,741192.827334
9.378424,741192.957081
9.398556,741193.086786
9.418417,741193.216380
9.438490,741193.345937
9.458547,741193.475282
9.478523,741193.604346
9.498555,741193.733644
9.518496,741193.862903
9.538641,741194.002521
9.558581,741194.131760
9.578525,741194.260969
9.598486,741194.390163
9.618502,741194.519712
9.638512,741194.649328
9.659060,741194.778998
9.678733,741194.908513
9.698827,741195.038139
9.718546,741195.167603
9.738831,741195.297098
9.759358,741195.424843
9.778552,741195.554373
9.798927,741195.684300
9.818993,741195.813972
9.839044,741195.943802
9.858563,741196.073671
9.879028,741196.203554
9.898426,741196.333661
9.919014,741196.463885
9.938622,741196.578194
9.958452,741196.707840
9.978525,741196.837568
9.999288,741196.967317
10.021311,741197.097075
10.038829,741197.226878
10.058461,741197.356813
10.078473,741197.486643
10.098425,741197.616769
10.118453,741197.746755
10.138499,741197.892386
10.158457,741198.022570
10.178416,741198.152915
10.198489,741198.283239
10.219839,741198.413800
10.240964,741198.544548
10.258687,741198.674839
10.278625,741198.805242
10.298469,741198.935604
10.318508,741199.065910
10.338531,741199.190068
10.358491,741199.320891
10.378613,741199.451947
10.398522,741199.583000
10.418445,741199.714211
10.438449,741199.845414
10.458481,741199.976501
10.478521,741200.107460
10.498382,741200.238142
10.518421,741200.368762
10.538719,741200.482309
10.558515,741200.612497
10.578490,741200.742917
10.598423,741200.873542
10.618475,741201.004262
10.638445,741201.134796
10.658514,741201.265537
10.678526,741201.396148
10.698378,741201.526892
10.718499,741201.657618
10.738489,741201.788189
10.758534,741201.910769
10.778734,741202.040640
10.803973,741202.170542
10.820893,741202.300453
10.838750,741202.430506
10.858416,741202.560568
10.878461,741202.690729
10.898541,741202.820846
10.918499,741202.950960
10.938569,741203.100957
10.958546,741203.231410
10.978536,741203.361350
10.998420,741203.491352
11.018520,741203.621463
11.038547,741203.751673
11.059258,741203.882242
11.078597,741204.013008
11.098407,741204.143719
11.118691,741204.274645
11.138553,741204.421242
11.159101,741204.552279
11.179053,741204.683072
11.198348,741204.813885
11.219003,741204.944510
11.238471,741205.075618
11.259039,741205.206974
11.278722,741205.338304
11.298686,741205.469734
11.319118,741205.601045
11.339010,741205.745446
11.359214,741205.876580
11.378866,741206.007935
11.399023,741206.139286
11.418846,741206.270587
11.439069,741206.401957
11.458736,741206.533196
11.478537,741206.664047
11.498520,741206.794769
11.518578,741206.925880
11.539023,741207.048966
11.558938,741207.180412
11.578462,741207.311906
11.598395,741207.443290
11.618421,741207.574544
11.638409,741207.705447
11.658418,741207.836393
11.678399,741207.967243
11.698501,741208.098107
11.718535,741208.229068
11.738596,741208.359851
11.758511,741208.485938
11.778501,741208.616806
11.798435,741208.747780
11.818644,741208.878549
11.838448,741209.009348
11.858654,741209.140205
11.878492,741209.271445
11.898450,741209.402574
11.918510,741209.533629
11.938385,741209.654135
11.958457,741209.785318
11.978423,741209.916273
11.998467,741210.047160
12.018353,741210.178147
12.038532,741210.308972
12.058549,741210.439449
12.078508,741210.569996
12.098440,741210.700921
12.118483,741210.832172
12.138429,741210.975540
12.158526,741211.107010
12.178667,741211.238738
12.198444,741211.370218
12.218575,741211.501530
12.238459,741211.632656
12.258484,741211.763760
12.278437,741211.895005
12.298357,741212.026137
12.318407,741212.157375
12.338512,741212.299278
12.358528,741212.430909
12.378539,741212.562504
12.398397,741212.693928
12.418530,741212.825488
12.438407,741212.956999
12.458462,741213.088608
12.478518,741213.220152
12.498472,741213.351688
12.518577,741213.483269
