0.257308,0.000000
0.284702,0.000000
0.322081,0.000000
0.352445,0.000000
0.384856,0.000000
0.421204,0.000000
0.452734,0.000000
0.487106,0.000000
0.524559,0.000000
0.553004,0.000000
0.585403,0.000000
0.621873,0.000000
0.652248,0.000000
0.685663,0.000000
0.723250,0.000000
0.761734,0.000000
0.786008,0.000000
0.821559,0.000000
0.853100,0.000000
0.885296,0.000000
0.923798,0.000000
0.956378,0.000000
0.984592,0.000000
1.021141,0.000000
1.057619,0.000000
1.085860,0.000000
1.122387,0.000000
1.154895,0.000000
1.185131,0.000000
1.225691,0.000000
1.254157,0.000000
1.289597,0.000000
1.324084,0.000000
1.353428,0.000000
1.389935,0.000000
1.422236,0.000000
1.460836,0.000000
1.499273,0.000000
1.527699,0.000000
1.567148,0.000000
1.597768,0.000000
1.628976,0.000000
1.661399,0.000000
1.693806,0.000000
1.726143,0.000000
1.764733,0.000000
1.801113,0.000000
1.832621,0.000000
1.862937,0.000000
1.894270,0.000000
1.924644,0.000000
1.963251,0.000000
1.999677,0.000000
2.032118,0.000000
2.070687,0.000000
2.098933,0.000000
2.128407,0.000000
2.196321,0.000000
2.224698,0.000000
2.267281,0.000000
2.297707,0.000000
2.329273,0.000000
2.363535,0.000000
2.392845,0.000000
2.425245,0.000000
2.461750,0.000000
2.496563,0.000000
2.530697,0.070000
2.567121,0.070000
2.600512,0.070000
2.623992,0.130000
2.664509,0.130000
2.694882,0.130000
2.727398,0.180000
2.765748,0.180000
2.796180,0.180000
2.828514,0.300000
2.862997,0.300000
2.893386,0.300000
2.927760,0.340000
2.960212,0.340000
2.996830,0.340000
3.031223,0.430000
3.065585,0.430000
3.102079,0.430000
3.124333,0.540000
3.160846,0.540000
3.193377,0.540000
3.227738,0.570000
3.263211,0.570000
3.292619,0.570000
3.323155,0.680000
3.357517,0.680000
3.389913,0.680000
3.422338,0.740000
3.456847,0.740000
3.494325,0.740000
3.522636,0.800000
3.566114,0.800000
3.588482,0.800000
3.618787,0.940000
3.657320,0.940000
3.691785,0.940000
3.725205,0.990000
3.762758,0.990000
3.795187,0.990000
3.819850,1.080000
3.855950,1.080000
3.888268,1.080000
3.918614,1.140000
3.957214,1.140000
3.995859,1.140000
4.021010,1.230000
4.063601,1.230000
4.088817,1.230000
4.121229,1.300000
4.155849,1.300000
4.190201,1.300000
4.222683,1.400000
4.263273,1.400000
4.291598,1.400000
4.320899,1.460000
4.354332,1.460000
4.388762,1.460000
4.419319,1.500000
4.455856,1.500000
4.492304,1.500000
4.521641,1.560000
4.561157,1.560000
4.592862,1.560000
4.620042,1.580000
4.656501,1.580000
4.692907,1.580000
4.727247,1.630000
4.762854,1.630000
4.794324,1.630000
4.823490,1.700000
4.854949,1.700000
4.889375,1.700000
4.923834,1.750000
4.956348,1.750000
4.990822,1.750000
5.027146,1.770000
5.057659,1.770000
5.088026,1.770000
5.124595,1.830000
5.158975,1.830000
5.193441,1.830000
5.231930,1.900000
5.268404,1.900000
5.304893,1.900000
5.337494,1.950000
5.360565,1.950000
5.396168,1.950000
5.432577,2.000000
5.460880,2.000000
5.497511,2.000000
5.537834,2.080000
5.564241,2.080000
5.596678,2.080000
5.630144,2.120000
5.661558,2.120000
5.697908,2.120000
5.732307,2.170000
5.766713,2.170000
5.837807,2.230000
5.865110,2.230000
5.896651,2.230000
5.928923,2.290000
5.961349,2.290000
5.999752,2.290000
6.036405,2.340000
6.064687,2.340000
6.101149,2.340000
6.160013,2.420000
6.196703,2.420000
6.230796,2.460000
6.267324,2.460000
6.335048,2.530000
6.365492,2.530000
6.395017,2.530000
6.429688,2.590000
6.461841,2.590000
6.497232,2.590000
6.532805,2.650000
6.567181,2.650000
6.596637,2.650000
6.660483,2.750000
6.696963,2.750000
6.731289,2.800000
6.763701,2.800000
6.804335,2.800000
6.833782,2.880000
6.860947,2.880000
6.895485,2.880000
6.927826,2.910000
6.962335,2.910000
6.997949,2.910000
7.029268,2.990000
7.061611,2.990000
7.103192,2.990000
7.126410,3.100000
7.158938,3.100000
7.193384,3.100000
7.227721,3.160000
7.260220,3.160000
7.298653,3.160000
7.333129,3.220000
7.355626,3.220000
7.390126,3.220000
7.424504,3.300000
7.454911,3.300000
7.491267,3.300000
7.531740,3.340000
7.559112,3.340000
7.594572,3.340000
7.624909,3.400000
7.655387,3.400000
7.691902,3.400000
7.724277,3.480000
7.757766,3.480000
7.798154,3.480000
7.833634,3.580000
7.858861,3.580000
7.890434,3.580000
7.928682,3.630000
7.957289,3.630000
7.991635,3.630000
8.027045,3.680000
8.059369,3.680000
8.097065,3.680000
8.123424,3.790000
8.159734,3.790000
8.190259,3.790000
8.228734,3.880000
8.257159,3.880000
8.290570,3.880000
8.336189,3.930000
8.362512,3.930000
8.388813,3.930000
8.427737,3.970000
8.461657,3.970000
8.491151,3.970000
8.528738,4.050000
8.560413,4.050000
8.591488,4.050000
8.626066,4.140000
8.658235,4.140000
8.690632,4.140000
8.727033,4.200000
8.759470,4.200000
8.790079,4.200000
8.830551,4.250000
8.868117,4.250000
8.891397,4.250000
8.925666,4.350000
8.964257,4.350000
8.994612,4.350000
9.035152,4.380000
9.070600,4.380000
9.097906,4.380000
9.133894,4.460000
9.164830,4.460000
9.195255,4.460000
9.235846,4.540000
9.268206,4.540000
9.300613,4.540000
9.339114,4.590000
9.373661,4.590000
9.397944,4.590000
9.432446,4.620000
9.464857,4.620000
9.499180,4.620000
9.533933,4.740000
9.572282,4.740000
9.606663,4.740000
9.664502,4.800000
9.698803,4.800000
9.735396,4.840000
9.769874,4.840000
9.802393,4.840000
9.838732,4.920000
9.899630,4.920000
9.934121,4.950000
9.968540,4.950000
9.998945,4.950000
10.035440,5.000000
10.072153,5.000000
10.103525,5.000000
10.132697,5.100000
10.168102,5.100000
10.197508,5.100000
10.236278,5.140000
10.266310,5.140000
10.303020,5.140000
10.336397,5.160000
10.370687,5.160000
10.404187,5.160000
10.434579,5.280000
10.464978,5.280000
10.497370,5.280000
10.531904,5.310000
10.567381,5.310000
10.597764,5.310000
10.636315,5.330000
10.663558,5.330000
10.696154,5.330000
10.730569,5.470000
10.764976,5.470000
10.797411,5.470000
10.831771,5.490000
10.863358,5.490000
10.894865,5.490000
10.931301,5.530000
10.963870,5.530000
10.992126,5.530000
11.030667,5.660000
11.064167,5.660000
11.093479,5.660000
11.128798,5.650000
11.160228,5.650000
11.192699,5.650000
11.227082,5.710000
11.263605,5.710000
11.298003,5.710000
11.331571,5.760000
11.362926,5.760000
11.393208,5.760000
11.429723,5.860000
11.462055,5.860000
11.495550,5.860000
11.531048,5.940000
11.561494,5.940000
11.594925,5.940000
11.626218,5.910000
11.658689,5.910000
11.693227,5.910000
11.725499,6.040000
11.765140,6.040000
11.798536,6.040000
11.824924,6.050000
11.867474,6.050000
11.893897,6.050000
11.927375,6.120000
11.962771,6.120000
11.997351,6.120000
12.026703,6.170000
12.061038,6.170000
12.099553,6.170000
12.124970,6.200000
12.159383,6.200000
12.193891,6.200000
12.228367,6.310000
12.260602,6.310000
12.297230,6.310000
12.333655,6.320000
12.365993,6.320000
12.394421,6.320000
12.426786,6.380000
12.461284,6.380000
12.497706,6.380000
12.528113,6.390000
12.566516,6.390000
12.593940,6.390000
12.625224,6.500000
12.661772,6.500000
12.698171,6.500000
12.724586,6.480000
12.769262,6.480000
12.799569,6.480000
12.833150,6.570000
12.876606,6.570000
12.903660,6.570000
12.931382,6.640000
12.965734,6.640000
13.002294,6.640000
13.040778,6.690000
13.073256,6.690000
13.142158,6.710000
13.168586,6.710000
13.198852,6.710000
13.231251,6.800000
13.265702,6.800000
13.304264,6.800000
13.335945,6.750000
13.376208,6.750000
13.402488,6.750000
13.431966,6.880000
13.474440,6.880000
13.506855,6.880000
13.535462,6.930000
13.573889,6.930000
13.608132,6.930000
13.639045,6.970000
13.668996,6.970000
13.701309,6.970000
13.731788,7.000000
13.768531,7.000000
13.806735,7.000000
13.838106,7.110000
13.875664,7.110000
13.904928,7.110000
13.934360,7.110000
13.968750,7.110000
14.005185,7.110000
14.035772,7.230000
14.072240,7.230000
14.102547,7.230000
14.133054,7.230000
14.167287,7.230000
14.199741,7.230000
14.232320,7.320000
14.268873,7.320000
14.301126,7.320000
14.331740,7.320000
14.374140,7.320000
14.402516,7.320000
14.430813,7.400000
14.465184,7.400000
14.501653,7.400000
14.532131,7.450000
14.569746,7.450000
14.600159,7.450000
14.631381,7.500000
14.670901,7.500000
14.698153,7.500000
14.728644,7.550000
14.769158,7.550000
14.799581,7.550000
14.832030,7.600000
14.868578,7.600000
14.894849,7.600000
14.929281,7.640000
14.961696,7.640000
15.000165,7.640000
15.034736,7.690000
15.067029,7.690000
15.097734,7.690000
15.127926,7.790000
15.160267,7.790000
15.194758,7.790000
15.229146,7.720000
15.261661,7.720000
15.296175,7.720000
15.335690,7.870000
15.359905,7.870000
15.395432,7.870000
15.429907,7.880000
15.462652,7.880000
15.496875,7.880000
15.537267,7.930000
15.565609,7.930000
15.600146,7.930000
15.628495,8.000000
15.658837,8.000000
15.695370,8.000000
15.736095,7.990000
15.765268,7.990000
15.801744,7.990000
15.832116,8.160000
15.862625,8.160000
15.896080,8.160000
15.928318,8.100000
15.962343,8.100000
15.999141,8.100000
16.029697,8.200000
16.070124,8.200000
16.102469,8.200000
16.129997,8.260000
16.159299,8.260000
16.195848,8.260000
16.230180,8.200000
16.260606,8.200000
16.297243,8.200000
16.332675,8.350000
16.362044,8.350000
16.394433,8.350000
16.428883,8.310000
16.465209,8.310000
16.495728,8.310000
16.536363,8.410000
16.572882,8.410000
16.611214,8.410000
16.645054,8.450000
16.666987,8.450000
16.702353,8.450000
16.734807,8.500000
16.767203,8.500000
16.805727,8.500000
16.844522,8.560000
16.876717,8.560000
16.935434,8.580000
16.965872,8.580000
17.006352,8.580000
17.038740,8.560000
17.075350,8.560000
17.113984,8.560000
17.144332,8.680000
17.172649,8.680000
17.203037,8.680000
17.235498,8.630000
17.265805,8.630000
17.308485,8.630000
17.342810,8.750000
17.370075,8.750000
17.411725,8.750000
17.435991,8.810000
17.470423,8.810000
17.502784,8.810000
17.539187,8.790000
17.571823,8.790000
17.677119,8.920000
17.701373,8.920000
17.739947,8.890000
17.774378,8.890000
17.806727,8.890000
17.839097,8.930000
17.871582,8.930000
17.904040,8.930000
17.938420,9.010000
17.966773,9.010000
18.003350,9.010000
18.037811,8.970000
18.072176,8.970000
18.107557,8.970000
18.141030,9.070000
18.173769,9.070000
18.201848,9.070000
18.236398,9.100000
18.267734,9.100000
18.301264,9.100000
18.339726,9.100000
18.370099,9.100000
18.402492,9.100000
18.432901,9.190000
18.467196,9.190000
18.497725,9.190000
18.534241,9.200000
18.569606,9.200000
18.603011,9.200000
18.643575,9.180000
18.669859,9.180000
18.698166,9.180000
18.730753,9.310000
18.767096,9.310000
18.794507,9.310000
18.831931,9.280000
18.864398,9.280000
18.894755,9.280000
18.931337,9.350000
18.963578,9.350000
18.996048,9.350000
19.032615,9.390000
19.068973,9.390000
19.096663,9.390000
19.137985,9.450000
19.166304,9.450000
19.199714,9.450000
19.235284,9.510000
19.265563,9.510000
19.296161,9.510000
19.331486,9.570000
19.367039,9.570000
19.395412,9.570000
19.431882,9.560000
19.464916,9.560000
19.496735,9.560000
19.533308,9.680000
19.568766,9.680000
19.602228,9.680000
19.639735,9.640000
19.668049,9.640000
19.697332,9.640000
19.731852,9.680000
19.764266,9.680000
19.800201,9.680000
19.840143,9.760000
19.868585,9.760000
19.894937,9.760000
19.931722,9.850000
19.963745,9.850000
19.998132,9.850000
20.034871,9.760000
20.069236,9.760000
20.102587,9.760000
20.136039,9.840000
20.167527,9.840000
20.200916,9.840000
20.233303,9.890000
20.265627,9.890000
20.306199,9.890000
20.342670,9.910000
20.375140,9.910000
20.401356,9.910000
20.445946,9.930000
20.468290,9.930000
20.504730,9.930000
20.537318,10.080000
20.577793,10.080000
20.608126,10.080000
20.672960,10.010000
20.705321,10.010000
20.743821,10.060000
20.772256,10.060000
20.806548,10.060000
20.843200,10.170000
20.879732,10.170000
20.912190,10.170000
20.941359,10.210000
20.970740,10.210000
21.001175,10.210000
21.039697,10.170000
21.076212,10.170000
21.108686,10.170000
21.139941,10.260000
21.172606,10.260000
21.207937,10.260000
21.240398,10.300000
21.272922,10.300000
21.305093,10.300000
21.343810,10.300000
21.380175,10.300000
21.411556,10.300000
21.440959,10.350000
21.471467,10.350000
21.505863,10.350000
21.541287,10.440000
21.578828,10.440000
21.609332,10.440000
21.638466,10.390000
21.704424,10.390000
21.740845,10.430000
21.773515,10.430000
21.803859,10.430000
21.838274,10.500000
21.870680,10.500000
21.903168,10.500000
21.935619,10.540000
21.971053,10.540000
22.004395,10.540000
22.034950,10.500000
22.071355,10.500000
22.109860,10.500000
22.134477,10.590000
22.169703,10.590000
22.201000,10.590000
22.235433,10.680000
22.270113,10.680000
22.302323,10.680000
22.332661,10.640000
22.375296,10.640000
22.401547,10.640000
22.432018,10.640000
22.466369,10.640000
22.498811,10.640000
22.531390,10.760000
22.569766,10.760000
22.606122,10.760000
22.631551,10.810000
22.664890,10.810000
22.699322,10.810000
22.729845,10.740000
22.768229,10.740000
22.802741,10.740000
22.830093,10.720000
22.870285,10.720000
22.899125,10.720000
22.930655,10.830000
22.964952,10.830000
23.001447,10.830000
23.034106,10.780000
23.069478,10.780000
23.099702,10.780000
23.132160,10.730000
23.165477,10.730000
23.200010,10.730000
23.230452,10.470000
23.268954,10.470000
23.307386,10.470000
23.333867,10.380000
23.376407,10.380000
23.399610,10.380000
23.431108,10.420000
23.467414,10.420000
23.499850,10.420000
23.530378,10.430000
23.570940,10.430000
23.609417,10.430000
23.629641,10.830000
23.666147,10.830000
23.698533,10.830000
23.731240,10.280000
23.771659,10.280000
23.801966,10.280000
23.838546,10.500000
23.871171,10.500000
23.901338,10.500000
23.931780,10.360000
23.974303,10.360000
24.003820,10.360000
24.032146,10.530000
24.073660,10.530000
24.110076,10.530000
24.144443,10.350000
24.172984,10.350000
24.209263,10.350000
24.239749,10.520000
24.274209,10.520000
24.316792,10.520000
24.345041,10.480000
24.409921,10.480000
24.444464,10.500000
24.472954,10.500000
24.511318,10.500000
24.537776,10.530000
24.578103,10.530000
24.612561,10.530000
24.645101,10.540000
24.683442,10.540000
24.707868,10.540000
24.740134,10.520000
24.776615,10.520000
24.809078,10.520000
24.847437,10.610000
24.876945,10.610000
24.912370,10.610000
24.946825,10.520000
24.971148,10.520000
25.009713,10.520000
25.040004,10.650000
25.076586,10.650000
25.113357,10.650000
25.143520,10.640000
25.173918,10.640000
25.208393,10.640000
25.240576,10.610000
25.271056,10.610000
25.311688,10.610000
25.343947,10.640000
25.376414,10.640000
25.442271,10.680000
25.471731,10.680000
25.508096,10.680000
25.540543,10.600000
25.570840,10.600000
25.608518,10.600000
25.645793,10.720000
25.672287,10.720000
25.708725,10.720000
25.739065,10.640000
25.769622,10.640000
25.807938,10.640000
25.842486,10.680000
25.872933,10.680000
25.909347,10.680000
25.939712,10.770000
25.967960,10.770000
26.006493,10.770000
26.037092,10.720000
26.071654,10.720000
26.105924,10.720000
26.136465,10.710000
26.168581,10.710000
26.200990,10.710000
26.235489,10.790000
26.268936,10.790000
26.306373,10.790000
26.334840,10.750000
26.375347,10.750000
26.413878,10.750000
26.436114,10.810000
26.466501,10.810000
26.500890,10.810000
26.533355,10.920000
26.567742,10.920000
26.608376,10.920000
26.640827,10.810000
26.665030,10.810000
26.701530,10.860000
26.734085,10.860000
26.766368,10.860000
26.800857,10.860000
26.839571,10.910000
26.876183,10.910000
26.908441,10.910000
26.937005,10.900000
26.967075,10.900000
27.005701,10.900000
27.034103,10.840000
27.067431,10.840000
27.107024,10.840000
27.142498,10.940000
27.165780,10.940000
27.202374,10.940000
27.234795,10.950000
27.267142,10.950000
27.301605,10.950000
27.336247,10.990000
27.369686,10.990000
27.415330,11.080000
27.441554,11.080000
27.470081,11.080000
27.502361,11.080000
27.536861,11.160000
27.570860,11.160000
27.604762,11.160000
27.640282,11.210000
27.667507,11.210000
27.703001,11.150000
27.735426,11.150000
27.767820,11.150000
27.808258,11.180000
27.842815,11.180000
27.877706,11.180000
27.917804,11.180000
27.948146,11.250000
27.977514,11.250000
28.011003,11.190000
28.045304,11.190000
28.079883,11.190000
28.114420,11.190000
28.150660,11.220000
28.219933,11.080000
28.243985,11.080000
28.276510,11.080000
28.308980,10.760000
28.345350,10.760000
28.379665,10.760000
28.418197,10.860000
28.451713,10.860000
28.480078,10.860000
28.509481,10.840000
28.543954,10.840000
28.576402,10.840000
28.614723,10.670000
28.649260,10.670000
28.682577,10.670000
28.710977,10.670000
28.744575,10.570000
28.776978,10.570000
28.811429,10.410000
28.845722,10.410000
28.880383,10.410000
28.914653,10.300000
28.951052,10.300000
28.987675,10.300000
29.011984,10.160000
29.044404,10.160000
29.076856,10.160000
29.112239,10.050000
29.148695,10.050000
29.179095,10.050000
29.213608,9.890000
29.245971,9.890000
29.277410,9.890000
29.307757,9.810000
29.346218,9.810000
29.380680,9.810000
29.409050,9.670000
29.446575,9.670000
29.478006,9.670000
29.508521,9.570000
29.542919,9.570000
29.579295,9.570000
29.613961,9.390000
29.643140,9.390000
29.682673,9.390000
29.704943,9.280000
29.739457,9.280000
29.774926,9.280000
29.804317,9.110000
29.841732,9.110000
29.875340,9.110000
29.909740,9.040000
29.937980,9.040000
29.974488,9.040000
30.004922,8.870000
30.041351,8.870000
30.073845,8.870000
30.108232,8.780000
30.144666,8.780000
30.174322,8.780000
30.203361,8.610000
30.237943,8.610000
30.272285,8.610000
30.304727,8.530000
30.339191,8.530000
30.377788,8.530000
30.408095,8.420000
30.442494,8.420000
30.473027,8.420000
30.505270,8.290000
30.541752,8.290000
30.574341,8.290000
30.604755,8.190000
30.645352,8.190000
30.673741,8.190000
30.702075,8.000000
30.738485,8.000000
30.773094,8.000000
30.803403,7.910000
30.843997,7.910000
30.878363,7.910000
30.905722,7.780000
30.943281,7.780000
30.973787,7.780000
31.006265,7.670000
31.042621,7.670000
31.079009,7.670000
31.105372,7.540000
31.145011,7.540000
31.184471,7.540000
31.204649,7.430000
31.239028,7.430000
31.273628,7.430000
31.305990,7.290000
31.340376,7.290000
31.374939,7.290000
31.407363,7.150000
31.453982,7.150000
31.479158,7.150000
31.510630,7.050000
31.547084,7.050000
31.583565,7.050000
31.613957,6.910000
31.648658,6.910000
31.688987,6.910000
31.717428,6.760000
31.747786,6.760000
31.780100,6.760000
31.812647,6.670000
31.846931,6.670000
31.885958,6.670000
31.917956,6.490000
31.956496,6.490000
31.982749,6.490000
32.013207,6.360000
32.045525,6.360000
32.084093,6.360000
32.118511,6.290000
32.150866,6.290000
32.187291,6.290000
32.221730,6.140000
32.247023,6.140000
32.315185,5.980000
32.345306,5.980000
32.385854,5.980000
32.418706,5.870000
32.452792,5.870000
32.489232,5.870000
32.513627,5.710000
32.545827,5.710000
32.584406,5.710000
32.616862,5.590000
32.651316,5.590000
32.689827,5.590000
32.722168,5.470000
32.748529,5.470000
32.780853,5.470000
32.815310,5.340000
32.845627,5.340000
32.884317,5.340000
32.918578,5.170000
32.944954,5.170000
32.980558,5.170000
33.017897,5.050000
33.044336,5.050000
33.080743,5.050000
33.115354,4.930000
33.147564,4.930000
33.186054,4.930000
33.220511,4.770000
33.242861,4.770000
33.277571,4.770000
33.311907,4.640000
33.343374,4.640000
33.376654,4.640000
33.414216,4.490000
33.443547,4.490000
33.477893,4.490000
33.508233,4.360000
33.540626,4.360000
33.581162,4.360000
33.613705,4.210000
33.649081,4.210000
33.676484,4.210000
33.710881,4.050000
33.741238,4.050000
33.775751,4.050000
33.810175,3.920000
33.840530,3.920000
33.883247,3.920000
33.915723,3.770000
33.944137,3.770000
33.983452,3.770000
34.010792,3.640000
34.041136,3.640000
34.075743,3.640000
34.112230,3.480000
34.147550,3.480000
34.180958,3.480000
34.214498,3.320000
34.241736,3.320000
34.276304,3.320000
34.308648,3.190000
34.343117,3.190000
34.376861,3.190000
34.416147,3.050000
34.442562,3.050000
34.478782,3.050000
34.509256,2.880000
34.541665,2.880000
34.576090,2.880000
34.612694,2.730000
34.651323,2.730000
34.683640,2.730000
34.719973,2.580000
34.742266,2.580000
34.778661,2.580000
34.811537,2.430000
34.841551,2.430000
34.876921,2.430000
34.918398,2.290000
34.943895,2.290000
34.984313,2.290000
35.013699,2.200000
35.045962,2.200000
35.080699,2.200000
35.117050,2.090000
35.157418,2.090000
35.189939,2.090000
35.221345,1.990000
35.249790,1.990000
35.283166,1.990000
35.317726,1.890000
35.350318,1.890000
35.384566,1.890000
35.425009,1.810000
35.456527,1.810000
35.489868,1.810000
35.524444,1.700000
35.550726,1.700000
35.583063,1.700000
35.619582,1.600000
35.656358,1.600000
35.690498,1.600000
35.727037,1.520000
35.752393,1.520000
35.788828,1.520000
35.818102,1.440000
35.854655,1.440000
35.883027,1.440000
35.923559,1.350000
35.952984,1.350000
35.990480,1.350000
36.023889,1.260000
36.051236,1.260000
36.083752,1.260000
36.122082,1.160000
36.152617,1.160000
36.188943,1.160000
36.225418,1.070000
36.257904,1.070000
36.282155,1.070000
36.318670,0.990000
36.353336,0.990000
36.384640,0.990000
36.420941,0.920000
36.455497,0.920000
36.486814,0.920000
36.518174,0.860000
36.550672,0.860000
36.585099,0.860000
36.617559,0.820000
36.652078,0.820000
36.686384,0.820000
36.723963,0.770000
36.758294,0.770000
36.779600,0.770000
36.816175,0.730000
36.850518,0.730000
36.880936,0.730000
36.917608,0.690000
36.953961,0.690000
36.978102,0.690000
37.014621,0.650000
37.047127,0.650000
37.077567,0.650000
37.118060,0.640000
37.150404,0.640000
37.178814,0.640000
37.224004,0.600000
37.257890,0.600000
37.278030,0.600000
37.314681,0.580000
37.351047,0.580000
37.378309,0.580000
37.415854,0.560000
37.449325,0.560000
37.481699,0.560000
37.514160,0.540000
37.547460,0.540000
37.577910,0.540000
37.614454,0.510000
37.649819,0.510000
37.681189,0.510000
37.716890,0.480000
37.752465,0.480000
37.783617,0.480000
37.813106,0.460000
37.847331,0.460000
37.879785,0.460000
37.918373,0.440000
37.947716,0.440000
37.980138,0.440000
38.015785,0.420000
38.048109,0.420000
38.079731,0.420000
38.117966,0.390000
38.150566,0.390000
38.180820,0.390000
38.217348,0.370000
38.251746,0.370000
38.282144,0.370000
38.314725,0.340000
38.346953,0.340000
38.379402,0.340000
38.417949,0.310000
38.454702,0.310000
38.491043,0.310000
38.513182,0.300000
38.547638,0.300000
38.577977,0.300000
38.618551,0.270000
38.655274,0.270000
38.687376,0.270000
38.725870,0.250000
38.764413,0.250000
38.789799,0.250000
38.825154,0.230000
38.853772,0.230000
38.892191,0.230000
38.926605,0.200000
38.956961,0.200000
38.989335,0.200000
39.028953,0.180000
