0.134850,0.000000
0.171148,0.000000
0.203609,0.000000
0.272491,0.000000
0.305082,0.000000
0.335335,0.000000
0.369675,0.000000
0.404157,0.000000
0.436532,0.000000
0.503441,0.000000
0.602678,0.000000
0.635144,0.000000
0.671692,0.000000
0.704014,0.000000
0.770831,0.000000
0.869998,0.000000
1.135451,0.000000
1.168975,0.000000
1.567047,0.000000
1.600546,0.000000
1.667248,0.000000
1.799917,0.000000
1.867918,0.000000
2.066509,0.000000
2.133341,0.000000
2.267089,0.000000
2.400724,0.000000
2.502137,0.000000
2.601256,0.000000
2.634110,0.000000
2.666304,0.000000
2.700816,0.000000
2.901232,0.000000
2.966150,0.000000
3.134364,0.000000
3.201106,0.000000
3.234544,0.000000
3.367298,0.000000
3.436233,0.000000
3.505171,0.000000
3.538632,0.000000
3.604393,0.000000
3.638804,0.000000
3.703806,0.000000
3.738116,0.000000
3.803992,0.000000
3.840564,0.000000
3.869745,0.000000
3.904156,0.000000
3.941667,0.000000
4.008649,0.000000
4.072452,0.000000
4.104749,0.000000
4.139246,0.000000
4.169647,0.000000
4.207153,0.000000
4.238653,0.000000
4.305640,0.000000
4.340861,0.000000
4.370207,0.000000
4.404632,0.000000
4.439333,0.000000
4.506014,0.000000
4.637656,0.000000
4.704522,0.000000
4.738063,0.000000
4.804832,0.000000
4.870673,0.000000
4.937489,0.000000
5.103861,0.000000
5.335797,0.000000
5.535411,0.000000
5.636685,0.000000
5.702344,0.000000
5.734873,0.000000
5.868474,0.000000
5.901151,0.000000
5.935395,0.000000
5.968208,0.000000
6.001860,0.000000
6.102016,0.000000
6.136432,0.000000
6.201291,0.000000
6.269184,0.000000
6.335103,0.000000
6.369433,0.000000
6.401907,0.000000
6.468852,0.000000
6.535985,0.000000
6.601856,0.000000
6.670485,0.000000
6.701027,0.000000
6.735369,0.000000
6.802282,0.000000
6.901538,0.000000
6.936041,0.000000
7.069812,0.000000
7.171061,0.000000
7.202419,0.000000
7.235894,0.000000
7.269255,0.000000
7.372135,0.000000
7.440635,0.000000
7.472879,0.000000
7.545758,0.000000
7.576165,0.000000
7.643058,0.000000
7.675378,0.000000
7.705738,0.000000
7.741280,0.000000
7.776645,0.000000
7.847628,0.000000
7.874051,0.000000
7.941082,0.000000
7.975329,0.000000
8.041245,0.000000
8.076527,0.000000
8.104950,0.000000
8.141403,0.000000
8.175792,0.000000
8.206137,0.000000
8.273086,0.000000
8.306524,0.000000
8.341972,0.000000
8.373452,0.000000
8.405813,0.000000
8.442415,0.000000
8.474880,0.000000
8.539596,0.000000
8.640987,0.000000
