0.258273,30.637708
0.278239,30.637708
0.298354,30.637708
0.318334,30.637708
0.338312,30.637708
0.358362,30.637708
0.378326,30.637708
0.398439,30.637708
0.418294,30.637708
0.438138,30.637708
0.458222,30.637708
0.478136,30.637708
0.498206,30.637708
0.518281,30.637708
0.538183,30.637708
0.558145,30.637708
0.578220,30.637708
0.598247,30.637708
0.618281,30.637708
0.638202,30.637708
0.658257,30.637708
0.678437,30.637708
0.698404,30.637708
0.718150,30.637708
0.737989,30.637708
0.758116,30.637708
0.778341,30.637708
0.798331,30.637708
0.818220,30.637708
0.838134,30.637708
0.857995,30.637708
0.878135,30.637708
0.897963,30.637708
0.917926,30.637708
0.938012,30.637708
0.957963,30.637708
0.977954,30.637708
0.997896,30.637708
1.017907,30.637708
1.037954,30.637708
1.057923,30.637708
1.077983,30.637708
1.097920,30.637708
1.117944,30.637708
1.137919,30.637708
1.157936,30.637708
1.177862,30.637708
1.198177,30.637708
1.218031,30.637708
1.237892,30.637708
1.257860,30.637708
1.277821,30.637708
1.297863,30.637708
1.317996,30.637708
1.337743,30.637708
1.357789,30.637708
1.377786,30.637708
1.397823,30.637708
1.417906,30.637708
1.437757,30.637708
1.457768,30.637707
1.477695,30.637707
1.497756,30.637707
1.517651,30.637707
1.537852,30.637707
1.557644,30.637707
1.577673,30.637707
1.597650,30.637707
1.617681,30.637707
1.637738,30.637707
1.657614,30.637706
1.677645,30.637706
1.697625,30.637706
1.717613,30.637706
1.737636,30.637706
1.757637,30.637706
1.777497,30.637706
1.797538,30.637706
1.817559,30.637706
1.837467,30.637706
1.858516,30.637706
1.877527,30.637705
1.897569,30.637705
1.918491,30.637705
1.938506,30.637705
1.958466,30.637705
1.978420,30.637705
1.998404,30.637705
2.018372,30.637705
2.038419,30.637705
2.058469,30.637703
2.078453,30.637703
2.098424,30.637703
2.118458,30.637703
2.138379,30.637703
2.158422,30.637703
2.178366,30.637703
2.198716,30.637703
2.218707,30.637703
2.238413,30.637703
2.258361,30.637701
2.278329,30.637701
2.298309,30.637701
2.318249,30.637701
2.338396,30.637701
2.358330,30.637701
2.378283,30.637701
2.398527,30.637701
2.418409,30.637701
2.438109,30.637701
2.458165,30.637699
2.478127,30.637699
2.498259,30.637699
2.518227,30.637699
2.538165,30.637699
2.558202,30.637699
2.578092,30.637699
2.598230,30.637699
2.618103,30.637699
2.638154,30.637699
2.658166,30.637697
2.678039,30.637697
2.697990,30.637697
2.718220,30.637697
2.738027,30.637697
2.758036,30.637697
2.777987,30.637697
2.798110,30.637697
2.818030,30.637697
2.837985,30.637697
2.857974,30.637697
2.878041,30.637694
2.897954,30.637694
2.917940,30.637694
2.937922,30.637694
2.958033,30.637694
2.977900,30.637694
2.997942,30.637694
3.018015,30.637694
3.037975,30.637694
3.057837,30.637691
3.077992,30.637691
3.097920,30.637691
3.117886,30.637691
3.137821,30.637691
3.157856,30.637691
3.177915,30.637691
3.197841,30.637691
3.217838,30.637691
3.237891,30.637691
3.257822,30.637688
3.277865,30.637688
3.297952,30.637688
3.317763,30.637688
3.337749,30.637688
3.357769,30.637688
3.377802,30.637688
3.397799,30.637688
3.417731,30.637688
3.437754,30.637688
3.457758,30.637684
3.477697,30.637684
3.497648,30.637684
3.517695,30.637684
3.537821,30.637684
3.557779,30.637684
3.577663,30.637684
3.597689,30.637684
3.617753,30.637684
3.637597,30.637684
3.658658,30.637680
3.677618,30.637680
3.697572,30.637680
3.717575,30.637680
3.737806,30.637680
3.758605,30.637680
3.777596,30.637680
3.797515,30.637680
3.818714,30.637680
3.837656,30.637680
3.858499,30.637680
3.877500,30.637677
3.898496,30.637677
3.918568,30.637677
3.938504,30.637677
3.958465,30.637677
3.978636,30.637677
3.998466,30.637677
4.018445,30.637677
4.038439,30.637677
4.058365,30.637673
4.078371,30.637673
4.098312,30.637673
4.118335,30.637673
4.138367,30.637673
4.158384,30.637673
4.178267,30.637673
4.198343,30.637673
4.218377,30.637673
4.238329,30.637673
4.258331,30.637669
4.278368,30.637669
4.298473,30.637669
4.318462,30.637669
4.338430,30.637669
4.358338,30.637669
4.378382,30.637669
4.398150,30.637669
4.418517,30.637669
4.438462,30.637669
4.458212,30.637664
4.478204,30.637664
4.498165,30.637664
4.518210,30.637664
4.538090,30.637664
4.558146,30.637664
4.578129,30.637664
4.598123,30.637664
4.618026,30.637664
4.638121,30.637664
4.658090,30.637660
4.678069,30.637660
4.697998,30.637660
4.718125,30.637660
4.738052,30.637660
4.758287,30.637660
4.777997,30.637660
4.797978,30.637660
4.818059,30.637660
4.838084,30.637660
4.858031,30.637660
4.878256,30.637655
4.898238,30.637655
4.918260,30.637655
4.937957,30.637655
4.957882,30.637655
4.977913,30.637655
4.997882,30.637655
5.017897,30.637655
5.037912,30.637655
5.057915,30.637650
5.077888,30.637650
5.097772,30.637650
5.118146,30.637650
5.138166,30.637650
5.157935,30.637650
5.177797,30.637650
5.197776,30.637650
5.217818,30.637650
5.237871,30.637650
5.257824,30.637645
5.277811,30.637645
5.297721,30.637645
5.317783,30.637645
5.337846,30.637645
5.357687,30.637645
5.377831,30.637645
5.397638,30.637645
5.417764,30.637645
5.437770,30.637645
5.457638,30.637640
5.477706,30.637640
5.497591,30.637640
5.517668,30.637640
5.537648,30.637640
5.557645,30.637640
5.577842,30.637640
5.597648,30.637640
5.617602,30.637640
5.637652,30.637640
5.657536,30.637635
5.677527,30.637635
5.697488,30.637635
5.717536,30.637635
5.737518,30.637635
5.758492,30.637635
5.777503,30.637635
5.797589,30.637635
5.817494,30.637635
5.838583,30.637635
5.858444,30.637635
5.878374,30.637629
5.898386,30.637629
5.918382,30.637629
5.938383,30.637629
5.958350,30.637629
5.978299,30.637629
5.998292,30.637629
6.018478,30.637629
6.038353,30.637629
6.058295,30.637624
6.078458,30.637624
6.098305,30.637624
6.118291,30.637624
6.138338,30.637624
6.158345,30.637624
6.178681,30.637624
6.198610,30.637624
6.218344,30.637624
6.238322,30.637624
6.258224,30.637618
6.278281,30.637618
6.298301,30.637618
6.318304,30.637618
6.338256,30.637618
6.358142,30.637618
6.378216,30.637618
6.398190,30.637618
6.418252,30.637618
6.438206,30.637618
6.458137,30.637612
6.478234,30.637612
6.498194,30.637612
6.518157,30.637612
6.538097,30.637612
6.558085,30.637612
6.578144,30.637612
6.598191,30.637612
6.618105,30.637612
6.638161,30.637612
6.658186,30.637606
6.678071,30.637606
6.698010,30.637606
6.717973,30.637606
6.737973,30.637606
6.757974,30.637606
6.778021,30.637606
6.798084,30.637606
6.818089,30.637606
6.837950,30.637606
6.857913,30.637606
6.877918,30.637600
6.897967,30.637600
6.918052,30.637600
6.937906,30.637600
6.957819,30.637600
6.977827,30.637600
6.997821,30.637600
7.017929,30.637600
7.037820,30.637600
7.057845,30.637594
7.077743,30.637594
7.097740,30.637594
7.117817,30.637594
7.137753,30.637594
7.157764,30.637594
7.177770,30.637594
7.197761,30.637594
7.217694,30.637594
7.237775,30.637594
7.257772,30.637587
7.277733,30.637587
7.297706,30.637587
7.317817,30.637587
7.337841,30.637587
7.357771,30.637587
7.377716,30.637587
7.397981,30.637587
7.418079,30.637587
7.437608,30.637587
7.457617,30.637581
7.477616,30.637581
7.497738,30.637581
7.517591,30.637581
7.537477,30.637581
7.558574,30.637581
7.577466,30.637581
7.598506,30.637581
7.618530,30.637581
7.638507,30.637581
7.658438,30.637574
7.678530,30.637574
7.698513,30.637574
7.718602,30.637574
7.738492,30.637574
7.758520,30.637574
7.778730,30.637574
7.798393,30.637574
7.818475,30.637574
7.838335,30.637574
7.858944,30.637574
7.878520,30.637567
7.898345,30.637567
7.918370,30.637567
7.938294,30.637567
7.958291,30.637567
7.978326,30.637567
7.998732,30.637567
8.018680,30.637567
8.038367,30.637567
8.058311,30.637561
8.078348,30.637561
8.098236,30.637561
8.118259,30.637561
8.138315,30.637561
8.158198,30.637561
8.178307,30.637561
8.198174,30.637561
8.218239,30.637561
8.238174,30.637561
8.258220,30.637554
8.278245,30.637554
8.298366,30.637554
8.318249,30.637554
8.338159,30.637554
8.358261,30.637554
8.378171,30.637554
8.398138,30.637554
8.418216,30.637554
8.438426,30.637554
8.458257,30.637547
8.478066,30.637547
8.498069,30.637547
8.517996,30.637547
8.538060,30.637547
8.558253,30.637547
8.578204,30.637547
8.598075,30.637547
8.618018,30.637547
8.637982,30.637547
8.657957,30.637540
8.678053,30.637540
8.697947,30.637540
8.717913,30.637540
8.738106,30.637540
8.757940,30.637540
8.778019,30.637540
8.797881,30.637540
8.818027,30.637540
8.838004,30.637540
8.857910,30.637540
8.877932,30.637532
8.897930,30.637532
8.917936,30.637532
8.937997,30.637532
8.957934,30.637532
8.977846,30.637532
8.997888,30.637532
9.017907,30.637532
9.037910,30.637532
9.057864,30.637525
9.077820,30.637525
9.097835,30.637525
9.117870,30.637525
9.137836,30.637525
9.157721,30.637525
9.177770,30.637525
9.197885,30.637525
9.217788,30.637525
9.237753,30.637525
9.257692,30.637517
9.277785,30.637517
9.297763,30.637517
9.317719,30.637517
9.337644,30.637517
9.357811,30.637517
9.377778,30.637517
9.397664,30.637517
9.417928,30.637517
9.437601,30.637517
9.458027,30.637510
9.477726,30.637510
9.497586,30.637510
9.517644,30.637510
9.537449,30.637510
9.558546,30.637510
9.577633,30.637510
9.598492,30.637510
9.618473,30.637510
9.638398,30.637510
9.658435,30.637503
9.678421,30.637503
9.698477,30.637503
9.718428,30.637503
9.738454,30.637503
9.758442,30.637503
9.778399,30.637503
9.798356,30.637503
9.818397,30.637503
9.838253,30.637503
9.858356,30.637503
9.878262,30.637495
9.898451,30.637495
9.918351,30.637495
9.938249,30.637495
9.958287,30.637495
9.978373,30.637495
9.998425,30.637495
10.018317,30.637495
10.038337,30.637495
10.058376,30.637487
10.078471,30.637487
10.098352,30.637487
10.118295,30.637487
10.138089,30.637487
10.158286,30.637487
10.178170,30.637487
10.198173,30.637487
10.218191,30.637487
10.238198,30.637487
10.258142,30.637479
10.278265,30.637479
10.298132,30.637479
10.318098,30.637479
10.338201,30.637479
10.358152,30.637479
10.378177,30.637479
10.398144,30.637479
10.418129,30.637479
10.437969,30.637479
10.458083,30.637471
10.478102,30.637471
10.498056,30.637471
10.518071,30.637471
10.538158,30.637471
10.557958,30.637471
10.577993,30.637471
10.598109,30.637471
10.617930,30.637471
10.637845,30.637471
10.657963,30.637463
10.677882,30.637463
10.698006,30.637463
10.717930,30.637463
10.737911,30.637463
10.757949,30.637463
10.777929,30.637463
10.797945,30.637463
10.817914,30.637463
10.837966,30.637463
10.858001,30.637463
10.877923,30.637463
10.897950,30.637455
10.917959,30.637455
10.937919,30.637455
10.957908,30.637455
10.977854,30.637455
10.997791,30.637455
11.017891,30.637455
11.037844,30.637455
11.057794,30.637447
11.077777,30.637447
11.097779,30.637447
11.117737,30.637447
11.137717,30.637447
11.157699,30.637447
11.177730,30.637447
11.197724,30.637447
11.217668,30.637447
11.237785,30.637447
11.257600,30.637439
11.277668,30.637439
11.297586,30.637439
11.317631,30.637439
11.337635,30.637439
11.357648,30.637439
11.377621,30.637439
11.397494,30.637439
11.417595,30.637439
11.438505,30.637439
11.458577,30.637431
11.478521,30.637431
11.498543,30.637431
11.518435,30.637431
11.538434,30.637431
11.558458,30.637431
11.578418,30.637431
11.598533,30.637431
11.618431,30.637431
11.638382,30.637431
11.658404,30.637423
11.678432,30.637423
11.698430,30.637423
11.718480,30.637423
11.738390,30.637423
11.758333,30.637423
11.778489,30.637423
11.798351,30.637423
11.818382,30.637423
11.838387,30.637423
11.858320,30.637423
11.878305,30.637416
11.898320,30.637416
11.918375,30.637416
11.938357,30.637416
11.958349,30.637416
11.978292,30.637416
11.998383,30.637416
12.018287,30.637416
12.038314,30.637416
12.058271,30.637416
12.078288,30.637409
12.098237,30.637409
12.118151,30.637409
12.138159,30.637409
12.158176,30.637409
12.178152,30.637409
12.198182,30.637409
12.218177,30.637409
12.238227,30.637409
12.258024,30.637404
12.278164,30.637404
12.298245,30.637404
12.318065,30.637404
12.338173,30.637404
12.358071,30.637404
12.378130,30.637404
12.398299,30.637404
12.418374,30.637404
12.437954,30.637404
12.457974,30.637398
12.478091,30.637398
12.497925,30.637398
12.517992,30.637398
12.537935,30.637398
12.557967,30.637398
12.578081,30.637398
12.597953,30.637398
12.617893,30.637398
12.637978,30.637398
12.657836,30.637394
12.677898,30.637394
12.697853,30.637394
12.718071,30.637394
12.737883,30.637394
12.757990,30.637394
12.777813,30.637394
12.797747,30.637394
12.817794,30.637394
12.838063,30.637394
12.858022,30.637394
12.877825,30.637389
12.897788,30.637389
12.917806,30.637389
12.937690,30.637389
12.957706,30.637389
12.977654,30.637389
12.997704,30.637389
13.017626,30.637389
13.037765,30.637389
13.058585,30.637386
13.077619,30.637386
13.097698,30.637386
13.118596,30.637386
13.137616,30.637386
13.158594,30.637386
13.177612,30.637386
13.198635,30.637386
13.218582,30.637386
13.237948,30.637386
13.258535,30.637383
13.277511,30.637383
13.298531,30.637383
13.318543,30.637383
13.338500,30.637383
13.358524,30.637383
13.378471,30.637383
13.398493,30.637383
13.418512,30.637383
13.438441,30.637383
13.458481,30.637380
13.478391,30.637380
13.498418,30.637380
13.518468,30.637380
13.538386,30.637380
13.558385,30.637380
13.578425,30.637380
13.598448,30.637380
13.618389,30.637380
13.638325,30.637380
13.658286,30.637378
13.678305,30.637378
13.698352,30.637378
13.718261,30.637378
13.738275,30.637378
13.758325,30.637378
13.778662,30.637378
13.798342,30.637378
13.818223,30.637378
13.838387,30.637378
13.858168,30.637378
13.878197,30.637377
13.898216,30.637377
13.918180,30.637377
13.938149,30.637377
13.958151,30.637377
13.978189,30.637377
13.998253,30.637377
14.018199,30.637377
14.038056,30.637377
14.058077,30.637375
14.078124,30.637375
14.098089,30.637375
14.118073,30.637375
14.138152,30.637375
14.158430,30.637375
14.178049,30.637375
14.198121,30.637375
14.218036,30.637375
14.238024,30.637375
14.258022,30.637374
14.278078,30.637374
14.297981,30.637374
14.318068,30.637374
14.338072,30.637374
14.357985,30.637374
14.377913,30.637374
14.397949,30.637374
14.417912,30.637374
14.437924,30.637374
14.457833,30.637373
14.478023,30.637373
14.497990,30.637373
14.517887,30.637373
14.537791,30.637373
14.557798,30.637373
14.577816,30.637373
14.597952,30.637373
14.617884,30.637373
14.637813,30.637373
14.657797,30.637373
14.677794,30.637373
14.698144,30.637373
14.718018,30.637373
14.737795,30.637373
14.757718,30.637373
14.777741,30.637373
14.797926,30.637373
14.817620,30.637373
14.837682,30.637373
14.857651,30.637373
14.877717,30.637372
14.897622,30.637372
14.917742,30.637372
14.937723,30.637372
14.958709,30.637372
14.977746,30.637372
14.997694,30.637372
15.017741,30.637372
15.037827,30.637372
15.058599,30.637372
15.077667,30.637372
15.098614,30.637372
15.117838,30.637372
15.138860,30.637372
15.158531,30.637372
15.178555,30.637372
15.198495,30.637372
15.218433,30.637372
15.238492,30.637372
15.258459,30.637372
15.278441,30.637372
15.298410,30.637372
15.318618,30.637372
15.338555,30.637372
15.358461,30.637372
15.378375,30.637372
15.398523,30.637372
15.418389,30.637372
15.438462,30.637372
15.458357,30.637372
15.478690,30.637372
15.498383,30.637372
15.518333,30.637372
15.538641,30.637372
15.558341,30.637372
15.578229,30.637372
15.598432,30.637372
15.618313,30.637372
15.638283,30.637372
15.658256,30.637372
15.678345,30.637372
15.698220,30.637372
15.718225,30.637372
15.738231,30.637372
15.758144,30.637372
15.778157,30.637372
15.798107,30.637372
15.818132,30.637372
15.838141,30.637372
15.858102,30.637372
15.878069,30.637372
15.898113,30.637372
15.918206,30.637372
15.938303,30.637372
15.958297,30.637372
15.978177,30.637372
15.998119,30.637372
16.018072,30.637372
16.038007,30.637372
16.058010,30.637372
16.078223,30.637372
16.098262,30.637372
16.117918,30.637372
16.138234,30.637372
16.158011,30.637372
16.177873,30.637372
16.198004,30.637372
16.217934,30.637372
16.238153,30.637372
16.258153,30.637372
16.277894,30.637372
16.297918,30.637372
16.317921,30.637372
16.337794,30.637372
16.357747,30.637372
16.377835,30.637372
16.397738,30.637372
16.417819,30.637372
16.437790,30.637372
16.457758,30.637372
16.478056,30.637372
16.497817,30.637372
16.517835,30.637372
16.537767,30.637372
16.557652,30.637372
16.577744,30.637372
16.597664,30.637372
16.617695,30.637372
16.637613,30.637372
16.657670,30.637372
16.677674,30.637372
16.697608,30.637372
16.717992,30.637372
16.737675,30.637372
16.758535,30.637372
16.777683,30.637372
16.797620,30.637372
16.817614,30.637372
16.838626,30.637372
16.858574,30.637372
