0.286497,-9.609033
0.306643,-9.846972
0.326545,-9.312584
0.346570,-9.800183
0.366476,-10.252283
0.386485,-9.243650
0.406659,-10.187858
0.426810,-9.492976
0.446748,-10.119973
0.466623,-10.510606
0.486644,-9.504095
0.506577,-10.137931
0.526687,-9.531241
0.546775,-10.218971
0.566630,-10.540127
0.586632,-9.645320
0.606523,-10.412166
0.626655,-9.721581
0.646619,-9.807307
0.666734,-10.290240
0.686535,-10.294471
0.706774,-9.790420
0.726498,-10.743476
0.746624,-9.160479
0.766468,-9.262968
0.786882,-9.412845
0.806549,-9.420161
0.826438,-9.853942
0.846633,-10.338089
0.866468,-9.489429
0.886382,-10.282795
0.906354,-9.812480
0.926422,-9.112645
0.946448,-9.235948
0.966855,-9.861786
0.986341,-9.356974
1.006601,-10.367703
1.026319,-9.664701
1.046284,-9.602162
1.066308,-9.898664
1.086438,-9.454468
1.106694,-10.021831
1.126269,-10.337575
1.146294,-9.295707
1.166336,-10.111344
1.186426,-9.553514
1.206217,-10.063212
1.226397,-10.600065
1.246315,-9.792678
1.266242,-10.216258
1.286423,-9.749825
1.306230,-9.616078
1.326220,-10.457726
1.346505,-10.165908
1.366050,-10.020259
1.386147,-10.116412
1.406309,-8.828526
1.426249,-10.014544
1.446221,-9.892692
1.466333,-9.782442
1.486292,-10.538246
1.506172,-8.863234
1.526052,-9.549464
1.546440,-9.533232
1.566123,-9.372411
1.586115,-10.500503
1.606277,-9.101646
1.626045,-9.397381
1.646096,-9.582179
1.666201,-9.106283
1.686097,-10.545816
1.706225,-9.046157
1.726284,-9.553511
1.745983,-9.644176
1.766051,-8.995287
1.786061,-10.674490
1.805889,-9.191875
1.826074,-9.941957
1.845984,-9.701767
1.865944,-9.101500
1.886130,-10.028391
1.906032,-9.764647
1.925968,-9.534618
1.946005,-9.990131
1.965997,-9.388638
1.986163,-9.916096
2.006199,-10.563550
2.026006,-9.858618
2.045988,-10.311998
2.065978,-10.027869
2.086080,-9.247835
2.106272,-9.621580
2.126311,-9.611594
2.146128,-9.411706
2.165850,-10.647407
2.185939,-9.529270
2.205880,-9.836407
2.225833,-10.102315
2.245806,-9.340387
2.265724,-9.131780
2.286716,-9.015074
2.305805,-8.999776
2.325778,-8.556129
2.345839,-8.462885
2.366769,-8.372973
2.386688,-9.057485
2.406003,-10.162997
2.426769,-11.118785
2.446517,-10.755164
2.467286,-9.792675
2.486810,-9.392657
2.506641,-8.573178
2.526709,-9.843408
2.546702,-10.641685
2.566684,-10.261487
2.586643,-8.888659
2.606733,-9.520032
2.626842,-11.248588
2.646639,-9.046336
2.666673,-9.436715
2.686672,-8.671443
2.706556,-9.046685
2.726746,-9.553468
2.746563,-10.797191
2.766758,-9.703795
2.786811,-10.280303
2.806556,-11.247678
2.826548,-10.433282
2.846645,-9.585809
2.866601,-10.630341
2.886647,-9.796073
2.906563,-8.631915
2.926544,-9.726680
2.946613,-10.025512
2.966580,-8.470423
2.986686,-8.863628
3.006624,-10.093594
3.026470,-7.263465
3.046677,-9.147386
3.066628,-10.302899
3.086591,-7.295057
3.106679,-11.982984
3.126906,-9.989455
3.146539,-8.820599
3.166546,-13.448681
3.186451,-8.188452
3.206575,-11.439194
3.226490,-10.448032
3.246563,-9.959496
3.266423,-12.308236
3.286412,-6.691189
3.306741,-11.704887
3.326471,-9.478344
3.346536,-8.485696
3.366689,-9.676284
3.386756,-6.687624
3.406444,-11.185763
3.426616,-7.776917
3.447315,-11.168979
3.467141,-8.882862
3.486536,-9.978227
3.506330,-10.815961
3.526627,-9.998242
3.546374,-11.658525
3.566506,-7.453036
3.586295,-10.675352
3.606346,-7.716054
3.626409,-11.103001
3.647282,-9.333620
3.667067,-11.493328
3.686370,-9.524674
3.706386,-10.538836
3.726399,-9.105774
3.746550,-8.827800
3.766349,-9.866421
3.786382,-7.707667
3.806403,-11.383794
3.826275,-6.801431
3.846224,-11.703848
3.866204,-7.288142
3.886302,-10.706889
3.906369,-10.107996
3.926231,-9.088291
3.946369,-12.032469
3.966291,-8.623205
3.986418,-11.749218
4.006222,-9.882114
4.026266,-10.029360
4.046372,-11.020514
4.066353,-7.739567
4.086176,-9.648517
4.106133,-9.032501
4.126274,-6.799624
4.146233,-10.956099
4.166210,-11.472788
4.186251,-7.239541
4.206224,-9.304697
4.226135,-12.798801
4.246297,-10.715098
4.266285,-6.110081
4.286116,-10.230762
4.306172,-11.151889
4.326089,-8.609170
4.346187,-10.220536
4.366120,-8.250394
4.386201,-8.807330
4.406239,-8.838341
4.426242,-10.724870
4.446188,-9.716529
4.466095,-10.893046
4.486073,-10.314574
4.506112,-11.142180
4.525992,-9.254298
4.546103,-10.971963
4.566059,-7.858134
4.586010,-10.498327
4.606215,-8.588248
4.626186,-10.998502
4.645989,-9.920253
4.666112,-12.597932
4.686174,-10.073406
4.706035,-10.962505
4.725999,-8.815565
4.745947,-10.395462
4.765972,-7.871626
4.786021,-11.311260
4.806057,-8.875765
4.825978,-12.693088
4.846060,-10.538095
4.866074,-10.244748
4.886105,-9.601034
4.905956,-7.536168
4.925940,-8.976893
4.945974,-9.059220
4.965979,-10.501993
4.985852,-8.763029
5.005947,-12.325974
5.025939,-10.398541
5.045804,-8.313728
5.065832,-10.339863
5.085872,-11.679121
5.105749,-10.891188
5.125907,-6.970683
5.145744,-11.522688
5.166779,-9.515439
5.186799,-9.606639
5.206026,-11.484662
5.225695,-9.083294
5.245733,-9.383412
5.266757,-8.794862
5.286753,-8.231546
5.306907,-9.255603
5.326762,-10.591885
5.346907,-9.675451
5.366683,-7.841279
5.386815,-9.008878
5.406668,-10.256882
5.426861,-10.580918
5.446681,-12.622022
5.466651,-9.589777
5.486614,-8.917636
5.506605,-10.311576
5.526727,-7.291042
5.546668,-10.772765
5.566741,-10.711992
5.586697,-8.717587
5.606720,-10.533487
5.626682,-7.293473
5.646526,-11.891832
5.666636,-10.645098
5.686553,-10.395471
5.706573,-10.540260
5.726599,-8.654071
5.746750,-9.600119
5.766470,-9.461064
5.786669,-9.217503
5.806602,-11.250401
5.826520,-8.478464
5.846509,-8.256237
5.866493,-9.652971
5.887059,-7.725712
5.906489,-11.336336
5.926573,-9.692726
5.946503,-9.698139
5.966644,-10.157612
5.986777,-8.197419
6.006486,-7.749414
6.026865,-9.069803
6.046583,-8.007134
6.066601,-11.120393
6.086549,-11.334581
6.106644,-10.053519
6.126530,-9.492361
6.146375,-7.890233
6.166443,-10.007455
6.186657,-10.767163
6.206535,-9.215583
6.226455,-11.027962
6.246478,-9.968087
6.266227,-9.743145
6.286689,-10.723350
6.306409,-8.216328
6.326394,-11.323547
6.346411,-9.504501
6.366380,-10.553026
6.386382,-10.872065
6.406492,-8.508361
6.426296,-9.471506
6.446240,-9.105833
6.466264,-8.197316
6.486262,-10.556526
6.506252,-9.343704
6.526539,-8.507528
6.546132,-9.975965
6.566284,-8.261766
6.586208,-10.917486
6.606342,-10.714506
6.626317,-9.279118
6.646250,-9.940039
6.666183,-7.084352
6.686213,-11.270588
6.706158,-9.978954
6.726155,-8.448669
6.746068,-10.866076
6.766315,-8.053932
6.786232,-11.426028
6.806324,-10.740942
6.826073,-8.578636
6.846016,-11.004921
6.866126,-8.271441
6.886062,-10.755693
6.906063,-10.179161
6.925985,-8.438645
6.946152,-10.710238
6.966111,-10.013118
6.986050,-9.271386
7.006064,-8.858459
7.025965,-9.733441
7.046206,-9.885793
7.066029,-11.505562
7.086075,-10.103026
7.106100,-7.874439
7.126032,-11.533093
7.146101,-9.645194
7.166203,-9.493533
7.185995,-10.630472
7.205938,-8.121400
7.225987,-11.381231
7.245997,-10.219293
7.266135,-8.600729
7.286029,-9.649410
7.305987,-10.943376
7.326352,-9.704194
7.345990,-7.486825
7.365979,-10.882807
7.386030,-9.405367
7.406071,-8.251909
7.426569,-10.208567
7.446208,-9.152967
7.466138,-9.064789
7.486743,-8.337807
7.505798,-10.501940
7.525885,-10.322681
7.545926,-11.459723
7.566737,-12.183403
7.586913,-8.737814
7.605837,-11.347685
7.626717,-9.856268
7.646825,-8.213840
7.666694,-10.238607
7.686828,-11.968910
7.706676,-10.530105
7.726680,-8.073960
7.746706,-11.830624
7.766707,-9.462319
7.786792,-6.970664
7.806621,-10.262075
7.826629,-10.697220
7.846637,-9.720485
7.866748,-8.053782
7.886838,-11.541740
7.906809,-8.777210
7.926866,-8.381483
7.946804,-10.326162
7.966692,-10.675068
7.986796,-9.616760
8.006636,-9.466502
8.026831,-11.662591
8.046722,-9.780963
8.066759,-10.048242
8.086886,-10.878514
8.106829,-7.793683
8.126675,-10.399020
8.146707,-9.517939
8.166706,-9.030224
8.186781,-9.366475
8.207526,-10.533713
8.226963,-10.219466
8.246557,-7.423043
8.266568,-10.961884
8.286831,-11.197566
8.306572,-8.086745
8.326593,-11.572898
8.346421,-10.860637
8.366502,-10.337104
8.386503,-7.755497
8.406828,-11.552380
8.426464,-9.564289
8.446474,-8.164091
8.466402,-10.617708
8.486464,-10.789635
8.506530,-9.181618
8.526437,-8.408482
8.546584,-10.997091
8.566473,-9.979640
8.586374,-8.135375
8.606446,-10.816826
8.626323,-8.292430
8.646445,-9.774576
8.666429,-9.736532
8.686277,-12.463736
8.706304,-11.266521
8.726387,-11.681345
8.746696,-12.269816
8.766324,-8.950871
8.786330,-11.197690
8.806302,-9.402848
8.826240,-9.205927
8.846360,-9.728150
8.866745,-11.333767
8.886324,-10.949360
8.906319,-7.312027
8.926176,-12.210103
8.946234,-10.295662
8.966262,-8.044106
8.986317,-10.507311
9.006554,-10.843353
9.026330,-10.674250
9.046402,-7.753550
9.066183,-11.811520
9.086174,-10.367086
9.106384,-8.635096
9.126286,-12.402943
9.146244,-11.467690
9.166247,-11.437924
9.186275,-7.532237
9.206154,-10.999372
9.226110,-9.230019
9.246142,-6.827313
9.266339,-9.482730
9.286226,-9.998340
9.306098,-8.141122
9.326064,-5.601040
9.346130,-9.514981
9.366060,-8.372120
9.386235,-5.771101
9.406331,-7.014895
9.426069,-9.251296
9.446091,-8.905435
9.466012,-5.475421
9.486170,-8.846478
9.506164,-7.485432
9.525964,-7.540208
9.546132,-8.635866
9.565953,-9.254482
9.585944,-10.779882
9.606048,-9.278866
9.626027,-11.166792
9.646051,-9.564837
9.666028,-13.232336
9.685986,-11.937899
9.705967,-10.797544
9.726039,-12.869271
9.745956,-13.234369
9.766059,-12.477831
9.786001,-9.856370
9.805992,-12.214333
9.825958,-10.641633
9.845890,-9.335524
9.865987,-10.951839
9.886981,-9.675545
9.905946,-10.173265
9.925884,-7.135953
9.945830,-8.480556
9.965822,-7.068274
9.986913,-8.188912
10.005930,-6.983815
10.025872,-7.438725
10.045822,-9.819020
10.066915,-9.470324
10.086890,-10.921165
10.105711,-10.121800
10.126785,-12.526610
10.146841,-11.770986
10.166930,-11.471251
10.186659,-12.647246
10.206893,-11.820962
10.226744,-10.568342
10.246905,-8.891568
10.266883,-12.017492
10.286711,-9.683793
10.306879,-7.367983
10.326686,-9.238757
10.346761,-8.308349
10.366678,-8.256842
10.386726,-5.222388
10.406777,-9.667459
10.426798,-6.962766
10.446647,-5.764445
10.466779,-9.003565
10.486752,-9.462828
10.506580,-10.377880
10.526616,-8.127678
10.546618,-14.082607
10.566733,-13.365720
10.586656,-10.950827
10.606779,-12.008862
10.626753,-12.760984
10.646652,-11.105191
10.666691,-6.480156
10.686683,-10.583435
10.706694,-8.988646
10.726701,-7.112276
10.746553,-9.173249
10.767572,-8.865839
10.787111,-9.886067
10.806532,-7.095179
10.826603,-10.404459
10.846496,-11.324024
10.866422,-12.654658
10.886526,-12.523540
10.906416,-10.320820
10.926411,-9.075762
10.946381,-6.912534
10.966387,-8.400360
10.986834,-5.731581
11.006502,-9.359823
11.026451,-7.660058
11.046421,-9.092055
11.066606,-6.795087
11.086539,-8.011228
11.106518,-6.168865
11.126473,-7.816415
11.146393,-6.406700
11.166338,-6.161276
11.186599,-6.789393
11.206564,-7.955262
11.226328,-11.023166
11.246277,-11.879628
11.266378,-12.635258
11.286359,-9.882198
11.306283,-7.720112
11.326593,-9.896455
11.346295,-13.075274
11.366271,-11.547535
11.386225,-7.821618
11.406339,-6.878098
11.426377,-11.041173
11.446292,-11.334634
11.466235,-8.100381
11.486295,-6.411974
11.506203,-10.365340
11.526212,-13.204351
11.546219,-7.333895
11.566303,-10.670501
11.586314,-12.666434
11.606398,-9.647872
11.626278,-9.857593
11.646240,-11.167552
11.666407,-10.226912
11.686405,-9.064462
11.706281,-11.383178
11.726436,-7.267968
11.746465,-10.900083
11.766221,-8.371696
11.786361,-7.935688
11.806388,-10.532026
11.826375,-9.263269
11.846246,-10.908371
11.866238,-10.369509
11.886572,-11.502676
11.906170,-10.557082
11.926314,-9.835838
11.946569,-12.531866
11.966247,-6.404058
11.986185,-13.203691
12.006270,-8.466272
12.026207,-10.354233
12.046280,-7.208582
12.066367,-12.044691
12.086185,-8.867787
12.106090,-12.805794
12.126314,-6.971676
12.146087,-10.621929
12.166265,-8.426113
12.186174,-10.479423
12.206193,-9.023479
12.226247,-11.760585
12.246143,-10.367435
12.266195,-9.526333
12.286035,-11.578728
12.306252,-7.998662
12.326183,-11.069962
12.345954,-7.051208
12.366001,-10.633112
12.386148,-10.376158
12.406054,-8.430712
12.426549,-12.249582
12.446322,-8.629011
12.465820,-11.387196
12.485968,-11.708014
12.507079,-8.058943
12.526073,-12.159210
12.546820,-9.258048
12.566137,-8.680826
12.586014,-11.608316
12.606964,-9.338421
12.625877,-9.917215
12.645891,-11.580589
12.665872,-10.794636
12.685854,-9.338061
12.707063,-10.338254
12.725816,-9.590352
12.746833,-9.865293
12.765802,-10.125064
12.786738,-8.516500
12.806737,-10.108645
12.827708,-10.193204
12.847482,-9.899899
12.866812,-10.180416
12.886717,-9.046327
12.906704,-9.729641
12.926734,-9.700399
12.946668,-10.106509
12.966803,-10.492146
12.986772,-10.510528
13.007430,-9.474715
13.027649,-9.068448
13.046615,-9.017259
13.066753,-8.454083
13.086662,-9.117062
13.106631,-9.657545
13.126622,-10.275664
13.146570,-10.463955
13.166689,-10.314919
13.186675,-10.683187
13.206576,-10.712132
13.226627,-10.342445
13.246667,-9.556883
13.266597,-10.115679
13.286603,-10.307695
13.306581,-9.331315
13.326684,-9.125592
13.346648,-9.231860
13.366594,-9.372780
13.386725,-9.605677
13.406472,-10.848366
13.426518,-10.625852
13.446538,-9.606508
13.466602,-10.623737
13.486543,-9.414316
13.506556,-9.211193
13.526504,-10.153140
13.546428,-9.628501
13.566523,-9.772282
13.586502,-11.314125
13.606449,-9.959452
13.626385,-10.196568
13.646494,-10.038313
13.666626,-9.197525
13.686484,-9.132534
13.706342,-9.255707
13.726437,-9.461671
13.746397,-10.104071
13.766510,-10.372277
13.786439,-9.053004
13.806567,-9.858365
13.826432,-9.271119
13.846437,-9.793433
13.866372,-10.102310
13.886382,-9.245046
13.906400,-9.857821
13.926374,-9.449263
13.946366,-10.063550
13.966400,-10.551672
13.986474,-9.693600
14.006362,-10.140003
14.026420,-9.441063
14.046279,-10.134998
14.066348,-9.963276
14.086502,-9.190753
14.106363,-9.969236
14.126456,-9.433588
14.146344,-10.240259
14.166348,-10.226519
14.186438,-9.469715
14.206352,-10.052021
14.226416,-9.451909
14.246375,-10.161955
14.266390,-10.646334
14.286558,-9.809727
14.306354,-9.932655
14.326241,-9.245584
14.346215,-9.823071
14.366227,-10.528825
14.386296,-8.986047
14.406337,-9.319220
14.426159,-9.327403
14.446322,-9.507085
14.466331,-11.029827
14.486383,-9.724498
14.506316,-9.661769
14.526225,-9.706865
14.546297,-9.446592
14.566226,-10.944734
14.586296,-10.426312
14.606507,-9.749446
14.626352,-10.044250
14.646117,-9.255918
14.666228,-10.501709
14.686288,-10.415619
14.706130,-9.706465
14.726075,-10.028532
14.747348,-8.955625
14.767212,-10.346830
14.786521,-10.124189
14.806008,-9.845232
14.826070,-9.778429
14.846046,-9.141747
14.865973,-10.478631
14.885935,-9.738739
14.905929,-9.936086
14.926168,-9.948999
14.945979,-9.340002
14.966012,-10.298489
14.986032,-9.960252
15.005976,-10.039494
15.026096,-9.861301
15.046002,-9.220764
15.066078,-10.285673
15.086202,-10.046476
15.106001,-9.787203
15.126151,-9.817829
15.146001,-8.887403
15.166019,-10.344589
15.186025,-10.045489
15.206995,-9.931216
15.226201,-10.138790
15.245953,-8.893806
15.267111,-10.191448
15.286022,-9.967531
15.307105,-9.950903
15.326007,-10.076542
15.345935,-9.090138
15.366923,-10.036318
15.386898,-9.805416
15.407113,-9.929717
15.427126,-10.086346
15.446008,-9.108356
15.467046,-10.398238
15.487041,-9.931660
15.506970,-9.989346
15.527008,-9.912460
15.546837,-8.896549
15.566956,-10.089989
15.587012,-9.952772
15.606807,-9.910924
15.626911,-10.446718
15.646924,-8.779604
15.666825,-9.741946
15.686999,-9.690571
15.706934,-9.716503
15.726748,-10.397328
15.746811,-8.906052
15.766749,-9.505295
15.787142,-9.846131
15.806957,-9.793368
15.826746,-10.302878
15.847040,-8.893216
15.866791,-9.728967
15.886882,-9.725870
15.906687,-9.713582
15.926785,-10.443954
15.946790,-8.809823
15.966813,-9.510421
15.986742,-9.589348
16.006652,-9.448117
16.026833,-10.720361
16.046670,-9.189732
16.066635,-9.609948
16.086752,-9.545323
16.106802,-9.131193
16.126624,-10.415921
16.146500,-9.471992
16.166674,-9.584025
16.186612,-9.820759
16.206797,-9.087498
16.226546,-10.506303
16.246575,-9.414122
16.266517,-9.697894
16.286620,-9.818056
16.306589,-9.067836
16.326488,-10.264626
16.346381,-9.703778
16.366683,-9.482141
16.386465,-9.760895
16.406449,-9.353983
16.426428,-9.832984
16.446326,-10.467780
16.466427,-9.945455
16.486654,-10.176237
16.506483,-9.733624
16.526525,-9.284122
16.546540,-9.893948
16.566371,-10.118906
16.586373,-9.729387
16.606592,-10.508392
16.626360,-9.036022
16.646352,-9.258437
16.666522,-9.630121
16.686379,-9.354375
16.706312,-10.578577
16.726329,-9.161690
16.746319,-9.472288
16.766239,-9.570624
16.786662,-9.198011
16.806462,-10.238358
16.826315,-9.550776
16.846278,-9.622383
