0.202781,-9.745796
0.222775,-10.204542
0.242819,-10.291670
0.262963,-8.867155
0.282928,-9.374008
0.302809,-9.236194
0.322639,-9.057134
0.342758,-10.370242
0.362670,-9.598281
0.382640,-10.105671
0.402649,-9.772249
0.422760,-9.324339
0.442839,-9.887052
0.462649,-10.735807
0.483623,-9.746539
0.502755,-10.355328
0.522596,-9.856522
0.544324,-9.332949
0.564358,-9.837879
0.583638,-9.924068
0.603559,-9.942834
0.623680,-10.606025
0.643702,-8.818218
0.664361,-9.430567
0.684152,-8.977501
0.703871,-8.947540
0.723610,-9.967952
0.743532,-9.906405
0.763534,-9.676197
0.783558,-10.669882
0.803528,-9.900623
0.823502,-9.594687
0.843512,-9.808701
0.863447,-9.821177
0.883400,-9.559780
0.903981,-10.461481
0.923827,-9.191835
0.943547,-9.770227
0.963455,-9.145559
0.983556,-9.316610
1.003486,-9.823572
1.023478,-9.488356
1.043340,-9.589145
1.064011,-9.839289
1.083868,-9.231830
1.103363,-10.275899
1.123223,-9.938677
1.143302,-9.707242
1.163159,-10.255399
1.183198,-9.436074
1.203227,-10.022400
1.223231,-10.704009
1.243275,-9.895334
1.263416,-10.085851
1.283417,-9.797825
1.303350,-9.916127
1.323091,-10.735772
1.343058,-9.975699
1.363109,-10.252700
1.383206,-9.696440
1.403062,-10.176806
1.423099,-10.866975
1.443183,-9.740827
1.463049,-10.442719
1.483030,-9.634028
1.502963,-10.145519
1.523039,-10.739295
1.543008,-10.305825
1.563017,-10.253792
1.583041,-10.001750
1.602971,-9.519914
1.622891,-9.788781
1.642904,-9.792909
1.662961,-9.806437
1.682893,-10.531297
1.703054,-9.418313
1.723033,-9.349198
1.742988,-9.400500
1.763104,-8.966932
1.782967,-10.019702
1.803064,-9.988666
1.823069,-9.753475
1.842915,-10.693561
1.863030,-9.645773
1.882880,-9.797736
1.903038,-9.988028
1.923137,-10.127694
1.943617,-9.802880
1.963647,-10.466878
1.982810,-9.290173
2.002697,-9.484826
2.022823,-9.164047
2.042751,-8.929611
2.062760,-9.706468
2.082638,-10.401529
2.102765,-10.198544
2.122705,-10.023409
2.142776,-11.019230
2.162656,-9.077365
2.184799,-8.978286
2.203360,-10.201109
2.222749,-10.962566
2.243587,-8.602856
2.263588,-9.516940
2.283713,-10.791227
2.303524,-8.189775
2.323553,-10.319105
2.343558,-11.543144
2.363551,-8.347109
2.383501,-11.860803
2.404577,-12.029971
2.424078,-8.956889
2.443549,-12.466448
2.463531,-11.260353
2.483380,-9.059116
2.503390,-12.329855
2.523403,-9.758968
2.543642,-9.342575
2.563409,-11.264277
2.583300,-8.641082
2.603395,-9.967853
2.623414,-10.760261
2.643496,-7.541815
2.663631,-10.702339
2.683551,-10.330370
2.703502,-7.074987
2.723474,-11.555119
2.743289,-10.146475
2.763345,-7.845591
2.783323,-11.139494
2.803262,-9.727167
2.823303,-7.995961
2.843331,-10.781688
2.863341,-8.577362
2.883133,-8.196521
2.903290,-10.443410
2.923164,-8.245305
2.943165,-10.441670
2.963153,-9.461642
2.983201,-8.110669
3.003135,-11.489835
3.023083,-8.286236
3.043138,-8.886739
3.063137,-11.381078
3.083238,-8.156700
3.103047,-9.644755
3.123093,-11.258525
3.143119,-7.848477
3.163048,-10.861825
3.183176,-9.030997
3.203022,-8.791470
3.223074,-11.504948
3.243035,-7.564110
3.262986,-10.456450
3.283030,-12.229198
3.302976,-8.801167
3.322956,-11.516861
3.342957,-9.127748
3.362998,-9.542376
3.382905,-11.677474
3.402907,-7.630135
3.422965,-10.853095
3.443048,-10.171165
3.462942,-7.468504
3.482881,-10.766789
3.502909,-8.733108
3.522767,-8.683384
3.542871,-9.919264
3.562774,-7.919612
3.583275,-11.516614
3.603508,-8.105109
3.622978,-8.738361
3.642762,-11.654043
3.662827,-8.338840
3.683676,-11.259686
3.702812,-7.707519
3.722695,-10.056132
3.742595,-10.895487
3.762787,-9.236605
3.783569,-11.220753
3.802638,-8.471614
3.823624,-10.520653
3.843590,-9.440461
3.863635,-8.672062
3.883595,-9.968471
3.903553,-8.939410
3.923527,-11.608790
3.943558,-9.281431
3.963565,-11.981396
3.983529,-8.958814
4.003503,-11.720819
4.023434,-7.770021
4.043467,-11.903439
4.063416,-8.249296
4.083382,-11.210224
4.103408,-8.903702
4.123379,-11.389664
4.143558,-7.520105
4.163735,-11.794340
4.183632,-6.619636
4.203385,-11.773083
4.223411,-7.125034
4.243305,-11.914436
4.263366,-8.275593
4.283272,-11.406843
4.303378,-9.110224
4.323412,-9.186577
4.343275,-12.067348
4.363253,-8.267998
4.383906,-11.448645
4.403512,-9.162110
4.423388,-8.270809
4.443294,-11.495111
4.463300,-9.596005
4.483188,-8.108346
4.503184,-11.440022
4.523277,-9.625466
4.543296,-7.836778
4.563222,-11.254560
4.583242,-11.099751
4.603183,-8.796165
4.623102,-8.437388
4.643282,-10.113934
4.663192,-10.088827
4.683035,-8.861210
4.703174,-9.738159
4.723168,-11.089333
4.743165,-9.456058
4.763112,-9.752645
4.783120,-9.753643
4.803077,-8.265564
4.823205,-11.308813
4.843047,-11.174301
4.863029,-9.265800
4.883024,-9.776444
4.902976,-9.135962
4.922996,-9.162793
4.943057,-11.247867
4.962992,-9.572915
4.982983,-10.418578
5.002903,-9.323351
5.023049,-8.439317
5.042959,-9.218981
5.062909,-8.164981
5.082914,-10.900688
5.103004,-10.580414
5.122907,-10.596664
5.142844,-10.817340
5.162877,-9.945454
5.182886,-10.610601
5.202919,-9.386627
5.222920,-9.683180
5.243013,-9.604036
5.262948,-9.633332
5.282904,-10.022154
5.302837,-10.514429
5.322932,-10.788779
5.342970,-11.310030
5.362848,-10.736931
5.382951,-11.161500
5.402703,-9.339497
5.422910,-10.169287
5.442684,-8.844084
5.463767,-9.453403
5.483723,-8.619972
5.503674,-9.720132
5.523579,-8.873817
5.543664,-9.735853
5.563571,-8.765045
5.583817,-10.038354
5.603442,-10.307236
5.623705,-10.701619
5.644578,-10.336758
5.664259,-9.499311
5.683791,-9.522552
5.703774,-8.952699
5.723613,-8.920195
5.743715,-9.079137
5.763685,-9.592103
5.783748,-9.939326
5.803536,-10.714625
5.823509,-9.875455
5.843688,-11.946936
5.863610,-10.533629
5.883549,-10.741658
5.903947,-9.723018
5.923543,-9.853103
5.943477,-7.439115
5.963510,-8.884088
5.983709,-6.471518
6.003447,-9.641303
6.023523,-8.031811
6.043388,-10.992405
6.063618,-8.741060
6.083594,-10.660114
6.103393,-7.792030
6.123399,-9.488878
6.143475,-7.482365
6.163333,-9.063473
6.183336,-7.442396
6.203332,-10.028412
6.223238,-8.768896
6.243222,-11.972176
6.263207,-9.082530
6.283118,-12.035814
6.303076,-8.504633
6.323143,-11.909565
6.343113,-9.561234
6.363095,-12.283549
6.383144,-10.390180
6.403167,-12.047451
6.423224,-10.465936
6.443143,-11.172626
6.463036,-10.738383
6.483069,-11.040919
6.503003,-10.095096
6.523731,-10.969345
6.543624,-9.831556
6.563138,-10.142760
6.582952,-10.269186
6.602975,-8.074709
6.622992,-9.880490
6.643037,-8.052564
6.662961,-10.063966
6.682954,-7.636017
6.703813,-9.546231
6.723089,-9.086789
6.742913,-11.119061
6.762900,-10.194165
6.782957,-11.971977
6.802928,-10.093509
6.822886,-12.903152
6.842936,-9.920112
6.862949,-10.025669
6.882924,-7.804827
6.902840,-9.826017
6.922907,-7.893022
6.942832,-10.125972
6.962818,-7.066944
6.983799,-12.124737
7.002937,-8.680517
7.023078,-10.997275
7.042914,-10.348514
7.062805,-11.013209
7.083990,-10.483604
7.102854,-8.598001
7.122766,-10.378111
7.142720,-8.346832
7.163728,-10.304404
7.183647,-8.948396
7.203717,-11.310048
7.223684,-11.291548
7.243741,-11.138006
7.263772,-8.838620
7.283603,-10.474551
7.303651,-8.243711
7.323611,-8.123487
7.343857,-7.293025
7.363610,-10.912908
7.383582,-8.164460
7.403652,-11.746078
7.423530,-10.156986
7.443525,-11.881950
7.463431,-9.867634
7.483444,-9.215971
7.503511,-9.051552
7.523421,-7.545833
7.543476,-9.277126
7.563430,-8.839716
7.583384,-11.339283
7.603426,-10.686895
7.623458,-10.421841
7.643355,-10.055921
7.663485,-9.178032
7.683374,-6.626958
7.703320,-10.135452
7.723397,-5.908971
7.743426,-10.837900
7.763309,-9.127805
7.783294,-11.317032
7.803417,-10.321264
7.823191,-11.077892
7.843254,-9.949697
7.863056,-10.169103
7.883103,-8.813447
7.903100,-8.431325
7.923089,-10.461637
7.943078,-9.349269
7.963077,-11.435999
7.983212,-10.229068
8.003094,-11.125865
8.023181,-8.793403
8.043057,-8.916677
8.063072,-7.901713
8.082960,-9.759589
8.103017,-8.582193
8.123124,-12.467895
8.143040,-9.443955
8.163003,-12.638163
8.182926,-10.733655
8.202938,-8.712833
8.222854,-9.158741
8.242859,-8.419437
8.263112,-10.022018
8.282981,-10.536628
8.303054,-10.130513
8.322875,-9.463940
8.342859,-9.200584
8.362892,-7.051673
8.382817,-9.935881
8.402866,-7.642485
8.422815,-12.121865
8.442866,-9.205567
8.462903,-11.030473
8.482806,-10.104465
8.502850,-8.679837
8.522818,-9.649285
8.542850,-10.237813
8.562860,-11.075957
8.584010,-9.675467
8.602903,-11.157591
8.622813,-8.631636
8.642943,-9.394413
8.662746,-6.698349
8.683825,-12.060217
8.702731,-8.931332
8.723660,-11.073324
8.743765,-9.715613
8.764932,-8.305589
8.783981,-9.631679
8.803615,-9.072591
8.823556,-10.545338
8.843534,-11.053308
8.863549,-10.963596
8.883604,-8.445525
8.903519,-9.270494
8.923505,-7.239183
8.943662,-12.549656
8.963523,-8.536139
8.983490,-11.127227
9.003529,-9.986802
9.023456,-8.260013
9.043550,-9.929917
9.063584,-8.860965
9.083468,-10.029775
9.103501,-10.733285
9.123487,-10.820704
9.143437,-9.882659
9.163385,-9.015821
9.183507,-7.680698
9.203526,-12.438783
9.223443,-9.313613
9.243464,-11.000140
9.263555,-9.161723
9.283461,-7.783831
9.303289,-10.098505
9.323343,-9.712312
9.343246,-10.402978
9.363267,-9.655592
9.383305,-10.021108
9.403315,-8.065928
9.423197,-10.433297
9.443226,-7.420910
9.463161,-12.285228
9.483248,-10.579648
9.503125,-9.209956
9.523263,-10.373977
9.543184,-9.549311
9.563268,-10.749801
9.583478,-10.189490
9.603845,-9.825798
9.623464,-7.406954
9.643048,-10.945515
9.663074,-8.816445
9.683055,-11.498471
9.703090,-9.883411
9.722977,-9.354430
9.743012,-9.990520
9.763107,-10.328275
9.783380,-11.220870
9.803207,-8.903474
9.823061,-10.580810
9.843049,-7.428729
9.863038,-10.520968
9.883888,-9.966405
9.903474,-9.283055
9.922915,-9.455101
9.942929,-9.783116
9.962954,-10.306365
9.982965,-9.825469
10.002937,-11.166745
10.022876,-8.811274
10.042910,-9.864192
10.062955,-7.999481
10.082850,-11.254545
10.102857,-9.348030
10.122901,-9.371469
10.142873,-10.026649
10.162825,-9.599088
10.182837,-10.292691
10.202771,-9.497892
10.222799,-9.794075
10.243773,-8.091723
10.262831,-10.209853
10.282800,-7.866285
10.302763,-12.134562
10.322834,-10.027822
10.343870,-10.041341
10.363799,-10.466910
10.382818,-8.865056
10.402783,-10.444103
10.422745,-10.049396
10.444526,-9.391751
10.463846,-9.031785
10.483789,-8.902124
10.503702,-7.567877
10.523707,-11.107427
10.543819,-8.075303
10.563731,-10.773656
10.583589,-9.748727
10.603703,-8.171704
10.623622,-9.556071
10.643607,-9.205552
10.663612,-10.524006
10.683630,-9.017017
10.703572,-9.919946
10.723613,-7.646611
10.743492,-10.978921
10.763568,-8.615416
10.783653,-12.349038
10.803670,-10.211905
10.823436,-7.720512
10.843516,-9.758304
10.863577,-9.784717
10.883572,-10.776571
10.903470,-11.280470
10.923629,-10.165906
10.943352,-8.866260
10.963384,-10.139369
10.983516,-7.287460
11.003488,-11.274863
11.023281,-10.038190
11.043293,-9.289879
11.063330,-9.957909
11.083286,-10.641042
11.103271,-11.815962
11.123302,-11.038219
11.143336,-9.558022
11.163333,-7.822467
11.183320,-10.397188
11.203155,-8.245132
11.223202,-12.120739
11.243171,-9.205451
11.263117,-8.561908
11.283156,-9.735497
11.303154,-9.000154
11.323116,-11.296107
11.343149,-10.328353
11.363147,-9.335206
11.383105,-7.756969
11.403126,-9.929248
11.423110,-9.078872
11.443264,-11.418605
11.463270,-10.133025
11.483114,-8.717271
11.503128,-10.012245
11.523104,-10.394818
11.543038,-10.961259
11.563055,-9.180186
11.583525,-9.306134
11.603129,-6.971074
11.623031,-12.212076
11.642935,-9.389641
11.663015,-9.843083
11.682975,-9.094825
11.702945,-8.486465
11.723031,-10.561345
11.743015,-11.780354
11.762853,-10.085191
11.783530,-8.469846
11.803000,-11.050546
11.822945,-9.138116
11.842801,-11.605378
11.862846,-8.711548
11.883343,-6.963962
11.903534,-9.278354
11.922807,-10.254223
11.942775,-11.312140
11.963899,-9.708568
11.982784,-9.859395
12.002803,-7.648529
12.022865,-12.156597
12.042775,-9.328918
12.064102,-10.827070
12.082764,-9.706348
12.103379,-7.960490
12.123937,-9.762371
12.143756,-10.496876
12.163753,-9.869359
12.183666,-8.495506
12.204306,-9.625038
12.224201,-7.307595
12.243644,-11.393801
12.263641,-8.557293
12.283659,-9.423223
12.303722,-10.267643
12.323561,-9.383031
12.343629,-10.144419
12.363631,-9.675028
12.383521,-9.521524
12.403589,-8.305332
12.423495,-9.939778
12.443399,-9.336582
12.463464,-11.790394
12.483526,-9.871990
12.503554,-9.497258
12.523418,-10.176325
12.543425,-9.928007
12.563511,-10.132991
12.583369,-8.596081
12.603338,-9.066181
12.623415,-7.247206
12.643398,-11.779959
12.664049,-8.743237
12.684076,-9.678135
12.703509,-9.646865
12.723388,-10.023117
12.743401,-11.254268
12.763291,-10.960991
12.783374,-9.709860
12.803193,-8.873766
12.823177,-11.636721
12.843367,-8.722632
12.863197,-10.631827
12.883183,-8.850965
12.903154,-7.516001
12.923119,-9.452540
12.943132,-9.590163
12.963158,-9.592458
12.983090,-8.685123
13.003278,-9.667907
13.023091,-9.076297
13.043164,-13.702435
13.063043,-10.769539
13.083049,-10.091538
13.103279,-11.117887
13.123045,-11.508569
13.143099,-12.112172
13.162979,-11.045272
13.183723,-9.938570
13.203982,-8.482426
13.223045,-11.554942
13.242909,-9.112068
13.262854,-10.922303
13.282862,-8.996935
13.302850,-7.922915
13.322929,-9.110211
13.342923,-10.057029
13.362863,-9.392774
13.382853,-7.057904
13.402798,-9.116296
13.422939,-7.878610
13.442990,-11.113349
13.462842,-10.519763
13.482814,-8.909051
13.503742,-10.505826
13.522747,-11.099468
13.542744,-12.389275
13.563734,-11.194965
13.582735,-10.008112
13.602865,-8.954944
13.623764,-12.365405
13.643831,-9.775626
13.663785,-11.311004
13.683681,-11.093649
13.703591,-10.005555
13.723712,-11.453574
13.743755,-11.739028
13.763626,-12.027858
13.783672,-10.107144
13.803549,-11.241950
13.823703,-9.123181
13.843604,-13.256927
13.863586,-9.428780
13.883644,-8.357264
13.903598,-8.709057
13.923522,-8.376862
13.943665,-8.616768
13.963512,-8.570639
13.983604,-8.286089
14.003422,-6.707395
14.023573,-10.987649
14.043519,-8.408098
14.063611,-9.597981
14.083471,-8.949596
14.103455,-6.928836
14.123482,-8.749159
14.143430,-10.438274
14.163510,-7.704284
14.183326,-6.559069
14.203370,-8.412753
14.223370,-7.155466
14.243348,-9.811608
14.263307,-8.858109
14.283263,-7.209165
14.303321,-9.522985
14.323425,-9.874414
14.343197,-10.007278
14.363185,-8.542380
14.383388,-9.630165
14.403987,-7.352840
14.424052,-11.953382
14.443279,-8.947694
14.463172,-9.362828
14.483267,-9.896212
14.503156,-10.230288
14.523210,-11.052702
14.543172,-11.867297
14.563147,-10.812510
14.583188,-9.255543
14.603069,-12.106699
14.623055,-9.875150
14.643096,-11.011275
14.663192,-10.129083
14.683142,-9.265801
14.703529,-11.590838
14.723152,-11.522973
14.743126,-10.583123
14.763035,-9.164959
14.783905,-11.192869
14.803633,-9.318617
14.823025,-11.812719
14.842952,-9.649269
14.862889,-9.134233
14.883531,-10.807636
14.903795,-10.287922
14.923133,-10.949293
14.942857,-10.480379
14.962860,-9.418442
14.982847,-7.653301
15.002891,-11.824993
15.022852,-9.008585
15.042809,-10.149588
15.062847,-9.914732
15.082753,-8.495661
15.102826,-10.673159
15.123825,-10.423634
15.143830,-9.964756
15.164292,-8.804007
15.184521,-9.959682
15.203778,-8.154261
15.223684,-11.690190
15.243727,-10.782741
15.263644,-11.333323
15.283652,-10.301838
15.303592,-9.393178
15.323766,-11.293275
15.343804,-11.591119
15.363775,-10.026370
15.383693,-8.058083
15.403642,-9.747614
15.423474,-8.088947
15.443487,-12.134363
15.463631,-9.818896
15.483515,-9.034275
15.503528,-10.762396
15.523514,-10.800809
15.543529,-11.565187
15.563473,-10.339532
15.583496,-9.575474
15.603414,-8.418925
15.623493,-11.810830
15.643448,-9.530594
15.663514,-10.493647
15.683368,-10.077407
15.703457,-10.483691
15.723366,-11.867105
15.743346,-11.703338
15.763362,-11.471557
15.783317,-9.111426
15.803414,-11.932954
15.823324,-9.314540
15.843560,-10.434038
15.863482,-9.303315
15.883526,-9.232780
15.903377,-11.798108
15.923339,-11.946691
15.943332,-10.794893
15.963362,-8.480341
15.983533,-11.520037
16.003329,-8.394741
16.023323,-9.927732
16.043290,-8.045798
16.063087,-6.652973
16.083136,-8.660044
16.103124,-8.504068
16.123087,-8.444730
16.143067,-6.666930
16.163184,-8.667024
16.183114,-7.151370
16.203052,-10.238817
16.223117,-8.891260
16.243154,-8.458717
16.263100,-9.717175
16.283589,-10.334853
16.303175,-8.986737
16.323091,-7.439241
16.343151,-11.215577
16.362952,-10.066649
16.382903,-10.152602
16.402965,-11.689925
16.422866,-11.777786
16.442807,-12.577236
16.463019,-11.184431
16.482822,-10.245203
16.502866,-7.262097
16.522842,-11.079826
16.542911,-8.872839
16.562903,-6.600587
16.582915,-7.298728
16.602973,-7.584027
16.622983,-7.347278
16.643881,-5.986521
16.664208,-7.703197
16.683920,-6.954519
16.703911,-10.139306
16.723942,-7.892673
16.743932,-7.178719
16.763911,-10.296567
16.783892,-10.041122
16.803743,-11.044888
16.823866,-10.930511
16.843865,-13.827986
16.863824,-12.539012
16.883702,-13.865826
16.903772,-12.792645
16.923701,-11.166941
16.943660,-12.368628
16.963691,-10.173023
16.983624,-8.672071
17.003756,-6.397237
17.023616,-10.028915
17.043481,-7.886772
17.063435,-7.968252
17.083402,-7.324487
17.103498,-7.774520
17.123514,-8.906038
17.143613,-7.825939
17.163474,-9.412456
17.183505,-7.223043
17.203438,-12.368799
17.223393,-11.006225
17.243486,-10.685121
17.263620,-11.974991
17.283952,-12.343301
17.303453,-11.961858
17.323426,-10.497519
17.343551,-9.864354
17.363447,-6.754597
17.383423,-11.215358
17.403400,-7.394560
17.423417,-6.664567
17.443302,-8.093120
17.463266,-8.969157
17.483431,-8.612096
17.503210,-9.265260
17.523218,-10.737209
17.543236,-10.121423
17.563190,-12.961634
17.583419,-11.492683
17.603223,-10.311819
17.623222,-11.833603
17.643193,-11.271347
17.663086,-9.579803
17.683113,-7.086851
17.703127,-9.507266
17.723227,-7.384325
17.743105,-8.239541
17.763083,-8.244135
17.783191,-9.057089
17.803135,-11.857318
17.823120,-11.783635
17.843119,-11.417509
17.863090,-9.249891
17.883086,-12.710236
17.903167,-9.849702
17.923110,-10.471696
17.943079,-9.999509
17.962997,-10.908965
17.983025,-9.861691
18.003113,-7.762459
18.023010,-9.993257
18.042995,-8.617128
18.062961,-10.607261
18.083213,-9.625964
18.102943,-8.612468
18.122910,-10.408999
18.143505,-9.932586
18.163829,-9.604978
18.182855,-9.036654
18.202834,-11.947402
18.222874,-9.561764
18.242768,-9.594758
18.262793,-10.972201
18.282847,-10.524569
18.302953,-11.021398
18.323864,-9.768022
18.343835,-8.962167
18.363785,-4.946324
18.383964,-9.755691
18.403692,-8.667333
18.423620,-8.202138
18.443695,-11.009798
18.463673,-11.452230
18.483612,-11.312869
18.503628,-10.526104
18.523663,-9.881066
18.543825,-7.569335
18.563705,-10.911076
18.583859,-8.516684
18.603712,-7.599632
18.623705,-9.627677
18.643638,-10.149161
18.663789,-10.934545
18.683980,-11.017783
18.703595,-10.907767
18.723690,-9.437484
18.743623,-13.159715
18.763659,-10.082030
18.783578,-8.933042
18.803590,-8.779133
18.823602,-9.664735
18.843615,-9.491485
18.863865,-8.280909
18.883478,-9.309772
18.903383,-9.204053
18.923387,-13.225982
18.943346,-12.170743
18.963327,-10.029048
18.983313,-10.916566
19.003456,-9.451976
19.023314,-7.922439
19.043381,-6.051243
19.063296,-9.637671
19.083268,-7.781393
19.103402,-10.645838
19.123431,-9.913565
19.143293,-10.259382
19.163321,-12.556515
19.183466,-11.317502
19.203256,-8.593485
19.223280,-6.519861
19.243255,-10.211695
19.263313,-8.008820
19.283240,-8.001420
19.303245,-7.998236
19.323297,-10.975550
19.343379,-11.700743
19.363235,-13.166878
19.383485,-12.888832
19.403181,-8.861216
19.423259,-11.794961
19.443062,-8.134600
19.463101,-7.019819
19.483131,-8.527011
19.503057,-9.796924
19.522987,-9.318532
19.543161,-9.240320
19.563008,-12.795344
19.583081,-10.246182
19.603012,-10.619842
19.623077,-8.615294
19.643151,-7.642716
19.663055,-9.092772
19.683118,-9.538372
19.702994,-9.546784
19.723083,-9.669127
19.742926,-14.358325
19.763039,-12.739156
19.783069,-9.708484
19.803014,-9.596974
19.823370,-9.132207
19.843067,-7.787154
19.863090,-6.905562
19.883124,-9.456847
19.903067,-10.012744
19.923047,-12.425548
19.943076,-13.616364
19.963063,-12.390912
19.983043,-11.192138
20.003069,-9.088465
20.023001,-7.630464
20.042985,-6.699061
20.062959,-10.287384
20.082994,-10.177016
20.102854,-9.988412
20.124017,-13.061981
20.144006,-12.258008
20.164105,-10.668540
20.183884,-7.399078
20.203815,-9.014269
20.223783,-7.612872
20.243780,-8.765462
20.263687,-9.398379
20.283751,-10.262000
20.303843,-12.752834
20.323735,-11.035113
20.343795,-8.509485
20.363852,-6.206206
20.383624,-10.226504
20.403536,-7.698400
20.423607,-7.771195
20.443568,-11.941236
20.463730,-12.323799
20.483514,-11.021272
20.503587,-7.183848
20.523618,-8.280631
20.543578,-7.950492
20.563546,-10.043744
20.583579,-9.565680
20.603550,-10.002063
20.623464,-13.010602
20.643581,-12.677923
20.663477,-10.078752
20.683491,-6.864727
20.703501,-9.812164
20.723621,-7.378384
20.743529,-6.776824
20.763491,-10.331250
20.783522,-10.913566
20.803386,-11.667663
20.823426,-9.058553
20.843390,-9.725990
20.863480,-7.509077
20.883417,-9.430649
20.903472,-7.628935
20.923435,-8.570258
20.943426,-11.835557
20.964297,-11.685048
20.984015,-10.243318
21.003334,-7.655267
21.023268,-11.292571
21.043301,-7.767664
21.063231,-7.666745
21.083249,-8.670487
21.103391,-9.774422
21.123185,-12.535748
21.143113,-10.326198
21.163149,-9.031690
21.183161,-8.014171
21.203122,-11.060685
21.223145,-8.892318
21.243135,-8.430257
21.263090,-10.258018
21.283250,-10.581145
21.303112,-10.230557
21.323103,-10.483034
21.343023,-11.478795
21.363085,-9.255748
21.383245,-11.637051
21.403060,-11.642630
21.423129,-9.860475
21.443013,-10.586766
21.462989,-10.259098
21.483288,-9.738949
21.502935,-7.809042
21.522921,-9.595364
21.542960,-7.776320
21.562881,-10.987046
21.582903,-10.027099
21.602923,-8.422151
21.622906,-10.823866
21.642884,-11.289990
21.662815,-9.629298
21.682800,-7.331490
21.702771,-11.907840
21.722811,-10.907928
21.744013,-9.073530
21.763782,-9.370934
21.783859,-9.369670
21.803757,-12.224675
21.824355,-10.252637
21.844338,-9.999883
21.863791,-8.470007
21.884052,-12.244235
21.903679,-9.210319
21.924207,-7.819700
21.943705,-9.039779
21.963824,-10.478041
21.983685,-9.804749
22.003675,-9.349116
22.023655,-10.909350
22.043638,-8.533217
22.063679,-11.987910
22.083602,-8.974565
22.103641,-7.901186
22.123615,-9.686486
22.143555,-10.493007
22.163670,-11.237140
22.183752,-8.766272
22.203596,-9.293570
22.223547,-7.276303
22.243603,-10.948623
22.263487,-9.361489
22.283497,-8.725790
22.303466,-9.922635
22.323441,-12.242488
22.343445,-11.958547
22.363495,-8.766780
22.383610,-11.083344
22.403369,-9.383031
22.424214,-10.877558
22.444491,-11.163366
22.463584,-9.762295
22.483468,-12.317162
22.503350,-10.562130
22.523401,-9.583864
22.543348,-7.478012
22.563300,-9.298050
22.583415,-6.964013
22.603379,-8.200846
22.623317,-8.941914
22.643449,-1.783339
22.663392,-12.831821
22.683642,-11.378178
22.703562,-10.489635
22.723389,-8.171137
22.743346,-13.757763
22.763537,-13.277802
22.783370,-11.880423
22.803246,-12.670967
22.823325,-11.553160
22.843343,-15.586644
22.863197,-12.386718
22.883277,-11.513886
22.903125,-12.256379
22.923100,-13.363242
22.943194,-12.484372
22.963221,-10.836941
22.983081,-11.217101
23.003061,-10.268058
23.023188,-9.358411
23.043108,-8.146110
23.063111,-10.831355
23.083133,-8.251996
23.103157,-10.168852
23.123061,-10.643202
23.143087,-9.422819
23.163116,-9.151862
23.183008,-6.959936
23.203005,-8.148123
23.222960,-6.937446
23.242871,-11.959063
23.263653,-9.375203
23.283553,-9.818412
23.302893,-8.318960
23.322773,-9.135365
23.344038,-10.941810
23.362878,-9.270071
23.382855,-10.017103
23.402802,-10.420498
23.423839,-12.186455
23.443829,-8.883268
23.463703,-7.764678
23.482745,-9.442102
23.503783,-11.100890
23.523803,-10.320181
23.543853,-10.155645
23.563931,-12.398048
23.583723,-8.531967
23.604030,-7.468731
23.623789,-7.312430
23.643728,-8.488818
23.663776,-10.696874
23.683642,-10.607785
23.703712,-10.886878
23.723691,-9.020627
23.743638,-9.703687
23.763669,-7.890648
23.783871,-9.115332
23.803838,-11.424762
23.823820,-11.126035
23.843554,-10.077705
23.863539,-9.102385
23.883631,-11.249438
23.903647,-8.669429
23.923494,-8.976228
23.943515,-10.005326
23.963451,-10.664845
23.983550,-9.660621
24.003421,-8.303649
24.023450,-11.441892
24.044119,-7.468796
24.063822,-8.071351
24.083523,-9.833362
24.103388,-11.274911
24.123485,-10.035573
24.143462,-8.496525
24.164523,-12.179708
24.184235,-9.287145
24.203392,-9.721814
24.223446,-10.041829
24.243251,-11.187484
24.263293,-11.406808
24.283250,-9.239237
24.303431,-10.811748
24.323292,-9.168717
24.343233,-10.941513
24.363183,-8.743784
24.383288,-9.924718
24.403226,-10.731610
24.423280,-8.264392
24.443364,-10.745216
24.463248,-9.297790
24.483306,-10.496662
24.503175,-9.807031
24.523174,-9.864221
24.543151,-9.543946
24.563042,-8.876714
24.583156,-9.881367
24.603792,-8.616532
24.623887,-11.115070
24.643108,-9.996451
24.663043,-10.372754
24.683059,-10.372551
24.703840,-10.351782
24.724283,-9.791469
24.743070,-7.791020
24.762982,-11.078478
24.782928,-9.637057
24.803049,-10.118091
24.822917,-9.929253
24.842999,-9.284663
24.862991,-10.109561
24.882948,-7.100595
24.902892,-12.491984
24.922950,-10.524164
24.943157,-9.181301
24.962827,-9.441089
24.982960,-9.223735
25.002988,-9.092300
25.023951,-7.550793
25.043976,-10.638833
25.062952,-9.782166
25.083051,-11.306595
25.102961,-9.626100
25.124001,-9.381242
25.143936,-10.194743
25.164072,-10.644509
25.183889,-12.089678
25.203901,-8.736184
25.223854,-10.720154
25.243900,-8.152170
25.263951,-7.087335
25.283812,-10.387993
25.303762,-12.271915
25.323738,-11.710974
25.343748,-9.030729
25.363672,-9.973024
25.385199,-7.483212
25.404163,-9.309759
25.423708,-10.086710
25.443667,-9.554502
25.463524,-9.471851
25.483718,-7.089906
25.503546,-8.156630
25.523572,-8.777779
25.543650,-13.014628
25.563655,-10.919853
25.583710,-8.530165
25.603599,-8.709843
25.623599,-9.040952
25.643626,-9.127312
25.663636,-10.414959
25.683528,-12.667159
25.703548,-9.268318
25.723535,-7.984574
25.743616,-10.357705
25.763484,-11.203209
25.783614,-10.736061
25.803525,-9.204134
25.824185,-10.430235
25.844205,-8.577229
25.863584,-8.336680
25.883378,-10.376130
25.903469,-12.339850
25.923454,-11.369336
25.943330,-8.001209
25.963532,-10.129794
25.983342,-9.300642
26.003366,-11.785784
26.023416,-9.790622
26.043316,-8.917706
26.063380,-8.588925
26.083338,-8.894450
26.103401,-9.774429
26.123414,-9.217082
26.143433,-13.056472
26.163266,-9.329727
26.183203,-7.222064
26.203245,-9.599451
26.223316,-10.806321
26.243210,-11.597581
26.263291,-8.062018
26.283217,-9.819212
26.303771,-7.534491
26.323720,-8.131237
26.343186,-10.297546
26.363155,-11.724068
26.383162,-11.214847
26.403135,-7.950696
26.423259,-8.529655
26.443175,-7.518143
26.463159,-10.779195
26.483153,-9.926423
26.503119,-8.568034
26.523135,-7.988052
26.543110,-10.440116
26.563107,-10.334770
26.583028,-10.093738
26.603862,-13.331375
26.623750,-10.030457
26.643123,-8.985416
26.663795,-11.292753
26.683272,-11.491850
26.702980,-10.451427
26.723053,-8.878656
26.743114,-12.022800
26.762967,-10.363960
26.782941,-10.723738
26.802967,-10.128231
26.822948,-11.184472
26.842985,-10.130026
26.863073,-8.725238
26.882883,-10.042923
26.902899,-8.586606
26.922950,-10.888831
26.943990,-8.810199
26.962839,-8.430572
26.982833,-10.641992
27.002828,-9.550846
27.023834,-10.054516
27.043809,-8.843899
27.064168,-12.080751
27.083756,-9.510494
27.103832,-9.104671
27.123830,-9.398119
27.143769,-11.436535
27.163772,-11.407404
27.183964,-8.776884
27.203699,-10.594310
27.223674,-7.786919
27.243653,-8.840947
27.263626,-9.000834
27.283619,-10.305227
27.303572,-10.322174
27.323561,-7.609581
27.343614,-10.174906
27.363638,-9.801789
27.383773,-10.893534
27.403627,-9.225610
27.423606,-8.644357
27.443784,-9.137131
27.463677,-11.723303
27.483592,-10.107462
27.503721,-7.321299
27.523616,-11.072770
27.543597,-7.631783
27.563596,-9.828568
27.583634,-11.768568
27.603510,-10.325806
27.623507,-9.366325
27.643661,-6.789723
27.663568,-11.381212
27.683551,-10.650255
27.703611,-10.649078
27.723486,-8.617058
27.743545,-8.583117
27.763566,-11.228205
27.783492,-10.273232
27.803327,-11.021521
27.823443,-8.055538
27.843380,-8.617718
27.863314,-7.499494
27.883456,-9.296053
27.903280,-10.295107
27.923273,-8.903463
27.943421,-9.992395
27.963382,-7.560075
27.983356,-12.460514
28.003307,-12.475462
28.023350,-8.377875
28.043244,-8.740524
28.063142,-9.555321
28.083251,-10.341407
28.103242,-9.232064
28.123877,-10.278507
28.143992,-7.043897
28.163473,-10.059454
28.183116,-9.422026
28.203120,-11.492493
28.223054,-11.005266
28.243118,-7.175217
28.263149,-8.229068
28.283201,-8.241110
28.303141,-11.772048
28.323115,-9.969851
28.343106,-8.474028
28.363349,-9.437348
28.383096,-8.574057
28.403104,-10.391640
28.423024,-8.509569
28.443065,-10.503920
28.463146,-8.079166
28.482974,-7.777688
28.502987,-11.282661
28.522950,-11.612795
28.542935,-9.222658
28.562970,-7.842013
28.582929,-10.698271
28.602967,-9.927185
28.622968,-9.946268
28.644961,-10.106144
28.663593,-8.855362
28.682997,-11.794783
28.702843,-9.926950
28.723892,-9.712254
28.743856,-7.766377
28.764039,-9.013165
28.783804,-9.905151
28.803715,-12.195095
28.823734,-12.252474
28.843853,-11.590710
28.863783,-9.672826
28.883747,-8.071034
28.903785,-13.292335
28.923803,-9.676731
28.943726,-8.575546
28.963769,-8.038019
28.983662,-9.184875
29.003609,-10.338574
29.023634,-9.232054
29.043793,-11.822066
29.063815,-7.809103
29.083694,-9.050007
29.103727,-8.913233
29.123629,-9.028469
29.143744,-10.296840
29.163660,-8.261322
29.184391,-10.240063
29.204000,-9.216524
29.223545,-10.375778
29.244549,-11.684214
29.264444,-11.124518
29.283678,-11.047467
29.303514,-10.877512
29.323524,-9.149803
29.343513,-8.133493
29.363399,-11.157124
29.383486,-9.438287
29.403408,-9.181845
29.423546,-10.341972
29.443414,-10.188464
29.463507,-9.377735
29.483417,-8.612249
29.504176,-10.178795
29.524325,-8.687455
29.543452,-12.729633
29.563293,-11.266829
29.583301,-12.311951
29.603306,-11.994542
29.623411,-11.146719
29.643377,-9.497795
29.663275,-8.411469
29.683275,-9.713359
29.703311,-9.111867
29.723307,-11.405695
29.743386,-10.132734
29.763297,-10.184779
29.783231,-9.760414
29.803194,-12.367366
29.823307,-12.183439
29.843231,-12.326928
29.863901,-10.010131
29.884059,-8.967252
29.903153,-6.278790
29.923371,-7.072227
29.943120,-7.011020
29.963087,-9.335237
29.983106,-8.897338
30.003194,-10.496684
30.023088,-8.557264
30.043862,-8.137826
30.064019,-6.178603
30.083125,-7.635790
30.103029,-6.635124
30.123067,-9.866585
30.143127,-8.501215
30.163164,-11.702740
30.183015,-10.140404
30.203023,-11.830240
30.222967,-9.866172
30.242904,-11.247302
30.263054,-8.943266
30.283452,-10.836503
30.302996,-10.266866
30.322898,-12.049851
30.343990,-10.613537
30.362858,-12.676982
30.382957,-11.175601
30.402835,-11.902233
30.423840,-9.688738
30.443924,-10.257462
30.463954,-8.664373
30.483868,-9.029735
30.503863,-8.251741
30.523899,-8.777399
30.544037,-9.398033
30.563889,-11.021435
30.583760,-10.000648
30.603776,-11.528246
30.623780,-10.541031
30.643727,-12.010872
30.663666,-12.213317
30.683803,-11.851302
30.704154,-10.732240
30.723892,-11.131476
30.743740,-11.965055
30.763653,-10.282622
30.783894,-8.670748
30.803613,-8.533802
30.823609,-8.252399
30.843682,-9.240185
30.863703,-8.332299
30.883549,-9.269718
30.903560,-9.852304
30.923515,-9.349689
30.944367,-9.203539
30.963701,-8.761005
30.983476,-9.184924
31.003509,-9.158194
31.023506,-9.140874
31.043527,-9.956066
31.063414,-10.872192
31.083530,-10.579184
31.104063,-9.302604
31.124060,-11.261107
31.143521,-11.183494
31.163364,-11.387109
31.183340,-10.337386
31.203465,-11.012208
31.223408,-9.910491
31.243383,-9.862449
31.263279,-8.924992
31.283301,-9.475944
31.303381,-9.365407
31.323470,-10.194880
31.343473,-10.081500
31.363342,-11.434791
31.383368,-10.903970
31.403289,-11.384418
31.423264,-10.608973
31.443330,-10.796950
31.463452,-11.137424
31.483243,-10.316558
31.503229,-9.309825
31.523214,-8.796222
31.543172,-7.874303
31.563259,-8.376996
31.583126,-8.631318
31.603149,-10.154383
31.623114,-9.883411
31.643171,-10.704149
31.663196,-11.586974
31.683244,-11.671849
31.703127,-10.802233
31.723120,-9.568388
31.743160,-9.738913
31.763103,-8.094423
31.783131,-11.092859
31.803037,-10.862841
31.823393,-11.782385
31.843040,-10.886538
31.863000,-11.117899
31.883027,-10.422436
31.903022,-9.456167
31.922994,-7.995099
31.943699,-8.479732
31.963313,-8.150755
31.983010,-10.463421
32.003010,-9.951128
32.023003,-10.931668
32.043953,-11.392193
32.063954,-9.406116
32.083876,-10.066481
32.103862,-7.631437
32.123892,-8.991314
32.143860,-9.996341
32.164007,-9.886824
32.183884,-11.020146
32.203879,-11.549422
32.223872,-11.184628
32.243853,-8.977044
32.263942,-8.816904
32.283796,-8.531339
32.303903,-8.666414
32.323877,-11.021790
32.343913,-11.229072
32.363915,-9.059716
32.383744,-9.970432
32.403744,-7.743485
32.423687,-8.931147
32.443676,-8.684036
32.463697,-10.808102
32.483714,-11.429942
32.503638,-11.755867
32.523582,-10.082439
32.543635,-8.564300
32.563646,-8.486107
32.583650,-9.495150
32.603651,-10.886190
32.623711,-10.886174
32.643621,-9.145054
32.663558,-6.062324
32.683631,-8.746719
32.703628,-10.172343
32.723496,-11.779769
32.743501,-9.391350
32.763612,-9.412260
32.783559,-8.576327
32.803542,-9.842760
32.823523,-11.581452
32.843488,-12.550262
32.863511,-10.684227
32.883488,-8.187704
32.903453,-9.356705
32.923492,-8.672390
32.943475,-10.655941
32.963359,-10.069981
32.983344,-8.727798
33.003379,-8.400391
33.023316,-10.606604
33.043341,-10.689795
33.063312,-10.489911
33.083532,-7.919869
33.103286,-8.006300
33.123283,-10.162363
33.143378,-12.167348
33.163302,-9.242485
33.183178,-9.422508
33.203294,-7.927115
33.223251,-9.748652
33.243172,-12.357557
33.263310,-10.058452
33.283154,-8.404722
33.303194,-9.573899
33.323128,-9.896221
33.343113,-10.233542
33.363145,-9.924017
33.383125,-8.226446
33.403516,-9.290632
33.423607,-12.150995
33.443246,-10.474806
33.462981,-9.000803
33.482975,-10.370802
33.503644,-11.433784
33.523801,-11.446909
33.542994,-8.591055
33.562972,-7.840009
33.583135,-9.391914
33.602880,-10.411181
33.623927,-9.275123
33.644010,-6.354727
33.662957,-9.517044
33.683922,-11.703505
33.703984,-9.874634
33.723942,-9.540461
33.743831,-9.287645
33.763858,-10.316133
33.783899,-11.452487
33.803918,-8.962700
33.823851,-7.348156
33.843867,-10.313394
33.864156,-9.951604
33.884066,-7.200219
33.904084,-8.740107
33.923985,-11.651576
33.943859,-10.395658
33.964184,-7.912562
33.983824,-9.419235
34.003945,-10.801901
34.023871,-9.263173
34.043873,-6.991077
34.063782,-8.602763
34.083848,-12.462990
34.103697,-10.123956
34.123970,-7.786450
34.143749,-10.318828
34.163913,-12.877492
34.183697,-9.552017
34.203792,-7.742576
34.223816,-12.540019
34.243574,-12.241920
34.263678,-7.376106
34.283607,-8.971493
34.303602,-11.152049
34.323634,-8.859877
34.343458,-10.406500
34.363492,-10.274888
34.383454,-6.382157
34.403478,-9.655602
34.423471,-10.718762
34.443637,-8.910460
34.463561,-11.521993
34.483461,-9.564267
34.503419,-7.929813
34.523347,-10.841943
34.543479,-9.227347
34.563414,-9.440267
34.583355,-12.391398
34.603340,-9.321137
34.623473,-9.038837
34.643323,-11.199787
34.663324,-6.980985
34.683756,-10.105803
34.703462,-10.022693
34.723372,-7.126099
34.743464,-10.997581
34.763412,-8.503075
34.783405,-10.454559
34.803407,-9.795607
34.823393,-7.481659
34.843438,-11.264884
34.863429,-8.125371
34.883386,-11.206756
34.903395,-10.552573
34.923288,-8.251620
34.943291,-11.391921
34.963274,-7.485631
34.983188,-11.571359
35.003164,-8.697620
35.023158,-11.534139
35.043217,-9.710662
35.063141,-10.245700
35.083146,-11.231400
35.104070,-8.340280
35.123816,-11.880155
35.143137,-7.761772
35.163066,-11.005315
35.183042,-7.386728
35.203084,-10.955013
35.222991,-8.480247
35.243961,-10.075615
35.263013,-10.277787
35.282985,-9.480942
35.302886,-10.613731
35.322946,-8.851866
35.344043,-11.327539
35.362915,-8.673386
35.382993,-11.161312
35.403026,-7.741188
35.424035,-11.049338
35.443985,-7.548496
35.463883,-11.382822
35.483831,-7.607945
35.503864,-11.847600
35.523841,-7.841812
35.543813,-12.174502
35.563801,-7.621243
35.583776,-12.324059
35.603745,-7.377773
35.623738,-11.918011
35.643729,-8.097901
35.663843,-11.287779
35.683737,-8.003120
35.703857,-10.335611
35.723696,-7.940416
35.743714,-10.748137
35.763725,-8.905151
35.783724,-10.274810
35.803818,-9.559833
35.823746,-9.113289
35.843774,-10.307182
35.863722,-8.119680
35.883752,-10.094933
35.903594,-8.825432
35.923584,-10.649989
35.944409,-10.569656
35.964271,-9.985848
35.983727,-10.885365
36.004370,-8.882998
36.023874,-10.852104
36.043489,-8.017516
36.063585,-10.574757
36.083506,-8.868423
36.103527,-9.806488
36.123579,-9.620406
36.143691,-9.737795
36.163611,-11.377104
36.183535,-9.598569
36.203474,-10.600264
36.224113,-10.194864
36.243958,-9.088300
36.263595,-11.867600
36.283465,-8.568002
36.303689,-9.481771
36.323380,-10.787034
36.343419,-8.283196
36.363383,-10.690452
36.383356,-9.670829
36.403235,-8.510591
36.423354,-10.821888
36.444085,-9.020083
36.464369,-9.021219
36.483505,-10.612098
36.503391,-9.358300
36.523257,-8.614869
36.543923,-10.258758
36.564346,-10.460175
36.583315,-8.980924
36.603250,-9.391000
36.623787,-9.485640
36.643515,-10.517497
36.663115,-9.813856
36.683214,-9.063126
36.703180,-9.306486
36.723185,-9.221444
36.743183,-9.680954
36.763169,-8.878654
36.783313,-9.768505
36.803134,-10.674214
36.823078,-9.293157
36.843218,-9.095494
36.863089,-10.404218
36.883042,-11.300807
36.903126,-9.976254
36.923133,-9.919188
36.943103,-9.351815
36.963834,-10.560870
36.983486,-10.477357
37.003082,-9.684584
37.022978,-9.122238
37.044056,-9.465588
37.062955,-10.266474
37.082914,-10.241410
37.104083,-10.893139
37.123868,-9.004637
37.143902,-9.236349
37.163819,-8.793208
37.183819,-9.881673
37.203826,-10.101984
37.223917,-10.017409
37.243842,-9.847778
37.263828,-8.849631
37.283867,-8.596480
37.303798,-8.528064
37.323823,-9.147487
37.343783,-9.834586
37.363781,-10.489430
37.383798,-10.594962
37.403819,-10.171331
37.423982,-10.742021
37.443776,-9.321058
37.463693,-10.209136
37.483701,-9.894818
37.503780,-9.484078
37.523798,-10.027679
37.543753,-9.733027
37.563824,-11.301589
37.583702,-11.262794
37.603759,-10.997643
37.623676,-9.688524
37.643640,-10.675797
37.664422,-10.187454
37.684672,-10.258237
37.703728,-10.079421
37.723576,-9.961658
37.743605,-9.380079
37.763518,-9.599179
37.783554,-9.778291
37.803637,-9.409582
37.823489,-9.221294
37.843486,-9.540462
37.863596,-9.921987
37.883566,-10.013522
37.903539,-9.787611
37.923602,-10.229856
37.943593,-9.945903
37.963498,-10.759735
37.983421,-10.758088
38.003483,-10.822680
38.023441,-10.264703
38.043335,-10.754066
38.063602,-10.321321
38.083351,-10.352561
38.103415,-10.334575
38.123428,-10.086367
38.143690,-9.038340
38.163490,-8.852789
38.183241,-8.983556
38.203262,-9.246182
38.223293,-9.043270
38.243247,-9.860581
38.263254,-9.938452
38.283206,-10.146968
38.303209,-10.240193
38.323172,-10.258081
38.343269,-10.478303
38.363213,-10.284850
38.383328,-10.305872
38.403272,-9.226375
38.423182,-8.734282
38.443049,-9.375729
38.463119,-9.049349
38.483118,-9.129226
38.503109,-9.958497
38.523087,-9.729647
38.543151,-9.836891
38.563044,-10.246281
38.583024,-10.105310
38.603032,-10.115477
38.623076,-10.044047
38.643007,-10.149788
38.663065,-9.657879
38.683035,-9.385054
38.703405,-9.045957
38.723003,-9.386160
38.744109,-9.141215
38.764011,-9.943352
38.783985,-9.686682
38.804038,-9.996439
38.823996,-10.741960
38.843926,-10.830180
38.863952,-10.388980
38.884061,-10.117929
38.903957,-10.457266
38.923770,-9.934382
38.944498,-9.509583
38.964189,-10.000482
38.983728,-9.985257
39.003719,-8.877715
39.023832,-8.959783
39.043735,-8.998415
39.063819,-9.337975
39.083754,-9.282736
39.103637,-9.911705
39.123796,-9.821423
39.143576,-9.716713
39.163716,-10.132896
39.184422,-10.425222
39.203780,-10.342480
39.223690,-9.908324
39.243566,-10.961841
39.263622,-9.923840
39.283721,-9.452576
39.303550,-9.441723
39.323631,-9.220605
39.343613,-8.652814
39.363531,-9.264925
39.383626,-9.687572
39.403609,-9.802821
39.423471,-10.127084
39.443496,-10.549201
39.463493,-10.274216
39.483463,-10.082495
39.503454,-10.233356
39.523560,-9.771258
39.543488,-9.137418
39.563672,-9.445675
39.583481,-9.254511
39.603490,-9.472830
39.623365,-10.130908
39.643370,-9.986379
39.663377,-10.222192
39.683373,-10.672366
39.703274,-9.978696
39.723428,-9.832591
39.744114,-9.629222
39.764876,-9.269467
39.783437,-9.221100
39.803243,-9.656704
39.823266,-10.321218
39.843249,-10.345960
39.863251,-10.590521
39.883273,-9.784144
39.903220,-9.699437
39.923309,-9.543839
39.943247,-8.821101
39.963190,-9.675517
39.983233,-10.773300
40.003298,-10.238707
40.023137,-10.162544
40.043142,-10.026060
40.063150,-9.513803
40.083054,-9.305351
40.103037,-9.579481
40.123152,-9.612915
40.143043,-10.614683
40.163208,-9.281902
40.183243,-9.686007
40.203012,-9.383252
40.222996,-9.709502
40.244035,-9.891724
40.262989,-10.115089
40.283015,-9.660717
40.303159,-10.025238
40.322945,-9.552290
40.343948,-9.771261
40.363069,-10.714439
40.383031,-10.575355
40.402912,-10.104217
40.424083,-10.436677
40.444076,-9.411632
40.463942,-8.939336
40.483905,-9.206986
40.503844,-9.408252
40.523831,-10.032960
40.543772,-10.808490
40.563850,-10.095090
40.584242,-9.949986
40.603979,-10.124232
40.624229,-9.282241
40.643850,-9.098474
40.663921,-9.388761
40.683825,-9.102057
40.703848,-9.928909
40.723969,-10.403649
40.743752,-9.865590
40.763896,-10.331178
40.783848,-9.893874
40.803931,-9.402299
40.823835,-9.718972
40.843787,-10.353223
40.863961,-9.992272
40.883717,-10.706991
40.903693,-9.684889
40.924326,-9.493356
40.944486,-9.489459
40.963725,-9.485267
40.983540,-9.746050
41.003673,-10.197529
41.023628,-9.487761
41.043522,-10.316833
41.063603,-9.466994
41.083593,-9.767947
41.103790,-9.727069
41.123617,-9.939755
41.143597,-9.832158
41.163593,-10.512589
41.183568,-9.435288
41.203585,-9.682554
41.223561,-9.310230
41.243566,-9.375572
41.263628,-9.745095
41.283507,-10.579724
41.303447,-9.699671
41.323489,-10.612988
41.343473,-9.905437
41.363462,-10.069036
41.383547,-9.941319
41.403362,-10.079844
41.423460,-9.723076
41.443466,-10.232348
41.463419,-8.727769
41.483255,-9.365008
41.503230,-9.329110
41.523367,-9.249558
41.543260,-10.456559
41.563186,-9.235370
41.583287,-9.335738
41.603276,-9.326593
41.623311,-9.286033
41.643233,-10.032212
41.663271,-9.878739
41.683114,-9.484811
41.703231,-10.251851
41.723221,-9.391097
41.743253,-10.043522
41.763057,-10.787026
41.783135,-9.664804
41.803065,-10.127621
41.823227,-9.715125
41.843145,-9.775361
41.863122,-10.717189
41.883214,-10.072123
41.903119,-10.087180
41.923047,-9.984786
41.944054,-9.303365
41.963133,-9.751691
41.982916,-10.219064
42.002962,-9.987504
42.024704,-10.369096
42.044628,-8.937707
42.064062,-9.385602
42.083975,-9.469253
42.103916,-9.269137
42.123877,-10.419706
42.143999,-9.392544
42.164107,-9.705226
42.184667,-9.526728
42.204489,-9.366491
42.223900,-9.903524
42.243851,-10.484156
42.263779,-9.845245
42.283805,-10.621274
42.303728,-9.866670
42.323822,-9.565227
42.344148,-9.660241
42.364157,-9.815516
42.383973,-9.753552
42.403738,-10.386517
42.423654,-9.288201
42.443731,-9.643350
42.463626,-9.250191
42.483661,-9.023827
42.503606,-9.803454
42.523638,-10.186143
42.543775,-10.041771
42.563619,-10.552100
42.583561,-10.349145
42.603699,-9.588930
42.623675,-9.300969
42.643582,-9.254275
42.663711,-9.061317
42.683866,-9.998238
42.703597,-9.715878
42.723669,-10.022352
42.743651,-10.480852
42.763606,-9.783799
42.783626,-9.838647
42.803508,-9.857443
42.823574,-10.060323
42.843458,-10.172069
42.863651,-10.017504
42.883497,-9.090793
42.903550,-9.624521
42.923442,-9.412149
42.943325,-9.343232
42.963410,-10.602480
42.983443,-9.016748
43.003361,-9.472930
43.023386,-9.059863
43.043422,-9.198668
43.063296,-9.992155
43.083364,-9.686743
43.103241,-9.756496
43.123324,-9.967794
43.143311,-9.476698
43.163322,-10.215965
43.183453,-10.493490
43.203378,-9.579336
43.223271,-10.360115
43.243213,-9.451227
43.263285,-9.924634
43.283356,-10.507763
43.303251,-10.127487
43.323343,-10.077217
43.343246,-9.691267
43.363125,-9.463692
43.383097,-9.931328
43.403225,-10.115390
43.423336,-10.230638
43.443288,-10.099727
43.463161,-8.889822
43.483124,-9.791311
43.503297,-9.401787
43.523225,-9.610441
43.544180,-10.563887
43.563139,-9.227954
43.583109,-9.591304
43.603361,-9.668644
43.623192,-9.289163
43.644375,-10.393270
43.663107,-8.710917
43.684123,-9.531904
43.704248,-9.409624
43.724151,-9.477471
43.744197,-10.540110
43.764049,-8.875086
43.784759,-9.582825
43.804446,-9.101336
43.824084,-9.429861
43.843879,-10.028900
43.863930,-9.509497
43.883832,-9.864237
43.903880,-9.824635
43.923925,-9.432547
43.943805,-10.122949
43.963969,-10.604148
43.983864,-9.834499
44.003726,-10.568726
44.023699,-9.765316
44.043843,-9.234969
44.063791,-9.191690
44.083736,-9.343934
44.103833,-9.243757
44.123786,-10.438843
44.143794,-9.477299
44.163784,-10.298143
44.183690,-10.220385
44.203731,-9.461788
44.223632,-9.938773
44.243655,-10.320670
44.263600,-10.136409
44.283564,-10.381930
44.303794,-9.733779
44.323571,-9.483110
44.343687,-9.737538
44.363777,-9.805479
44.383938,-9.903722
44.403554,-10.574130
44.423575,-8.892159
44.443625,-9.499662
44.463725,-9.060419
44.483651,-9.007546
44.503634,-10.140216
44.523693,-9.608928
44.543555,-10.024842
44.563511,-10.401479
44.583505,-9.581115
44.603454,-10.019884
44.623533,-10.459827
44.643434,-9.965602
44.663556,-10.187396
44.683432,-9.513559
44.703361,-9.816244
44.723377,-10.395913
44.743439,-10.293421
44.763482,-10.394503
44.783441,-10.256157
44.803355,-9.005965
44.823477,-9.274427
44.844010,-8.997389
44.864094,-9.331689
44.883584,-10.114487
44.903347,-9.551652
44.923354,-9.892608
44.943296,-10.106109
44.963321,-9.240863
44.983255,-9.943553
45.003257,-10.267303
45.023299,-10.121837
45.043236,-10.351511
45.063363,-10.265660
45.083724,-9.426530
45.104362,-9.408978
45.123116,-9.075784
45.143107,-9.190097
45.163066,-9.833661
45.183055,-9.461059
45.203077,-9.737756
45.223001,-10.189409
45.244119,-9.486866
45.262995,-10.161924
45.283862,-10.603668
45.303610,-9.940608
45.324211,-10.315414
45.343970,-9.900934
45.363981,-9.361372
45.383946,-9.449780
45.403995,-9.398698
45.424032,-9.396439
45.443894,-10.398512
45.464205,-9.332092
45.483958,-10.167485
45.503866,-9.456520
45.523982,-9.113008
45.544003,-9.934113
45.564042,-10.205822
45.583936,-9.681524
45.603899,-10.607239
45.623949,-9.533328
45.643884,-9.967970
45.663884,-10.325480
45.683835,-10.331097
45.703831,-10.251049
45.723908,-9.688951
45.743948,-9.329283
45.763890,-9.932928
45.783876,-9.787846
45.803699,-10.274961
45.823591,-10.332651
45.843719,-8.889498
45.863622,-9.640915
45.883639,-9.343963
45.903767,-9.319372
45.923711,-10.472896
45.943712,-9.274870
45.963599,-9.326037
45.983568,-9.431607
46.003640,-9.136320
