0.127328,0.000000
0.158738,0.000000
0.191222,0.000000
0.222646,0.000000
0.254999,0.000000
0.289532,0.000000
0.323871,0.000000
0.357265,0.000000
0.394964,0.000000
0.426217,0.000000
0.453544,0.000000
0.490049,0.000000
0.524430,0.000000
0.556832,0.000000
0.591439,0.000000
0.622711,0.000000
0.662349,0.000000
0.686685,0.000000
0.718983,0.000000
0.751463,0.000000
0.792047,0.000000
0.822439,0.000000
0.851732,0.000000
0.891256,0.000000
0.925652,0.000000
0.950059,0.000000
0.986416,0.000000
1.022944,0.000000
1.053346,0.000000
1.091757,0.000000
1.128136,0.000000
1.154555,0.000000
1.187966,0.000000
1.223568,0.000000
1.251965,0.000000
1.286340,0.000000
1.320993,0.000000
1.357273,0.000000
1.395793,0.000000
1.430376,0.000000
1.452543,0.000000
1.486966,0.000000
1.521327,0.000000
1.553904,0.000000
1.594352,0.000000
1.621660,0.000000
1.657055,0.000000
1.689563,0.000000
1.719868,0.000000
1.752335,0.000000
1.790723,0.000000
1.823172,0.000000
1.854742,0.000000
1.893173,0.000000
1.922650,0.000000
1.953037,0.130000
1.987332,0.130000
2.019754,0.130000
2.056211,0.350000
2.090799,0.350000
2.123208,0.350000
2.155558,0.580000
2.185945,0.580000
2.225475,0.580000
2.258852,0.560000
2.293446,0.560000
2.327896,0.560000
2.364295,0.690000
2.392632,0.690000
2.467812,0.860000
2.492013,0.860000
2.526409,0.860000
2.567001,1.080000
2.595336,1.080000
2.633864,1.080000
2.668344,1.250000
2.700726,1.250000
2.728139,1.250000
2.761459,1.380000
2.789892,1.380000
2.826353,1.380000
2.864849,1.510000
2.899271,1.510000
2.934942,1.510000
2.962286,1.700000
2.992573,1.700000
3.031031,1.700000
3.061543,1.840000
3.099900,1.840000
3.134388,1.840000
3.166788,1.950000
3.200217,1.950000
3.237626,1.950000
3.262099,2.070000
3.290543,2.070000
3.332999,2.070000
3.365277,2.240000
3.395765,2.240000
3.431352,2.240000
3.462662,2.470000
3.491040,2.470000
3.527606,2.470000
3.559866,2.700000
3.596323,2.700000
3.635103,2.700000
3.667347,2.890000
3.694837,2.890000
3.760578,3.160000
3.793020,3.160000
3.827319,3.160000
3.863809,3.320000
3.896205,3.320000
3.932903,3.320000
3.963257,3.370000
3.991432,3.370000
4.025967,3.370000
4.058274,3.560000
4.092828,3.560000
4.127257,3.560000
4.167753,3.740000
4.192190,3.740000
4.224368,3.740000
4.256768,3.820000
4.291275,3.820000
4.323753,3.820000
4.358093,4.000000
4.394628,4.000000
4.427055,4.000000
4.455353,4.260000
4.487786,4.260000
4.522257,4.260000
4.554683,4.340000
4.589201,4.340000
4.629668,4.340000
4.664015,4.410000
4.692438,4.410000
4.722841,4.410000
4.755234,4.640000
4.785526,4.640000
4.826109,4.640000
4.855593,4.780000
4.892076,4.780000
4.927543,4.780000
4.958895,4.870000
4.986104,4.870000
5.024612,4.870000
5.055115,4.970000
5.088469,4.970000
5.128001,4.970000
5.162463,5.130000
5.189861,5.130000
5.221234,5.130000
5.256099,5.300000
5.286196,5.300000
5.324675,5.300000
5.361220,5.370000
5.387726,5.370000
5.430142,5.370000
5.454471,5.520000
5.488981,5.520000
5.521524,5.520000
5.555899,5.730000
5.588327,5.730000
5.622793,5.730000
5.657076,5.860000
5.693648,5.860000
5.722022,5.860000
5.756314,5.990000
5.788840,5.990000
5.821394,5.990000
5.857727,6.070000
5.890250,6.070000
5.924571,6.070000
5.955899,6.200000
5.987405,6.200000
6.023813,6.200000
6.060340,6.380000
6.098880,6.380000
6.129240,6.380000
6.167785,6.500000
6.203241,6.500000
6.236555,6.500000
6.262945,6.650000
6.295525,6.650000
6.329942,6.650000
6.366352,6.790000
6.400827,6.790000
6.435299,6.790000
6.464561,6.860000
6.498051,6.860000
6.526484,6.860000
6.563035,6.950000
6.599395,6.950000
6.631866,6.950000
6.670361,7.090000
6.704709,7.090000
6.731122,7.090000
6.764546,7.140000
6.796144,7.140000
6.830465,7.140000
6.864730,7.220000
6.901298,7.220000
6.929697,7.220000
6.968124,7.390000
6.995539,7.390000
7.026742,7.390000
7.063292,7.500000
7.097697,7.500000
7.132195,7.500000
7.168597,7.610000
7.230505,7.610000
7.267895,7.700000
7.298271,7.700000
7.326605,7.700000
7.367344,7.860000
7.401848,7.860000
7.433263,7.860000
7.465594,7.980000
7.504084,7.980000
7.527372,7.980000
7.563834,8.160000
7.598215,8.160000
7.628615,8.160000
7.665118,8.220000
7.697539,8.220000
7.738034,8.220000
7.765502,8.320000
7.794858,8.320000
7.827241,8.320000
7.865661,8.420000
7.897027,8.420000
7.927437,8.420000
7.968039,8.500000
7.993284,8.500000
8.025550,8.500000
8.060130,8.620000
8.092620,8.620000
8.122962,8.620000
8.160426,8.630000
8.198010,8.630000
8.225206,8.630000
8.260734,8.650000
8.293124,8.650000
8.325494,8.650000
8.360012,8.810000
8.396490,8.810000
8.422945,8.810000
8.459317,8.870000
8.491765,8.870000
8.522319,8.870000
8.558753,8.870000
8.591121,8.870000
8.623590,8.870000
8.666045,8.810000
8.697419,8.810000
8.722885,8.810000
8.761459,8.720000
8.793845,8.720000
8.824108,8.720000
8.860575,8.740000
8.895122,8.740000
8.927560,8.740000
8.960079,8.460000
8.992321,8.460000
9.024782,8.460000
9.057236,8.170000
9.094771,8.170000
9.130236,8.170000
9.161719,8.160000
9.201153,8.160000
9.228547,8.160000
9.259870,8.230000
9.294417,8.230000
9.328818,8.230000
9.359171,8.300000
9.395674,8.300000
9.426090,8.300000
9.458444,8.290000
9.492926,8.290000
9.525277,8.290000
9.557660,8.140000
9.596143,8.140000
9.628643,8.140000
9.661089,8.110000
9.701657,8.110000
9.729180,8.110000
9.760466,8.060000
9.794965,8.060000
9.833295,8.060000
9.861678,8.150000
9.900206,8.150000
9.932745,8.150000
9.973220,8.110000
10.036882,8.110000
10.062236,8.130000
10.100765,8.130000
10.137211,8.130000
10.165517,8.090000
10.206170,8.090000
10.265851,8.140000
10.302422,8.140000
10.333805,8.140000
10.366110,8.140000
10.406742,8.140000
10.441210,8.140000
10.473681,8.030000
10.507091,8.030000
10.534393,8.030000
10.562744,8.050000
10.599202,8.050000
10.637760,8.050000
10.666024,8.060000
10.704600,8.060000
10.741178,8.060000
10.768528,8.100000
10.801929,8.100000
10.834274,8.100000
10.870767,8.030000
10.903070,8.030000
10.939672,8.030000
10.967981,8.080000
11.002492,8.080000
11.034891,8.080000
11.063228,8.090000
11.101686,8.090000
11.134210,8.090000
11.168580,8.030000
11.203097,8.030000
11.233422,8.030000
11.268950,8.020000
11.304274,8.020000
11.334752,8.020000
11.367214,7.860000
11.399576,7.860000
11.434127,7.860000
11.466468,8.010000
11.503000,8.010000
11.537333,8.010000
11.561853,7.960000
11.598333,7.960000
11.630696,7.960000
11.667263,7.960000
11.705282,7.960000
11.737690,7.960000
11.760037,7.920000
11.796443,7.920000
11.830934,7.920000
11.861214,7.740000
11.900783,7.740000
11.934208,7.740000
11.960626,7.780000
11.993974,7.780000
12.029388,7.780000
12.059708,7.770000
12.094152,7.770000
12.128539,7.770000
12.160976,7.750000
12.203504,7.750000
12.237976,7.750000
12.260219,7.830000
12.294667,7.830000
12.329208,7.830000
12.365576,7.670000
12.397106,7.670000
12.432736,7.670000
12.463181,7.740000
12.493642,7.740000
12.528048,7.740000
12.562571,7.810000
12.596848,7.810000
12.633442,7.810000
12.661882,7.630000
12.694196,7.630000
12.732690,7.630000
12.761091,7.650000
12.793512,7.650000
12.827940,7.650000
12.864307,7.610000
12.898863,7.610000
12.931441,7.610000
12.971871,7.690000
