0.115155,-96.484721
0.135213,-96.484721
0.155174,-96.484721
0.175175,-96.484721
0.195094,-96.484721
0.215080,-96.484721
0.235183,-96.484721
0.255124,-96.484721
0.275121,-96.484721
0.295169,-96.484721
0.315159,-96.484721
0.335095,-96.484721
0.355177,-96.484721
0.375001,-96.484721
0.394985,-96.484721
0.414965,-96.484721
0.434942,-96.484721
0.454997,-96.484721
0.474934,-96.484721
0.494991,-96.484721
0.514875,-96.484721
0.534947,-96.484721
0.554951,-96.484721
0.574979,-96.484721
0.594946,-96.484721
0.614947,-96.484721
0.634933,-96.484721
0.654896,-96.484721
0.674844,-96.484721
0.694829,-96.484721
0.714769,-96.484721
0.734871,-96.484721
0.754894,-96.484721
0.774781,-96.484721
0.794768,-96.484721
0.814859,-96.484721
0.834753,-96.484721
0.854793,-96.484721
0.874958,-96.484721
0.894750,-96.484721
0.914744,-96.484721
0.934751,-96.484721
0.954656,-96.484721
0.974651,-96.484721
0.994688,-96.484721
1.014699,-96.484721
1.034665,-96.484721
1.054676,-96.484721
1.074624,-96.484721
1.094612,-96.484721
1.114642,-96.484720
1.134586,-96.484720
1.154520,-96.484720
1.174558,-96.484720
1.194610,-96.484720
1.214512,-96.484720
1.234570,-96.484720
1.254507,-96.484720
1.274605,-96.484720
1.294587,-96.484720
1.314541,-96.484719
1.334521,-96.484719
1.354461,-96.484719
1.374469,-96.484719
1.394497,-96.484719
1.414440,-96.484719
1.435516,-96.484719
1.454448,-96.484719
1.474384,-96.484719
1.495420,-96.484719
1.515427,-96.484719
1.535364,-96.484718
1.555423,-96.484718
1.575287,-96.484718
1.595338,-96.484718
1.615365,-96.484718
1.635321,-96.484718
1.655384,-96.484718
1.675281,-96.484718
1.695271,-96.484718
1.715228,-96.484715
1.735261,-96.484715
1.755280,-96.484715
1.775176,-96.484715
1.795238,-96.484715
1.815169,-96.484715
1.835170,-96.484715
1.855223,-96.484715
1.875229,-96.484715
1.895152,-96.484715
1.915205,-96.484712
1.935237,-96.484712
1.955124,-96.484712
1.975190,-96.484712
1.995169,-96.484712
2.015084,-96.484712
2.035073,-96.484712
2.055068,-96.484712
2.075045,-96.484712
2.095080,-96.484712
2.115097,-96.484708
2.135051,-96.484708
2.155122,-96.484708
2.175066,-96.484708
2.195029,-96.484708
2.215012,-96.484708
2.235014,-96.484708
2.254949,-96.484708
2.274951,-96.484708
2.294965,-96.484708
2.314871,-96.484704
2.334943,-96.484704
2.354948,-96.484704
2.374864,-96.484704
2.394901,-96.484704
2.414815,-96.484704
2.434869,-96.484704
2.454792,-96.484704
2.474824,-96.484704
2.494912,-96.484704
2.514863,-96.484698
2.534802,-96.484698
2.554833,-96.484698
2.574722,-96.484698
2.594771,-96.484698
2.614733,-96.484698
2.634614,-96.484698
2.654715,-96.484698
2.674679,-96.484698
2.694577,-96.484698
2.714654,-96.484692
2.734658,-96.484692
2.754644,-96.484692
2.774584,-96.484692
2.794565,-96.484692
2.814611,-96.484692
2.834536,-96.484692
2.854550,-96.484692
2.874504,-96.484692
2.894745,-96.484692
2.914422,-96.484685
2.934497,-96.484685
2.955487,-96.484685
2.974536,-96.484685
2.994456,-96.484685
3.014392,-96.484685
3.034411,-96.484685
3.055366,-96.484685
3.075491,-96.484685
3.095469,-96.484678
3.115454,-96.484678
3.135425,-96.484678
3.155390,-96.484678
3.175403,-96.484678
3.195366,-96.484678
3.215554,-96.484678
3.235373,-96.484678
3.255318,-96.484678
3.275310,-96.484678
3.295298,-96.484670
3.315255,-96.484670
3.335293,-96.484670
3.355305,-96.484670
3.375378,-96.484670
3.395291,-96.484670
3.415313,-96.484670
3.435337,-96.484670
3.455199,-96.484670
3.475246,-96.484670
3.495200,-96.484670
3.515293,-96.484670
3.535149,-96.484661
3.555252,-96.484661
3.575198,-96.484661
3.595114,-96.484661
3.615165,-96.484661
3.635127,-96.484661
3.655175,-96.484661
3.675126,-96.484661
3.695023,-96.484652
3.715135,-96.484652
3.735085,-96.484652
3.755102,-96.484652
3.775072,-96.484652
3.795041,-96.484652
3.815023,-96.484652
3.835047,-96.484652
3.855035,-96.484652
3.874959,-96.484652
3.894972,-96.484652
3.914952,-96.484642
3.934971,-96.484642
3.954972,-96.484642
3.974978,-96.484642
3.994936,-96.484642
4.014823,-96.484642
4.035036,-96.484642
4.054855,-96.484642
4.074823,-96.484642
4.094851,-96.484642
4.114932,-96.484632
4.134853,-96.484632
4.154824,-96.484632
4.174759,-96.484632
4.194818,-96.484632
4.214805,-96.484632
4.234800,-96.484632
4.254768,-96.484632
4.274769,-96.484632
4.294750,-96.484632
4.314756,-96.484622
4.334821,-96.484622
4.354798,-96.484622
4.374708,-96.484622
4.394645,-96.484622
4.414685,-96.484622
4.434717,-96.484622
4.454610,-96.484622
4.474884,-96.484622
4.494665,-96.484622
4.514534,-96.484611
4.534479,-96.484611
4.554569,-96.484611
4.574484,-96.484611
4.594509,-96.484611
4.614540,-96.484611
4.634499,-96.484611
4.654554,-96.484611
4.675450,-96.484611
4.694496,-96.484611
4.714519,-96.484599
4.734512,-96.484599
4.754536,-96.484599
4.775384,-96.484599
4.795484,-96.484599
4.815441,-96.484599
4.835423,-96.484599
4.855437,-96.484599
4.875383,-96.484599
4.895349,-96.484599
4.915334,-96.484587
4.935359,-96.484587
4.955368,-96.484587
4.975388,-96.484587
4.995330,-96.484587
5.015399,-96.484587
5.035381,-96.484587
5.055261,-96.484587
5.075248,-96.484587
5.095319,-96.484587
5.115268,-96.484574
5.135192,-96.484574
5.155276,-96.484574
5.175231,-96.484574
5.195157,-96.484574
5.215177,-96.484574
5.235312,-96.484574
5.255243,-96.484574
5.275198,-96.484574
5.295208,-96.484574
5.315215,-96.484561
5.335109,-96.484561
5.355202,-96.484561
5.375153,-96.484561
5.395115,-96.484561
5.415257,-96.484561
5.435149,-96.484561
5.455132,-96.484561
5.475099,-96.484561
5.495086,-96.484561
5.515058,-96.484547
5.535060,-96.484547
5.555120,-96.484547
5.575068,-96.484547
5.595019,-96.484547
5.614966,-96.484547
5.635055,-96.484547
5.655015,-96.484547
5.675055,-96.484547
5.694977,-96.484547
5.714895,-96.484533
5.734985,-96.484533
5.754922,-96.484533
5.774915,-96.484533
5.794858,-96.484533
5.814996,-96.484533
5.834935,-96.484533
5.854915,-96.484533
5.874874,-96.484533
5.894933,-96.484533
5.914850,-96.484519
5.934888,-96.484519
5.954791,-96.484519
5.974821,-96.484519
5.994866,-96.484519
6.014732,-96.484519
6.034809,-96.484519
6.054770,-96.484519
6.074808,-96.484519
6.094735,-96.484504
6.114779,-96.484504
6.134838,-96.484504
6.154774,-96.484504
6.174716,-96.484504
6.194771,-96.484504
6.214633,-96.484504
6.234739,-96.484504
6.254694,-96.484504
6.274702,-96.484504
6.294620,-96.484504
6.314601,-96.484488
6.334671,-96.484488
6.354728,-96.484488
6.374576,-96.484488
6.394630,-96.484488
6.414498,-96.484488
6.434615,-96.484488
6.454548,-96.484488
6.474586,-96.484488
6.494536,-96.484488
6.514614,-96.484472
6.534561,-96.484472
6.554581,-96.484472
6.574466,-96.484472
6.594482,-96.484472
6.614500,-96.484472
6.634494,-96.484472
6.654510,-96.484472
6.674403,-96.484472
6.695443,-96.484472
6.715419,-96.484456
6.735423,-96.484456
6.755429,-96.484456
6.775404,-96.484456
6.795366,-96.484456
6.815303,-96.484456
6.835365,-96.484456
6.855388,-96.484456
6.875376,-96.484456
6.895281,-96.484456
6.915322,-96.484440
6.935332,-96.484440
6.955267,-96.484440
6.975298,-96.484440
6.995233,-96.484440
7.015219,-96.484440
7.035311,-96.484440
7.055199,-96.484440
7.075214,-96.484440
7.095194,-96.484440
7.115099,-96.484423
7.135177,-96.484423
7.155197,-96.484423
7.175140,-96.484423
7.195122,-96.484423
7.215092,-96.484423
7.235120,-96.484423
7.255061,-96.484423
7.275109,-96.484423
7.295123,-96.484423
7.315064,-96.484405
7.335069,-96.484405
7.355153,-96.484405
7.375035,-96.484405
7.395005,-96.484405
7.414962,-96.484405
7.435207,-96.484405
7.454910,-96.484405
7.474984,-96.484405
7.494989,-96.484405
7.514941,-96.484405
7.534910,-96.484387
7.554913,-96.484387
7.574899,-96.484387
7.594841,-96.484387
7.614927,-96.484387
7.634870,-96.484387
7.654864,-96.484387
7.674915,-96.484387
7.694860,-96.484387
7.715052,-96.484370
7.734761,-96.484370
7.754851,-96.484370
7.774852,-96.484370
7.794715,-96.484370
7.814849,-96.484370
7.834784,-96.484370
7.854841,-96.484370
7.874704,-96.484370
7.894701,-96.484370
7.914644,-96.484352
7.934788,-96.484352
7.954745,-96.484352
7.974719,-96.484352
7.994662,-96.484352
8.014727,-96.484352
8.034632,-96.484352
8.054657,-96.484352
8.074612,-96.484352
8.094640,-96.484335
8.114633,-96.484335
8.134683,-96.484335
8.154596,-96.484335
8.174575,-96.484335
8.194596,-96.484335
8.214656,-96.484335
8.234569,-96.484335
8.254540,-96.484335
8.274610,-96.484335
8.294626,-96.484317
8.315496,-96.484317
8.334481,-96.484317
8.354559,-96.484317
8.374460,-96.484317
8.394506,-96.484317
8.415525,-96.484317
8.434551,-96.484317
8.455445,-96.484317
8.475491,-96.484317
8.495459,-96.484317
8.515347,-96.484301
8.535426,-96.484301
8.555402,-96.484301
8.575355,-96.484301
8.595368,-96.484301
8.615423,-96.484301
8.635328,-96.484301
8.655407,-96.484301
8.675315,-96.484301
8.695304,-96.484301
8.715345,-96.484284
8.735374,-96.484284
8.755267,-96.484284
8.775358,-96.484284
8.795265,-96.484284
8.815292,-96.484284
8.835294,-96.484284
8.855283,-96.484284
8.875228,-96.484284
8.895190,-96.484284
8.915180,-96.484267
8.935231,-96.484267
8.955208,-96.484267
8.975166,-96.484267
8.995096,-96.484267
9.015128,-96.484267
9.035050,-96.484267
9.055151,-96.484267
9.075118,-96.484267
9.095073,-96.484267
9.115103,-96.484250
9.135092,-96.484250
9.155117,-96.484250
9.175131,-96.484250
9.194993,-96.484250
9.214958,-96.484250
9.235007,-96.484250
9.254960,-96.484250
9.274965,-96.484250
9.294985,-96.484250
9.314888,-96.484234
9.334978,-96.484234
9.354960,-96.484234
9.374906,-96.484234
9.394901,-96.484234
9.414894,-96.484234
9.434902,-96.484234
9.454985,-96.484234
9.474882,-96.484234
9.494824,-96.484234
9.514814,-96.484234
9.534851,-96.484217
9.554834,-96.484217
9.574808,-96.484217
9.594851,-96.484217
9.614825,-96.484217
9.634815,-96.484217
9.654780,-96.484217
9.674791,-96.484217
9.694783,-96.484217
9.714719,-96.484201
9.734731,-96.484201
9.754727,-96.484201
9.774749,-96.484201
9.794853,-96.484201
9.814636,-96.484201
9.834696,-96.484201
9.854675,-96.484201
9.874590,-96.484201
9.894559,-96.484184
9.914512,-96.484184
9.934615,-96.484184
9.954548,-96.484184
9.974559,-96.484184
9.994562,-96.484184
10.014542,-96.484184
10.034544,-96.484184
10.054543,-96.484184
10.075463,-96.484184
10.095454,-96.484184
10.115437,-96.484167
10.135468,-96.484167
10.155479,-96.484167
10.175477,-96.484167
10.195474,-96.484167
10.215384,-96.484167
10.235473,-96.484167
10.255465,-96.484167
10.275353,-96.484167
10.295333,-96.484167
10.315406,-96.484151
10.335364,-96.484151
10.355369,-96.484151
10.375314,-96.484151
10.395310,-96.484151
10.415209,-96.484151
10.435256,-96.484151
10.455276,-96.484151
10.475324,-96.484151
10.495221,-96.484151
10.515235,-96.484134
10.535371,-96.484134
10.555186,-96.484134
10.575136,-96.484134
10.595147,-96.484134
10.615139,-96.484134
10.635216,-96.484134
10.655157,-96.484134
10.675099,-96.484134
10.695131,-96.484134
10.715052,-96.484118
10.735138,-96.484118
10.755093,-96.484118
10.775117,-96.484118
10.795119,-96.484118
10.815129,-96.484118
10.835149,-96.484118
10.855152,-96.484118
10.875048,-96.484118
10.895022,-96.484118
10.915014,-96.484102
10.935027,-96.484102
10.955003,-96.484102
10.975010,-96.484102
10.995053,-96.484102
11.014899,-96.484102
11.034940,-96.484102
11.055183,-96.484102
11.074974,-96.484102
11.095016,-96.484102
11.114964,-96.484085
11.134996,-96.484085
11.154963,-96.484085
11.174799,-96.484085
11.194906,-96.484085
11.214832,-96.484085
11.234779,-96.484085
11.254825,-96.484085
11.274770,-96.484085
11.294746,-96.484085
11.314762,-96.484069
11.334749,-96.484069
11.354714,-96.484069
11.374848,-96.484069
11.394752,-96.484069
11.414708,-96.484069
11.434767,-96.484069
11.454704,-96.484069
11.474723,-96.484069
11.494663,-96.484069
11.514697,-96.484053
11.534719,-96.484053
11.554693,-96.484053
11.574652,-96.484053
11.594590,-96.484053
11.614698,-96.484053
11.634585,-96.484053
11.654578,-96.484053
11.674575,-96.484053
11.695631,-96.484037
11.714513,-96.484037
11.735494,-96.484037
11.754515,-96.484037
11.775503,-96.484037
11.795438,-96.484037
11.815545,-96.484037
11.835476,-96.484037
11.855472,-96.484037
11.875508,-96.484037
11.895479,-96.484037
11.915461,-96.484021
11.935381,-96.484021
11.955426,-96.484021
11.975402,-96.484021
11.995353,-96.484021
12.015325,-96.484021
12.035388,-96.484021
12.055308,-96.484021
12.075293,-96.484021
12.095289,-96.484021
12.115458,-96.484005
12.135309,-96.484005
12.155276,-96.484005
12.175230,-96.484005
12.195328,-96.484005
12.215211,-96.484005
12.235285,-96.484005
12.255213,-96.484005
12.275239,-96.484005
12.295149,-96.484005
12.315172,-96.483989
12.335193,-96.483989
12.355141,-96.483989
12.375173,-96.483989
12.395152,-96.483989
12.415072,-96.483989
12.435153,-96.483989
12.455036,-96.483989
12.475135,-96.483989
12.495071,-96.483989
12.515114,-96.483989
12.535126,-96.483973
12.555171,-96.483973
12.575089,-96.483973
12.595069,-96.483973
12.614917,-96.483973
12.634963,-96.483973
12.655033,-96.483973
12.675002,-96.483973
12.694961,-96.483973
12.714896,-96.483957
12.734899,-96.483957
12.754930,-96.483957
12.774896,-96.483957
12.794871,-96.483957
12.814899,-96.483957
12.834932,-96.483957
12.854973,-96.483957
12.874812,-96.483957
12.894861,-96.483957
12.914823,-96.483941
12.934932,-96.483941
12.954806,-96.483941
12.974831,-96.483941
12.994844,-96.483941
