0.150166,-0.020238
0.170552,-0.008343
0.190018,-0.028265
0.210097,0.018972
0.230292,0.009490
0.250180,-0.006073
0.270080,0.019792
0.290010,-0.001971
0.310165,-0.001546
0.330064,0.007605
0.350033,-0.022246
0.370101,-0.007737
0.390047,-0.008006
0.410075,-0.019169
0.429952,-0.003386
0.449951,-0.013718
0.470238,-0.024234
0.490041,-0.029365
0.510279,-0.004756
0.530001,-0.012028
0.549840,-0.012709
0.570050,0.012767
0.589874,-0.012984
0.609972,-0.010217
0.629981,-0.008042
0.649914,-0.030139
0.669914,-0.016664
0.689898,-0.005987
0.709894,0.001996
0.730866,-0.002653
0.749847,-0.006977
0.769947,-0.012051
0.789809,-0.018262
0.809717,0.014060
0.830877,-0.004776
0.849787,-0.011900
0.870830,0.001193
0.890882,-0.016078
0.911548,-0.021034
0.931784,-0.006846
0.951974,-0.012463
0.970728,-0.015400
0.990768,-0.019322
1.011324,-0.019985
1.030950,-0.026166
1.050673,-0.003524
1.070678,0.000757
1.090863,-0.015968
1.110736,0.006066
1.130680,-0.011581
1.150690,-0.021201
1.170970,0.003491
1.190662,-0.017989
1.210750,-0.017286
1.230634,-0.010159
1.250638,-0.017394
1.270957,-0.036727
1.290555,-0.016183
1.310479,-0.021675
1.330684,-0.029363
1.350731,-0.001671
1.370658,-0.033608
1.390547,-0.039618
1.410575,-0.009072
1.430674,-0.022889
1.450675,-0.011275
1.470492,0.000019
1.490542,-0.029252
1.510378,-0.012436
1.530670,0.004755
1.550619,0.004273
1.570332,-0.001068
1.590376,0.005893
1.610479,-0.018578
1.630373,-0.047028
1.650584,-0.016854
1.670256,-0.043412
1.690368,-0.012110
1.710463,-0.010180
1.730258,-0.036039
1.750386,-0.002389
1.770265,-0.005120
1.790168,-0.018246
1.810265,0.011961
1.830402,0.018636
1.850608,0.011311
1.870180,-0.002141
1.890355,0.015211
1.910162,-0.006994
1.930197,-0.016536
1.950117,-0.002490
1.970334,-0.010655
1.990590,0.008646
2.010295,-0.018263
2.030066,-0.035663
2.050068,-0.012613
2.070481,-0.013034
2.090240,-0.008785
2.110124,0.015063
2.130094,-0.001840
2.150021,-0.009099
2.170592,-0.012958
2.190255,0.014969
2.210071,0.012599
2.230138,0.004428
2.250007,0.022500
2.270100,-0.006034
2.290031,-0.014255
2.310064,-0.022286
2.330075,-0.023487
2.350009,-0.017717
2.370032,-0.023448
2.390183,-0.031599
2.409953,-0.024212
2.430102,-0.036706
2.450076,-0.019893
2.470156,-0.018867
2.490249,0.005536
2.509955,-0.009719
2.530023,-0.020045
2.549983,-0.008599
2.571007,-0.021530
2.589919,-0.004691
2.609875,0.002983
2.629800,-0.015677
2.651064,-0.027650
2.671008,-0.018800
2.689995,-0.022540
2.710864,-0.026811
2.730814,-0.009583
2.750939,-0.034575
2.771068,-0.055318
2.791456,-0.089912
2.812186,-0.108271
2.830671,-0.076763
2.850599,-0.023772
2.870694,0.033087
2.890521,0.055086
2.910650,0.015927
2.930820,-0.005801
2.950538,-0.038388
2.970526,0.012134
2.990527,0.013398
3.010551,0.024955
3.030628,0.061068
3.050533,-0.014796
3.070709,-0.044244
3.090526,-0.010156
3.110549,-0.007096
3.130945,0.013473
3.150607,0.018682
3.170625,-0.007238
3.190750,-0.020674
3.210459,-0.025329
3.230520,0.011519
3.250778,0.029356
3.270448,0.046521
3.290570,0.049818
3.310451,0.003236
3.330449,0.027723
3.350787,-0.010762
3.370452,-0.049434
3.390388,0.008723
3.411650,-0.046647
3.430740,0.006684
3.450474,0.003056
3.470300,-0.018344
3.490180,-0.002777
3.510262,-0.016241
3.530132,0.002544
3.550354,0.034851
3.570320,-0.001831
3.590289,-0.002589
3.610504,-0.021800
3.630434,-0.010339
3.650207,-0.019622
3.670213,-0.015933
3.690196,0.010313
3.710379,-0.012198
3.730322,-0.019377
3.750145,-0.007209
3.770284,-0.019990
3.790152,-0.010546
3.810440,-0.023805
3.830215,-0.013279
3.850297,-0.021018
3.870102,-0.010642
3.890146,0.014893
3.910164,-0.007958
3.930121,-0.001256
3.950031,-0.008583
3.970151,-0.032391
3.990213,-0.009377
4.010261,-0.018128
4.030107,-0.029780
4.050381,-0.058459
4.070065,-0.038007
4.090316,-0.000897
4.110161,-0.046839
4.130168,-0.005689
4.150191,0.032754
4.170180,-0.003431
4.190106,0.018057
4.209990,-0.013061
4.230052,-0.025747
4.250085,-0.026790
4.270238,0.002246
4.290027,0.002019
4.309982,-0.001952
4.329951,-0.001465
4.350018,-0.028964
4.371086,-0.026930
4.391192,0.003869
4.410181,-0.028533
4.429978,-0.020253
4.449738,-0.010226
4.469831,-0.035327
4.490969,-0.017718
4.509963,0.002908
4.529727,-0.003888
4.549748,0.014449
4.570790,0.006562
4.590854,-0.009685
4.610674,-0.014561
4.630712,-0.003651
4.651740,-0.026208
4.671499,-0.033738
4.690928,-0.010291
4.710768,-0.049105
4.730949,-0.051454
4.750825,-0.019006
4.770807,-0.030902
4.791002,-0.003322
4.810856,0.018092
4.830659,0.006114
4.850963,-0.003470
4.870760,-0.015381
4.890729,-0.027258
4.910687,-0.033958
4.930721,-0.008860
4.950768,-0.018984
4.970805,-0.036796
4.991086,-0.004125
5.010749,-0.032136
5.030618,-0.056194
5.051027,-0.015331
5.070580,-0.017073
5.090591,-0.023338
5.110658,-0.004755
5.130503,-0.015708
5.150492,-0.026727
5.170585,-0.000861
5.190618,0.023596
5.210791,0.018157
5.230630,0.031419
5.250665,0.022844
5.270764,-0.006110
5.290587,0.007693
5.310619,0.003075
5.330685,-0.041149
5.350576,0.012659
5.370521,-0.014490
5.390532,-0.005661
5.410515,0.012086
5.430460,0.011656
5.450847,0.006427
5.470411,0.003117
5.490446,0.025937
5.510532,0.014795
5.530444,0.017130
5.550297,0.019835
5.570571,-0.019189
5.590345,0.030332
5.610698,0.008152
5.630289,-0.020130
5.650359,0.005416
5.670275,-0.032488
5.691092,-0.060891
5.711082,-0.010762
5.730693,-0.033772
5.750311,-0.042460
5.770787,-0.039529
5.790931,-0.037350
5.810169,-0.043327
5.830240,-0.021011
5.850512,-0.000673
5.870626,-0.018520
5.890358,0.024789
5.910386,-0.001702
5.930282,-0.033033
5.950314,0.007573
5.970197,-0.016239
5.990187,-0.024821
6.010369,0.008393
6.030133,-0.026030
6.050180,-0.025838
6.070114,-0.013615
6.090606,-0.022463
6.110062,-0.022145
6.130062,-0.009166
6.150215,0.003821
6.170383,-0.019768
6.190009,0.007909
6.209977,0.004471
6.230081,-0.020729
6.250150,0.024229
6.270072,0.011289
6.290007,0.015553
6.311001,0.050551
6.330061,0.015157
6.349906,0.024651
6.369846,0.012220
6.389849,0.025589
6.410898,0.014475
6.429789,0.035661
6.450047,0.010536
6.469895,-0.033534
6.490958,-0.004185
6.510934,-0.015210
6.530977,-0.022354
6.551353,0.010906
6.570875,-0.002247
6.590762,-0.012504
6.610779,-0.003634
6.630803,-0.007696
6.651064,0.010456
6.671018,0.020698
6.690661,0.037329
6.710682,0.012725
6.730710,0.015537
6.750801,0.028079
6.770809,-0.009335
6.790621,0.017476
6.810838,0.009549
6.830673,-0.042374
6.850601,-0.021075
6.870627,-0.020458
6.890557,-0.027265
6.910644,-0.026252
6.930768,-0.036461
6.950694,-0.034369
6.970645,-0.042409
6.991821,-0.018824
7.010952,-0.017983
7.030359,-0.000431
7.050376,0.013290
7.070472,-0.014655
7.090462,0.000991
7.110567,0.017960
7.130776,-0.000824
7.150626,0.004330
7.170611,0.003109
7.190549,-0.019483
7.210474,-0.036116
7.230321,-0.037763
7.250517,-0.059092
7.270383,-0.060699
7.290514,-0.031184
7.310258,-0.036737
7.330318,-0.039849
7.350594,-0.012304
7.370533,-0.018212
7.390247,-0.001476
7.410351,0.016704
7.430370,0.005168
7.450443,-0.005067
7.470434,-0.012072
7.490411,-0.017025
7.510258,-0.033024
7.530194,-0.022494
7.550165,-0.013492
7.570196,-0.031258
7.590094,-0.007057
7.610234,-0.029254
7.630215,-0.039757
7.650156,-0.001214
7.670886,-0.008731
7.690563,-0.023801
7.710152,-0.025342
7.730314,-0.035855
7.750046,-0.030444
7.770115,-0.029928
7.790308,-0.012516
7.810306,0.009315
7.830068,0.006183
7.850111,0.017875
7.869905,-0.006152
7.891049,0.003212
7.910113,-0.004387
7.929886,-0.010561
7.949781,-0.001879
7.969794,-0.007705
7.989735,-0.021881
8.009726,-0.020860
8.030715,-0.015841
8.049879,-0.013537
8.069778,-0.033539
8.089934,-0.027013
8.110953,-0.016220
8.130938,-0.031632
8.150749,-0.009952
8.170846,-0.007968
8.190853,-0.009317
8.210924,0.007426
8.230674,0.000911
8.250885,-0.000706
8.270722,-0.017164
8.290700,-0.021580
8.310803,-0.030182
8.330817,-0.020369
8.350741,0.001197
8.370872,-0.014144
8.390613,-0.008084
8.410696,-0.009716
8.430743,-0.027683
8.450777,-0.009862
8.470958,-0.000314
8.490618,-0.018535
8.510595,-0.012473
8.530543,-0.013405
8.550679,0.009090
8.571067,0.008213
8.590616,0.005268
8.610893,0.021370
8.630597,-0.012851
8.650657,-0.003119
8.670576,-0.010398
8.690593,-0.034748
8.710549,-0.012834
8.730588,-0.023291
8.750908,-0.002388
8.770471,-0.007191
8.790606,-0.034061
8.810468,0.003040
8.830513,-0.010201
8.850458,0.001729
8.870554,-0.000812
8.890895,-0.010448
8.910481,-0.004786
8.930406,-0.000310
8.950394,0.026634
8.970480,0.029190
8.990613,0.003681
9.011386,0.008891
9.030650,0.013288
9.050601,0.003154
9.070357,0.003986
9.090335,-0.005053
9.110925,-0.009206
9.130279,-0.002588
9.150119,-0.001105
9.171449,-0.016407
9.190382,-0.018566
9.210132,-0.004201
9.230122,-0.018435
9.250051,0.010786
9.270003,0.022575
9.289981,-0.002455
9.310158,0.004030
9.330200,0.000956
9.350238,-0.010653
9.370203,0.004845
9.390125,0.014726
9.410102,-0.007558
9.430284,-0.012486
9.450084,-0.014470
9.470213,-0.035655
9.490032,-0.022781
9.510168,-0.003066
9.530487,-0.024888
9.550034,-0.013363
9.570380,0.010767
9.590144,-0.009145
9.610214,0.002073
9.629917,0.024031
9.650036,0.025843
9.670482,0.014902
9.691139,0.032696
9.710310,0.026858
9.730950,0.007350
9.749990,0.019509
9.770018,-0.005500
9.790252,-0.029570
9.810016,-0.007211
9.831058,-0.034653
9.850159,-0.023695
9.869884,0.002877
9.890121,-0.003663
9.909980,-0.003653
9.930754,0.006093
9.950804,-0.012649
9.970854,-0.010598
9.990690,0.013116
10.010637,0.004208
10.030663,-0.013596
10.050671,0.014688
10.070657,-0.007328
10.090857,-0.013590
10.110712,0.027573
10.130755,-0.019980
10.150816,-0.019956
10.170795,-0.003697
10.190702,-0.022863
10.210697,-0.019743
10.230665,0.004621
10.250680,-0.006833
10.270681,-0.022465
10.290641,0.008646
10.310601,0.003172
10.330750,-0.005190
10.350519,0.007455
10.370588,-0.008576
10.390790,-0.035321
10.410648,0.012025
10.430539,-0.024285
10.450598,-0.012159
10.470800,0.021217
10.490583,-0.007069
10.510592,-0.019632
10.530475,-0.002230
10.550578,-0.033211
10.570626,-0.028310
10.590415,0.003158
10.610465,-0.003351
10.630469,-0.021153
10.650347,-0.006920
10.670434,-0.016798
10.690418,-0.021478
10.710254,0.016816
10.730285,-0.024294
10.750419,-0.042758
10.770440,-0.020701
10.790322,-0.046765
10.810517,-0.033619
10.830263,-0.004968
10.850386,-0.023656
10.870199,-0.036213
10.890123,-0.019470
10.910129,-0.019061
10.930175,-0.024558
10.950063,-0.000001
10.970118,-0.017148
10.992444,-0.038044
11.010347,-0.001562
11.030259,-0.030944
11.050131,-0.019395
11.070677,0.005691
11.090224,-0.012032
11.110079,-0.022845
11.130336,-0.031802
11.150785,-0.019270
11.170955,-0.027300
11.191491,-0.016374
11.210247,-0.000889
11.230082,-0.022454
11.250174,-0.031247
11.270406,-0.005138
11.290304,-0.013682
11.309994,-0.009638
11.330033,0.002326
11.350188,-0.005651
11.370188,-0.010742
11.390221,-0.006086
11.410121,-0.001393
11.430403,-0.014672
11.450310,0.001166
11.470250,-0.021950
11.490204,-0.040036
11.510106,-0.020153
11.530076,-0.037902
11.551218,-0.055420
11.570207,-0.020424
11.590795,-0.031726
11.610186,-0.032415
11.630144,-0.008919
11.650910,-0.006726
11.669770,-0.014072
11.689714,-0.026843
11.710728,-0.042192
11.730919,-0.089951
11.751036,-0.065431
11.771064,-0.048872
11.791898,-0.054596
11.811441,-0.001949
11.831458,-0.024857
11.850771,-0.038872
11.870801,-0.024879
11.890775,-0.033070
11.910877,-0.013309
11.930851,0.001074
11.950925,0.018609
11.971338,-0.010300
11.990815,-0.012838
12.010717,-0.007138
12.030729,-0.008174
12.050951,0.032240
12.070848,0.008766
12.091108,-0.006226
12.110852,-0.012296
12.130707,-0.037736
12.151037,-0.032540
12.170712,-0.028681
12.190602,0.006441
12.210692,0.029176
12.230647,0.027067
12.250743,0.013939
12.270633,0.019809
12.290686,0.045706
12.310685,0.005936
12.330621,-0.006058
12.350672,0.016820
12.370580,-0.008396
12.390674,-0.012018
12.410893,-0.006607
12.430564,-0.009395
12.450582,0.001420
12.470556,-0.013810
12.490695,0.004493
12.510540,-0.011286
12.530463,0.001281
12.550791,0.042625
12.571026,0.030196
12.593054,0.034576
12.610755,0.023592
12.630665,-0.023581
12.650648,0.009493
12.670512,0.005671
12.690607,-0.006083
12.710420,0.032207
12.730524,0.009755
12.750438,-0.010759
12.770487,-0.018225
12.790638,-0.014909
12.810835,-0.013523
12.830437,0.002673
12.850319,0.014605
12.870378,-0.001260
12.890307,0.008385
12.910336,-0.009241
12.930317,-0.021966
12.950647,0.009549
12.970348,-0.003211
12.990251,-0.010566
13.010275,-0.015838
13.030235,-0.042639
13.050659,-0.049782
13.070425,-0.055685
13.090764,-0.028881
13.110386,-0.060058
13.130236,-0.025064
13.150245,-0.022298
13.170347,-0.025603
13.190243,0.014579
13.210306,0.009390
13.230392,-0.002335
13.250728,0.007826
13.271280,-0.012356
13.290968,-0.018668
13.310067,-0.008752
13.330211,-0.000908
13.350123,-0.010946
13.370473,-0.020764
13.390056,-0.023645
13.409988,-0.047962
13.430103,-0.013932
13.450002,-0.015212
13.471167,-0.039046
13.490027,-0.012867
13.509957,-0.023162
13.530070,-0.016077
13.550154,-0.002064
13.571101,-0.007997
13.590047,-0.019695
13.610174,-0.013207
13.630060,-0.022222
13.649983,-0.019350
13.670891,-0.016270
13.690084,-0.003860
13.711372,-0.007996
13.731023,-0.009850
13.750975,-0.016383
13.770908,-0.040559
13.791071,-0.027276
13.811212,-0.008437
13.831003,0.007060
13.850940,0.004441
13.871313,0.010036
13.890830,-0.002673
13.910796,0.008454
13.930784,0.016580
13.950860,-0.000694
13.970799,-0.010339
13.991218,-0.009958
14.010926,-0.028387
14.031163,-0.028392
14.050738,-0.022208
14.070691,-0.015507
14.091025,-0.016151
14.110688,-0.004742
14.130703,-0.014003
14.150748,-0.028258
14.170670,0.007806
14.190622,-0.003906
14.210940,-0.022169
14.230822,0.003054
14.250871,-0.023008
14.270643,-0.010704
14.290771,0.018393
14.310691,0.001512
14.330819,-0.009160
14.350832,-0.012599
14.370690,-0.026051
14.391154,-0.023285
14.410523,-0.021898
14.430558,-0.014298
14.450768,-0.019664
14.470691,-0.009163
14.490653,-0.008539
14.510579,-0.027888
14.530644,0.007984
14.550862,-0.013712
14.570672,-0.020141
14.590483,-0.003561
14.610571,-0.009250
14.630570,0.003403
14.650649,-0.000436
14.670573,-0.009583
14.690502,-0.012296
14.710546,-0.017218
14.730376,-0.000765
14.750600,0.001940
14.771013,0.003420
14.790372,0.006583
14.810687,-0.005238
14.830451,0.006133
14.850399,0.001952
14.870676,0.009539
14.890553,0.004382
14.910408,0.017679
14.930326,0.027808
14.950546,0.000087
14.970411,0.003699
14.990216,0.019737
15.010300,-0.002777
15.030422,0.018934
15.050284,0.009262
15.070375,-0.015279
15.090681,-0.006394
15.110184,0.003521
15.130221,-0.006225
15.150288,-0.001394
15.170238,-0.009430
15.190201,-0.031542
15.210159,-0.004871
15.230341,0.020489
15.250200,0.012987
15.270317,0.019217
15.290175,0.010248
15.310163,-0.032404
15.330029,-0.029420
15.350199,-0.015403
15.370183,-0.035712
15.390454,-0.013125
15.410159,-0.011396
15.430087,-0.018228
15.450891,-0.042864
15.470553,-0.018882
15.491179,-0.027499
15.510474,0.000487
15.530257,0.026695
15.550451,-0.000986
15.570356,-0.017322
15.591558,-0.003253
15.610830,-0.030908
15.630234,-0.010664
15.651147,0.005348
15.671163,-0.015280
15.691160,-0.016475
15.711111,-0.007714
15.731292,-0.016088
15.751112,-0.018606
15.771219,-0.010593
15.791147,-0.014633
15.811082,-0.031840
15.830939,0.001970
15.851057,-0.013748
15.870994,-0.016637
15.891113,0.004325
15.910931,-0.013935
15.931064,-0.015226
15.951125,0.006641
15.971072,-0.036408
15.990883,-0.023034
16.010714,-0.008548
16.030786,-0.011124
16.050844,-0.016467
16.070748,0.000469
16.091174,0.004522
16.111407,-0.005976
16.130927,0.022889
16.151438,0.004681
16.170953,-0.015454
16.191051,0.023773
16.210852,-0.019567
16.231042,-0.018371
16.251003,0.017826
16.271407,-0.012797
16.290864,-0.016683
16.310962,-0.012412
16.330770,-0.012887
16.351033,-0.026166
16.370973,-0.008446
16.390810,-0.016073
16.410775,-0.027414
16.430781,0.001690
16.450686,-0.009246
16.470721,-0.014342
16.490732,0.012917
16.510727,-0.017207
16.530733,-0.024972
16.550792,0.004086
16.570824,-0.018529
16.590586,-0.022336
16.610634,-0.004108
16.630791,-0.006397
16.651085,-0.018170
16.671428,-0.017626
16.691376,-0.008873
16.710814,-0.037451
16.731138,-0.001184
16.751195,-0.000447
16.770977,-0.019670
16.794471,0.001135
16.810910,-0.007762
16.831567,-0.006480
16.851094,0.009307
16.871336,-0.003342
16.892667,-0.011761
16.911013,-0.008870
16.930770,-0.004871
16.950898,-0.030120
16.971193,-0.022715
16.991035,0.005700
17.011213,-0.013600
17.030723,0.005227
17.051364,0.005898
17.070779,-0.023122
17.091060,-0.012506
17.111356,-0.014741
17.130880,-0.022251
17.151024,-0.008238
17.170681,-0.015324
17.191107,-0.034878
17.210859,-0.020789
17.230527,0.016131
17.250883,-0.016973
17.270918,-0.016569
17.291552,-0.018698
17.311510,-0.041729
17.330808,0.000503
17.350815,0.005556
17.370746,-0.013100
17.392100,-0.003140
17.410556,-0.017261
17.430899,-0.027728
17.450461,-0.005073
17.471522,0.000857
17.493439,-0.002382
17.511372,-0.000819
17.532261,0.006244
17.551603,-0.032563
17.571798,-0.037329
17.591978,-0.009729
17.611377,-0.019704
17.631635,0.020084
17.651551,-0.003325
17.671986,-0.020829
17.692153,0.003948
17.711740,-0.012806
17.731441,0.007833
17.751465,0.027402
17.771481,0.023147
17.791784,-0.010050
17.811545,-0.005799
17.831481,0.020062
17.851650,-0.021670
17.871765,-0.007635
17.891463,0.001939
17.911254,-0.024936
17.931274,-0.018165
17.951688,-0.015351
17.971393,-0.024650
17.991441,-0.016772
18.011871,0.007286
18.031201,0.002730
18.051184,0.007832
18.071488,-0.006616
18.091234,-0.019665
18.111741,-0.018139
18.130972,0.007111
18.151551,-0.015664
18.171641,-0.006525
18.191768,0.011827
18.211064,-0.014904
18.231034,0.010499
18.251302,0.013381
18.271055,-0.002847
18.291347,-0.001964
18.311048,-0.006299
18.330888,-0.025813
18.351015,-0.007375
18.370852,-0.015024
18.392539,-0.010346
18.410984,0.005473
18.431039,0.018870
18.451380,-0.010111
18.471348,0.007558
18.492046,0.014088
18.510808,-0.006770
18.532156,0.021417
18.551341,0.015621
18.572049,-0.003615
18.591273,0.018729
18.611082,-0.008017
18.631014,0.002410
18.651099,0.005096
18.671580,-0.000544
18.691267,-0.022735
18.710737,0.001375
18.730862,-0.012442
18.751499,-0.034923
18.771527,-0.007717
18.790935,-0.006124
18.811113,-0.032174
18.831206,-0.007139
18.851331,-0.029043
18.870913,-0.032203
18.891973,-0.003712
18.910860,-0.027229
18.931806,-0.035376
18.950700,-0.025046
18.971550,-0.037598
18.990910,-0.040268
19.011148,-0.035170
19.030935,-0.040912
19.050600,-0.053285
19.071069,-0.012842
19.090919,-0.032999
19.110814,-0.040457
19.131063,0.001111
19.150461,-0.003668
19.170664,-0.027724
19.190965,-0.034059
19.211528,-0.049961
19.230745,-0.061586
19.250544,-0.037187
19.271496,-0.005925
19.291698,-0.006743
19.311516,0.009188
19.331752,0.000720
19.351662,-0.025676
19.371574,-0.035222
19.394334,-0.023584
19.411527,-0.014038
19.431603,0.009805
19.451885,-0.000510
19.471814,-0.023277
19.491546,-0.021039
19.511917,-0.019972
19.531653,-0.025163
19.551921,-0.009227
19.571513,0.004834
19.591405,-0.014924
19.611313,-0.006096
19.631430,-0.009406
19.652001,-0.018324
19.672019,-0.002649
19.692176,-0.005088
19.711586,-0.027685
19.731288,-0.023646
19.751366,-0.014266
19.771956,-0.036835
19.791624,-0.019048
19.811321,-0.006950
19.831546,-0.030838
19.851112,-0.000213
19.871354,-0.011295
19.893439,-0.002358
19.911195,-0.011382
19.931197,0.001885
19.951295,-0.012965
19.971370,-0.015366
19.991970,-0.009388
20.011123,-0.009473
20.031326,-0.031983
20.052013,-0.028934
20.072243,-0.051615
20.091947,-0.022557
20.111339,-0.007068
20.132103,-0.010407
20.151167,0.009633
20.171498,0.004788
20.191393,-0.013556
20.211202,-0.004705
20.231101,0.023458
20.251506,0.018393
20.271186,0.023056
20.291739,0.019641
20.310925,0.000805
20.331077,0.016114
20.351162,0.023334
20.371585,0.013214
20.391929,0.034167
20.411453,0.005968
20.431045,-0.013675
20.450867,-0.016991
20.471346,-0.009116
20.491050,-0.000461
20.511230,0.017539
20.531175,0.024345
20.551648,0.034866
20.571626,-0.005594
20.592714,-0.001348
20.611074,0.005525
20.631041,0.002952
20.651649,0.011217
20.670859,-0.005925
20.691542,0.016728
20.710674,0.009807
20.731927,-0.009172
20.751138,-0.006992
20.770806,-0.027052
20.790792,-0.055023
20.810747,-0.036363
20.830912,-0.026368
20.851053,-0.060874
20.870942,-0.026583
20.890993,-0.034660
20.910932,-0.044072
20.931900,-0.008339
20.950856,-0.020525
20.971649,-0.026644
20.994733,0.004993
21.010950,-0.023278
21.032070,-0.023634
21.051137,0.015061
21.070730,-0.003331
21.091603,-0.030420
21.111552,-0.011286
21.131391,-0.027453
21.150936,-0.034477
21.170684,0.007589
21.191473,-0.010636
21.211843,-0.022539
21.231566,0.004867
21.253507,-0.022824
21.271411,0.005471
21.291867,0.019108
21.311419,0.013339
21.331452,0.027549
21.351334,0.033143
21.371746,0.023019
21.391518,0.014687
21.411547,0.023552
21.431428,0.004102
21.452248,-0.017495
21.471150,-0.003478
21.491384,-0.025665
21.511583,-0.005192
21.531237,0.013204
21.551507,-0.012369
21.571254,-0.020545
21.591208,-0.018345
21.611275,-0.028912
21.632322,-0.012568
21.651276,-0.007983
21.671427,-0.008886
21.692772,-0.021032
21.711524,-0.015178
21.731058,-0.023865
21.751374,-0.023572
21.771842,-0.014555
21.794444,-0.026991
21.811091,-0.029678
21.831069,-0.023155
21.851526,-0.042844
21.871849,-0.027878
21.891297,-0.015513
21.911328,-0.017115
21.931039,-0.036987
21.951425,0.001340
21.971352,-0.023442
21.991204,-0.028033
22.011463,-0.024402
22.031140,-0.030468
22.051218,-0.040972
22.071162,-0.030810
22.091455,-0.044985
22.111265,-0.021718
22.131041,-0.020938
22.151011,-0.024574
22.171194,-0.029287
22.191450,-0.049238
22.210894,-0.036392
22.230947,-0.032983
22.250739,-0.021264
22.271135,-0.005405
22.291976,-0.022134
22.310835,-0.022461
22.330905,-0.034345
22.350916,-0.024278
22.371284,-0.026768
22.390999,0.001932
22.410863,-0.003145
22.431068,-0.005558
22.450875,0.005576
22.471161,-0.019453
22.490978,-0.004306
22.510870,-0.012670
22.530644,-0.020611
22.550937,-0.008050
22.570716,-0.002071
22.590655,-0.000322
22.610574,0.027271
22.630791,0.008922
22.650928,0.021440
22.670532,0.018387
22.691067,0.001260
22.710634,0.034568
22.730690,0.012279
22.750634,0.012242
22.770639,0.011348
22.791096,-0.009295
22.810564,-0.038629
22.830536,-0.036215
22.851786,-0.019216
22.871624,-0.014190
22.890510,0.026336
22.910603,-0.001923
22.930704,-0.008221
22.951939,-0.009137
22.970802,-0.034297
22.991505,-0.024633
23.011342,0.020631
23.031698,0.018579
23.051608,0.015670
23.071794,0.022553
23.091886,-0.009209
23.111370,-0.008391
23.131277,-0.008717
23.151318,-0.015632
23.171330,-0.035189
23.191437,-0.031537
23.211261,-0.041087
23.231575,-0.042207
23.251526,-0.021868
23.271289,0.007192
23.291552,0.025148
23.311392,0.025073
23.331335,0.014692
23.351991,-0.018492
23.371230,-0.003983
23.391620,-0.025649
23.411153,-0.022168
23.431149,-0.019547
23.451979,-0.020509
23.471252,-0.024978
23.491612,-0.033174
23.511059,-0.014365
23.531065,0.012073
23.551054,-0.006347
23.571351,-0.010850
23.592313,-0.024221
23.611528,-0.015505
23.631603,0.012144
23.651058,-0.007895
23.671082,-0.008324
23.691219,-0.001580
23.711241,-0.025250
23.731128,-0.033162
23.751187,-0.017099
23.771337,-0.022645
23.792533,-0.013357
23.811081,-0.008812
23.830922,-0.025904
23.850891,-0.008420
23.870971,-0.007540
23.891074,-0.006376
23.911315,0.000159
23.931128,-0.004074
23.951265,-0.019931
23.971361,-0.009792
23.991037,-0.036845
24.010932,-0.012870
24.031083,-0.000174
24.050791,-0.031460
24.070868,-0.014006
24.091188,-0.030421
24.110782,-0.033236
24.131357,-0.013301
24.151108,-0.020839
24.170804,-0.018338
24.192108,-0.007507
24.211087,-0.022134
24.230730,-0.020832
24.251542,-0.012960
24.271051,-0.011987
24.291265,-0.022845
24.311677,-0.013036
24.331027,-0.012317
24.350780,-0.023941
24.370796,-0.015796
24.391245,-0.001638
24.411101,-0.024824
24.430733,0.005551
24.451620,-0.003470
24.470879,-0.013499
24.490756,0.006222
24.511348,0.008204
24.531396,-0.011342
24.550519,0.007578
24.571923,-0.003346
24.590778,-0.003680
24.610676,0.011027
24.630715,-0.018204
24.651742,0.003368
24.671815,0.002197
24.691759,-0.010065
24.710621,0.015057
24.732109,0.012947
24.751934,0.015233
24.771690,0.022084
24.792549,0.022395
24.811828,0.022242
24.831529,0.023607
24.851969,0.003253
24.871540,0.013209
24.891865,0.006975
24.911777,0.005776
24.931965,0.020888
24.951662,0.000357
24.972078,-0.012254
24.991465,-0.003047
25.011591,-0.009658
25.031622,-0.000162
25.051470,0.003346
25.071385,0.007956
25.091819,0.018402
25.111386,0.010006
25.131850,-0.001592
25.151358,0.011303
25.172029,-0.000030
25.191397,-0.002341
25.211529,-0.001145
25.231633,-0.013718
25.251255,-0.025157
25.272301,-0.024424
25.292280,-0.043230
25.311242,-0.047208
25.331231,-0.037832
25.351403,-0.032747
25.371695,-0.036059
25.392175,-0.017396
25.411133,-0.014658
25.431388,-0.017172
25.451561,-0.023399
25.471201,-0.023059
25.492743,0.010288
25.511102,0.005552
25.531392,-0.004116
25.551244,0.016840
25.571591,0.000583
25.591460,-0.009636
25.611011,-0.002211
25.630969,-0.007454
25.651145,-0.014671
25.670938,-0.013233
25.691241,-0.025140
25.711136,-0.033012
25.731568,-0.013329
25.751216,-0.010685
25.771140,-0.011284
25.792321,-0.002694
25.810824,-0.019525
25.831133,-0.030723
25.851152,-0.004455
25.870900,0.003744
25.891136,0.022870
25.910768,0.035333
25.930804,0.019098
25.950902,0.008856
25.971586,0.012742
25.990778,-0.003704
26.011459,0.005921
26.030888,0.011664
26.050981,-0.009910
26.070852,-0.017960
26.091213,-0.016662
26.111297,-0.035579
26.130863,-0.006910
26.150859,-0.002753
26.170877,-0.021335
26.190789,-0.019460
26.210750,-0.019290
26.230816,-0.018541
26.250581,0.006390
26.271815,0.011013
26.290972,0.005372
26.310544,0.002398
26.330622,-0.010623
26.350983,-0.011076
26.372396,-0.002754
26.391529,-0.008363
26.410550,-0.019587
26.430642,-0.016082
26.450722,-0.025340
26.472320,-0.011683
26.491204,0.001371
26.510719,-0.016439
26.530605,-0.021299
26.551942,-0.010971
26.572023,-0.034380
26.591671,-0.030263
26.611642,-0.024032
26.631918,-0.007844
26.651461,0.008741
26.671408,-0.013720
26.691452,0.000637
26.711653,-0.004021
26.731432,-0.016283
26.751400,-0.012217
26.771749,-0.002347
26.791641,-0.014114
26.811695,-0.023152
26.831413,-0.017500
26.851397,-0.016798
26.871376,-0.026261
26.891829,-0.012426
26.911351,0.000832
26.931523,-0.024813
26.951370,-0.013118
26.971456,-0.037097
26.992048,-0.014256
27.011296,-0.004908
27.031346,-0.018576
27.051561,-0.009812
27.071208,-0.004258
27.092586,-0.021446
27.111293,-0.017094
27.131441,0.000210
27.151758,-0.000875
27.171153,-0.010435
27.191250,-0.000920
27.211153,-0.024452
27.231297,-0.014293
27.251354,0.002839
27.271335,-0.022636
27.291247,-0.011255
27.311107,-0.035633
27.331236,-0.033261
27.351139,-0.008118
27.371183,0.001972
27.391092,0.003440
27.411031,-0.007177
27.431760,-0.021901
27.451374,-0.032471
27.472271,-0.026740
27.492115,-0.004118
27.511341,-0.008889
27.531332,0.013581
27.551156,-0.003110
27.570952,-0.029249
27.591146,0.004044
27.611149,-0.008477
27.631109,-0.006826
27.651765,0.014327
27.671163,-0.029657
27.690993,-0.038475
27.711552,-0.025908
27.730557,-0.040444
27.750342,-0.026991
27.770367,-0.009006
27.790379,-0.036926
27.810487,-0.013095
27.830289,-0.022113
27.850215,-0.038765
27.870327,-0.003274
27.890302,0.001864
27.910484,0.003996
27.930412,0.019211
27.950280,-0.006166
27.970228,-0.022905
27.990215,0.011661
28.010218,-0.004830
28.030217,-0.009969
28.050276,-0.008623
28.070235,-0.002452
28.091354,-0.027460
28.110877,-0.010152
28.130578,-0.015859
28.150491,-0.038960
28.170258,-0.023072
28.190160,-0.035255
28.210345,-0.045896
28.230125,-0.000715
28.250234,-0.019863
28.270723,-0.000745
28.290972,0.015806
28.310429,-0.018185
28.330137,-0.029662
28.350769,-0.011426
28.372838,-0.023542
28.390745,-0.028274
28.410249,-0.038424
28.430045,-0.057467
28.450940,-0.057378
28.471194,-0.027495
28.490877,-0.018857
28.510912,-0.020789
28.530954,-0.005904
28.550992,-0.030967
28.570905,-0.015689
28.590946,-0.024448
28.610953,-0.033647
28.630926,-0.007163
28.651003,-0.000274
28.670925,0.011103
28.690963,0.000927
28.710868,-0.019748
28.730973,-0.014861
28.751248,0.002265
28.771135,0.028660
28.790736,0.022583
28.810738,0.018368
28.830981,0.020494
28.850878,0.017401
28.872332,0.005795
28.891856,0.025882
28.910950,0.047172
28.931148,0.013033
28.950917,-0.005712
28.970991,0.005909
28.990909,-0.018729
29.011180,-0.004899
29.030887,-0.000089
29.051162,-0.024158
29.070871,-0.003406
29.090954,-0.025608
29.111376,-0.017943
29.131284,-0.004961
29.152281,0.004885
29.170639,0.005905
29.190383,-0.002271
29.210409,0.010607
29.230439,-0.005066
29.251023,0.008864
29.272079,0.021951
29.291623,0.000033
29.310703,0.013110
29.330717,-0.022280
29.350920,-0.014351
29.370844,-0.004733
29.391880,-0.019462
29.411027,0.002529
29.430943,-0.012501
29.450799,-0.026260
29.470972,-0.007452
29.490893,-0.007644
29.510899,-0.006938
29.530746,-0.006724
29.551415,-0.007241
29.571238,-0.023013
29.592196,-0.030459
29.610913,-0.013971
29.631468,-0.017139
29.651077,0.008648
29.671909,0.008909
29.691774,-0.016738
29.710601,0.005141
29.730579,-0.041256
29.750574,-0.037723
29.770563,-0.018793
29.790579,-0.029552
29.811210,-0.015520
29.830523,0.005498
29.851024,0.005232
29.870553,-0.014754
29.891138,-0.010546
29.910366,-0.018250
29.930429,-0.030102
29.950425,0.004990
29.970451,-0.011662
29.990618,-0.026464
30.010898,0.020173
30.030488,-0.004313
30.050441,-0.000211
30.070501,-0.000514
30.091879,-0.020173
30.110585,-0.040681
30.130290,-0.019448
30.150488,-0.046365
30.171984,-0.041262
30.190705,-0.006299
30.210427,-0.017222
30.230280,-0.023500
30.251280,-0.006566
30.271299,-0.030076
30.290352,-0.006906
30.310131,-0.010878
30.331186,-0.035088
30.351115,0.000570
30.371267,0.007463
30.391178,-0.003050
30.410982,-0.006295
30.431125,-0.016294
30.451264,-0.021603
30.470974,-0.022562
30.491160,-0.016417
30.511015,-0.035377
30.530897,-0.029155
30.551059,-0.022359
30.571125,-0.019783
30.590938,0.005329
30.610961,-0.002385
30.630939,0.017407
30.651377,0.010850
30.670678,0.007006
30.690690,0.017291
30.710910,-0.007916
30.730624,-0.014395
30.750866,-0.006695
30.770644,-0.013776
30.790770,-0.018143
30.810906,-0.018402
30.830894,-0.019424
30.850909,-0.017595
30.870988,-0.022788
30.890857,-0.021096
30.910681,-0.040981
30.930823,-0.012177
30.950938,-0.031906
30.970860,-0.032823
30.990805,0.010658
31.010849,-0.020005
31.030850,-0.014963
31.050695,0.000315
31.070885,-0.014581
31.090769,-0.000696
31.110806,-0.011236
31.130702,-0.015001
31.151389,-0.007924
31.170802,-0.014599
31.190468,-0.014059
31.210355,-0.011336
31.230358,-0.002473
31.250390,-0.002477
31.270526,-0.004331
31.290775,-0.006936
31.310483,-0.032452
31.330626,-0.002137
31.350657,-0.014494
31.370407,-0.018224
31.390905,0.011276
31.410398,-0.014356
31.430396,-0.006197
31.450323,0.025238
31.470570,-0.016877
31.490344,-0.006203
31.510375,0.009013
31.530382,-0.024766
31.550322,0.003757
31.570765,-0.007796
31.590327,-0.023505
31.610308,0.013876
31.630418,0.008861
31.650248,-0.018992
31.670457,0.013582
31.690183,-0.015340
31.710324,-0.035098
31.730534,0.000431
31.750221,-0.028193
31.770418,-0.020074
31.790201,0.016674
31.810159,-0.010370
31.830182,-0.001443
31.850200,0.001704
31.871310,-0.007834
31.890568,0.006233
31.910267,-0.000204
31.930650,-0.012211
31.950348,-0.010553
31.971279,0.020107
31.990380,-0.001663
32.010294,0.001826
32.030098,0.000905
32.051248,-0.023465
32.071936,-0.012551
32.090798,-0.023853
32.109935,-0.039673
32.131072,-0.031982
32.150966,-0.038973
32.170972,-0.034655
32.191400,-0.031418
32.210927,-0.030155
32.231134,-0.013068
32.251007,-0.016495
32.270981,-0.001679
32.291352,-0.026507
32.310957,-0.012293
32.330955,-0.011463
32.351045,-0.008173
32.370974,-0.000039
32.390864,-0.016028
32.410897,-0.017076
32.430888,-0.012974
32.450874,-0.012153
32.470985,-0.012507
32.490885,-0.010408
32.510808,-0.008412
32.530974,-0.007686
32.550873,-0.033752
32.570914,0.001146
32.590810,-0.018352
32.610967,-0.014074
32.630820,0.017014
32.650771,0.005218
32.670959,0.006709
32.690946,-0.002554
32.710772,0.020812
32.730694,0.001321
32.750745,-0.020038
32.770718,-0.005525
32.790655,-0.030834
32.810613,-0.023549
32.830598,-0.011470
32.850915,-0.024850
32.870838,-0.009868
32.891131,-0.018135
32.910648,-0.032578
32.930567,-0.038723
32.950659,-0.024569
32.970695,-0.033106
32.990623,-0.010948
33.010806,0.014798
33.030547,-0.006392
33.050581,-0.003489
33.070614,-0.013780
33.090539,-0.033520
33.110639,0.000444
33.130549,-0.000817
33.150406,-0.019872
33.170542,0.011364
33.190727,-0.013767
33.210595,-0.021736
33.230545,0.002439
33.250363,-0.015711
33.270374,-0.015714
33.290800,-0.005302
33.310527,-0.018545
33.330421,-0.022732
33.350406,-0.036036
33.370359,-0.023263
33.390247,-0.004690
33.410273,0.012096
33.430351,-0.017039
33.450322,-0.013279
33.470536,0.005426
33.490693,-0.036288
33.510309,0.005450
33.530489,0.007270
33.550270,-0.016503
33.570484,0.003169
33.590206,-0.004677
33.610240,-0.002899
33.630246,-0.001950
33.650136,-0.016357
33.670162,-0.038903
33.691335,-0.028441
33.710170,-0.028903
33.730159,-0.033965
33.750371,-0.003770
33.771248,-0.016617
33.791085,-0.022469
33.810358,-0.006466
33.830204,-0.016210
33.850282,-0.020029
33.871176,0.018840
33.891130,0.010472
33.911189,-0.003652
33.931149,0.009190
33.951340,0.010905
33.971352,-0.004820
33.991150,0.010451
34.011251,-0.012302
34.031092,-0.055943
34.051237,-0.034086
34.071003,-0.052262
34.091359,-0.058510
34.111119,-0.009497
34.131334,-0.022754
34.151062,-0.014770
34.171091,0.005495
34.191050,-0.023864
34.211222,-0.008189
34.231081,0.020811
34.250988,0.015247
34.270926,-0.004505
34.290925,-0.002571
34.311048,-0.029492
34.331025,-0.030873
34.351547,0.011740
34.371057,-0.001641
34.391204,-0.011301
34.410857,0.012683
34.430765,-0.041852
34.450906,-0.023999
34.470819,0.017469
34.490859,-0.008041
34.510896,0.001057
34.530709,0.005644
34.550767,0.008866
34.570827,-0.006405
34.590670,0.005491
34.610816,0.019477
34.630823,0.021113
34.650777,0.022739
34.670803,-0.021655
34.690762,-0.015228
34.710914,-0.004227
34.730613,-0.019258
34.750586,-0.007322
34.770764,0.017211
34.790992,-0.029375
34.810837,-0.006564
34.830721,-0.025733
34.850522,-0.037953
34.870630,-0.021337
34.890666,-0.020391
34.910530,-0.024171
34.930561,-0.008237
34.950928,0.002273
34.970582,-0.022102
34.990521,-0.014010
35.010548,-0.005778
35.030661,-0.018330
35.050746,-0.008354
35.070559,-0.021460
35.090451,-0.029651
35.110493,-0.029112
35.130980,-0.014942
35.150437,-0.011557
35.170599,-0.010933
35.190381,-0.008649
35.210556,-0.011044
35.230349,-0.018737
35.250628,0.005721
35.270519,-0.054234
35.290388,-0.037814
35.310489,-0.011828
35.330487,-0.025352
35.350375,-0.013582
35.370334,-0.013032
35.390305,-0.016759
35.410291,-0.042059
35.430381,-0.018201
35.450414,-0.009737
35.470560,0.011428
35.491012,0.057084
35.511152,0.015160
35.530210,0.030200
35.550158,0.037633
35.570297,0.004539
35.591170,-0.003855
35.611269,0.008348
35.631138,0.004396
35.651076,0.020560
35.671127,0.026057
35.691179,0.003103
35.711078,0.026690
35.731535,0.015471
35.751107,0.031756
35.771436,-0.010351
35.791169,0.025048
35.811163,-0.011443
35.831125,-0.038555
35.851116,0.011655
35.871114,-0.045561
35.891162,0.035101
35.911089,0.058622
35.930927,0.006540
35.951099,0.012312
35.970867,0.021208
35.991011,0.008703
36.011047,0.006288
36.030857,-0.036678
36.051082,-0.008154
36.071050,-0.025172
36.091240,-0.012864
36.111092,0.000762
36.130930,0.000145
36.151154,0.003721
36.170867,-0.022839
36.190804,-0.009401
36.210922,-0.003576
36.230750,-0.023713
36.250774,-0.000346
36.270809,0.004386
36.290812,-0.015681
36.312091,0.000466
36.331233,-0.027277
36.350680,-0.002707
36.370550,0.005044
36.390537,-0.024566
36.410740,-0.002359
36.430676,-0.030095
36.450599,0.002268
36.470584,-0.013912
36.490529,-0.031348
36.510680,-0.005329
36.530781,-0.030260
36.550615,-0.013083
36.570653,-0.002967
36.593203,-0.010083
36.610773,0.001968
36.631847,-0.019379
36.651317,-0.009134
36.670766,-0.017618
36.690747,-0.031682
36.710509,-0.006682
36.730666,-0.017692
36.750704,-0.004746
36.770547,-0.005878
36.790744,-0.009369
36.810585,0.000735
36.830695,-0.029406
36.850578,-0.025099
36.870631,-0.013903
36.890463,-0.038025
36.910483,-0.019731
36.930487,-0.015173
36.950537,-0.042351
36.970445,-0.023560
36.990556,-0.006373
37.010983,-0.003848
37.030434,-0.023220
37.050560,-0.016137
37.070321,-0.032811
37.090301,-0.020597
37.110317,0.018618
37.130295,-0.000214
37.150667,-0.023000
37.170290,0.007856
37.190442,-0.032148
37.210358,-0.024652
37.230927,-0.000411
37.250607,-0.027030
37.270504,-0.008071
37.290114,-0.005410
37.310971,-0.021929
37.331088,-0.047456
37.350085,-0.022211
37.370075,-0.043111
37.391009,-0.035049
37.410967,-0.009147
37.431040,-0.027912
37.450993,-0.044949
37.471020,-0.002082
37.492074,-0.034908
37.511568,-0.029650
37.531425,0.018345
37.551190,-0.017057
37.570993,-0.012384
37.591025,-0.003311
37.610971,-0.007818
37.631005,-0.019817
37.651091,0.012237
37.670999,0.002179
37.691215,-0.015827
37.710988,0.020049
37.731024,0.002504
37.751162,-0.013941
37.771029,0.019316
37.790938,0.000267
37.810842,-0.010412
37.830817,0.015873
37.851023,0.008154
37.870972,0.042923
37.890923,0.031447
37.911063,0.032331
37.930802,0.026421
37.950951,0.011610
37.970910,0.005501
37.990739,-0.010802
38.010841,0.019763
38.031007,-0.004713
38.050757,-0.006654
38.070872,0.007860
38.090666,-0.038778
38.110794,-0.050050
38.131072,-0.011820
38.150811,-0.026820
38.170722,-0.006493
38.190746,-0.004003
38.210607,-0.022225
38.230649,-0.035465
38.250628,-0.018818
38.270709,-0.009814
38.290619,-0.010944
38.310358,0.001928
38.330385,-0.026583
38.350713,-0.041442
38.370560,-0.011001
38.390638,-0.036637
38.410441,-0.049616
38.430488,-0.006614
38.450627,-0.029196
38.470653,-0.024841
38.490844,0.002471
38.510591,-0.018562
38.530481,0.001511
38.550760,-0.001735
38.570460,-0.007721
38.591170,-0.003110
38.611026,0.002195
38.630431,0.006346
38.650595,0.000085
38.670454,0.024453
38.690481,-0.002554
38.710454,-0.009050
38.730478,0.044945
38.750411,-0.007928
38.770365,0.010004
38.790477,0.042031
38.810305,0.009731
38.830399,0.018316
38.850471,0.023906
38.870284,0.010875
38.890224,0.006633
38.910306,0.007467
38.930470,-0.020797
38.950277,-0.022041
38.970353,0.016024
38.990649,-0.014298
39.010370,-0.004411
39.030447,0.015164
39.050402,-0.018918
39.070336,-0.006678
39.090237,0.033365
39.110166,-0.013537
39.131249,0.012317
39.151505,0.014602
39.170422,0.006441
39.190321,-0.000108
39.210025,-0.001306
39.231272,0.018691
39.250158,0.016848
39.271156,0.012587
39.291145,-0.022801
39.311209,-0.007557
39.331032,-0.002625
39.350978,-0.057517
39.371148,-0.026866
39.391029,-0.016948
39.411203,-0.054223
39.431096,-0.011664
39.451237,0.007887
39.471049,-0.004041
39.491141,-0.001645
39.511210,-0.003675
39.531217,-0.010313
39.551072,-0.013375
39.571158,-0.004234
39.591003,0.004749
39.611050,-0.004643
39.631225,0.001765
39.650968,-0.037621
39.671269,-0.043527
39.690984,-0.022197
39.711655,-0.052053
39.731200,-0.035516
39.751332,-0.019687
39.771306,-0.013399
39.791357,-0.027244
39.811125,-0.002204
39.831375,-0.020157
39.851245,-0.036998
39.871099,0.003821
39.891843,0.003060
39.910977,-0.010093
39.931342,0.026746
39.951099,-0.003901
39.970989,-0.010871
39.991012,0.020280
40.010997,-0.006590
40.030854,-0.021913
40.051010,-0.006971
40.070920,-0.006133
40.090824,-0.040768
40.110781,-0.028664
40.130766,-0.001560
40.150977,-0.031204
40.170823,0.006016
40.190877,-0.000514
40.210746,-0.027983
40.230752,0.013592
40.251369,-0.011703
40.270790,-0.035293
40.290812,-0.011291
40.311263,-0.026352
40.330650,-0.032484
40.350627,-0.005566
40.370796,-0.018593
40.390538,-0.027253
40.410595,0.002071
40.430584,-0.016792
40.450466,-0.041381
40.470717,-0.034457
40.490563,-0.026012
40.510511,-0.048210
40.530539,0.014067
40.550462,-0.011933
40.570956,-0.022457
40.590469,0.023087
40.610425,-0.001755
40.631036,-0.013343
40.651302,0.025779
40.670801,-0.011154
40.690686,-0.026417
40.710829,-0.008844
40.730506,-0.025513
40.750592,-0.029571
40.770565,-0.007383
40.790401,-0.006038
40.810458,-0.013171
40.830485,-0.010974
40.850533,-0.026217
40.870559,-0.019980
40.890637,0.023876
40.911348,-0.010975
40.930585,0.003189
40.950443,0.027440
40.970540,0.020044
40.990357,0.009799
41.010400,0.015915
41.030602,-0.006442
41.050501,-0.009596
41.070297,-0.007699
41.090279,-0.017716
41.110429,-0.024757
41.130463,-0.007069
41.150437,-0.024939
41.170268,-0.006626
41.190512,0.004400
41.210394,-0.006906
41.230424,0.007458
41.251347,0.029347
41.270561,0.000188
41.290200,0.000566
41.311248,0.030885
41.331365,-0.000596
41.351128,-0.000279
41.371336,-0.007177
41.391104,-0.007819
41.411182,-0.021368
41.431414,-0.010824
41.451072,-0.009282
41.471277,-0.007995
41.491230,0.012169
41.511139,0.004912
41.531197,-0.002980
41.551128,0.003017
41.571024,-0.011392
41.591041,-0.019797
41.611019,-0.011360
41.631012,-0.025001
41.651272,-0.030253
41.671191,-0.028949
41.690974,-0.007148
41.711178,-0.017459
41.730875,-0.022611
41.751242,-0.002851
41.770978,-0.012131
41.790968,-0.003993
41.811064,0.015288
41.830931,0.010060
41.851182,-0.010420
41.871015,-0.010720
41.891065,-0.021113
41.911025,-0.027721
41.930999,-0.004082
41.951183,0.001491
41.971426,-0.030713
41.990907,-0.025869
42.010795,-0.032073
42.030879,-0.024390
42.050703,0.010746
42.070897,0.002019
42.091029,0.025360
42.110804,0.037925
42.130893,-0.012816
42.150703,0.005501
42.170788,0.016875
42.190747,0.004734
42.210688,-0.002697
42.230630,-0.008469
42.250826,-0.012708
42.270799,-0.002763
42.290735,0.007313
42.310745,-0.013930
42.330657,-0.002749
42.350749,-0.020683
42.370716,-0.031426
42.390630,0.009945
42.410536,0.005196
42.430526,-0.002639
42.450567,0.023125
42.470618,0.004582
42.490838,-0.013270
42.510553,0.004915
42.530539,-0.007124
42.550836,-0.019296
42.570542,-0.017772
42.590558,-0.006226
42.610599,-0.021889
42.630474,0.004367
42.650512,-0.023922
42.670498,-0.027922
42.690366,-0.012958
42.710463,-0.032339
42.730408,-0.023722
42.750448,-0.008684
42.770462,-0.018552
42.790605,-0.016984
42.810607,-0.010688
42.830498,-0.022330
42.850571,-0.021518
42.870509,-0.019149
42.890413,-0.010783
42.910622,-0.008959
42.930377,-0.005467
42.950242,-0.004292
42.971382,-0.021451
42.990425,0.011480
43.010226,-0.018006
43.030350,-0.016732
43.050465,-0.015713
43.071232,-0.029478
43.090192,-0.030054
43.110191,-0.036650
43.130737,-0.044860
43.151329,-0.033946
43.171489,-0.038221
43.191124,-0.026513
43.211324,-0.004916
43.230291,-0.011270
43.251368,-0.030847
43.271312,-0.022062
43.291207,0.003415
43.311112,-0.020419
43.331280,-0.023371
43.351196,0.004577
43.371150,-0.036848
43.391084,-0.009485
43.411187,-0.014852
43.431489,-0.035796
43.451375,-0.016268
43.471047,-0.021294
43.491084,-0.032457
43.511101,-0.012927
43.531088,-0.017667
43.551095,-0.035376
43.571254,-0.020595
43.590968,-0.013636
43.611015,-0.037445
43.631505,-0.016320
43.650988,-0.005449
43.671059,-0.017632
43.691080,0.010943
43.710958,0.005783
43.730955,-0.033909
43.751008,-0.005893
43.771328,-0.030864
43.791045,-0.021569
43.810964,0.000810
43.831190,-0.018372
43.850814,-0.027671
43.870967,-0.022063
43.891017,-0.015657
43.910853,-0.054050
43.931074,-0.000941
43.950963,-0.015313
43.970814,-0.021625
43.990880,0.010239
44.010779,-0.029735
44.031086,-0.009547
44.050935,0.008176
44.070969,-0.023944
44.091067,-0.027973
44.110818,-0.008405
44.131082,-0.032334
44.150952,-0.006925
44.171030,-0.017085
44.191148,-0.014047
44.210625,-0.045291
44.230634,-0.067413
44.250813,-0.085269
44.270625,-0.073084
44.290684,-0.015195
44.310639,-0.006278
44.330610,-0.017765
44.350747,-0.018704
44.370676,-0.035897
44.390644,-0.015254
44.410775,0.014055
44.430604,0.005992
44.450755,0.010546
44.470564,0.006640
44.490618,-0.007219
44.510477,-0.014185
44.530494,-0.007342
44.550509,0.001378
44.570518,-0.017601
44.590555,-0.009829
44.610447,-0.025420
44.630569,-0.053876
44.650766,-0.052651
44.670603,-0.027063
44.690697,0.027169
44.710528,0.026354
44.730547,0.036537
44.750592,0.020984
44.770425,0.039949
44.790652,0.065673
44.810501,0.010980
44.830483,0.008926
44.851143,0.010747
44.870817,-0.015034
44.890268,-0.018369
44.910224,-0.017814
44.930332,-0.024786
44.950178,-0.017914
44.970421,-0.010391
44.991069,-0.023610
45.010365,-0.010495
45.030094,0.028121
45.050274,0.046284
45.070201,0.039258
45.091134,0.049909
45.110298,-0.005442
45.130143,0.018015
45.151229,0.016295
45.171288,-0.001210
45.191019,0.016024
45.211086,0.018627
45.231241,0.011748
45.251328,-0.007066
45.271312,-0.021936
45.291175,-0.008667
45.311326,0.006853
45.331260,-0.005104
45.351140,-0.003282
45.371455,-0.011175
45.391073,-0.023030
45.411351,-0.003322
45.431134,0.013010
45.451153,0.009925
45.471130,0.017583
45.491252,-0.011548
45.510960,-0.043888
45.531211,-0.011889
45.550960,-0.004844
45.571120,-0.018988
45.591191,-0.031322
45.611101,-0.015925
45.630965,-0.026869
45.651215,-0.031409
45.671079,0.015223
45.691180,-0.029513
45.711059,0.005461
45.730938,0.006159
45.750935,-0.030718
45.770920,0.015622
45.790984,-0.009064
45.811194,-0.004050
45.830822,0.016369
45.851039,-0.018258
45.871152,-0.037704
45.890867,-0.022664
45.910833,-0.035630
45.930760,-0.027659
45.950899,0.000230
45.970813,-0.021351
45.990880,-0.019846
46.011164,0.001032
46.030905,-0.017908
46.050770,-0.008177
46.070821,0.015527
46.091117,-0.018949
46.110728,-0.014738
46.130740,-0.006575
46.150733,-0.024051
46.170786,0.004242
46.190669,0.010951
46.210701,-0.014611
46.230800,-0.023481
46.250830,-0.010915
46.270773,-0.038887
46.292061,-0.010191
46.311515,0.014898
46.331559,-0.005846
46.350935,0.006710
46.371359,0.005760
46.391057,-0.014767
46.410629,0.003465
46.430523,-0.001129
46.450743,-0.008143
46.470597,-0.003453
46.490610,-0.027426
46.510585,-0.022199
46.530587,-0.016834
46.550642,-0.005275
46.570540,-0.009085
46.590461,-0.004886
46.610507,-0.006851
46.630497,-0.013765
46.650741,-0.001630
46.670526,-0.005471
46.690478,-0.014073
46.710421,-0.029467
46.730335,-0.027299
46.750452,-0.003671
46.770350,-0.010792
46.790504,-0.008791
46.810316,-0.005929
46.830341,-0.015298
46.850355,-0.014011
46.870471,-0.019331
46.890504,-0.017086
46.911474,-0.011335
46.930238,-0.020100
46.950277,-0.008855
46.970555,-0.011980
46.991323,-0.004321
47.011383,0.000053
47.031457,-0.017188
47.051335,-0.003914
47.071234,-0.020615
47.091264,-0.018339
47.111306,0.002599
47.131236,-0.011916
47.152597,-0.010907
47.171668,-0.009428
47.191211,-0.001300
