0.149842,30.633517
0.169803,30.633517
0.189770,30.633517
0.209819,30.633517
0.229907,30.633528
0.249820,30.633528
0.269724,30.633528
0.289755,30.633528
0.309794,30.633528
0.329793,30.633528
0.349755,30.633528
0.369725,30.633528
0.389686,30.633528
0.409827,30.633528
0.429743,30.633538
0.449682,30.633538
0.469720,30.633538
0.489625,30.633538
0.509706,30.633538
0.529640,30.633538
0.549659,30.633538
0.569644,30.633538
0.589595,30.633538
0.609622,30.633538
0.629578,30.633548
0.649552,30.633548
0.669641,30.633548
0.689543,30.633548
0.709640,30.633548
0.730627,30.633548
0.749542,30.633548
0.769594,30.633548
0.789505,30.633548
0.809507,30.633548
0.830564,30.633558
0.849493,30.633558
0.870504,30.633558
0.890402,30.633558
0.910676,30.633558
0.930720,30.633558
0.950701,30.633558
0.970499,30.633558
0.990431,30.633558
1.010777,30.633558
1.030483,30.633558
1.050396,30.633568
1.070404,30.633568
1.090329,30.633568
1.110363,30.633568
1.130285,30.633568
1.150309,30.633568
1.170310,30.633568
1.190274,30.633568
1.210291,30.633568
1.230323,30.633578
1.250344,30.633578
1.270331,30.633578
1.290210,30.633578
1.310238,30.633578
1.330312,30.633578
1.350249,30.633578
1.370461,30.633578
1.390182,30.633578
1.410285,30.633578
1.430242,30.633588
1.450145,30.633588
1.470113,30.633588
1.490064,30.633588
1.510141,30.633588
1.530121,30.633588
1.550080,30.633588
1.570122,30.633588
1.590025,30.633588
1.610026,30.633588
1.629997,30.633598
1.650027,30.633598
1.670033,30.633598
1.689976,30.633598
1.709980,30.633598
1.730030,30.633598
1.749930,30.633598
1.769973,30.633598
1.789908,30.633598
1.809964,30.633598
1.829948,30.633607
1.849912,30.633607
1.869901,30.633607
1.889868,30.633607
1.909867,30.633607
1.929937,30.633607
1.949845,30.633607
1.969861,30.633607
1.989808,30.633607
2.009798,30.633607
2.029799,30.633607
2.049766,30.633617
2.069812,30.633617
2.089742,30.633617
2.109782,30.633617
2.129817,30.633617
2.149840,30.633617
2.169762,30.633617
2.189737,30.633617
2.209763,30.633617
2.229775,30.633626
2.249728,30.633626
2.269698,30.633626
2.289673,30.633626
2.309715,30.633626
2.329720,30.633626
2.349667,30.633626
2.369657,30.633626
2.389629,30.633626
2.409649,30.633626
2.429613,30.633635
2.449643,30.633635
2.469641,30.633635
2.489619,30.633635
2.509571,30.633635
2.529688,30.633635
2.549541,30.633635
2.570643,30.633635
2.589535,30.633635
2.609575,30.633635
2.629506,30.633644
2.650611,30.633644
2.670648,30.633644
2.689534,30.633644
2.710464,30.633644
2.730569,30.633644
2.750662,30.633644
2.771033,30.633644
2.790755,30.633644
2.810698,30.633644
2.830488,30.633644
2.850555,30.633653
2.870375,30.633653
2.890277,30.633653
2.910477,30.633653
2.930390,30.633653
2.950321,30.633653
2.970377,30.633653
2.990256,30.633653
3.010334,30.633653
3.030318,30.633653
3.050286,30.633653
3.070295,30.633661
3.090277,30.633661
3.110408,30.633661
3.130381,30.633661
3.150311,30.633661
3.170272,30.633661
3.190202,30.633661
3.210229,30.633661
3.230256,30.633661
3.250212,30.633669
3.270377,30.633669
3.290157,30.633669
3.310262,30.633669
3.330198,30.633669
3.350198,30.633669
3.370205,30.633669
3.390146,30.633669
3.410593,30.633669
3.430279,30.633669
3.450028,30.633677
3.470045,30.633677
3.489969,30.633677
3.510037,30.633677
3.529968,30.633677
3.550063,30.633677
3.570054,30.633677
3.589984,30.633677
3.610020,30.633677
3.630121,30.633685
3.649985,30.633685
3.669969,30.633685
3.689907,30.633685
3.709933,30.633685
3.729943,30.633685
3.749876,30.633685
3.769921,30.633685
3.789844,30.633685
3.809844,30.633685
3.829872,30.633693
3.849824,30.633693
3.869845,30.633693
3.889805,30.633693
3.909838,30.633693
3.929788,30.633693
3.949750,30.633693
3.969794,30.633693
3.989830,30.633693
4.009876,30.633693
4.029828,30.633693
4.049825,30.633700
4.069800,30.633700
4.089788,30.633700
4.109753,30.633700
4.129773,30.633700
4.149740,30.633700
4.169706,30.633700
4.190072,30.633700
4.209692,30.633700
4.229712,30.633707
4.249737,30.633707
4.269733,30.633707
4.289691,30.633707
4.309709,30.633707
4.329612,30.633707
4.349631,30.633707
4.369841,30.633707
4.390685,30.633707
4.409560,30.633707
4.429579,30.633714
4.449524,30.633714
4.469613,30.633714
4.490492,30.633714
4.509550,30.633714
4.529505,30.633714
4.549484,30.633714
4.570554,30.633714
4.590460,30.633714
4.610538,30.633714
4.630466,30.633720
4.650993,30.633720
4.670696,30.633720
4.690508,30.633720
4.710549,30.633720
4.730515,30.633720
4.750490,30.633720
4.770452,30.633720
4.790446,30.633720
4.810377,30.633720
4.830380,30.633726
4.850466,30.633726
4.870461,30.633726
4.890366,30.633726
4.910392,30.633726
4.930396,30.633726
4.950351,30.633726
4.970353,30.633726
4.991030,30.633726
5.010367,30.633726
5.030344,30.633726
5.050304,30.633732
5.070288,30.633732
5.090262,30.633732
5.110277,30.633732
5.130257,30.633732
5.150243,30.633732
5.170266,30.633732
5.190220,30.633732
5.210202,30.633732
5.230247,30.633738
5.250224,30.633738
5.270261,30.633738
5.290187,30.633738
5.310232,30.633738
5.330221,30.633738
5.350238,30.633738
5.370228,30.633738
5.390102,30.633738
5.410212,30.633738
5.430166,30.633743
5.450243,30.633743
5.470091,30.633743
5.490075,30.633743
5.510085,30.633743
5.530082,30.633743
5.550079,30.633743
5.570101,30.633743
5.589986,30.633743
5.609985,30.633743
5.630051,30.633748
5.649948,30.633748
5.670064,30.633748
5.690150,30.633748
5.710209,30.633748
5.729948,30.633748
5.749893,30.633748
5.770168,30.633748
5.790137,30.633748
5.809930,30.633748
5.829890,30.633752
5.849967,30.633752
5.869932,30.633752
5.889866,30.633752
5.909940,30.633752
5.929860,30.633752
5.949830,30.633752
5.969895,30.633752
5.989827,30.633752
6.009911,30.633752
6.029857,30.633752
6.049765,30.633756
6.069810,30.633756
6.090120,30.633756
6.109759,30.633756
6.129768,30.633756
6.149818,30.633756
6.169730,30.633756
6.189744,30.633756
6.209667,30.633756
6.229671,30.633760
6.249649,30.633760
6.269622,30.633760
6.289630,30.633760
6.310669,30.633760
6.329620,30.633760
6.349704,30.633760
6.369591,30.633760
6.389543,30.633760
6.410576,30.633760
6.429525,30.633763
6.449593,30.633763
6.469525,30.633763
6.490503,30.633763
6.510555,30.633763
6.530608,30.633763
6.550639,30.633763
6.570531,30.633763
6.590436,30.633763
6.610543,30.633763
6.630479,30.633763
6.650457,30.633767
6.670457,30.633767
6.690367,30.633767
6.710446,30.633767
6.730406,30.633767
6.750785,30.633767
6.770388,30.633767
6.790294,30.633767
6.810353,30.633767
6.830398,30.633769
6.850296,30.633769
6.870317,30.633769
6.890257,30.633769
6.910281,30.633769
6.930297,30.633769
6.950275,30.633769
6.970238,30.633769
6.990515,30.633769
7.010327,30.633769
7.030129,30.633769
7.050148,30.633771
7.070132,30.633771
7.090115,30.633771
7.110339,30.633771
7.130283,30.633771
7.150293,30.633771
7.170112,30.633771
7.190066,30.633771
7.210062,30.633771
7.230073,30.633773
7.250196,30.633773
7.270036,30.633773
7.290016,30.633773
7.309993,30.633773
7.329993,30.633773
7.350086,30.633773
7.370021,30.633773
7.390077,30.633773
7.410064,30.633773
7.429982,30.633775
7.449943,30.633775
7.470342,30.633775
7.489872,30.633775
7.509932,30.633775
7.529907,30.633775
7.549952,30.633775
7.569912,30.633775
7.589841,30.633775
7.609840,30.633775
7.629817,30.633776
7.649840,30.633776
7.670117,30.633776
7.689959,30.633776
7.709858,30.633776
7.729809,30.633776
7.749782,30.633776
7.769754,30.633776
7.789867,30.633776
7.809835,30.633776
7.829717,30.633777
7.849826,30.633777
7.869739,30.633777
7.890076,30.633777
7.909722,30.633777
7.929624,30.633777
7.949609,30.633777
7.969572,30.633777
7.989539,30.633777
8.009592,30.633777
8.030565,30.633777
8.049584,30.633777
8.069611,30.633777
8.089536,30.633777
8.110603,30.633777
8.130605,30.633777
8.150530,30.633777
8.170482,30.633777
8.190483,30.633777
8.210481,30.633777
8.230426,30.633777
8.250442,30.633777
8.270451,30.633777
8.290420,30.633777
8.310474,30.633777
8.330508,30.633777
8.350562,30.633777
8.370382,30.633777
8.390330,30.633777
8.410356,30.633777
8.430423,30.633776
8.450452,30.633776
8.470396,30.633776
8.490304,30.633776
8.510355,30.633776
8.530267,30.633776
8.550362,30.633776
8.570312,30.633776
8.590256,30.633776
8.610486,30.633776
8.630251,30.633776
8.650310,30.633776
8.670322,30.633776
8.690240,30.633776
8.710332,30.633776
8.730288,30.633776
8.750303,30.633776
8.770186,30.633776
8.790165,30.633776
8.810260,30.633776
8.830194,30.633774
8.850175,30.633774
8.870247,30.633774
8.890169,30.633774
8.910186,30.633774
8.930176,30.633774
8.950145,30.633774
8.970125,30.633774
8.990057,30.633774
9.010401,30.633774
9.030227,30.633774
9.050084,30.633774
9.070063,30.633773
9.089995,30.633773
9.110276,30.633773
9.130026,30.633773
9.149947,30.633773
9.170206,30.633773
9.190134,30.633773
9.209897,30.633773
9.229969,30.633773
9.249924,30.633770
9.269806,30.633770
9.289813,30.633770
9.309836,30.633770
9.329815,30.633770
9.350056,30.633770
9.369804,30.633770
9.389834,30.633770
9.409843,30.633770
9.429819,30.633768
9.449800,30.633768
9.469830,30.633768
9.489770,30.633768
9.509809,30.633768
9.529819,30.633768
9.549798,30.633768
9.569776,30.633768
9.589783,30.633768
9.609743,30.633768
9.629705,30.633765
9.649800,30.633765
9.669698,30.633765
9.689975,30.633765
9.709862,30.633765
9.730708,30.633765
9.749716,30.633765
9.769732,30.633765
9.789679,30.633765
9.809707,30.633765
9.830645,30.633762
9.849617,30.633762
9.869621,30.633762
9.889623,30.633762
9.909635,30.633762
9.930590,30.633762
9.950566,30.633762
9.970506,30.633762
9.990460,30.633762
10.010461,30.633762
10.030525,30.633762
10.050474,30.633758
10.070421,30.633758
10.090433,30.633758
10.110462,30.633758
10.130469,30.633758
10.150441,30.633758
10.170424,30.633758
10.190376,30.633758
10.210471,30.633758
10.230407,30.633754
10.250370,30.633754
10.270407,30.633754
10.290558,30.633754
10.310395,30.633754
10.330334,30.633754
10.350396,30.633754
10.370334,30.633754
10.390432,30.633754
10.410279,30.633754
10.430244,30.633750
10.450305,30.633750
10.470263,30.633750
10.490171,30.633750
10.510185,30.633750
10.530242,30.633750
10.550562,30.633750
10.570249,30.633750
10.590145,30.633750
10.610233,30.633750
10.630310,30.633745
10.650050,30.633745
10.670136,30.633745
10.690057,30.633745
10.710046,30.633745
10.730094,30.633745
10.750144,30.633745
10.770069,30.633745
10.790009,30.633745
10.810120,30.633745
10.829995,30.633740
10.850048,30.633740
10.869962,30.633740
10.889892,30.633740
10.909909,30.633740
10.929993,30.633740
10.949898,30.633740
10.969891,30.633740
10.990837,30.633740
11.009982,30.633740
11.029906,30.633740
11.049929,30.633734
11.070325,30.633734
11.089876,30.633734
11.109892,30.633734
11.129845,30.633734
11.150057,30.633734
11.170056,30.633734
11.190223,30.633734
11.209926,30.633734
11.229820,30.633729
11.249812,30.633729
11.269883,30.633729
11.289802,30.633729
11.309746,30.633729
11.329817,30.633729
11.349825,30.633729
11.369765,30.633729
11.389714,30.633729
11.409726,30.633729
11.429710,30.633723
11.449928,30.633723
11.469820,30.633723
11.489726,30.633723
11.509696,30.633723
11.529725,30.633723
11.550736,30.633723
11.569675,30.633723
11.589900,30.633723
11.609734,30.633723
11.629691,30.633723
11.650611,30.633716
11.669532,30.633716
11.689489,30.633716
11.710545,30.633716
11.730655,30.633716
11.750685,30.633716
11.770625,30.633716
11.791882,30.633716
11.810773,30.633716
11.830755,30.633716
11.850496,30.633709
11.870537,30.633709
11.890507,30.633709
11.910564,30.633709
11.930500,30.633709
11.950490,30.633709
11.970571,30.633709
11.990420,30.633709
12.010450,30.633709
12.030384,30.633709
12.050440,30.633709
12.070415,30.633702
12.090357,30.633702
12.110455,30.633702
12.130446,30.633702
12.150481,30.633702
12.170376,30.633702
12.190342,30.633702
12.210456,30.633702
12.230329,30.633695
12.250370,30.633695
12.270390,30.633695
12.290336,30.633695
12.310395,30.633695
12.330340,30.633695
12.350344,30.633695
12.370337,30.633695
12.390229,30.633695
12.410330,30.633695
12.430307,30.633687
12.450365,30.633687
12.470326,30.633687
12.490217,30.633687
12.510278,30.633687
12.530209,30.633687
12.550252,30.633687
12.570658,30.633687
12.590460,30.633687
12.610374,30.633687
12.630265,30.633679
12.650306,30.633679
12.670146,30.633679
12.690089,30.633679
12.710137,30.633679
12.730118,30.633679
12.750133,30.633679
12.770099,30.633679
12.790067,30.633679
12.810062,30.633679
12.830186,30.633671
12.850049,30.633671
12.870042,30.633671
12.890028,30.633671
12.910028,30.633671
12.930045,30.633671
12.950007,30.633671
12.970036,30.633671
12.989963,30.633671
13.010012,30.633671
13.029932,30.633671
13.049937,30.633663
13.070051,30.633663
13.089954,30.633663
13.110030,30.633663
13.129902,30.633663
13.149995,30.633663
13.170167,30.633663
13.189853,30.633663
13.209847,30.633663
13.229879,30.633654
13.250120,30.633654
13.270027,30.633654
13.290077,30.633654
13.309799,30.633654
13.329767,30.633654
13.349771,30.633654
13.369856,30.633654
13.389749,30.633654
13.409789,30.633654
13.429759,30.633646
13.449705,30.633646
13.470782,30.633646
13.489689,30.633646
13.509695,30.633646
13.529676,30.633646
13.549819,30.633646
13.571032,30.633646
13.589699,30.633646
13.609851,30.633646
13.629687,30.633636
13.649657,30.633636
13.670636,30.633636
13.689639,30.633636
13.710683,30.633636
13.730641,30.633636
13.750659,30.633636
13.770590,30.633636
13.790564,30.633636
13.810637,30.633636
13.830542,30.633636
13.850517,30.633627
13.870585,30.633627
13.890503,30.633627
13.910543,30.633627
13.930549,30.633627
13.950594,30.633627
13.970467,30.633627
13.990476,30.633627
14.010502,30.633627
14.030644,30.633627
14.050501,30.633627
14.070427,30.633618
14.090430,30.633618
14.110394,30.633618
14.130460,30.633618
14.150430,30.633618
14.170451,30.633618
14.190322,30.633618
14.210461,30.633618
14.230334,30.633609
14.250682,30.633609
14.270359,30.633609
14.290304,30.633609
14.310431,30.633609
14.330300,30.633609
14.350418,30.633609
14.370321,30.633609
14.390340,30.633609
14.410285,30.633609
14.430293,30.633599
14.450379,30.633599
14.470342,30.633599
14.490260,30.633599
14.510233,30.633599
14.530244,30.633599
14.550289,30.633599
14.570207,30.633599
14.590173,30.633599
14.610208,30.633599
14.630228,30.633589
14.650242,30.633589
14.670311,30.633589
14.690145,30.633589
14.710214,30.633589
14.730120,30.633589
14.750082,30.633589
14.770541,30.633589
14.790051,30.633589
14.810075,30.633589
14.830154,30.633579
14.850154,30.633579
14.870138,30.633579
14.890036,30.633579
14.910115,30.633579
14.930030,30.633579
14.950092,30.633579
14.970006,30.633579
14.989975,30.633579
15.009988,30.633579
15.029931,30.633579
15.050063,30.633579
15.070020,30.633569
15.089906,30.633569
15.109943,30.633569
15.129979,30.633569
15.150012,30.633569
15.169909,30.633569
15.189885,30.633569
15.209822,30.633569
15.229846,30.633559
15.249805,30.633559
15.269826,30.633559
15.289798,30.633559
15.309925,30.633559
15.329756,30.633559
15.349870,30.633559
15.369947,30.633559
15.389813,30.633559
15.409741,30.633559
15.429714,30.633549
15.449923,30.633549
15.469811,30.633549
15.490795,30.633549
15.509805,30.633549
15.529876,30.633549
15.549739,30.633549
15.569846,30.633549
15.590691,30.633549
15.610707,30.633549
15.629688,30.633539
15.650782,30.633539
15.670728,30.633539
15.690699,30.633539
15.710698,30.633539
15.730691,30.633539
15.750733,30.633539
15.770691,30.633539
15.790615,30.633539
15.810616,30.633539
15.830643,30.633529
15.850698,30.633529
15.870962,30.633529
15.890538,30.633529
15.910554,30.633529
15.930532,30.633529
15.950529,30.633529
15.970587,30.633529
15.990521,30.633529
16.010403,30.633529
16.030457,30.633529
16.050480,30.633518
16.070489,30.633518
16.090392,30.633518
16.110569,30.633518
16.130414,30.633518
16.150474,30.633518
16.170489,30.633518
16.191000,30.633518
16.210505,30.633518
16.230579,30.633508
16.250405,30.633508
16.270386,30.633508
16.290347,30.633508
16.310406,30.633508
16.330322,30.633508
16.350427,30.633508
16.370441,30.633508
16.390315,30.633508
16.410394,30.633508
16.430256,30.633498
16.450315,30.633498
16.470376,30.633498
16.490312,30.633498
16.510312,30.633498
16.530175,30.633498
16.550265,30.633498
16.570239,30.633498
16.590187,30.633498
16.610130,30.633498
16.630156,30.633487
16.650823,30.633487
16.670284,30.633487
16.691325,30.633487
16.710289,30.633487
16.730355,30.633487
16.750282,30.633487
16.770295,30.633487
16.790443,30.633487
16.810219,30.633487
16.830196,30.633487
16.850296,30.633477
16.870130,30.633477
16.892587,30.633477
16.910146,30.633477
16.930122,30.633477
16.950185,30.633477
16.970190,30.633477
16.990207,30.633477
17.010141,30.633477
17.030078,30.633477
17.050166,30.633477
17.070071,30.633467
17.090095,30.633467
17.110143,30.633467
17.130034,30.633467
17.150013,30.633467
17.169981,30.633467
17.190263,30.633467
17.209991,30.633467
17.229934,30.633467
17.249998,30.633457
17.269996,30.633457
17.289994,30.633457
17.310005,30.633457
17.329915,30.633457
17.349914,30.633457
17.369849,30.633457
17.390979,30.633457
17.409839,30.633457
17.429881,30.633457
17.450011,30.633447
17.470903,30.633447
17.490983,30.633447
17.510771,30.633447
17.530982,30.633447
17.550883,30.633447
17.570754,30.633447
17.590898,30.633447
17.610773,30.633447
17.630730,30.633437
17.650912,30.633437
17.671036,30.633437
17.690841,30.633437
17.710719,30.633437
17.730713,30.633437
17.750758,30.633437
17.770753,30.633437
17.790840,30.633437
17.810739,30.633437
17.830713,30.633427
17.850704,30.633427
17.870693,30.633427
17.890802,30.633427
17.910579,30.633427
17.930592,30.633427
17.950858,30.633427
17.970601,30.633427
17.991321,30.633427
18.010613,30.633427
18.030487,30.633427
18.050642,30.633418
18.070515,30.633418
18.091175,30.633418
18.110815,30.633418
18.130471,30.633418
18.151546,30.633418
18.170565,30.633418
18.190728,30.633418
18.210479,30.633418
18.230483,30.633408
18.250479,30.633408
18.270462,30.633408
18.290514,30.633408
18.310504,30.633408
18.330324,30.633408
18.350451,30.633408
18.370272,30.633408
18.390727,30.633408
18.410348,30.633408
18.430310,30.633399
18.450338,30.633399
18.470286,30.633399
18.491027,30.633399
18.510261,30.633399
18.532045,30.633399
18.550374,30.633399
18.570281,30.633399
18.590295,30.633399
18.610176,30.633399
18.630262,30.633390
18.651047,30.633390
18.670133,30.633390
18.690319,30.633390
18.710152,30.633390
18.730149,30.633390
18.750232,30.633390
18.770070,30.633390
18.790071,30.633390
18.810055,30.633390
18.830250,30.633381
18.850173,30.633381
18.870090,30.633381
18.890063,30.633381
18.910001,30.633381
18.930033,30.633381
18.950013,30.633381
18.970031,30.633381
18.990213,30.633381
19.010051,30.633381
19.029949,30.633381
19.050037,30.633372
19.070050,30.633372
19.090611,30.633372
19.109972,30.633372
19.129917,30.633372
19.149952,30.633372
19.169892,30.633372
19.190062,30.633372
19.210917,30.633372
19.230242,30.633363
19.249974,30.633363
19.270914,30.633363
19.290985,30.633363
19.310869,30.633363
19.330968,30.633363
19.350876,30.633363
19.370847,30.633363
19.390817,30.633363
19.410766,30.633363
19.430883,30.633355
19.450885,30.633355
19.470870,30.633355
19.490839,30.633355
19.510785,30.633355
19.530851,30.633355
19.550828,30.633355
19.570716,30.633355
19.591047,30.633355
19.610652,30.633355
19.630724,30.633355
19.650892,30.633347
19.670688,30.633347
19.691152,30.633347
19.710697,30.633347
19.730715,30.633347
19.750611,30.633347
19.770710,30.633347
19.790708,30.633347
19.810552,30.633347
19.830643,30.633339
19.850584,30.633339
19.870657,30.633339
19.893410,30.633339
19.910521,30.633339
19.930553,30.633339
19.950598,30.633339
19.970583,30.633339
19.990555,30.633339
20.010494,30.633339
20.030509,30.633339
20.051990,30.633339
20.070845,30.633331
20.090641,30.633331
20.110568,30.633331
20.130487,30.633331
20.150487,30.633331
20.170399,30.633331
20.190533,30.633331
20.210450,30.633331
20.230421,30.633324
20.250516,30.633324
20.270512,30.633324
20.290558,30.633324
20.310327,30.633324
20.330303,30.633324
20.350358,30.633324
20.370399,30.633324
20.390348,30.633324
20.410430,30.633324
20.430321,30.633317
20.450577,30.633317
20.470332,30.633317
20.490319,30.633317
20.510243,30.633317
20.530302,30.633317
20.550454,30.633317
20.570240,30.633317
20.590279,30.633317
20.610213,30.633317
20.630255,30.633310
20.650285,30.633310
20.670155,30.633310
20.690617,30.633310
20.710119,30.633310
20.730227,30.633310
20.750143,30.633310
20.770133,30.633310
20.790093,30.633310
20.810070,30.633310
20.830144,30.633303
20.850087,30.633303
20.870077,30.633303
20.890063,30.633303
20.910051,30.633303
20.931310,30.633303
20.950114,30.633303
20.970115,30.633303
20.994629,30.633303
21.010120,30.633303
21.030018,30.633303
21.050076,30.633303
21.070062,30.633297
21.089936,30.633297
21.110999,30.633297
21.130922,30.633297
21.149943,30.633297
21.169843,30.633297
21.189928,30.633297
21.210954,30.633297
21.230891,30.633291
21.250857,30.633291
21.270890,30.633291
21.291002,30.633291
21.310906,30.633291
21.330837,30.633291
21.350779,30.633291
21.370872,30.633291
21.390957,30.633291
21.410841,30.633291
21.430772,30.633285
21.450698,30.633285
21.470686,30.633285
21.490778,30.633285
21.510880,30.633285
21.530670,30.633285
21.550707,30.633285
21.570632,30.633285
21.590727,30.633285
21.610652,30.633285
21.630599,30.633280
21.650662,30.633280
21.670627,30.633280
21.692578,30.633280
21.710541,30.633280
21.730590,30.633280
21.750683,30.633280
21.770502,30.633280
21.794031,30.633280
21.810484,30.633280
21.830496,30.633275
21.850784,30.633275
21.870599,30.633275
21.890594,30.633275
21.910545,30.633275
21.930406,30.633275
21.950755,30.633275
21.970506,30.633275
21.991038,30.633275
22.010383,30.633275
22.030437,30.633275
22.050440,30.633270
22.070421,30.633270
22.090360,30.633270
22.110393,30.633270
22.130464,30.633270
22.150502,30.633270
22.170320,30.633270
22.190378,30.633270
22.210255,30.633270
22.230381,30.633266
22.250297,30.633266
22.270654,30.633266
22.290281,30.633266
22.310224,30.633266
22.330177,30.633266
22.350210,30.633266
22.370183,30.633266
22.390261,30.633266
22.410233,30.633266
22.430176,30.633262
22.450151,30.633262
22.470082,30.633262
22.490151,30.633262
22.510112,30.633262
22.530077,30.633262
22.550111,30.633262
22.570046,30.633262
22.590393,30.633262
22.610047,30.633262
22.630015,30.633262
22.650098,30.633259
22.669957,30.633259
22.691068,30.633259
22.709955,30.633259
22.730036,30.633259
22.749952,30.633259
22.769943,30.633259
22.789962,30.633259
22.810032,30.633259
22.829936,30.633259
22.850984,30.633256
22.869901,30.633256
22.889912,30.633256
22.909966,30.633256
22.929898,30.633256
22.950929,30.633256
22.969893,30.633256
22.990074,30.633256
23.010848,30.633256
23.030941,30.633256
23.050841,30.633256
23.070874,30.633253
23.091300,30.633253
23.110806,30.633253
23.130740,30.633253
23.150795,30.633253
23.170705,30.633253
23.190821,30.633253
23.210827,30.633253
23.230787,30.633251
23.250732,30.633251
23.270652,30.633251
23.290889,30.633251
23.310785,30.633251
23.330650,30.633251
23.350626,30.633251
23.371153,30.633251
23.390593,30.633251
23.410573,30.633251
23.430601,30.633249
23.450538,30.633249
23.470508,30.633249
23.490928,30.633249
23.510536,30.633249
23.530466,30.633249
23.550478,30.633249
23.570504,30.633249
23.590554,30.633249
23.610503,30.633249
23.630573,30.633247
23.650452,30.633247
23.670415,30.633247
23.690703,30.633247
23.710523,30.633247
23.730599,30.633247
23.750583,30.633247
23.770396,30.633247
23.792303,30.633247
23.810400,30.633247
23.830406,30.633246
23.850414,30.633246
23.870372,30.633246
23.890429,30.633246
23.910460,30.633246
23.930454,30.633246
23.950416,30.633246
23.970415,30.633246
23.990382,30.633246
24.010397,30.633246
24.030348,30.633246
24.050262,30.633246
24.070245,30.633246
24.090262,30.633246
24.110261,30.633246
24.130204,30.633246
24.150244,30.633246
24.170213,30.633246
24.192034,30.633246
24.210197,30.633246
24.230152,30.633245
24.250199,30.633245
24.270240,30.633245
24.290241,30.633245
24.310292,30.633245
24.330234,30.633245
24.350186,30.633245
24.370169,30.633245
24.390197,30.633245
24.410104,30.633245
24.430200,30.633245
24.450129,30.633245
24.470095,30.633245
24.490197,30.633245
24.510259,30.633245
24.530019,30.633245
24.549996,30.633245
24.570059,30.633245
24.590063,30.633245
24.610077,30.633245
24.629997,30.633246
24.650992,30.633246
24.669993,30.633246
24.690037,30.633246
24.709895,30.633246
24.730964,30.633246
24.751120,30.633246
24.770859,30.633246
24.792292,30.633246
24.810860,30.633246
24.830890,30.633246
24.850824,30.633247
24.870849,30.633247
24.891783,30.633247
24.910840,30.633247
24.930775,30.633247
24.950800,30.633247
24.971005,30.633247
24.991698,30.633247
25.010852,30.633247
25.030792,30.633247
25.050730,30.633248
25.070721,30.633248
25.091749,30.633248
25.110817,30.633248
25.130666,30.633248
25.151306,30.633248
25.170712,30.633248
25.190667,30.633248
25.210749,30.633248
25.230626,30.633250
25.250610,30.633250
25.270746,30.633250
25.290836,30.633250
25.310596,30.633250
25.330543,30.633250
25.350661,30.633250
25.370974,30.633250
25.390979,30.633250
25.410605,30.633250
25.430536,30.633250
25.450458,30.633252
25.470519,30.633252
25.491504,30.633252
25.510510,30.633252
25.530528,30.633252
25.550464,30.633252
25.570409,30.633252
25.590447,30.633252
25.610402,30.633252
25.630447,30.633255
25.650482,30.633255
25.670394,30.633255
25.690382,30.633255
25.710377,30.633255
25.730299,30.633255
25.750241,30.633255
25.770409,30.633255
25.792236,30.633255
25.810307,30.633255
25.830354,30.633258
25.850329,30.633258
25.870435,30.633258
25.890569,30.633258
25.910222,30.633258
25.930254,30.633258
25.950539,30.633258
25.970241,30.633258
25.990283,30.633258
26.010116,30.633258
26.030251,30.633258
26.050183,30.633262
26.070166,30.633262
26.090198,30.633262
26.110179,30.633262
26.130140,30.633262
26.150054,30.633262
26.170184,30.633262
26.190150,30.633262
26.210106,30.633262
26.230169,30.633265
26.250051,30.633265
26.271020,30.633265
26.290345,30.633265
26.310010,30.633265
26.330611,30.633265
26.350024,30.633265
26.371687,30.633265
26.390949,30.633265
26.409971,30.633265
26.429951,30.633269
26.449950,30.633269
26.471488,30.633269
26.490170,30.633269
26.509914,30.633269
26.530064,30.633269
26.550974,30.633269
26.570916,30.633269
26.591017,30.633269
26.610891,30.633269
26.630873,30.633274
26.650882,30.633274
26.670930,30.633274
26.690849,30.633274
26.710782,30.633274
26.730787,30.633274
26.750893,30.633274
26.771235,30.633274
26.790995,30.633274
26.810807,30.633274
26.830769,30.633279
26.850773,30.633279
26.870836,30.633279
26.890995,30.633279
26.910759,30.633279
26.930722,30.633279
26.950696,30.633279
26.970713,30.633279
26.990802,30.633279
27.010834,30.633279
27.030720,30.633279
27.050758,30.633279
27.070710,30.633284
27.090665,30.633284
27.110671,30.633284
27.130644,30.633284
27.150608,30.633284
27.170568,30.633284
27.191244,30.633284
27.210530,30.633284
27.230543,30.633289
27.250579,30.633289
27.270558,30.633289
27.290503,30.633289
27.310488,30.633289
27.330494,30.633289
27.350446,30.633289
27.370526,30.633289
27.390456,30.633289
27.410465,30.633289
27.430394,30.633295
27.450928,30.633295
27.470510,30.633295
27.490372,30.633295
27.510454,30.633295
27.530405,30.633295
27.550644,30.633295
27.570383,30.633295
27.590683,30.633295
27.610445,30.633295
27.630383,30.633301
27.650503,30.633301
27.670463,30.633301
27.690320,30.633301
27.710312,30.633301
27.730191,30.633301
27.750085,30.633301
27.770079,30.633301
27.789996,30.633301
27.810066,30.633301
27.830029,30.633308
27.849998,30.633308
27.869990,30.633308
27.890057,30.633308
27.910163,30.633308
27.930043,30.633308
27.950059,30.633308
27.970025,30.633308
27.989937,30.633308
28.009988,30.633308
28.029964,30.633308
28.049909,30.633308
28.069951,30.633314
28.089911,30.633314
28.110224,30.633314
28.130006,30.633314
28.149928,30.633314
28.169874,30.633314
28.189866,30.633314
28.209884,30.633314
28.229846,30.633314
28.249846,30.633321
28.270057,30.633321
28.290099,30.633321
28.309924,30.633321
28.329890,30.633321
28.350079,30.633321
28.371043,30.633321
28.389894,30.633321
28.409824,30.633321
28.429669,30.633321
28.450737,30.633329
28.470727,30.633329
28.490655,30.633329
28.510760,30.633329
28.530681,30.633329
28.550719,30.633329
28.570677,30.633329
28.590657,30.633329
28.610656,30.633329
28.630633,30.633329
28.650649,30.633336
28.670596,30.633336
28.690625,30.633336
28.710623,30.633336
28.730600,30.633336
28.750608,30.633336
28.770594,30.633336
28.790605,30.633336
28.810537,30.633336
28.830501,30.633344
28.850623,30.633344
28.870782,30.633344
28.890711,30.633344
28.910597,30.633344
28.930528,30.633344
28.950511,30.633344
28.970474,30.633344
28.990436,30.633344
29.010501,30.633344
29.030575,30.633344
29.050571,30.633352
29.070483,30.633352
29.090447,30.633352
29.110617,30.633352
29.130651,30.633352
29.150558,30.633352
29.170286,30.633352
29.190179,30.633352
29.210234,30.633352
29.230220,30.633361
29.250395,30.633361
29.270481,30.633361
29.290481,30.633361
29.310318,30.633361
29.330412,30.633361
29.350330,30.633361
29.370334,30.633361
29.390280,30.633361
29.410335,30.633361
29.430411,30.633369
29.450591,30.633369
29.470307,30.633369
29.490243,30.633369
29.510300,30.633369
29.530216,30.633369
29.550647,30.633369
29.570288,30.633369
29.591538,30.633369
29.610290,30.633369
29.630315,30.633378
29.650378,30.633378
29.671869,30.633378
29.690321,30.633378
29.710121,30.633378
29.730154,30.633378
29.750093,30.633378
29.770481,30.633378
29.790079,30.633378
29.810104,30.633378
29.830136,30.633387
29.850098,30.633387
29.870156,30.633387
29.890043,30.633387
29.910005,30.633387
29.930049,30.633387
29.949979,30.633387
29.969989,30.633387
29.990054,30.633387
30.009979,30.633387
30.030035,30.633387
30.049912,30.633397
30.070448,30.633397
30.090761,30.633397
30.109990,30.633397
30.129910,30.633397
30.150082,30.633397
30.170925,30.633397
30.189928,30.633397
30.210030,30.633397
30.229858,30.633406
30.250933,30.633406
30.270842,30.633406
30.289913,30.633406
30.309733,30.633406
30.330723,30.633406
30.350808,30.633406
30.370787,30.633406
30.390726,30.633406
30.410752,30.633406
30.430717,30.633406
30.450694,30.633415
30.470666,30.633415
30.490618,30.633415
30.510638,30.633415
30.530635,30.633415
30.550667,30.633415
30.570954,30.633415
30.590595,30.633415
30.610618,30.633415
30.630550,30.633425
30.650670,30.633425
30.670453,30.633425
30.690431,30.633425
30.710392,30.633425
30.730532,30.633425
30.750533,30.633425
30.770401,30.633425
30.790423,30.633425
30.810511,30.633425
30.830470,30.633435
30.850683,30.633435
30.870535,30.633435
30.890419,30.633435
30.910385,30.633435
30.930525,30.633435
30.950505,30.633435
30.970478,30.633435
30.990377,30.633435
31.010417,30.633435
31.030444,30.633435
31.050390,30.633445
31.070362,30.633445
31.090296,30.633445
31.110307,30.633445
31.130292,30.633445
31.151363,30.633445
31.170259,30.633445
31.190134,30.633445
31.210288,30.633445
31.230269,30.633455
31.250178,30.633455
31.270252,30.633455
31.290172,30.633455
31.310261,30.633455
31.330204,30.633455
31.350235,30.633455
31.370169,30.633455
31.390072,30.633455
31.410073,30.633455
31.430110,30.633465
31.450129,30.633465
31.470257,30.633465
31.490043,30.633465
31.510052,30.633465
31.529997,30.633465
31.550110,30.633465
31.570093,30.633465
31.589992,30.633465
31.610029,30.633465
31.630164,30.633475
31.649998,30.633475
31.670120,30.633475
31.689935,30.633475
31.710016,30.633475
31.729973,30.633475
31.749948,30.633475
31.770168,30.633475
31.789892,30.633475
31.809876,30.633475
31.829865,30.633486
31.849941,30.633486
31.870928,30.633486
31.889936,30.633486
31.909935,30.633486
31.929889,30.633486
31.949887,30.633486
31.970965,30.633486
31.989812,30.633486
32.009858,30.633486
32.029795,30.633486
32.050826,30.633496
32.071027,30.633496
32.089930,30.633496
32.109740,30.633496
32.130842,30.633496
32.150746,30.633496
32.170757,30.633496
32.190662,30.633496
32.210695,30.633496
32.230747,30.633506
32.250691,30.633506
32.270721,30.633506
32.290607,30.633506
32.310636,30.633506
32.330569,30.633506
32.350701,30.633506
32.370635,30.633506
32.390617,30.633506
32.410591,30.633506
32.430618,30.633517
32.450632,30.633517
32.470586,30.633517
32.490535,30.633517
32.510571,30.633517
32.530598,30.633517
32.550556,30.633517
32.570597,30.633517
32.590493,30.633517
32.610513,30.633517
32.630494,30.633527
32.650480,30.633527
32.670509,30.633527
32.690453,30.633527
32.710451,30.633527
32.730418,30.633527
32.750404,30.633527
32.770444,30.633527
32.790355,30.633527
32.810379,30.633527
32.830324,30.633537
32.850427,30.633537
32.870509,30.633537
32.890315,30.633537
32.910338,30.633537
32.930321,30.633537
32.950463,30.633537
32.970294,30.633537
32.990242,30.633537
33.010306,30.633537
33.030279,30.633537
33.050370,30.633537
33.070289,30.633547
33.090239,30.633547
33.110275,30.633547
33.130235,30.633547
33.150261,30.633547
33.170239,30.633547
33.190210,30.633547
33.210165,30.633547
33.230215,30.633547
33.250132,30.633558
33.270152,30.633558
33.290074,30.633558
33.310066,30.633558
33.330137,30.633558
33.350069,30.633558
33.370071,30.633558
33.390033,30.633558
33.410032,30.633558
33.430088,30.633558
33.450063,30.633568
33.470007,30.633568
33.489960,30.633568
33.510009,30.633568
33.529947,30.633568
33.549977,30.633568
33.570051,30.633568
33.589914,30.633568
33.609912,30.633568
33.629905,30.633578
33.649867,30.633578
33.669914,30.633578
33.690912,30.633578
33.709926,30.633578
33.729893,30.633578
33.749899,30.633578
33.770844,30.633578
33.790790,30.633578
33.809828,30.633578
33.829820,30.633588
33.849759,30.633588
33.870785,30.633588
33.890768,30.633588
33.910826,30.633588
33.930755,30.633588
33.950821,30.633588
33.970755,30.633588
33.990849,30.633588
34.010719,30.633588
34.030774,30.633588
34.050714,30.633598
34.070683,30.633598
34.090667,30.633598
34.110826,30.633598
34.130798,30.633598
34.150698,30.633598
34.170602,30.633598
34.190602,30.633598
34.210634,30.633598
34.230577,30.633608
34.250637,30.633608
34.270657,30.633608
34.290595,30.633608
34.310569,30.633608
34.330528,30.633608
34.350823,30.633608
34.370564,30.633608
34.390739,30.633608
34.410557,30.633608
34.430496,30.633617
34.450521,30.633617
34.470550,30.633617
34.490499,30.633617
34.510478,30.633617
34.530462,30.633617
34.550384,30.633617
34.570523,30.633617
34.590321,30.633617
34.610411,30.633617
34.630449,30.633626
34.650403,30.633626
34.670334,30.633626
34.690318,30.633626
34.710394,30.633626
34.730331,30.633626
34.750328,30.633626
34.770340,30.633626
34.790245,30.633626
34.810259,30.633626
34.830285,30.633636
34.850239,30.633636
34.870265,30.633636
34.890210,30.633636
34.910257,30.633636
34.930249,30.633636
34.950269,30.633636
34.970273,30.633636
34.990187,30.633636
35.010294,30.633636
35.030235,30.633636
35.050174,30.633644
35.070212,30.633644
35.090109,30.633644
35.110204,30.633644
35.130195,30.633644
35.150071,30.633644
35.170103,30.633644
35.190055,30.633644
35.210116,30.633644
35.230096,30.633653
35.250088,30.633653
35.270056,30.633653
35.289992,30.633653
35.310004,30.633653
35.330009,30.633653
35.349990,30.633653
35.370003,30.633653
35.389921,30.633653
35.409966,30.633653
35.430009,30.633662
35.449978,30.633662
35.470152,30.633662
35.489839,30.633662
35.510925,30.633662
35.529881,30.633662
35.549841,30.633662
35.569843,30.633662
35.590790,30.633662
35.610853,30.633662
35.630801,30.633670
35.650771,30.633670
35.670781,30.633670
35.690731,30.633670
35.710788,30.633670
35.730795,30.633670
35.750787,30.633670
35.770801,30.633670
35.790711,30.633670
35.810812,30.633670
35.830708,30.633670
35.850739,30.633679
35.870723,30.633679
35.890669,30.633679
35.910774,30.633679
35.930707,30.633679
35.950783,30.633679
35.970588,30.633679
35.990650,30.633679
36.010557,30.633679
36.030602,30.633679
36.050596,30.633679
36.070670,30.633686
36.090551,30.633686
36.110615,30.633686
36.130605,30.633686
36.150654,30.633686
36.170500,30.633686
36.190461,30.633686
36.210530,30.633686
36.230559,30.633694
36.250469,30.633694
36.270446,30.633694
36.290448,30.633694
36.310658,30.633694
36.330697,30.633694
36.350441,30.633694
36.370347,30.633694
36.390288,30.633694
36.410340,30.633694
36.430329,30.633702
36.450340,30.633702
36.470323,30.633702
36.490217,30.633702
36.510313,30.633702
36.530277,30.633702
36.550325,30.633702
36.570316,30.633702
36.590248,30.633702
36.610258,30.633702
36.630495,30.633709
36.650455,30.633709
36.670290,30.633709
36.690228,30.633709
36.710246,30.633709
36.730265,30.633709
36.750246,30.633709
36.770243,30.633709
36.790280,30.633709
36.810257,30.633709
36.830355,30.633716
36.850225,30.633716
36.870106,30.633716
36.890083,30.633716
36.910145,30.633716
36.930125,30.633716
36.950105,30.633716
36.970061,30.633716
36.990000,30.633716
37.010302,30.633716
37.030066,30.633716
37.050025,30.633722
37.070003,30.633722
37.089925,30.633722
37.109971,30.633722
37.129996,30.633722
37.150038,30.633722
37.169937,30.633722
37.189884,30.633722
37.209938,30.633722
37.230112,30.633729
37.250081,30.633729
37.269967,30.633729
37.289840,30.633729
37.310828,30.633729
37.330804,30.633729
37.349821,30.633729
37.369731,30.633729
37.390747,30.633729
37.410760,30.633729
37.430812,30.633734
37.450781,30.633734
37.470775,30.633734
37.491100,30.633734
37.510816,30.633734
37.530828,30.633734
37.550866,30.633734
37.570714,30.633734
37.590680,30.633734
37.610707,30.633734
37.630759,30.633740
37.650678,30.633740
37.670654,30.633740
37.690660,30.633740
37.710619,30.633740
37.730674,30.633740
37.750655,30.633740
37.770588,30.633740
37.790541,30.633740
37.810635,30.633740
37.830544,30.633745
37.850563,30.633745
37.870593,30.633745
37.890491,30.633745
37.910510,30.633745
37.930520,30.633745
37.950525,30.633745
37.970572,30.633745
37.990447,30.633745
38.010495,30.633745
38.030556,30.633745
38.050614,30.633750
38.070480,30.633750
38.090430,30.633750
38.110585,30.633750
38.130375,30.633750
38.150354,30.633750
38.170349,30.633750
38.190336,30.633750
38.210409,30.633750
38.230356,30.633755
38.250330,30.633755
38.270370,30.633755
38.290256,30.633755
38.310153,30.633755
38.330171,30.633755
38.350404,30.633755
38.370160,30.633755
38.390157,30.633755
38.410220,30.633755
38.430180,30.633759
38.450411,30.633759
38.470301,30.633759
38.490098,30.633759
38.510189,30.633759
38.530110,30.633759
38.550183,30.633759
38.570196,30.633759
38.590370,30.633759
38.610310,30.633759
38.630144,30.633763
38.650180,30.633763
38.670075,30.633763
38.690037,30.633763
38.710057,30.633763
38.730140,30.633763
38.750068,30.633763
38.770098,30.633763
38.790002,30.633763
38.810066,30.633763
38.830041,30.633763
38.850051,30.633767
38.870070,30.633767
38.889954,30.633767
38.910027,30.633767
38.929988,30.633767
38.950023,30.633767
38.969929,30.633767
38.989939,30.633767
39.009965,30.633767
39.029927,30.633767
39.049960,30.633767
39.069988,30.633770
39.090063,30.633770
39.109881,30.633770
39.130980,30.633770
39.150174,30.633770
39.169937,30.633770
39.189879,30.633770
39.209809,30.633770
39.230916,30.633772
39.249813,30.633772
39.270844,30.633772
39.290780,30.633772
39.310872,30.633772
39.330856,30.633772
39.350749,30.633772
39.370821,30.633772
39.390760,30.633772
39.410834,30.633772
39.430755,30.633775
39.450811,30.633775
39.470806,30.633775
39.490716,30.633775
39.510819,30.633775
39.530796,30.633775
39.550767,30.633775
39.570778,30.633775
39.590683,30.633775
39.610666,30.633775
39.630749,30.633777
39.650662,30.633777
39.670727,30.633777
39.690645,30.633777
39.710949,30.633777
39.730702,30.633777
39.750801,30.633777
39.770700,30.633777
39.790779,30.633777
39.810756,30.633777
39.830805,30.633778
39.850560,30.633778
39.870666,30.633778
39.890583,30.633778
39.910646,30.633778
39.930665,30.633778
39.950593,30.633778
39.970576,30.633778
39.990560,30.633778
40.010549,30.633778
40.030457,30.633778
40.050509,30.633780
40.070507,30.633780
40.090465,30.633780
40.110504,30.633780
40.130480,30.633780
40.150677,30.633780
40.170502,30.633780
40.190403,30.633780
40.210432,30.633780
40.230462,30.633780
40.250443,30.633780
40.270421,30.633780
40.290361,30.633780
40.310568,30.633780
40.330359,30.633780
40.350322,30.633780
40.370380,30.633780
40.390250,30.633780
40.410336,30.633780
40.430436,30.633781
40.450441,30.633781
40.470323,30.633781
40.490251,30.633781
40.510287,30.633781
40.530296,30.633781
40.550210,30.633781
40.570254,30.633781
40.590166,30.633781
40.610187,30.633781
40.630481,30.633781
40.651179,30.633781
40.670259,30.633781
40.690191,30.633781
40.710280,30.633781
40.730265,30.633781
40.750306,30.633781
40.770213,30.633781
40.790071,30.633781
40.810081,30.633781
40.830180,30.633781
40.850134,30.633781
40.870132,30.633781
40.890161,30.633781
40.910305,30.633781
40.930155,30.633781
40.950081,30.633781
40.970112,30.633781
40.990034,30.633781
41.010064,30.633781
41.029989,30.633781
41.050036,30.633780
41.069988,30.633780
41.089987,30.633780
41.110063,30.633780
41.130151,30.633780
41.150064,30.633780
41.169990,30.633780
41.189980,30.633780
41.209973,30.633780
41.229969,30.633778
41.250910,30.633778
41.269924,30.633778
41.289839,30.633778
41.311027,30.633778
41.330873,30.633778
41.350862,30.633778
41.370884,30.633778
41.390795,30.633778
41.410932,30.633778
41.430840,30.633777
41.450866,30.633777
41.470793,30.633777
41.490775,30.633777
41.510855,30.633777
41.530761,30.633777
41.550823,30.633777
41.570774,30.633777
41.590711,30.633777
41.610750,30.633777
41.630724,30.633775
41.650723,30.633775
41.670759,30.633775
41.690652,30.633775
41.710720,30.633775
41.730651,30.633775
41.750719,30.633775
41.770613,30.633775
41.790580,30.633775
41.810599,30.633775
41.830679,30.633772
41.850613,30.633772
41.870582,30.633772
41.890538,30.633772
41.910608,30.633772
41.930606,30.633772
41.950664,30.633772
41.970535,30.633772
41.990523,30.633772
42.010524,30.633772
42.030441,30.633772
42.050473,30.633769
42.070570,30.633769
42.090436,30.633769
42.110488,30.633769
42.130463,30.633769
42.150489,30.633769
42.170450,30.633769
42.190370,30.633769
42.210467,30.633769
42.230351,30.633766
42.250410,30.633766
42.270322,30.633766
42.290310,30.633766
42.310338,30.633766
42.330340,30.633766
42.350324,30.633766
42.370287,30.633766
42.390246,30.633766
42.410278,30.633766
42.430300,30.633762
42.450217,30.633762
42.470218,30.633762
42.490238,30.633762
42.510226,30.633762
42.530249,30.633762
42.550236,30.633762
42.570292,30.633762
42.590192,30.633762
42.610251,30.633762
42.630264,30.633758
42.650237,30.633758
42.670227,30.633758
42.690094,30.633758
42.710176,30.633758
42.730152,30.633758
42.750163,30.633758
42.770044,30.633758
42.790068,30.633758
42.810150,30.633758
42.830122,30.633754
42.850127,30.633754
42.870057,30.633754
42.890006,30.633754
42.910166,30.633754
42.930000,30.633754
42.949956,30.633754
42.971067,30.633754
42.989929,30.633754
43.009969,30.633754
43.030091,30.633754
43.049978,30.633749
43.070909,30.633749
43.089896,30.633749
43.110008,30.633749
43.129887,30.633749
43.150998,30.633749
43.170983,30.633749
43.190846,30.633749
43.210919,30.633749
43.229883,30.633744
43.250989,30.633744
43.270991,30.633744
43.290799,30.633744
43.310873,30.633744
43.330951,30.633744
43.350840,30.633744
43.370873,30.633744
43.390791,30.633744
43.410809,30.633744
43.430782,30.633739
43.450788,30.633739
43.470742,30.633739
43.490729,30.633739
43.510746,30.633739
43.530897,30.633739
43.550861,30.633739
43.570716,30.633739
43.590675,30.633739
43.610768,30.633739
43.630710,30.633733
43.650700,30.633733
43.670717,30.633733
43.690650,30.633733
43.710743,30.633733
43.730601,30.633733
43.750670,30.633733
43.770565,30.633733
43.790567,30.633733
43.810617,30.633733
43.830634,30.633727
43.850554,30.633727
43.870620,30.633727
43.891003,30.633727
43.910545,30.633727
43.930557,30.633727
43.950677,30.633727
43.970520,30.633727
43.990476,30.633727
44.010561,30.633727
44.030510,30.633727
44.050545,30.633720
44.070538,30.633720
44.090415,30.633720
44.110466,30.633720
44.130466,30.633720
44.150944,30.633720
44.170480,30.633720
44.190378,30.633720
44.210371,30.633720
44.230399,30.633713
44.250438,30.633713
44.270383,30.633713
44.290274,30.633713
44.310327,30.633713
44.330299,30.633713
44.350265,30.633713
44.370269,30.633713
44.390234,30.633713
44.410356,30.633713
44.430208,30.633713
44.450296,30.633706
44.470252,30.633706
44.490265,30.633706
44.510190,30.633706
44.530222,30.633706
44.550191,30.633706
44.570202,30.633706
44.590176,30.633706
44.610230,30.633706
44.630278,30.633706
44.650233,30.633699
44.670325,30.633699
44.690117,30.633699
44.710202,30.633699
44.730185,30.633699
44.750144,30.633699
44.770342,30.633699
44.790079,30.633699
44.810090,30.633699
44.830091,30.633691
44.850317,30.633691
44.870171,30.633691
44.889962,30.633691
44.910009,30.633691
44.930072,30.633691
44.949925,30.633691
44.969963,30.633691
44.990885,30.633691
45.010024,30.633691
45.029947,30.633691
45.049951,30.633691
45.069949,30.633684
45.090919,30.633684
45.109931,30.633684
45.129959,30.633684
45.151001,30.633684
45.170858,30.633684
45.190816,30.633684
45.210838,30.633684
45.230983,30.633675
45.250894,30.633675
45.270987,30.633675
45.290807,30.633675
45.310907,30.633675
45.330922,30.633675
45.350892,30.633675
45.370868,30.633675
45.390754,30.633675
45.410741,30.633675
45.430836,30.633667
45.450773,30.633667
45.470792,30.633667
45.490793,30.633667
45.510688,30.633667
45.530725,30.633667
45.550723,30.633667
45.570776,30.633667
45.590689,30.633667
45.610725,30.633667
45.630732,30.633658
45.650725,30.633658
45.670756,30.633658
45.690680,30.633658
45.710714,30.633658
45.730673,30.633658
45.750595,30.633658
45.770602,30.633658
45.790569,30.633658
45.810578,30.633658
45.830552,30.633649
45.850574,30.633649
45.870570,30.633649
45.890501,30.633649
45.910478,30.633649
45.930548,30.633649
45.950509,30.633649
45.970478,30.633649
45.990864,30.633649
46.010496,30.633649
46.030507,30.633649
46.050427,30.633640
46.070453,30.633640
46.090373,30.633640
46.110378,30.633640
46.130443,30.633640
46.150378,30.633640
46.170443,30.633640
46.190332,30.633640
46.210388,30.633640
46.230387,30.633631
46.250386,30.633631
46.270381,30.633631
46.290848,30.633631
46.310480,30.633631
46.330506,30.633631
46.350485,30.633631
46.370448,30.633631
46.390344,30.633631
46.410295,30.633631
46.430231,30.633622
46.450260,30.633622
46.470229,30.633622
46.490185,30.633622
46.510279,30.633622
46.530267,30.633622
46.550245,30.633622
46.570195,30.633622
46.590182,30.633622
46.610128,30.633622
46.630157,30.633612
46.650177,30.633612
46.670129,30.633612
46.690126,30.633612
46.710162,30.633612
46.730069,30.633612
46.750126,30.633612
46.770138,30.633612
46.790019,30.633612
46.810022,30.633612
46.830016,30.633602
46.850029,30.633602
46.870078,30.633602
46.890116,30.633602
46.911007,30.633602
46.929981,30.633602
46.949975,30.633602
46.969938,30.633602
46.990961,30.633602
47.011004,30.633602
47.030883,30.633602
47.050931,30.633593
47.070925,30.633593
47.090966,30.633593
47.110915,30.633593
47.130880,30.633593
47.151109,30.633593
47.171035,30.633593
47.190821,30.633593
