0.227367,0.756938
0.247572,0.093735
0.267282,0.660118
0.287276,1.017929
0.307158,0.232712
0.327244,0.988558
0.347163,0.528686
0.367153,0.534154
0.387125,1.217157
0.407170,-0.029805
0.427261,0.980237
0.447109,0.554099
0.467180,-0.039522
0.487347,1.084241
0.507085,-0.090578
0.527139,0.577908
0.547183,0.351277
0.567122,-0.524262
0.587095,0.280730
0.607099,0.379454
0.627222,0.309295
0.647257,0.874325
0.667107,0.621280
0.687137,0.494942
0.707088,0.992092
0.727125,0.284697
0.747023,0.463092
0.767161,1.168426
0.787002,0.308956
0.807294,0.976042
0.826985,0.680316
0.846999,0.209747
0.867052,1.206376
0.887037,-0.142198
0.907134,0.914655
0.926980,0.481462
0.946981,-0.399099
0.966966,0.662379
0.986936,0.275908
1.006962,0.251045
1.026840,0.634818
1.046875,-0.043667
1.066900,0.100096
1.086867,0.482479
1.106958,-0.077610
1.127105,0.719538
1.147839,0.767245
1.167917,0.444698
1.187012,0.755625
1.206845,0.253270
1.226787,0.587399
1.246701,1.384920
1.266842,0.204355
1.286887,0.798935
1.306771,0.437111
1.326782,-0.271210
1.346804,1.023343
1.366785,-0.052944
1.386779,0.319784
1.406765,0.523730
1.426667,-0.231153
1.446994,0.215056
1.466985,0.540486
1.486682,0.138029
1.506817,0.747437
1.527118,0.560274
1.546842,0.377913
1.566696,0.676171
1.586746,0.501175
1.606781,-0.038183
1.626755,1.229564
1.647714,0.307170
1.666620,0.413636
1.686594,0.750361
1.706805,0.089931
1.726806,0.148557
1.747577,0.647778
1.767021,-0.071360
1.786638,0.497668
1.807528,1.150837
1.827612,0.496600
1.847603,0.500209
1.867569,0.880741
1.886562,-0.567146
1.906537,-0.120669
1.926964,0.296977
1.947731,0.104554
1.967638,-0.652816
1.986673,0.017086
2.007526,-0.035832
2.027632,-0.285106
2.047609,0.259039
2.068220,0.565181
2.088781,1.606655
2.107653,0.408447
2.127630,0.346261
2.147623,-0.413387
2.167765,0.080846
2.187384,0.901034
2.207477,1.590819
2.227430,1.388729
2.247510,1.340462
2.267585,3.255468
2.287502,0.976840
2.307536,0.395972
2.327537,3.253600
2.347590,0.946332
2.367462,3.357221
2.387345,3.837872
2.407476,2.917652
2.427464,3.811665
2.447371,1.622900
2.467360,1.642320
2.487350,1.916405
2.507317,1.003646
2.527319,2.782565
2.547404,1.833619
2.567428,1.370393
2.587296,1.875401
2.607441,-0.209439
2.627354,0.558496
2.647458,0.208146
2.667242,1.879872
2.687213,0.721430
2.708186,2.361591
2.728875,2.510482
2.747686,2.605891
2.767274,1.929052
2.787305,1.602809
2.807199,1.153856
2.827211,1.142933
2.847269,1.717257
2.867223,1.068423
2.887303,4.085773
2.908192,1.668242
2.928067,2.474175
2.947347,1.357053
2.967127,0.957153
2.987295,1.303371
3.007180,2.564462
3.027260,2.502117
3.047204,3.044165
3.067224,2.883680
3.087138,0.564248
3.107077,1.846886
3.127074,1.000251
3.147259,3.126688
3.167064,3.343173
3.187019,2.108365
3.207248,2.023658
3.227196,0.785725
3.247011,2.433147
3.267076,2.822842
3.287182,1.449203
3.307138,2.694627
3.326989,1.742745
3.347106,2.214466
3.367196,3.221046
3.387144,1.829203
3.407049,3.507432
3.427068,2.466767
3.447017,0.676592
3.467092,1.742383
3.487025,3.006151
3.507044,4.303450
3.527086,1.121329
3.546973,1.706465
3.567147,0.399963
3.587086,1.239163
3.606954,1.918867
3.626916,0.890738
3.646996,1.801113
3.666930,0.423523
3.687014,1.547042
3.706916,0.618604
3.726977,2.020160
3.747609,1.606024
3.767017,1.896880
3.786968,2.040796
3.806848,2.601212
3.827061,1.795812
3.846873,2.802146
3.866743,1.550775
3.886816,1.977412
3.906825,0.788891
3.926764,1.783401
3.946780,-0.725740
3.966818,2.000325
3.986793,-0.002882
4.006877,3.569687
4.026804,0.750026
4.046856,2.113616
4.066753,1.169703
4.086917,1.665202
4.106880,2.530649
4.126729,0.867212
4.146897,0.676165
4.166746,-0.325385
4.186729,3.755215
4.206795,0.461605
4.226873,-0.000375
4.246679,2.736161
4.266686,1.759655
4.286779,1.566560
4.306838,1.020033
4.326964,1.112869
4.346749,0.699200
4.366656,3.230728
4.386712,2.767029
4.406653,0.906602
4.426562,0.155700
4.447684,0.680801
4.467694,3.631592
4.487699,2.566064
4.507584,0.868150
4.527773,1.202233
4.547804,2.860663
4.567717,0.613864
4.587717,1.502896
4.607540,2.189535
4.627702,1.502515
4.647686,0.980823
4.667628,-0.105053
4.688491,2.456518
4.708574,0.380477
4.728096,1.104974
4.747815,1.915456
4.767550,1.972206
4.787413,0.442889
4.807584,1.261983
4.827579,-1.133885
4.847526,1.763901
4.867515,1.033621
4.887513,2.299942
4.907595,3.258572
4.927484,1.487350
4.947379,-0.514173
4.967540,2.459222
4.987392,-0.603487
5.007429,2.646915
5.027428,0.736690
5.047443,0.981296
5.067543,2.196741
5.087456,1.650303
5.107358,0.084134
5.127357,2.271416
5.147444,-1.047459
5.167339,2.244885
5.187381,1.236667
5.207401,1.844151
5.227307,1.365491
5.247407,1.304751
5.267377,0.617923
5.287552,3.437565
5.307346,-0.477694
5.327446,2.793701
5.347416,0.017107
5.367607,1.141975
5.387301,1.535287
5.407504,1.476942
5.427283,0.110317
5.447518,0.691711
5.467538,0.084020
5.487633,1.711641
5.507386,1.334855
5.527355,0.830842
5.547544,2.365839
5.567304,-1.234523
5.587472,2.756396
5.607378,1.160193
5.627456,1.069384
5.647355,2.531431
5.667448,0.502638
5.687280,1.004549
5.707174,0.210646
5.727180,1.389033
5.747195,3.246119
5.767122,2.361214
5.787255,0.024992
5.807119,2.304741
5.827238,0.475531
5.847296,2.485274
5.867081,-0.091652
5.887250,0.296497
5.907132,2.056527
5.927417,0.205017
5.947100,2.114481
5.967108,0.645612
5.987151,2.212390
6.007050,1.918738
6.027105,0.735515
6.047009,0.738760
6.067008,0.312726
6.087339,1.449406
6.107320,0.856029
6.127149,0.466242
6.147024,-1.104079
6.167122,1.601460
6.187062,1.853219
6.207103,1.912793
6.227425,1.573291
6.247184,0.934654
6.266990,1.964168
6.287094,-0.245245
6.307168,1.953855
6.327141,0.130438
6.347037,-0.188225
6.367021,1.233397
6.387061,-1.204213
6.406989,0.735099
6.426973,-1.664153
6.446983,-0.640899
6.467014,1.759634
6.487031,0.154426
6.507312,1.367920
6.526975,-1.093448
6.546889,0.485047
6.567122,1.015973
6.586908,0.522426
6.607270,2.578512
6.626897,1.315688
6.646891,1.689391
6.666994,2.071033
6.686809,1.467110
6.706745,3.012603
6.726877,1.221743
6.746780,2.246260
6.766724,2.655848
6.786920,0.898398
6.806947,2.364446
6.827131,-0.402572
6.846748,0.314540
6.866786,1.744815
6.887087,0.309636
6.906905,2.190043
6.926757,-0.439139
6.946788,-0.304362
6.966926,2.056045
6.986743,-0.105884
7.006748,2.379168
7.026870,0.860998
7.047905,0.918141
7.066612,1.968241
7.086614,0.307832
7.106728,1.099908
7.126709,0.073804
7.146612,-0.843366
7.166552,1.954444
7.186939,1.201005
7.207669,1.309008
7.227553,0.757738
7.247557,0.878534
7.267733,0.645535
7.287788,2.015815
7.307643,0.082931
7.327667,-0.063553
7.347700,1.264229
7.367588,0.588348
7.387547,0.342842
7.407649,0.824710
7.427630,-0.523752
7.448162,1.384691
7.467427,0.764258
7.487640,0.699680
7.507626,1.164463
7.527754,1.666549
7.547513,1.006315
7.567613,0.096049
7.587663,1.104564
7.607658,1.114821
7.627472,1.153898
7.647417,2.357791
7.667537,1.438421
7.687559,1.593042
7.707481,0.163940
7.727492,0.968623
7.747484,1.705088
7.767625,2.365695
7.787454,2.088108
7.807357,1.576131
7.827417,2.955827
7.847702,-0.033522
7.867455,0.242520
7.887397,0.711688
7.907502,1.014637
7.927374,-0.453369
7.947646,-0.880248
7.967470,-0.478504
7.987472,-0.919305
8.007532,-1.577252
8.028152,-0.922612
8.049563,-0.582306
8.067314,1.253979
8.087354,-0.860650
8.107233,1.454343
8.127382,0.701534
8.147274,2.415521
8.167641,2.177739
8.187253,2.235652
8.207529,3.086614
8.227255,1.262636
8.247186,2.629951
8.267199,0.973502
8.287220,1.573936
8.307186,0.946895
8.327325,0.267978
8.347166,-0.273258
8.367400,-2.033861
8.387295,-1.264652
8.407125,-0.860843
8.427129,0.019784
8.447174,-0.090864
8.467203,-0.225331
8.487329,0.494028
8.507210,0.161946
8.527196,2.364289
8.547220,0.968878
8.567137,2.656396
8.587133,1.950955
8.607200,1.557914
8.627188,2.160561
8.647107,0.632913
8.667829,0.858358
8.687888,-1.254202
8.707323,0.748547
8.727045,-0.938580
8.749660,-0.838560
8.767188,0.191817
8.787123,-0.227425
8.807117,0.393671
8.827030,-1.148397
8.846980,1.185170
8.867047,1.249516
8.886908,2.125702
8.906944,1.960325
8.927079,1.466197
8.947020,1.697219
8.967101,0.702471
8.987010,1.438052
9.007048,1.008030
9.028001,1.181503
9.048617,0.433813
9.066929,1.014656
9.086852,-1.282832
9.106972,-2.029714
9.127209,-0.681792
9.147032,-0.769308
9.166962,-0.620150
9.186778,-0.980048
9.207076,-1.666204
9.226938,-1.426069
9.246791,-1.866794
9.266789,-0.187640
9.286690,0.381011
9.306775,1.361205
9.326735,1.268129
9.346894,1.425448
9.366834,-0.050420
9.386757,0.171318
9.406890,0.887377
9.426865,1.148359
9.446810,-0.606244
9.466660,0.325269
9.486762,0.281894
9.506716,-0.055518
9.526760,-0.070740
9.546664,-0.663723
9.566699,-1.294739
9.586749,-0.831935
9.606709,0.026090
9.626791,-0.275962
9.646693,-0.990103
9.666687,-0.412824
9.686666,-0.629982
9.706604,-0.650329
9.727636,-0.768090
9.746772,-0.980723
9.766755,-1.930233
9.786572,-1.016383
9.807704,-0.479465
9.827607,0.496877
9.847892,-0.645039
9.867553,-1.247937
9.887573,-0.143778
9.907612,-1.294915
9.927690,-1.211507
9.947573,-1.108230
9.967685,-0.271570
9.987821,-0.876106
10.007451,-1.548631
10.027417,-0.815359
10.047575,-1.076703
10.067378,-1.482805
10.087663,-0.535182
10.107496,0.041651
10.127487,-1.708736
10.147589,0.770253
10.167460,0.072290
10.187501,-2.129608
10.207392,-1.194165
10.227511,-1.601779
10.247534,-2.459807
10.267318,-0.031430
10.287306,-0.961137
10.307589,-0.817981
10.327633,0.280305
10.347383,-0.578689
10.367298,-0.722511
10.387430,-1.228139
10.407631,-2.194335
10.427312,1.540598
10.447334,-1.172774
10.467349,-0.111771
10.487366,-1.394605
10.507336,-2.159638
10.527385,-1.644346
10.547690,-0.154460
10.567272,-1.052913
10.588147,-1.190469
10.608102,0.435101
10.627427,-2.753230
10.647375,0.215872
10.667346,-1.221450
10.687324,0.447458
10.707485,-0.928384
10.727484,-1.211789
10.747320,-0.252530
10.767203,-0.280579
10.788579,-0.429878
10.807252,-2.204507
10.827488,-0.048691
10.847434,-0.412647
10.867189,0.348863
10.887367,-1.920127
10.907293,-1.324443
10.927310,-1.899289
10.947216,-1.269142
10.967062,-0.096965
10.987195,-0.829243
11.007280,0.569396
11.027219,-1.406592
11.047181,0.130462
11.067103,-2.612749
11.087028,0.697172
11.107140,-2.579670
11.127088,0.612720
11.147246,-1.917042
11.167055,-0.824047
11.187063,-1.247018
11.207135,-2.081512
11.226979,0.189937
11.247047,-1.734636
11.266979,0.720486
11.287169,-1.046144
11.307199,-0.904205
11.327006,-0.348802
11.346940,-1.377575
11.368047,-0.782628
11.387474,0.451501
11.406952,-1.452784
11.426952,-0.923148
11.446914,-1.626863
11.467205,-2.659492
11.486950,0.218330
11.506991,-0.935696
11.527079,-1.202996
11.546998,-0.867966
11.566855,-2.120392
11.587077,-0.350555
11.607033,-0.328242
11.627146,-1.856733
11.647011,-1.986274
11.666998,-0.765731
11.687213,-1.753243
11.706997,-1.410658
11.727157,-0.466117
11.747128,-0.050119
11.767013,-0.882228
11.787128,-0.066668
11.807036,-0.623121
11.826789,-0.959245
11.846835,-0.204223
11.866723,0.056349
11.886908,-1.346652
11.906959,-1.303458
11.926804,-1.332194
11.946802,0.351580
11.966748,1.273401
11.986874,0.155662
12.006840,-0.713319
12.026892,-1.825657
12.046860,-1.712281
12.066869,-0.507614
12.086822,0.817956
12.106866,1.186311
12.127234,0.761192
12.146809,-0.740334
12.166804,-0.079514
12.186760,-0.529677
12.206725,0.082682
12.226912,-0.366220
12.247756,0.281820
12.266760,-0.472875
12.286669,-0.624419
12.307798,-1.176729
12.327783,-0.558952
12.347728,-0.393837
12.367605,-0.341687
12.387707,-0.721620
12.407653,-0.273724
12.427680,-0.326702
12.447732,0.195057
12.467571,-0.298811
12.487744,-0.288783
12.507607,0.297444
12.527734,0.484180
12.547709,-0.047130
12.567416,0.257017
12.587616,0.445815
12.607558,-0.543739
12.627495,0.347710
12.647720,0.394381
12.667451,-0.325888
12.687483,-0.504317
12.707546,0.400995
12.727555,-0.011005
12.747659,0.010890
12.767365,1.152490
12.787597,0.653260
12.807503,0.280836
12.827430,1.006142
12.847424,0.332227
12.867460,-0.621341
12.887569,-0.071386
12.907505,-0.250875
12.927341,-0.216354
12.947737,0.720268
12.967450,0.625210
12.987311,0.309391
13.007433,1.079910
13.027476,0.495526
13.047331,0.352002
13.067394,0.440599
13.087410,-0.185452
13.107251,-0.092493
13.127296,0.412789
13.147292,-0.170755
13.167256,-0.017984
13.187270,0.318811
13.207195,-0.279466
13.227240,0.008366
13.247758,0.954743
13.267214,-0.096598
13.287344,0.911622
13.307290,0.269590
13.327341,0.117119
13.347213,0.529117
13.367176,-0.316403
13.387361,0.020554
13.407213,0.463712
13.427195,-0.161241
13.447348,-0.044302
13.467066,0.158621
13.487525,-0.014076
13.507295,-0.075776
13.527158,0.260238
13.547141,-0.217179
13.567209,0.763729
13.587074,0.288128
13.607280,-0.471988
13.627208,0.178357
13.647084,-0.290023
13.667027,-0.422780
13.687064,0.417272
13.707223,0.100379
13.727128,0.065558
13.747095,0.828115
13.767014,0.322441
13.787110,-0.019643
13.807153,0.458550
13.827050,-0.356174
13.847016,-0.479328
13.866958,0.276162
13.887060,-0.201801
13.907073,0.009049
13.927011,0.606231
13.947058,0.266025
13.966969,0.561161
13.986980,0.823700
14.006938,-0.250596
14.027068,0.556608
14.047013,0.438061
14.066861,-0.282447
14.087016,-0.217563
14.106888,-0.374635
14.126948,-0.330164
14.146830,0.313377
14.166931,-0.147767
14.186802,0.238651
14.207053,0.728030
14.226974,0.081557
14.246973,0.562467
14.266789,0.490579
14.286870,0.042855
14.306937,0.724630
14.326891,-0.024346
14.346939,0.333232
14.366816,0.373340
14.386905,-0.279135
14.406834,0.859769
14.426871,0.010306
14.446934,0.364775
14.466937,0.649875
14.486845,-0.202855
14.506898,0.897496
14.527005,0.479484
14.546895,0.218203
14.566925,0.501516
14.586830,-0.456711
14.606824,0.749603
14.626773,0.317733
14.646802,0.205274
14.666767,0.213181
14.686875,-0.604670
14.706712,-0.085265
14.726644,0.103293
14.747710,-0.321911
14.766639,0.195373
14.786638,-0.165786
14.807708,-0.087761
14.827710,0.136910
14.848450,-0.074888
14.868846,0.278172
14.887913,0.209449
14.907756,-0.010981
14.927636,0.643746
14.947691,-0.072546
14.967636,0.155416
14.987614,-0.088584
15.007697,-0.454936
15.027586,0.185534
15.047664,0.215040
15.067520,0.601745
15.087546,0.957599
15.107567,0.387999
15.127492,0.530182
15.147519,0.422625
15.167471,0.157705
15.187546,0.946420
15.207576,0.227363
15.227676,0.255929
15.247594,0.343092
15.267407,-0.454765
15.287513,1.101945
15.307461,0.064705
15.327474,0.659616
15.347423,0.426046
15.367529,-0.449180
15.387480,0.538622
15.407397,0.356402
15.427410,0.192612
15.447366,0.409218
15.467435,-0.576797
15.487489,0.296743
15.507434,0.095132
15.527427,-0.291477
15.547302,0.134458
15.567329,-0.298431
15.587494,-0.071303
15.607366,0.440326
15.627779,-0.218982
15.647317,0.316597
15.667245,0.480754
15.687639,0.147062
15.707272,0.640835
15.727276,0.310384
15.747416,0.171322
15.767226,0.984596
15.787296,0.180137
15.807263,0.655061
15.827387,0.758374
15.847440,-0.062687
15.867192,0.993279
15.887224,-0.321574
15.907566,0.224748
15.927198,0.284797
15.947257,-0.475750
15.967193,0.813992
15.987158,0.325598
16.007183,-0.058036
16.027145,0.253810
16.047101,-0.259927
16.067160,-0.144873
16.087281,0.761960
16.107216,-0.112117
16.127091,0.417548
16.147154,0.487137
16.167244,0.250597
16.187110,0.763444
16.207134,0.397028
16.227244,0.279233
16.247247,0.994695
16.267079,0.206202
16.287001,0.806902
16.307075,0.946551
16.327101,-0.128705
16.346961,0.970353
16.367042,-0.211115
16.386997,0.125595
16.407092,0.538726
16.426928,-0.059144
16.447150,0.182065
16.466902,0.425995
16.486985,0.383215
16.507022,0.810679
16.527261,0.121143
16.546962,0.326702
16.566900,0.579593
16.586888,0.138328
16.606951,0.617956
16.626897,-0.068715
16.646927,0.358544
16.666876,0.695442
16.686906,0.449452
16.707053,0.806313
16.726951,-0.050946
16.746829,0.054097
16.766802,0.586089
16.786930,0.360552
16.807081,0.708867
16.826980,0.224213
16.846878,0.206501
16.866799,0.500768
16.886994,0.071076
16.907116,0.627645
16.926916,0.647892
16.946754,0.247048
16.966769,0.754931
16.986921,0.316426
17.006926,0.753012
17.026881,0.862082
17.046766,0.068957
17.066828,0.513468
17.086854,0.063490
17.106926,0.703173
17.126867,1.170689
17.147901,0.594745
17.168159,0.666724
17.186838,0.602023
17.206720,-0.136995
17.226722,1.169500
17.246766,0.494666
17.266729,0.648809
17.286896,0.759398
17.306845,-0.387546
17.327668,0.339103
17.346661,0.619981
17.366629,0.360018
17.387757,0.637665
17.407573,0.271867
17.427693,0.089169
17.447736,0.647238
17.467617,0.240725
17.487619,0.743395
17.507660,1.026201
17.527621,0.543095
17.547792,0.690730
17.567603,0.764495
17.587663,0.345973
17.607577,1.266818
17.627702,-0.022770
