0.226534,-96.478758
0.246548,-96.478758
0.266487,-96.478758
0.286528,-96.478758
0.306515,-96.478758
0.326389,-96.478758
0.346510,-96.478758
0.366447,-96.478758
0.386470,-96.478758
0.406456,-96.478758
0.426457,-96.478758
0.446420,-96.478758
0.466430,-96.478758
0.486365,-96.478758
0.506415,-96.478758
0.526370,-96.478758
0.546550,-96.478758
0.566397,-96.478758
0.586290,-96.478758
0.606337,-96.478758
0.626302,-96.478758
0.646296,-96.478758
0.666298,-96.478758
0.686353,-96.478758
0.706342,-96.478758
0.726297,-96.478758
0.746279,-96.478758
0.767336,-96.478758
0.786261,-96.478758
0.806308,-96.478758
0.826246,-96.478758
0.846190,-96.478758
0.867278,-96.478758
0.886202,-96.478758
0.907129,-96.478758
0.926207,-96.478758
0.947200,-96.478758
0.967160,-96.478758
0.987102,-96.478758
1.007068,-96.478758
1.027106,-96.478758
1.047143,-96.478758
1.067080,-96.478758
1.087043,-96.478758
1.107072,-96.478758
1.127001,-96.478758
1.147077,-96.478758
1.167155,-96.478758
1.187091,-96.478758
1.207055,-96.478758
1.227026,-96.478758
1.247016,-96.478758
1.267033,-96.478758
1.286945,-96.478758
1.306907,-96.478758
1.327039,-96.478758
1.347008,-96.478758
1.367044,-96.478758
1.387464,-96.478758
1.407120,-96.478758
1.426993,-96.478758
1.446865,-96.478758
1.466875,-96.478758
1.486860,-96.478758
1.506844,-96.478758
1.526865,-96.478758
1.546854,-96.478758
1.566815,-96.478758
1.586826,-96.478758
1.606776,-96.478758
1.626757,-96.478758
1.646725,-96.478758
1.666731,-96.478758
1.686852,-96.478758
1.706693,-96.478758
1.726710,-96.478758
1.746804,-96.478758
1.767217,-96.478758
1.786974,-96.478758
1.806700,-96.478758
1.826730,-96.478758
1.846684,-96.478758
1.866684,-96.478758
1.886724,-96.478758
1.906765,-96.478758
1.926616,-96.478758
1.946637,-96.478758
1.966672,-96.478758
1.986557,-96.478758
2.006792,-96.478758
2.026780,-96.478758
2.046627,-96.478758
2.066575,-96.478758
2.086475,-96.478758
2.106677,-96.478758
2.126632,-96.478758
2.146801,-96.478758
2.166480,-96.478758
2.186529,-96.478758
2.206539,-96.478758
2.226438,-96.478758
2.246596,-96.478758
2.266460,-96.478758
2.286564,-96.478758
2.306621,-96.478758
2.326878,-96.478758
2.346722,-96.478758
2.366511,-96.478758
2.386481,-96.478758
2.406387,-96.478758
2.426330,-96.478758
2.446341,-96.478758
2.466344,-96.478758
2.486379,-96.478758
2.506392,-96.478758
2.526403,-96.478758
2.546402,-96.478758
2.566356,-96.478758
2.586406,-96.478758
2.606249,-96.478758
2.626603,-96.478758
2.646390,-96.478758
2.667190,-96.478758
2.686271,-96.478758
2.706276,-96.478758
2.727276,-96.478758
2.747208,-96.478758
2.767243,-96.478758
2.786521,-96.478758
2.807442,-96.478758
2.827239,-96.478758
2.847220,-96.478758
2.867205,-96.478758
2.887081,-96.478758
2.907452,-96.478758
2.927438,-96.478758
2.947135,-96.478758
2.967085,-96.478758
2.987037,-96.478758
3.007376,-96.478758
3.027052,-96.478758
3.047020,-96.478758
3.067117,-96.478758
3.087054,-96.478758
3.106927,-96.478758
3.127020,-96.478758
3.147066,-96.478758
3.167028,-96.478758
3.186942,-96.478758
3.207010,-96.478758
3.226898,-96.478758
3.246866,-96.478758
3.266935,-96.478758
3.286957,-96.478758
3.306891,-96.478758
3.326895,-96.478758
3.346918,-96.478758
3.366800,-96.478758
3.386788,-96.478758
3.406749,-96.478758
3.426824,-96.478758
3.446787,-96.478758
3.466847,-96.478758
3.486876,-96.478758
3.506721,-96.478758
3.526694,-96.478758
3.546757,-96.478758
3.566806,-96.478758
3.586771,-96.478758
3.606727,-96.478758
3.626691,-96.478758
3.646761,-96.478758
3.666743,-96.478758
3.686689,-96.478758
3.706658,-96.478758
3.726722,-96.478758
3.746674,-96.478758
3.767033,-96.478758
3.786889,-96.478758
3.806711,-96.478758
3.826599,-96.478758
3.846565,-96.478758
3.866579,-96.478758
3.886590,-96.478758
3.906936,-96.478758
3.926862,-96.478758
3.946514,-96.478758
3.966646,-96.478758
3.986576,-96.478758
4.006501,-96.478758
4.026512,-96.478758
4.046536,-96.478758
4.066553,-96.478758
4.086590,-96.478758
4.106416,-96.478758
4.126384,-96.478758
4.146426,-96.478758
4.166476,-96.478758
4.186432,-96.478758
4.206460,-96.478758
4.226328,-96.478758
4.246341,-96.478758
4.266313,-96.478758
4.286238,-96.478758
4.306270,-96.478758
4.326319,-96.478758
4.346341,-96.478758
4.367270,-96.478758
4.386427,-96.478758
4.406271,-96.478758
4.427251,-96.478758
4.446284,-96.478758
4.467194,-96.478758
4.486273,-96.478758
4.506306,-96.478758
4.526201,-96.478758
4.547179,-96.478758
4.567123,-96.478758
4.587078,-96.478758
4.607217,-96.478758
4.627445,-96.478758
4.647055,-96.478758
4.667093,-96.478758
4.687033,-96.478758
4.707097,-96.478758
4.727213,-96.478758
4.747084,-96.478758
4.767138,-96.478758
4.787069,-96.478758
4.807121,-96.478758
4.827112,-96.478758
4.847024,-96.478758
4.867037,-96.478758
4.887080,-96.478758
4.906981,-96.478758
4.926955,-96.478758
4.946965,-96.478758
4.967007,-96.478758
4.987073,-96.478758
5.007005,-96.478758
5.027031,-96.478758
5.047145,-96.478758
5.066922,-96.478758
5.086881,-96.478758
5.106878,-96.478758
5.126926,-96.478758
5.146818,-96.478758
5.166898,-96.478758
5.186942,-96.478758
5.206853,-96.478758
5.226811,-96.478758
5.246868,-96.478758
5.266784,-96.478758
5.286764,-96.478758
5.306813,-96.478758
5.326786,-96.478758
5.346778,-96.478758
5.366726,-96.478758
5.386743,-96.478758
5.406739,-96.478758
5.426718,-96.478758
5.446626,-96.478758
5.466806,-96.478758
5.486727,-96.478758
5.506692,-96.478758
5.526645,-96.478758
5.546677,-96.478758
5.566624,-96.478758
5.586643,-96.478758
5.606566,-96.478758
5.626599,-96.478758
5.646550,-96.478758
5.666723,-96.478758
5.686523,-96.478758
5.706507,-96.478758
5.726507,-96.478758
5.746561,-96.478758
5.766501,-96.478758
5.786558,-96.478758
5.806530,-96.478758
5.826483,-96.478758
5.846464,-96.478758
5.866475,-96.478758
5.886584,-96.478758
5.906417,-96.478758
5.926395,-96.478758
5.946374,-96.478758
5.966411,-96.478758
5.986307,-96.478758
6.006366,-96.478758
6.026693,-96.478758
6.046584,-96.478758
6.066344,-96.478758
6.086254,-96.478758
6.106322,-96.478758
6.126341,-96.478758
6.146380,-96.478758
6.167350,-96.478758
6.186310,-96.478758
6.206379,-96.478758
6.226270,-96.478758
6.246317,-96.478758
6.267264,-96.478758
6.286274,-96.478758
6.306540,-96.478758
6.326355,-96.478758
6.347216,-96.478758
6.367151,-96.478758
6.387221,-96.478758
6.407523,-96.478758
6.427565,-96.478758
6.447272,-96.478758
6.467206,-96.478758
6.487347,-96.478758
6.507143,-96.478758
6.527104,-96.478758
6.547031,-96.478758
6.567433,-96.478758
6.587430,-96.478758
6.607080,-96.478758
6.627108,-96.478758
6.647189,-96.478758
6.667029,-96.478758
6.687016,-96.478758
6.706949,-96.478758
6.727027,-96.478758
6.747064,-96.478758
6.767003,-96.478758
6.787124,-96.478758
6.807017,-96.478758
6.826946,-96.478758
6.847100,-96.478758
6.866940,-96.478758
6.887055,-96.478758
6.906935,-96.478758
6.926943,-96.478759
6.946817,-96.478759
6.966988,-96.478759
6.986820,-96.478759
7.007198,-96.478759
7.027086,-96.478759
7.046851,-96.478759
7.066815,-96.478759
7.086852,-96.478759
7.106799,-96.478759
7.126735,-96.478759
7.146775,-96.478759
7.166723,-96.478759
7.186726,-96.478759
7.206681,-96.478759
7.226702,-96.478759
7.246702,-96.478759
7.266723,-96.478759
7.286660,-96.478759
7.306635,-96.478759
7.326670,-96.478759
7.346692,-96.478759
7.366623,-96.478759
7.386629,-96.478759
7.406611,-96.478759
7.426626,-96.478759
7.446676,-96.478759
7.466547,-96.478759
7.486661,-96.478759
7.506568,-96.478759
7.526500,-96.478759
7.546687,-96.478759
7.566508,-96.478759
7.586530,-96.478759
7.606517,-96.478759
7.626500,-96.478759
7.646492,-96.478759
7.666513,-96.478759
7.686514,-96.478759
7.706495,-96.478759
7.726476,-96.478759
7.746414,-96.478759
7.766534,-96.478759
7.786374,-96.478759
7.806390,-96.478759
7.826340,-96.478759
7.846320,-96.478759
7.867290,-96.478759
7.886386,-96.478759
7.906723,-96.478759
7.927638,-96.478759
7.946278,-96.478759
7.966245,-96.478759
7.986338,-96.478759
8.006305,-96.478759
8.026232,-96.478759
8.047220,-96.478759
8.067306,-96.478759
8.086305,-96.478759
8.107199,-96.478759
8.127173,-96.478759
8.147358,-96.478759
8.167230,-96.478759
8.187241,-96.478759
8.207139,-96.478759
8.227200,-96.478759
8.247133,-96.478759
8.267078,-96.478759
8.287193,-96.478759
8.307092,-96.478759
8.327414,-96.478759
8.347478,-96.478759
8.367085,-96.478759
8.387071,-96.478759
8.407194,-96.478759
8.427061,-96.478759
8.447063,-96.478759
8.466954,-96.478759
8.487058,-96.478759
8.507047,-96.478760
8.526987,-96.478760
8.547113,-96.478760
8.566979,-96.478760
8.586953,-96.478760
8.607462,-96.478760
8.627061,-96.478760
8.646822,-96.478760
8.666841,-96.478760
8.686887,-96.478760
8.706949,-96.478760
8.727244,-96.478760
8.746934,-96.478760
8.767156,-96.478760
8.786991,-96.478760
8.806724,-96.478760
8.826800,-96.478760
8.846765,-96.478760
8.866820,-96.478760
8.887055,-96.478760
8.907166,-96.478760
8.926896,-96.478760
8.946674,-96.478760
8.966716,-96.478760
8.986739,-96.478760
9.006753,-96.478760
9.026595,-96.478760
9.046638,-96.478760
9.066668,-96.478760
9.086646,-96.478760
9.106536,-96.478760
9.126633,-96.478760
9.146546,-96.478760
9.166655,-96.478760
9.186633,-96.478760
9.206517,-96.478760
9.226527,-96.478760
9.246489,-96.478760
9.266480,-96.478760
9.286554,-96.478760
9.306825,-96.478760
9.326880,-96.478760
9.346629,-96.478760
9.366509,-96.478760
9.386491,-96.478760
9.406401,-96.478760
9.426390,-96.478760
9.446433,-96.478760
9.466444,-96.478760
9.486433,-96.478760
9.506820,-96.478760
9.526633,-96.478760
9.546500,-96.478760
9.567399,-96.478760
9.586380,-96.478760
9.606334,-96.478760
9.626352,-96.478760
9.646440,-96.478760
9.667250,-96.478760
9.686256,-96.478760
9.706322,-96.478760
9.726305,-96.478760
9.747368,-96.478760
9.767207,-96.478760
9.787317,-96.478760
9.807127,-96.478760
9.827145,-96.478760
9.847333,-96.478760
9.867178,-96.478760
9.887593,-96.478760
9.907454,-96.478760
9.927209,-96.478760
9.947111,-96.478760
9.967073,-96.478760
9.987133,-96.478760
10.007134,-96.478760
10.027053,-96.478760
10.047113,-96.478760
10.067112,-96.478760
10.087129,-96.478760
10.107044,-96.478761
10.127048,-96.478761
10.146963,-96.478761
10.166978,-96.478761
10.187003,-96.478761
10.207005,-96.478761
10.226948,-96.478761
10.247043,-96.478761
10.267107,-96.478761
10.286902,-96.478761
10.306908,-96.478761
10.326933,-96.478761
10.346904,-96.478761
10.366933,-96.478761
10.386868,-96.478761
10.406898,-96.478761
10.426807,-96.478761
10.446768,-96.478761
10.466806,-96.478761
10.486780,-96.478761
10.506767,-96.478761
10.526768,-96.478761
10.546803,-96.478761
10.566807,-96.478761
10.586711,-96.478761
10.606860,-96.478761
10.626779,-96.478761
10.646743,-96.478761
10.666728,-96.478761
10.686754,-96.478761
10.706700,-96.478761
10.726658,-96.478761
10.746731,-96.478761
10.766744,-96.478761
10.786628,-96.478761
10.806716,-96.478761
10.826605,-96.478761
10.846612,-96.478761
10.866626,-96.478761
10.886641,-96.478761
10.906466,-96.478761
10.926553,-96.478761
10.946560,-96.478761
10.966595,-96.478761
10.986460,-96.478761
11.006553,-96.478761
11.026514,-96.478761
11.046535,-96.478761
11.066423,-96.478761
11.086457,-96.478761
11.106446,-96.478761
11.126381,-96.478761
11.146408,-96.478761
11.166443,-96.478761
11.186390,-96.478761
11.206432,-96.478761
11.226361,-96.478761
11.246413,-96.478761
11.267366,-96.478761
11.286492,-96.478761
11.306325,-96.478761
11.327339,-96.478761
11.347445,-96.478761
11.367294,-96.478761
11.386275,-96.478761
11.406260,-96.478761
11.427171,-96.478761
11.447248,-96.478761
11.467200,-96.478761
11.487323,-96.478761
11.507157,-96.478761
11.527151,-96.478761
11.547251,-96.478761
11.567142,-96.478761
11.587178,-96.478761
11.607200,-96.478761
11.627114,-96.478761
11.647219,-96.478761
11.667122,-96.478761
11.687175,-96.478761
11.707235,-96.478761
11.727114,-96.478761
11.747044,-96.478761
11.767114,-96.478761
11.787056,-96.478761
11.807052,-96.478761
11.827088,-96.478761
11.847069,-96.478761
11.866993,-96.478761
11.887009,-96.478761
11.907032,-96.478761
11.927027,-96.478761
11.946976,-96.478761
11.967021,-96.478761
11.986905,-96.478761
12.007275,-96.478761
12.027184,-96.478761
12.046872,-96.478761
12.066931,-96.478761
12.086953,-96.478761
12.106778,-96.478761
12.126828,-96.478761
12.146788,-96.478761
12.166739,-96.478761
12.186790,-96.478761
12.206707,-96.478761
12.226680,-96.478761
12.246682,-96.478761
12.266767,-96.478761
12.286743,-96.478761
12.306672,-96.478761
12.326605,-96.478761
12.346641,-96.478761
12.366618,-96.478761
12.386726,-96.478761
12.406640,-96.478761
12.426556,-96.478761
12.446619,-96.478761
12.466649,-96.478761
12.486547,-96.478761
12.506566,-96.478761
12.526615,-96.478761
12.546551,-96.478761
12.566703,-96.478761
12.586569,-96.478761
12.606504,-96.478761
12.626520,-96.478761
12.646562,-96.478761
12.666600,-96.478761
12.686403,-96.478761
12.706473,-96.478761
12.726405,-96.478761
12.746433,-96.478761
12.766401,-96.478761
12.786317,-96.478761
12.806320,-96.478761
12.826386,-96.478761
12.846349,-96.478761
12.866408,-96.478761
12.886271,-96.478761
12.906324,-96.478761
12.926286,-96.478761
12.947328,-96.478761
12.967332,-96.478761
12.987219,-96.478761
13.007299,-96.478761
13.027228,-96.478761
13.047375,-96.478761
13.067229,-96.478761
13.087291,-96.478761
13.107241,-96.478761
13.127277,-96.478761
13.147218,-96.478761
13.167238,-96.478761
13.187319,-96.478761
13.207230,-96.478761
13.227197,-96.478761
13.247333,-96.478761
13.267218,-96.478761
13.287088,-96.478761
13.307252,-96.478761
13.327127,-96.478761
13.347134,-96.478761
13.367179,-96.478761
13.387031,-96.478761
13.407047,-96.478761
13.427080,-96.478761
13.447432,-96.478761
13.467434,-96.478761
13.487180,-96.478761
13.507145,-96.478761
13.527129,-96.478761
13.547093,-96.478761
13.567027,-96.478761
13.587061,-96.478761
13.607061,-96.478761
13.627038,-96.478761
13.647044,-96.478761
13.666968,-96.478761
13.687003,-96.478761
13.706963,-96.478761
13.726939,-96.478761
13.747022,-96.478761
13.767067,-96.478761
13.787035,-96.478761
13.806905,-96.478761
13.826873,-96.478761
13.846869,-96.478761
13.867288,-96.478761
13.886978,-96.478761
13.906867,-96.478761
13.926828,-96.478761
13.946827,-96.478761
13.966799,-96.478761
13.986750,-96.478761
14.006764,-96.478761
14.026736,-96.478761
14.046874,-96.478761
14.066764,-96.478761
14.086768,-96.478761
14.106699,-96.478762
14.126743,-96.478762
14.146641,-96.478762
14.166871,-96.478762
14.186723,-96.478762
14.206775,-96.478762
14.226695,-96.478762
14.246642,-96.478762
14.266670,-96.478762
14.286575,-96.478762
14.306719,-96.478762
14.326564,-96.478762
14.346620,-96.478762
14.366700,-96.478762
14.386546,-96.478762
14.406581,-96.478762
14.426559,-96.478762
14.446511,-96.478762
14.466563,-96.478762
14.486612,-96.478762
14.506486,-96.478762
14.526476,-96.478762
14.546480,-96.478762
14.566460,-96.478762
14.586479,-96.478762
14.606427,-96.478762
14.626428,-96.478762
14.646566,-96.478762
14.667733,-96.478762
14.686452,-96.478762
14.706347,-96.478762
14.726419,-96.478762
14.746354,-96.478762
14.767350,-96.478762
14.786293,-96.478762
14.806345,-96.478762
14.826284,-96.478762
14.846313,-96.478762
14.867348,-96.478762
14.886323,-96.478762
14.906343,-96.478762
14.926302,-96.478762
14.947227,-96.478762
14.967319,-96.478762
14.987309,-96.478762
15.007364,-96.478762
15.027273,-96.478762
15.047295,-96.478762
15.067277,-96.478762
15.087301,-96.478762
15.107324,-96.478762
15.127191,-96.478762
15.147176,-96.478762
15.167213,-96.478762
15.187099,-96.478762
15.207160,-96.478762
15.227111,-96.478762
15.247102,-96.478762
15.267236,-96.478762
15.287114,-96.478762
15.307121,-96.478762
15.327068,-96.478762
15.347116,-96.478762
15.367085,-96.478762
15.387077,-96.478762
15.407229,-96.478762
15.426976,-96.478762
15.447129,-96.478762
15.467105,-96.478762
15.487079,-96.478762
15.507091,-96.478762
15.526978,-96.478762
15.547051,-96.478762
15.567003,-96.478762
15.586959,-96.478762
15.607011,-96.478762
15.627048,-96.478762
15.646862,-96.478762
15.666976,-96.478762
15.687280,-96.478762
15.707190,-96.478762
15.726891,-96.478762
15.746811,-96.478762
15.766880,-96.478762
15.786859,-96.478762
15.806927,-96.478762
15.826765,-96.478762
15.846828,-96.478762
15.866825,-96.478762
15.886814,-96.478762
15.906796,-96.478762
15.926753,-96.478762
15.946750,-96.478762
15.966717,-96.478762
15.986823,-96.478762
16.006669,-96.478762
16.026718,-96.478762
16.046702,-96.478762
16.066753,-96.478762
16.086666,-96.478762
16.106584,-96.478762
16.126627,-96.478762
16.146641,-96.478762
16.166639,-96.478762
16.186583,-96.478762
16.206701,-96.478762
16.226530,-96.478762
16.246516,-96.478762
16.266573,-96.478762
16.286600,-96.478762
16.306561,-96.478762
16.326517,-96.478762
16.346546,-96.478762
16.366509,-96.478762
16.386526,-96.478762
16.406467,-96.478762
16.426370,-96.478762
16.446578,-96.478762
16.466523,-96.478762
16.486405,-96.478762
16.506436,-96.478762
16.526376,-96.478762
16.546371,-96.478762
16.567456,-96.478762
16.586746,-96.478762
16.606420,-96.478762
16.626435,-96.478762
16.647376,-96.478762
16.667667,-96.478762
16.687677,-96.478762
16.707341,-96.478762
16.727413,-96.478762
16.747247,-96.478762
16.767390,-96.478762
16.787382,-96.478762
16.807272,-96.478762
16.827260,-96.478762
16.847331,-96.478762
16.867374,-96.478762
16.887247,-96.478762
16.907206,-96.478762
16.927164,-96.478762
16.947243,-96.478762
16.967178,-96.478762
16.987179,-96.478762
17.007160,-96.478762
17.027100,-96.478762
17.047151,-96.478762
17.067073,-96.478762
17.087137,-96.478762
17.107051,-96.478763
17.127071,-96.478763
17.147021,-96.478763
17.167083,-96.478763
17.187004,-96.478763
17.207028,-96.478763
17.227082,-96.478763
17.247012,-96.478763
17.266997,-96.478763
17.286935,-96.478763
17.307019,-96.478763
17.327000,-96.478763
17.346927,-96.478763
17.367001,-96.478763
17.386841,-96.478763
17.407061,-96.478763
17.426894,-96.478763
17.446899,-96.478763
17.466877,-96.478763
17.486802,-96.478763
17.506802,-96.478763
17.526854,-96.478763
17.546879,-96.478763
17.566720,-96.478763
17.586736,-96.478763
17.606825,-96.478763
17.626708,-96.478763
17.646806,-96.478763
17.666735,-96.478763
17.686787,-96.478763
17.706680,-96.478763
17.726753,-96.478763
17.746779,-96.478763
17.766708,-96.478763
17.786736,-96.478763
17.806726,-96.478763
17.826725,-96.478763
17.846693,-96.478763
17.866632,-96.478763
17.886737,-96.478763
17.906688,-96.478763
17.926565,-96.478763
17.946627,-96.478763
17.966661,-96.478763
17.986663,-96.478763
18.006528,-96.478763
18.026567,-96.478763
18.046572,-96.478763
18.066514,-96.478763
18.086624,-96.478763
18.106932,-96.478763
18.126733,-96.478763
18.146574,-96.478763
18.166441,-96.478763
18.186579,-96.478763
18.206592,-96.478763
18.226515,-96.478763
18.246416,-96.478763
18.266471,-96.478763
18.286435,-96.478763
18.306446,-96.478763
18.326389,-96.478763
18.346403,-96.478763
18.366558,-96.478763
18.386309,-96.478763
18.407363,-96.478763
18.427350,-96.478763
18.447351,-96.478763
18.467584,-96.478763
18.487310,-96.478763
18.507330,-96.478763
18.527247,-96.478763
18.547306,-96.478763
18.567281,-96.478763
18.587277,-96.478763
18.607273,-96.478763
18.627203,-96.478763
18.647251,-96.478763
18.667179,-96.478763
18.687237,-96.478763
18.707147,-96.478763
18.727179,-96.478763
18.747118,-96.478763
18.767056,-96.478763
18.787105,-96.478763
18.807072,-96.478763
18.827011,-96.478763
18.847130,-96.478763
18.867045,-96.478763
18.887106,-96.478763
18.907089,-96.478763
18.927007,-96.478763
18.947663,-96.478763
18.967057,-96.478763
18.987015,-96.478763
19.007110,-96.478763
19.027015,-96.478763
19.047035,-96.478763
19.067041,-96.478763
19.086937,-96.478763
19.106900,-96.478763
19.126796,-96.478763
19.146897,-96.478763
19.167001,-96.478763
19.186800,-96.478763
19.206862,-96.478763
19.226877,-96.478763
19.247159,-96.478763
19.266897,-96.478763
19.286862,-96.478763
19.306856,-96.478763
19.326814,-96.478763
19.346786,-96.478763
19.366717,-96.478763
19.386814,-96.478763
19.406702,-96.478763
19.426699,-96.478763
19.446768,-96.478763
19.466731,-96.478763
19.486811,-96.478763
19.506771,-96.478763
19.526680,-96.478763
19.546652,-96.478763
19.566619,-96.478763
19.586654,-96.478763
19.606771,-96.478763
19.626539,-96.478763
19.646626,-96.478763
19.666620,-96.478763
19.686552,-96.478763
19.706549,-96.478763
19.726423,-96.478763
19.746612,-96.478763
19.766510,-96.478763
19.786406,-96.478763
19.806628,-96.478763
19.826763,-96.478763
19.846443,-96.478763
19.866561,-96.478763
19.886425,-96.478763
19.906580,-96.478763
19.927688,-96.478763
19.946452,-96.478763
19.967483,-96.478763
19.986369,-96.478763
20.006295,-96.478763
20.027274,-96.478763
20.047246,-96.478763
20.067301,-96.478763
20.087383,-96.478763
20.107309,-96.478763
20.127225,-96.478763
20.147340,-96.478763
20.167259,-96.478763
20.187266,-96.478763
20.207255,-96.478763
20.227216,-96.478763
20.247359,-96.478763
20.267148,-96.478763
20.287242,-96.478763
20.307193,-96.478763
20.327155,-96.478763
20.347224,-96.478763
20.367132,-96.478763
20.387529,-96.478763
20.407434,-96.478763
20.427175,-96.478763
20.447136,-96.478763
20.467101,-96.478763
20.487113,-96.478763
20.507118,-96.478763
20.527021,-96.478763
20.547074,-96.478763
20.567071,-96.478763
20.587107,-96.478763
20.607049,-96.478763
20.626971,-96.478763
20.647038,-96.478763
20.666940,-96.478763
20.686970,-96.478763
20.707107,-96.478763
20.727031,-96.478763
20.746899,-96.478763
20.766863,-96.478763
20.786872,-96.478763
20.806871,-96.478763
20.826804,-96.478763
20.846853,-96.478763
20.866811,-96.478763
20.886880,-96.478763
20.906821,-96.478763
20.926783,-96.478762
20.946798,-96.478762
20.966785,-96.478762
20.986865,-96.478762
21.006767,-96.478762
21.026709,-96.478762
21.046875,-96.478762
21.066812,-96.478762
21.086709,-96.478762
21.106656,-96.478762
21.126717,-96.478762
21.146848,-96.478762
21.166651,-96.478762
21.186806,-96.478762
21.206823,-96.478762
21.227032,-96.478762
21.246822,-96.478762
21.266607,-96.478762
21.286640,-96.478762
21.306674,-96.478762
21.326587,-96.478762
21.346580,-96.478762
21.366680,-96.478762
21.387031,-96.478762
21.406673,-96.478762
21.426669,-96.478762
21.446569,-96.478762
21.466598,-96.478762
21.486583,-96.478762
21.506513,-96.478762
21.526652,-96.478762
21.546544,-96.478762
21.566543,-96.478762
21.586566,-96.478762
21.606553,-96.478762
21.626544,-96.478762
21.646444,-96.478762
21.667444,-96.478762
21.686437,-96.478762
21.706427,-96.478762
21.726429,-96.478762
21.747372,-96.478762
21.767447,-96.478762
21.786428,-96.478762
21.806400,-96.478762
21.827678,-96.478762
21.847706,-96.478762
21.867407,-96.478762
21.887361,-96.478762
21.907276,-96.478762
21.927345,-96.478762
21.947442,-96.478762
21.967327,-96.478762
21.987288,-96.478762
22.007373,-96.478762
22.027320,-96.478762
22.047291,-96.478762
22.067298,-96.478762
22.087317,-96.478762
22.107338,-96.478762
22.127255,-96.478762
22.147338,-96.478762
22.167266,-96.478762
22.187163,-96.478762
22.207204,-96.478762
22.227202,-96.478762
22.247142,-96.478762
22.267195,-96.478762
22.287132,-96.478762
22.307278,-96.478762
22.327216,-96.478762
22.347119,-96.478762
22.367181,-96.478762
22.387136,-96.478762
22.407044,-96.478762
22.427185,-96.478762
22.447104,-96.478762
22.467035,-96.478762
22.487007,-96.478762
22.506998,-96.478762
22.527011,-96.478762
22.546968,-96.478762
22.566985,-96.478762
22.587086,-96.478762
22.607016,-96.478762
22.626969,-96.478762
22.646968,-96.478762
22.666842,-96.478762
22.686851,-96.478762
22.706851,-96.478762
22.726818,-96.478762
22.746864,-96.478762
22.766897,-96.478762
22.786811,-96.478762
22.806759,-96.478762
22.826766,-96.478762
22.846879,-96.478762
22.866692,-96.478762
22.886754,-96.478762
22.906876,-96.478762
22.926765,-96.478762
22.946753,-96.478762
22.966641,-96.478762
22.986695,-96.478762
23.006816,-96.478762
23.026702,-96.478762
23.046685,-96.478762
23.066714,-96.478762
23.086611,-96.478762
23.106674,-96.478762
23.126624,-96.478761
23.146582,-96.478761
23.166675,-96.478761
23.186580,-96.478761
23.206594,-96.478761
23.226475,-96.478761
23.246539,-96.478761
23.267518,-96.478761
23.286492,-96.478761
23.306485,-96.478761
23.326360,-96.478761
23.346580,-96.478761
23.367449,-96.478761
23.386399,-96.478761
23.406464,-96.478761
23.427367,-96.478761
23.447417,-96.478761
23.467372,-96.478761
23.487467,-96.478761
23.507360,-96.478761
23.527328,-96.478761
23.547375,-96.478761
23.567305,-96.478761
23.587285,-96.478761
23.607288,-96.478761
23.627318,-96.478761
23.647274,-96.478761
23.667369,-96.478761
23.687211,-96.478761
23.707180,-96.478761
23.727278,-96.478761
23.747277,-96.478761
23.767298,-96.478761
23.787225,-96.478761
23.807256,-96.478761
23.827217,-96.478761
23.847122,-96.478761
23.867102,-96.478761
23.887115,-96.478761
23.907079,-96.478761
23.927129,-96.478761
23.947070,-96.478761
23.967147,-96.478761
23.987004,-96.478761
24.007069,-96.478761
24.027044,-96.478761
24.047047,-96.478761
24.067120,-96.478761
24.087130,-96.478761
24.107060,-96.478761
24.127084,-96.478761
24.147009,-96.478761
24.167009,-96.478761
24.187377,-96.478761
24.207028,-96.478761
24.226902,-96.478761
24.246988,-96.478761
24.266918,-96.478761
24.287027,-96.478761
24.306855,-96.478761
24.326906,-96.478761
24.346996,-96.478761
24.367211,-96.478761
24.386929,-96.478761
24.406847,-96.478761
24.426745,-96.478761
24.446749,-96.478761
24.466698,-96.478761
24.486726,-96.478761
24.506718,-96.478761
24.526710,-96.478761
24.546715,-96.478761
24.566828,-96.478761
24.586700,-96.478761
24.606814,-96.478761
24.626726,-96.478761
24.646745,-96.478761
24.666730,-96.478761
24.686956,-96.478761
24.706855,-96.478761
24.726619,-96.478761
24.746578,-96.478761
24.766572,-96.478761
24.786554,-96.478761
24.806996,-96.478761
24.827035,-96.478761
24.846589,-96.478761
24.866480,-96.478761
24.886627,-96.478761
24.906531,-96.478761
24.926520,-96.478761
24.946417,-96.478761
24.967475,-96.478761
24.986487,-96.478761
25.006401,-96.478761
25.027424,-96.478761
25.046492,-96.478761
25.067354,-96.478761
25.086498,-96.478761
25.107484,-96.478761
25.127373,-96.478761
25.147402,-96.478761
25.167358,-96.478761
25.187441,-96.478761
25.207379,-96.478761
25.227319,-96.478761
25.247405,-96.478761
25.267280,-96.478761
25.287238,-96.478761
25.307326,-96.478761
25.327270,-96.478760
25.347210,-96.478760
25.367228,-96.478760
25.387579,-96.478760
25.407483,-96.478760
25.427200,-96.478760
25.447164,-96.478760
25.467191,-96.478760
25.487162,-96.478760
25.507128,-96.478760
25.527219,-96.478760
25.547105,-96.478760
25.567087,-96.478760
25.587127,-96.478760
25.607070,-96.478760
25.627104,-96.478760
25.647049,-96.478760
25.667047,-96.478760
25.687083,-96.478760
25.707041,-96.478760
25.727062,-96.478760
25.746964,-96.478760
25.767383,-96.478760
25.787444,-96.478760
25.807089,-96.478760
25.826981,-96.478760
25.847043,-96.478760
25.866995,-96.478760
25.886954,-96.478760
25.906940,-96.478760
25.927050,-96.478760
25.946974,-96.478760
25.966880,-96.478760
25.987033,-96.478760
26.007006,-96.478760
26.026874,-96.478760
26.046782,-96.478760
26.066848,-96.478760
26.086851,-96.478760
26.106894,-96.478760
26.126819,-96.478760
26.146937,-96.478760
26.166854,-96.478760
26.186804,-96.478760
26.206784,-96.478760
26.226804,-96.478760
26.246809,-96.478760
26.266766,-96.478760
26.286773,-96.478760
26.307092,-96.478760
26.327227,-96.478760
26.346806,-96.478760
26.366698,-96.478760
26.386732,-96.478760
26.406718,-96.478760
26.426741,-96.478760
26.446612,-96.478760
26.466658,-96.478760
26.486556,-96.478760
26.506635,-96.478760
26.526560,-96.478760
26.546599,-96.478760
26.566542,-96.478760
26.586552,-96.478760
26.606614,-96.478760
26.626907,-96.478760
26.646961,-96.478760
26.666655,-96.478760
26.686650,-96.478760
26.706534,-96.478760
26.726562,-96.478760
26.746655,-96.478760
26.767449,-96.478760
26.786480,-96.478760
26.806435,-96.478760
26.826464,-96.478760
26.846422,-96.478760
26.867413,-96.478760
26.886445,-96.478760
26.907420,-96.478760
26.927378,-96.478759
26.947390,-96.478759
26.967363,-96.478759
26.987312,-96.478759
27.007322,-96.478759
27.027267,-96.478759
27.047303,-96.478759
27.067315,-96.478759
27.087277,-96.478759
27.107409,-96.478759
27.127286,-96.478759
27.147207,-96.478759
27.167267,-96.478759
27.187291,-96.478759
27.207511,-96.478759
27.228502,-96.478759
27.247258,-96.478759
27.267193,-96.478759
27.287118,-96.478759
27.307133,-96.478759
27.327137,-96.478759
27.347358,-96.478759
27.367360,-96.478759
27.387443,-96.478759
27.407165,-96.478759
27.427047,-96.478759
27.447110,-96.478759
27.467156,-96.478759
27.487145,-96.478759
27.507172,-96.478759
27.526980,-96.478759
27.547116,-96.478759
27.567014,-96.478759
27.586996,-96.478759
27.607064,-96.478759
27.627008,-96.478759
27.647024,-96.478759
27.667051,-96.478759
27.687041,-96.478759
27.707044,-96.478758
27.727042,-96.478758
27.746957,-96.478758
27.766960,-96.478758
27.787236,-96.478758
27.807011,-96.478758
27.826890,-96.478758
27.846956,-96.478758
27.866869,-96.478758
27.886815,-96.478758
27.906808,-96.478758
27.926874,-96.478758
27.946829,-96.478758
27.966875,-96.478758
27.986695,-96.478758
28.006775,-96.478758
28.026787,-96.478758
28.046687,-96.478758
28.066839,-96.478758
28.087142,-96.478758
28.107083,-96.478758
28.127083,-96.478758
28.146781,-96.478758
28.166744,-96.478758
28.186774,-96.478758
28.206683,-96.478758
28.226635,-96.478758
28.246724,-96.478758
28.266672,-96.478758
28.286645,-96.478758
28.306649,-96.478758
28.326935,-96.478758
28.346976,-96.478758
28.366688,-96.478758
28.386597,-96.478758
28.406546,-96.478758
28.426559,-96.478758
28.446594,-96.478758
28.467529,-96.478758
28.486469,-96.478758
28.506530,-96.478758
28.526528,-96.478758
28.546467,-96.478758
28.567500,-96.478758
28.586492,-96.478758
28.606539,-96.478758
28.627496,-96.478758
28.646424,-96.478758
28.667461,-96.478758
28.687496,-96.478758
28.706543,-96.478758
28.727440,-96.478758
28.747377,-96.478758
28.767370,-96.478758
28.787417,-96.478758
28.807434,-96.478758
28.827458,-96.478758
28.847374,-96.478758
28.867388,-96.478758
28.887454,-96.478758
28.907334,-96.478758
28.927330,-96.478758
28.947257,-96.478758
28.967257,-96.478758
28.987348,-96.478758
29.007323,-96.478758
29.027250,-96.478758
29.047247,-96.478758
29.067220,-96.478758
29.087227,-96.478758
29.107233,-96.478758
29.127211,-96.478758
29.147239,-96.478758
29.167174,-96.478758
29.187120,-96.478758
29.207137,-96.478758
29.227151,-96.478758
29.247039,-96.478758
29.267217,-96.478758
29.287122,-96.478758
29.307184,-96.478758
29.327055,-96.478758
29.347012,-96.478758
29.367070,-96.478758
29.387047,-96.478758
29.406991,-96.478758
29.427003,-96.478758
29.446968,-96.478758
29.467158,-96.478758
29.486979,-96.478758
29.507000,-96.478758
29.526927,-96.478758
29.546947,-96.478758
29.566893,-96.478758
29.586827,-96.478758
29.606855,-96.478758
29.626820,-96.478758
29.646852,-96.478758
29.666826,-96.478758
29.686852,-96.478758
29.706766,-96.478758
29.726775,-96.478758
29.746782,-96.478758
29.766761,-96.478758
29.786798,-96.478758
29.806766,-96.478758
29.826723,-96.478758
29.846845,-96.478758
29.866753,-96.478758
29.886728,-96.478758
29.906707,-96.478758
29.926785,-96.478758
29.946663,-96.478758
29.966613,-96.478758
29.986593,-96.478758
30.006617,-96.478758
30.026580,-96.478758
30.046661,-96.478758
30.066726,-96.478758
30.086684,-96.478758
30.106551,-96.478758
30.126537,-96.478758
30.146472,-96.478758
30.166561,-96.478758
30.186558,-96.478758
30.206566,-96.478758
30.226617,-96.478758
30.246604,-96.478758
30.267561,-96.478758
30.286507,-96.478758
30.306544,-96.478758
30.326532,-96.478758
30.346562,-96.478758
30.367424,-96.478758
30.386438,-96.478758
30.406423,-96.478758
30.427390,-96.478758
30.447533,-96.478758
30.467437,-96.478758
30.487416,-96.478758
30.507365,-96.478758
30.527400,-96.478758
30.547352,-96.478758
30.567363,-96.478758
30.587329,-96.478758
30.607263,-96.478758
30.627304,-96.478758
30.647418,-96.478758
30.667304,-96.478758
30.687294,-96.478758
30.707236,-96.478758
30.727251,-96.478758
30.747293,-96.478758
30.767262,-96.478758
30.787188,-96.478758
30.807223,-96.478758
30.827144,-96.478758
30.847154,-96.478758
30.867249,-96.478758
30.887126,-96.478758
30.907152,-96.478758
30.927183,-96.478758
30.947118,-96.478758
30.967241,-96.478758
30.987022,-96.478758
31.007168,-96.478758
31.027083,-96.478758
31.046971,-96.478758
31.067064,-96.478758
31.087036,-96.478758
31.106993,-96.478758
31.126971,-96.478758
31.146996,-96.478758
31.166960,-96.478758
31.187038,-96.478758
31.207261,-96.478758
31.227180,-96.478758
31.246962,-96.478758
31.267037,-96.478758
31.287063,-96.478758
31.306961,-96.478758
31.326884,-96.478758
31.346993,-96.478758
31.366936,-96.478758
31.386849,-96.478758
31.406858,-96.478758
31.426875,-96.478758
31.446869,-96.478758
31.466843,-96.478758
31.486896,-96.478758
31.506788,-96.478758
31.526738,-96.478758
31.546918,-96.478758
31.566793,-96.478758
31.586739,-96.478758
31.606756,-96.478758
31.626766,-96.478758
31.646760,-96.478758
31.666655,-96.478758
31.686976,-96.478758
31.706987,-96.478757
31.726674,-96.478757
31.746795,-96.478757
31.766878,-96.478757
31.786911,-96.478757
31.806827,-96.478757
31.826664,-96.478757
31.846634,-96.478757
31.866599,-96.478757
31.886695,-96.478757
31.906965,-96.478757
31.926759,-96.478757
31.946528,-96.478757
31.967628,-96.478757
31.986526,-96.478757
32.006509,-96.478757
32.026487,-96.478757
32.046553,-96.478757
32.067440,-96.478757
32.086522,-96.478757
32.106402,-96.478757
32.126440,-96.478757
32.147490,-96.478757
32.167394,-96.478757
32.187409,-96.478757
32.207390,-96.478757
32.227309,-96.478757
32.247334,-96.478757
32.267409,-96.478757
32.287344,-96.478757
32.307407,-96.478757
32.327589,-96.478757
32.347632,-96.478757
32.367356,-96.478757
32.387344,-96.478757
32.407293,-96.478757
32.427345,-96.478757
32.447419,-96.478757
32.467301,-96.478757
32.487321,-96.478757
32.507298,-96.478757
32.527224,-96.478757
32.547236,-96.478757
32.567270,-96.478757
32.587297,-96.478757
32.607224,-96.478757
32.627260,-96.478757
32.647243,-96.478757
32.667163,-96.478757
32.687155,-96.478757
32.707169,-96.478757
32.727203,-96.478757
32.747115,-96.478757
32.767504,-96.478757
32.787501,-96.478757
32.807258,-96.478757
32.827109,-96.478757
32.847104,-96.478757
32.867039,-96.478757
32.887488,-96.478757
32.907374,-96.478757
32.927216,-96.478757
32.947146,-96.478757
32.967113,-96.478757
32.987036,-96.478757
33.007083,-96.478757
33.027068,-96.478757
33.047040,-96.478757
33.066965,-96.478757
33.087016,-96.478757
33.107030,-96.478757
33.126948,-96.478757
33.147038,-96.478757
33.167044,-96.478757
33.187006,-96.478757
33.206938,-96.478757
33.226941,-96.478757
33.246991,-96.478757
33.266973,-96.478757
33.287259,-96.478757
33.307060,-96.478757
33.327013,-96.478757
33.346898,-96.478757
33.366805,-96.478757
33.386754,-96.478757
33.406824,-96.478757
33.426872,-96.478757
33.446771,-96.478757
33.466799,-96.478757
33.486744,-96.478757
33.506774,-96.478757
33.526722,-96.478757
33.546689,-96.478757
33.566756,-96.478757
33.586691,-96.478757
33.606747,-96.478757
33.626711,-96.478757
33.646600,-96.478757
33.666617,-96.478757
33.686676,-96.478757
33.706542,-96.478757
33.726533,-96.478757
33.746726,-96.478757
33.767600,-96.478757
33.786734,-96.478757
33.806594,-96.478757
33.826811,-96.478757
33.846828,-96.478757
33.867493,-96.478757
33.886558,-96.478757
33.906497,-96.478757
33.927443,-96.478757
33.947629,-96.478758
33.967503,-96.478758
33.987720,-96.478758
34.007730,-96.478758
34.027456,-96.478758
34.047387,-96.478758
34.067441,-96.478758
34.087382,-96.478758
34.107318,-96.478758
34.127381,-96.478758
34.147375,-96.478758
34.167277,-96.478758
34.187280,-96.478758
34.207251,-96.478758
34.227325,-96.478758
34.247285,-96.478758
34.267328,-96.478758
34.287372,-96.478758
34.307302,-96.478758
34.327280,-96.478758
34.347332,-96.478758
34.367349,-96.478758
34.387408,-96.478758
34.407273,-96.478758
34.427167,-96.478758
34.447168,-96.478758
34.467226,-96.478758
34.487162,-96.478758
34.507166,-96.478758
34.527129,-96.478758
34.547139,-96.478758
34.567086,-96.478758
34.587137,-96.478758
34.607136,-96.478758
34.627104,-96.478758
34.647028,-96.478758
34.667093,-96.478758
34.687012,-96.478758
34.707066,-96.478758
34.727066,-96.478758
34.747004,-96.478758
34.767110,-96.478758
34.787048,-96.478758
34.807045,-96.478758
34.827018,-96.478758
34.847119,-96.478758
34.866984,-96.478758
34.886993,-96.478758
34.907093,-96.478758
34.926971,-96.478757
34.947022,-96.478757
34.967013,-96.478757
34.986951,-96.478757
35.007015,-96.478757
35.026906,-96.478757
35.046927,-96.478757
35.066866,-96.478757
35.086932,-96.478757
35.107202,-96.478757
35.127274,-96.478757
35.146971,-96.478757
35.166850,-96.478757
35.186862,-96.478757
35.206793,-96.478757
35.226756,-96.478757
35.246828,-96.478757
35.267122,-96.478757
35.286920,-96.478757
35.306682,-96.478757
35.326739,-96.478757
35.346780,-96.478757
35.366773,-96.478757
35.386765,-96.478757
35.406747,-96.478757
35.427090,-96.478757
35.446994,-96.478757
35.466938,-96.478757
35.486713,-96.478757
35.506757,-96.478757
35.526610,-96.478757
35.546704,-96.478757
35.566696,-96.478757
35.586653,-96.478757
35.606587,-96.478757
35.626639,-96.478757
35.646932,-96.478757
35.668034,-96.478757
35.686666,-96.478757
35.706717,-96.478757
35.727480,-96.478757
35.746533,-96.478757
35.767570,-96.478757
35.786429,-96.478757
35.807830,-96.478757
35.827819,-96.478757
35.847486,-96.478757
35.867423,-96.478757
35.887480,-96.478757
35.907461,-96.478757
35.927490,-96.478757
35.947407,-96.478757
35.967343,-96.478757
35.987474,-96.478757
36.007398,-96.478757
36.027705,-96.478757
36.047678,-96.478757
36.067428,-96.478757
36.087493,-96.478757
36.107330,-96.478757
36.127331,-96.478757
36.147306,-96.478757
36.167360,-96.478757
36.187192,-96.478757
36.207234,-96.478757
36.227288,-96.478757
36.247401,-96.478757
36.267304,-96.478757
36.287292,-96.478757
36.307216,-96.478757
36.327174,-96.478757
36.347229,-96.478757
36.367196,-96.478757
36.387271,-96.478757
36.407189,-96.478757
36.427532,-96.478757
36.447181,-96.478757
36.467192,-96.478757
36.487083,-96.478757
36.507203,-96.478757
36.527086,-96.478757
36.547103,-96.478757
36.567057,-96.478757
36.587028,-96.478757
36.607043,-96.478757
36.627036,-96.478757
36.647047,-96.478757
36.667061,-96.478757
36.687019,-96.478757
36.707082,-96.478757
36.727011,-96.478757
36.747062,-96.478757
36.767111,-96.478757
36.786985,-96.478757
36.807296,-96.478757
36.827262,-96.478757
36.846905,-96.478757
36.866957,-96.478757
36.887256,-96.478757
36.907005,-96.478757
36.926922,-96.478757
36.946804,-96.478757
36.966798,-96.478757
36.986920,-96.478757
37.006720,-96.478757
37.026778,-96.478757
37.046929,-96.478757
37.066730,-96.478757
37.086825,-96.478757
37.106738,-96.478756
37.127014,-96.478756
37.146952,-96.478756
37.166800,-96.478756
37.186677,-96.478756
37.206762,-96.478756
37.226652,-96.478756
37.246769,-96.478756
37.266682,-96.478756
37.286722,-96.478756
37.306656,-96.478756
37.326672,-96.478756
37.346686,-96.478756
37.366573,-96.478756
37.386582,-96.478756
37.406687,-96.478756
37.426584,-96.478756
37.446565,-96.478756
37.467663,-96.478756
37.486588,-96.478756
37.506915,-96.478756
37.527861,-96.478756
37.547532,-96.478756
37.567587,-96.478756
37.587619,-96.478756
37.607614,-96.478756
37.627626,-96.478756
37.647540,-96.478756
37.667425,-96.478756
37.687464,-96.478756
37.707395,-96.478756
37.727370,-96.478756
37.747348,-96.478756
37.767360,-96.478756
37.787387,-96.478756
37.807361,-96.478756
37.827286,-96.478756
37.847332,-96.478756
37.867324,-96.478756
37.887519,-96.478756
37.907317,-96.478756
37.927328,-96.478756
37.947394,-96.478756
37.967309,-96.478756
37.987302,-96.478756
38.007381,-96.478756
38.027206,-96.478756
38.047246,-96.478756
38.067261,-96.478756
38.087265,-96.478756
38.107331,-96.478756
38.127178,-96.478756
38.147167,-96.478756
38.167141,-96.478756
38.187118,-96.478756
38.207139,-96.478756
38.227159,-96.478756
38.247474,-96.478756
38.267396,-96.478756
38.287107,-96.478756
38.307010,-96.478756
38.326983,-96.478756
38.346999,-96.478756
38.367104,-96.478756
38.387098,-96.478756
38.407020,-96.478756
38.427060,-96.478756
38.447002,-96.478756
38.467027,-96.478756
38.487062,-96.478756
38.507334,-96.478756
38.527285,-96.478756
38.546973,-96.478756
38.566950,-96.478756
38.587060,-96.478756
38.606812,-96.478756
38.626892,-96.478756
38.646910,-96.478756
38.666886,-96.478756
38.686866,-96.478756
38.706870,-96.478756
38.726803,-96.478756
38.746723,-96.478756
38.766695,-96.478756
38.786848,-96.478756
38.806841,-96.478756
38.826775,-96.478756
38.846720,-96.478756
38.866723,-96.478756
38.886771,-96.478756
38.906698,-96.478756
38.926675,-96.478756
38.946689,-96.478756
38.966647,-96.478756
38.986696,-96.478756
39.006633,-96.478756
39.026581,-96.478756
39.046734,-96.478756
39.067548,-96.478756
39.086552,-96.478756
39.106636,-96.478756
39.126474,-96.478756
39.147498,-96.478756
39.167502,-96.478756
39.187472,-96.478756
39.207764,-96.478756
39.227846,-96.478756
39.247486,-96.478756
39.267571,-96.478756
39.287553,-96.478756
39.307441,-96.478756
39.327380,-96.478756
39.347440,-96.478756
39.367378,-96.478756
39.387471,-96.478756
39.407327,-96.478756
39.427305,-96.478756
39.447333,-96.478756
39.467337,-96.478756
39.487378,-96.478756
39.507286,-96.478756
39.527223,-96.478756
39.547331,-96.478756
39.567142,-96.478756
39.587323,-96.478756
39.607275,-96.478756
39.627204,-96.478756
39.647195,-96.478756
39.667205,-96.478756
39.687184,-96.478756
39.707138,-96.478756
39.727203,-96.478756
39.747478,-96.478756
39.767497,-96.478756
39.787140,-96.478756
39.807174,-96.478756
39.827158,-96.478756
39.847035,-96.478756
39.867439,-96.478756
39.887385,-96.478756
39.907150,-96.478756
39.927130,-96.478756
39.947048,-96.478756
39.967003,-96.478756
39.987045,-96.478756
40.006985,-96.478756
40.027007,-96.478756
40.047038,-96.478756
40.067008,-96.478756
40.087097,-96.478756
40.107044,-96.478756
40.126997,-96.478756
40.147042,-96.478756
40.167298,-96.478756
40.187197,-96.478756
40.206961,-96.478756
40.226798,-96.478756
40.246877,-96.478756
40.266882,-96.478756
40.286797,-96.478756
40.306807,-96.478757
40.327225,-96.478757
40.347093,-96.478757
40.366774,-96.478757
40.386777,-96.478757
40.406770,-96.478757
40.426687,-96.478757
40.446645,-96.478757
40.466647,-96.478757
40.486754,-96.478757
40.506806,-96.478757
40.526696,-96.478757
40.546679,-96.478757
40.567611,-96.478757
40.586585,-96.478757
40.606645,-96.478757
40.626966,-96.478757
40.646534,-96.478757
40.667640,-96.478757
40.686622,-96.478757
40.707859,-96.478757
40.727842,-96.478757
40.747571,-96.478757
40.767667,-96.478757
40.787483,-96.478757
40.807489,-96.478757
40.827530,-96.478757
40.847380,-96.478757
40.867705,-96.478757
40.887789,-96.478757
40.907376,-96.478757
40.927380,-96.478757
40.947417,-96.478756
40.967414,-96.478756
40.987363,-96.478756
41.007343,-96.478756
41.027391,-96.478756
41.047351,-96.478756
41.067325,-96.478756
41.087367,-96.478756
41.107393,-96.478756
41.127325,-96.478756
41.147375,-96.478756
41.167268,-96.478756
41.187253,-96.478756
41.207181,-96.478756
41.227237,-96.478756
41.247230,-96.478756
41.267237,-96.478756
41.287204,-96.478756
41.307240,-96.478756
41.327187,-96.478756
41.347204,-96.478756
41.367187,-96.478756
41.387519,-96.478756
41.407664,-96.478756
41.427118,-96.478756
41.447167,-96.478756
41.467231,-96.478756
41.487100,-96.478756
41.507197,-96.478756
41.527117,-96.478756
41.547090,-96.478756
41.567223,-96.478756
41.587115,-96.478756
41.607110,-96.478756
41.627025,-96.478756
41.647073,-96.478756
41.667079,-96.478756
41.687119,-96.478756
41.707044,-96.478755
41.727029,-96.478755
41.747048,-96.478755
41.767016,-96.478755
41.787049,-96.478755
41.807032,-96.478755
41.826910,-96.478755
41.846917,-96.478755
41.866826,-96.478755
41.886842,-96.478755
41.906848,-96.478755
41.926950,-96.478755
41.946873,-96.478755
41.966770,-96.478755
41.986810,-96.478755
42.006820,-96.478755
42.026770,-96.478755
42.046774,-96.478755
42.066701,-96.478755
42.086790,-96.478755
42.106656,-96.478755
42.126776,-96.478755
42.146817,-96.478755
42.166746,-96.478755
42.186728,-96.478755
42.206813,-96.478755
42.226679,-96.478755
42.246616,-96.478755
42.267622,-96.478755
42.286793,-96.478755
42.306559,-96.478754
42.326610,-96.478754
42.347552,-96.478754
42.367575,-96.478754
42.386609,-96.478754
42.407886,-96.478754
42.427831,-96.478754
42.447495,-96.478754
42.467582,-96.478754
42.487539,-96.478754
42.507467,-96.478754
42.527462,-96.478754
42.547525,-96.478754
42.567458,-96.478754
42.587490,-96.478754
42.607432,-96.478754
42.627346,-96.478754
42.647558,-96.478754
42.667434,-96.478754
42.687721,-96.478754
42.707659,-96.478754
42.727377,-96.478754
42.747366,-96.478754
42.767408,-96.478754
42.787356,-96.478754
42.807431,-96.478754
42.827356,-96.478754
42.847284,-96.478754
42.867357,-96.478754
42.887216,-96.478754
42.907328,-96.478754
42.927244,-96.478753
42.947478,-96.478753
42.967288,-96.478753
42.987262,-96.478753
43.007358,-96.478753
43.027359,-96.478753
43.047215,-96.478753
43.067292,-96.478753
43.087243,-96.478753
43.107342,-96.478753
43.127200,-96.478753
43.147191,-96.478753
43.167308,-96.478753
43.187218,-96.478753
43.207162,-96.478753
43.227068,-96.478753
43.247160,-96.478753
43.267136,-96.478753
43.287467,-96.478753
43.307414,-96.478753
43.326998,-96.478753
43.346989,-96.478753
43.367104,-96.478753
43.387015,-96.478753
43.407048,-96.478753
43.427009,-96.478753
43.446980,-96.478753
43.466936,-96.478753
43.487006,-96.478753
43.506963,-96.478753
43.526970,-96.478753
43.547104,-96.478753
43.567090,-96.478753
43.586995,-96.478753
43.606991,-96.478753
43.626900,-96.478753
43.646869,-96.478753
43.667039,-96.478753
43.686806,-96.478753
43.706865,-96.478753
43.726793,-96.478753
43.746862,-96.478753
43.766804,-96.478753
43.786813,-96.478753
43.806700,-96.478753
43.826736,-96.478753
43.846748,-96.478753
43.866828,-96.478753
43.886661,-96.478753
43.906719,-96.478753
43.926656,-96.478753
43.946675,-96.478753
43.967653,-96.478753
43.986699,-96.478753
44.006666,-96.478753
44.026625,-96.478753
44.046657,-96.478753
44.067566,-96.478753
44.087645,-96.478753
44.106614,-96.478753
44.127546,-96.478753
44.147573,-96.478753
44.167550,-96.478753
44.187685,-96.478753
44.207511,-96.478753
44.227494,-96.478753
44.247519,-96.478753
44.267464,-96.478753
44.287518,-96.478753
44.307423,-96.478753
44.327501,-96.478752
44.347486,-96.478752
44.367368,-96.478752
44.387733,-96.478752
44.407803,-96.478752
44.427351,-96.478752
44.447547,-96.478752
44.467350,-96.478752
44.487344,-96.478752
44.507392,-96.478752
44.527461,-96.478752
44.547298,-96.478752
44.567382,-96.478752
44.587283,-96.478752
44.607468,-96.478752
44.627405,-96.478752
44.647302,-96.478752
44.667300,-96.478752
44.687341,-96.478752
44.707256,-96.478752
44.727322,-96.478752
44.747302,-96.478752
44.767259,-96.478752
44.787287,-96.478752
44.807576,-96.478752
44.827401,-96.478752
44.847233,-96.478752
44.867203,-96.478752
44.887204,-96.478752
44.907199,-96.478752
44.927175,-96.478752
44.947482,-96.478752
44.967154,-96.478752
44.987116,-96.478752
45.007135,-96.478752
45.027096,-96.478752
45.047188,-96.478752
45.067097,-96.478752
45.087077,-96.478752
45.106989,-96.478752
45.127025,-96.478752
45.146954,-96.478752
45.166998,-96.478752
45.187028,-96.478752
45.207018,-96.478752
45.227038,-96.478752
45.247132,-96.478752
45.266920,-96.478752
45.287006,-96.478752
45.306959,-96.478752
45.326871,-96.478752
45.346869,-96.478752
45.366919,-96.478752
45.386784,-96.478752
45.406786,-96.478752
45.426770,-96.478752
45.446750,-96.478752
45.466749,-96.478752
45.486789,-96.478752
45.506727,-96.478752
45.526731,-96.478752
45.546706,-96.478752
45.566753,-96.478752
45.586676,-96.478752
45.606755,-96.478752
45.626657,-96.478752
45.646721,-96.478752
45.667646,-96.478752
45.686699,-96.478752
45.706670,-96.478752
45.727606,-96.478752
45.747555,-96.478752
45.767510,-96.478752
45.787635,-96.478752
45.807535,-96.478752
45.827661,-96.478752
45.847732,-96.478752
45.867627,-96.478752
45.887653,-96.478752
45.907549,-96.478752
45.927820,-96.478752
45.947801,-96.478752
45.967528,-96.478752
45.987537,-96.478752
46.007531,-96.478752
46.027374,-96.478752
46.047429,-96.478752
46.067435,-96.478752
46.087394,-96.478752
46.107386,-96.478752
46.127381,-96.478752
46.147464,-96.478752
46.167388,-96.478752
46.187383,-96.478752
46.207340,-96.478752
46.227295,-96.478752
46.247272,-96.478752
46.267299,-96.478752
46.287283,-96.478752
46.307602,-96.478752
46.327859,-96.478752
46.347392,-96.478752
46.367303,-96.478752
46.387178,-96.478752
46.407220,-96.478752
46.427154,-96.478752
46.447149,-96.478752
46.467180,-96.478752
46.487226,-96.478752
46.507136,-96.478752
46.527449,-96.478752
46.547689,-96.478752
46.567204,-96.478752
46.587147,-96.478752
46.607066,-96.478752
46.627018,-96.478752
46.647044,-96.478752
46.667002,-96.478752
46.687016,-96.478752
46.707068,-96.478752
46.727041,-96.478752
46.747056,-96.478752
46.767109,-96.478752
46.786959,-96.478752
46.806948,-96.478752
46.827007,-96.478752
46.847009,-96.478752
46.867110,-96.478752
46.887044,-96.478752
46.906916,-96.478752
46.927062,-96.478752
46.947030,-96.478752
46.966915,-96.478752
46.986849,-96.478752
47.006958,-96.478752
47.026880,-96.478752
47.046908,-96.478752
47.066930,-96.478752
47.087140,-96.478752
47.107006,-96.478752
47.126805,-96.478752
47.146788,-96.478752
47.166809,-96.478752
47.186758,-96.478752
47.206829,-96.478752
47.226828,-96.478752
47.246759,-96.478752
47.267711,-96.478752
47.286879,-96.478752
47.306627,-96.478752
47.326689,-96.478752
47.347668,-96.478752
47.367691,-96.478752
47.386672,-96.478752
47.406594,-96.478752
47.427614,-96.478752
47.446679,-96.478752
47.467546,-96.478752
47.487672,-96.478752
47.507607,-96.478752
47.527634,-96.478752
47.547725,-96.478752
47.567577,-96.478752
47.587609,-96.478752
47.607489,-96.478752
47.627456,-96.478752
47.647493,-96.478752
47.667521,-96.478752
47.687459,-96.478752
47.707524,-96.478752
47.727472,-96.478752
47.747472,-96.478752
47.767376,-96.478752
47.787350,-96.478752
47.807434,-96.478752
47.827486,-96.478752
47.847341,-96.478752
47.867431,-96.478752
47.887396,-96.478752
47.907378,-96.478752
47.927355,-96.478751
47.947361,-96.478751
47.967389,-96.478751
47.987366,-96.478751
48.007245,-96.478751
48.027514,-96.478751
48.047269,-96.478751
48.067291,-96.478751
48.087325,-96.478751
48.107198,-96.478751
48.127218,-96.478751
48.147179,-96.478751
48.167211,-96.478751
48.187309,-96.478751
48.207166,-96.478751
48.227174,-96.478751
48.247225,-96.478751
48.267144,-96.478751
48.287197,-96.478751
48.307122,-96.478751
48.327445,-96.478751
48.347260,-96.478751
48.367056,-96.478751
48.387046,-96.478751
48.407198,-96.478751
48.427022,-96.478751
48.447130,-96.478751
48.467013,-96.478751
48.486995,-96.478751
48.507339,-96.478751
48.527350,-96.478751
48.547144,-96.478751
48.567052,-96.478751
48.587270,-96.478751
48.607356,-96.478751
48.626997,-96.478751
48.647020,-96.478751
48.667341,-96.478751
48.687344,-96.478751
48.707048,-96.478751
48.727032,-96.478751
48.747331,-96.478751
48.767143,-96.478751
48.786992,-96.478751
48.806984,-96.478751
48.827246,-96.478751
48.847024,-96.478751
48.866983,-96.478751
48.886804,-96.478751
48.906854,-96.478751
48.926841,-96.478751
48.946805,-96.478751
48.966778,-96.478751
48.986861,-96.478751
49.006737,-96.478751
49.026760,-96.478751
49.046752,-96.478751
49.067659,-96.478751
49.086715,-96.478751
49.106684,-96.478751
49.126747,-96.478751
49.146784,-96.478751
49.167759,-96.478751
49.186762,-96.478751
49.206637,-96.478751
49.227611,-96.478751
49.247664,-96.478751
49.267588,-96.478751
49.287598,-96.478751
49.307540,-96.478751
49.327551,-96.478751
49.347607,-96.478751
49.367527,-96.478751
49.387488,-96.478751
49.407548,-96.478751
49.427417,-96.478751
49.447463,-96.478751
49.467519,-96.478751
49.487466,-96.478751
49.507503,-96.478751
49.527497,-96.478750
49.547365,-96.478750
49.567402,-96.478750
49.587426,-96.478750
49.607392,-96.478750
49.627328,-96.478750
49.647439,-96.478750
49.667424,-96.478750
49.687434,-96.478750
49.707357,-96.478750
49.727315,-96.478750
49.747343,-96.478750
49.767289,-96.478750
49.787289,-96.478750
49.807261,-96.478750
49.827219,-96.478750
49.847238,-96.478750
49.867179,-96.478750
49.887198,-96.478750
49.907165,-96.478750
49.927669,-96.478750
49.947553,-96.478750
49.967229,-96.478750
49.987261,-96.478750
50.007137,-96.478750
50.027183,-96.478750
50.047126,-96.478750
50.067152,-96.478750
50.087170,-96.478750
50.107109,-96.478750
50.127058,-96.478750
50.147052,-96.478750
50.167142,-96.478750
50.187096,-96.478750
50.207095,-96.478750
50.227029,-96.478750
50.247034,-96.478750
50.267101,-96.478750
50.287037,-96.478750
50.307085,-96.478750
50.327069,-96.478750
50.346996,-96.478750
50.367054,-96.478750
50.386950,-96.478750
50.406994,-96.478750
50.427048,-96.478750
50.446936,-96.478750
50.466924,-96.478750
50.486952,-96.478750
50.506851,-96.478750
50.527211,-96.478750
50.547166,-96.478750
50.566936,-96.478750
50.586850,-96.478750
50.606875,-96.478750
50.626841,-96.478750
50.646810,-96.478750
50.666854,-96.478750
50.686753,-96.478750
50.706751,-96.478750
50.726767,-96.478750
50.746799,-96.478750
50.767752,-96.478750
50.786800,-96.478750
50.806662,-96.478750
50.827729,-96.478750
50.846745,-96.478750
50.867636,-96.478750
50.886664,-96.478750
50.906721,-96.478750
50.927633,-96.478751
50.947740,-96.478751
50.967736,-96.478751
50.988048,-96.478751
51.007685,-96.478751
51.027574,-96.478751
51.047527,-96.478751
51.067552,-96.478751
51.087531,-96.478751
51.107564,-96.478751
51.127640,-96.478751
51.147498,-96.478751
51.167466,-96.478751
51.187615,-96.478751
51.207453,-96.478751
51.227493,-96.478751
51.247519,-96.478751
51.267608,-96.478751
51.287559,-96.478751
51.307505,-96.478751
51.327541,-96.478751
51.347538,-96.478751
51.367830,-96.478751
51.387544,-96.478751
51.407502,-96.478751
51.427454,-96.478751
51.447492,-96.478751
51.467413,-96.478751
51.487398,-96.478751
51.507461,-96.478751
51.527339,-96.478751
51.547332,-96.478751
51.567303,-96.478751
51.587390,-96.478751
51.607293,-96.478751
51.627268,-96.478751
51.647292,-96.478751
51.667310,-96.478751
51.687278,-96.478751
51.707324,-96.478751
51.727340,-96.478751
51.747245,-96.478751
51.767243,-96.478751
51.787257,-96.478751
51.807278,-96.478751
51.827209,-96.478751
51.847166,-96.478751
51.867242,-96.478751
51.887198,-96.478751
51.907286,-96.478751
51.927141,-96.478751
51.947181,-96.478751
51.967072,-96.478751
51.987120,-96.478751
52.007072,-96.478751
52.027469,-96.478751
52.047392,-96.478751
52.067185,-96.478751
52.087023,-96.478751
52.107051,-96.478751
52.127020,-96.478751
52.147069,-96.478751
52.167024,-96.478751
52.187096,-96.478751
52.207007,-96.478751
52.227046,-96.478751
52.246985,-96.478751
52.267013,-96.478751
52.286945,-96.478751
52.306912,-96.478751
52.326958,-96.478751
52.346918,-96.478751
52.366818,-96.478751
52.386848,-96.478751
52.406860,-96.478751
52.426791,-96.478751
52.446811,-96.478751
52.466927,-96.478751
52.486918,-96.478751
52.506947,-96.478751
52.526823,-96.478751
52.546801,-96.478751
52.567775,-96.478751
52.586686,-96.478751
52.606804,-96.478751
52.626747,-96.478751
52.646741,-96.478751
52.667669,-96.478751
52.686716,-96.478751
52.707687,-96.478751
52.727620,-96.478751
52.746640,-96.478751
52.767592,-96.478751
52.787632,-96.478751
52.807652,-96.478751
52.827679,-96.478751
52.847569,-96.478751
52.867594,-96.478751
52.887615,-96.478751
52.907651,-96.478751
52.927789,-96.478751
52.948121,-96.478750
52.967583,-96.478750
52.987648,-96.478750
53.007467,-96.478750
53.027504,-96.478750
53.047497,-96.478750
53.067461,-96.478750
53.087456,-96.478750
53.107471,-96.478750
53.127428,-96.478750
53.147490,-96.478750
53.167373,-96.478750
53.187407,-96.478750
53.207591,-96.478750
53.227367,-96.478750
53.247329,-96.478750
53.267416,-96.478750
53.287325,-96.478750
53.307439,-96.478750
53.327378,-96.478750
53.347365,-96.478750
53.367335,-96.478750
53.387235,-96.478750
53.407217,-96.478750
53.427226,-96.478750
53.447254,-96.478750
53.467282,-96.478750
53.487230,-96.478750
53.507298,-96.478750
53.527154,-96.478750
53.547183,-96.478750
53.567182,-96.478750
53.587152,-96.478750
53.607126,-96.478750
53.627094,-96.478750
53.647169,-96.478750
53.667096,-96.478750
53.687116,-96.478750
53.707051,-96.478749
53.727084,-96.478749
53.747103,-96.478749
53.766994,-96.478749
53.787061,-96.478749
53.807002,-96.478749
53.826943,-96.478749
53.847119,-96.478749
53.866981,-96.478749
53.887037,-96.478749
53.906955,-96.478749
53.927014,-96.478749
53.947053,-96.478749
53.966915,-96.478749
53.987126,-96.478749
54.007015,-96.478749
54.026917,-96.478749
54.046965,-96.478749
54.066862,-96.478749
54.086875,-96.478749
54.106972,-96.478749
54.126788,-96.478749
54.146807,-96.478749
54.166892,-96.478749
54.186739,-96.478749
54.206903,-96.478749
54.226786,-96.478749
54.246698,-96.478749
54.266814,-96.478749
54.286733,-96.478749
54.306791,-96.478749
54.326720,-96.478749
54.347669,-96.478749
54.367662,-96.478749
54.387631,-96.478749
54.407600,-96.478749
54.427621,-96.478749
54.447639,-96.478749
54.467647,-96.478749
54.487664,-96.478749
54.507623,-96.478749
54.527602,-96.478749
54.547678,-96.478749
54.567535,-96.478749
54.587553,-96.478749
54.607524,-96.478749
54.627561,-96.478749
54.647615,-96.478749
54.667473,-96.478749
54.687526,-96.478749
54.707464,-96.478749
54.727463,-96.478749
54.747461,-96.478749
54.767452,-96.478749
54.787427,-96.478749
54.807536,-96.478749
54.827369,-96.478749
54.847378,-96.478749
54.867367,-96.478749
54.887374,-96.478749
54.907388,-96.478749
54.927366,-96.478749
54.947360,-96.478749
54.967374,-96.478749
54.987404,-96.478749
55.007349,-96.478749
55.027351,-96.478749
55.047364,-96.478749
55.067297,-96.478749
55.087299,-96.478749
55.107256,-96.478749
55.127314,-96.478749
55.147299,-96.478749
55.167250,-96.478749
55.187252,-96.478749
55.207230,-96.478749
55.227162,-96.478749
55.247219,-96.478749
55.267224,-96.478749
55.287184,-96.478749
55.307120,-96.478749
55.327093,-96.478749
55.347123,-96.478749
55.367126,-96.478749
55.387171,-96.478749
55.407098,-96.478749
55.427085,-96.478749
55.447065,-96.478749
55.467093,-96.478749
55.487063,-96.478749
55.507087,-96.478749
55.527045,-96.478749
55.547048,-96.478749
55.567047,-96.478749
55.587049,-96.478749
55.607054,-96.478749
55.626954,-96.478749
55.646991,-96.478749
55.666917,-96.478749
55.687069,-96.478749
55.707076,-96.478749
55.726969,-96.478749
55.747005,-96.478749
55.766889,-96.478749
55.786871,-96.478749
55.806812,-96.478749
55.826913,-96.478749
55.846900,-96.478749
55.866902,-96.478749
55.886792,-96.478749
55.906842,-96.478749
55.926767,-96.478749
55.947073,-96.478749
55.967838,-96.478749
55.986787,-96.478749
56.006756,-96.478749
56.026758,-96.478749
56.047682,-96.478749
56.067699,-96.478749
56.087723,-96.478749
56.107653,-96.478749
56.127646,-96.478749
56.147699,-96.478749
56.167640,-96.478749
56.187677,-96.478749
56.207644,-96.478749
56.227571,-96.478749
56.247602,-96.478749
56.267610,-96.478749
56.287530,-96.478749
56.307547,-96.478749
56.327538,-96.478749
56.347565,-96.478749
56.367526,-96.478749
56.387590,-96.478749
56.407560,-96.478749
56.427522,-96.478749
56.447598,-96.478749
56.467474,-96.478749
56.487503,-96.478749
56.507604,-96.478749
56.527468,-96.478749
56.547466,-96.478749
56.567504,-96.478749
56.587467,-96.478749
56.607673,-96.478749
56.627539,-96.478749
56.647351,-96.478749
56.667333,-96.478749
56.687330,-96.478749
56.707422,-96.478750
56.727371,-96.478750
56.747289,-96.478750
56.767349,-96.478750
56.787265,-96.478750
56.807317,-96.478750
56.827271,-96.478750
56.847273,-96.478750
56.867256,-96.478750
56.887250,-96.478750
56.907175,-96.478750
56.927247,-96.478750
56.947249,-96.478750
56.967149,-96.478750
56.987299,-96.478750
57.007159,-96.478750
57.027170,-96.478750
57.047114,-96.478750
57.067143,-96.478750
57.087353,-96.478750
57.107189,-96.478750
57.127067,-96.478750
57.147078,-96.478750
57.167067,-96.478750
57.187045,-96.478750
57.206995,-96.478750
57.227019,-96.478750
57.247012,-96.478750
57.267117,-96.478750
57.287055,-96.478750
57.307129,-96.478750
57.326972,-96.478750
57.347056,-96.478750
57.366977,-96.478750
57.387029,-96.478750
57.407030,-96.478750
57.426940,-96.478750
57.446901,-96.478750
57.466825,-96.478750
57.486891,-96.478750
57.506905,-96.478750
57.526881,-96.478750
57.546851,-96.478750
57.566876,-96.478750
57.586785,-96.478750
57.606825,-96.478750
57.626821,-96.478750
57.646899,-96.478750
57.667856,-96.478750
57.686997,-96.478750
57.706717,-96.478750
57.726817,-96.478750
57.746814,-96.478750
57.768107,-96.478750
57.786894,-96.478750
57.806746,-96.478750
57.827884,-96.478750
57.847880,-96.478750
57.867724,-96.478750
57.886772,-96.478750
57.907680,-96.478750
57.927704,-96.478750
57.947694,-96.478750
57.967599,-96.478750
57.987573,-96.478750
58.007570,-96.478750
58.027604,-96.478750
58.047626,-96.478750
58.067637,-96.478750
58.087570,-96.478750
58.107543,-96.478750
58.127571,-96.478750
58.147477,-96.478750
58.167486,-96.478750
58.187494,-96.478750
58.207644,-96.478750
58.227652,-96.478750
58.247479,-96.478750
58.267451,-96.478750
58.287409,-96.478750
58.307424,-96.478750
58.327487,-96.478750
58.347462,-96.478750
58.367386,-96.478750
58.387423,-96.478750
58.407341,-96.478750
58.427414,-96.478750
58.447341,-96.478750
58.467413,-96.478750
58.487507,-96.478750
58.507312,-96.478750
58.527346,-96.478750
58.547310,-96.478750
58.567282,-96.478750
58.587319,-96.478750
58.607262,-96.478750
58.627259,-96.478750
58.647330,-96.478750
58.667460,-96.478750
58.687311,-96.478750
58.707252,-96.478750
58.727188,-96.478750
58.747290,-96.478750
58.767174,-96.478750
58.787190,-96.478750
58.807266,-96.478750
58.827114,-96.478750
58.847092,-96.478750
58.867136,-96.478750
58.887098,-96.478750
58.907195,-96.478750
58.927444,-96.478750
58.947045,-96.478750
58.967001,-96.478750
58.987058,-96.478750
59.006953,-96.478750
59.027054,-96.478750
59.046956,-96.478750
59.067099,-96.478750
59.087122,-96.478750
59.107001,-96.478750
59.126980,-96.478750
59.147027,-96.478750
59.166967,-96.478750
59.186925,-96.478750
59.206992,-96.478750
59.226874,-96.478750
59.246978,-96.478750
59.266859,-96.478750
59.286881,-96.478750
59.306853,-96.478750
59.327237,-96.478750
59.347188,-96.478750
59.366888,-96.478750
59.387821,-96.478750
59.406846,-96.478750
59.426791,-96.478750
59.447718,-96.478750
59.466721,-96.478750
59.487768,-96.478750
59.507718,-96.478750
59.527713,-96.478750
59.547737,-96.478750
59.567674,-96.478750
59.587711,-96.478750
59.607769,-96.478750
59.627656,-96.478750
59.648111,-96.478750
59.667957,-96.478750
59.687889,-96.478750
59.713691,-96.478750
59.727612,-96.478750
59.747698,-96.478750
59.767622,-96.478750
59.787591,-96.478750
59.807583,-96.478750
59.827566,-96.478750
59.847550,-96.478750
59.867488,-96.478750
59.887593,-96.478750
59.907490,-96.478750
59.927464,-96.478749
59.947493,-96.478749
59.967439,-96.478749
59.987477,-96.478749
60.007458,-96.478749
60.027426,-96.478749
60.047472,-96.478749
60.067488,-96.478749
60.087401,-96.478749
60.107386,-96.478749
60.127380,-96.478749
60.147455,-96.478749
60.167448,-96.478749
60.187349,-96.478749
60.207356,-96.478749
60.227472,-96.478749
60.247328,-96.478749
60.267401,-96.478749
60.287283,-96.478749
60.307301,-96.478749
60.327234,-96.478749
60.347358,-96.478749
60.367244,-96.478749
60.387388,-96.478749
60.407309,-96.478749
60.427225,-96.478749
60.447205,-96.478749
60.467156,-96.478749
60.487140,-96.478749
60.507299,-96.478749
60.527199,-96.478749
60.547183,-96.478749
60.567246,-96.478749
60.587171,-96.478749
60.607207,-96.478749
60.627141,-96.478749
60.647125,-96.478749
60.667116,-96.478749
60.687034,-96.478749
60.707037,-96.478749
60.727172,-96.478749
60.747067,-96.478749
60.767115,-96.478749
60.786984,-96.478749
60.806997,-96.478749
60.827023,-96.478749
60.847044,-96.478749
60.867008,-96.478749
60.887108,-96.478749
60.906972,-96.478749
60.926948,-96.478749
60.947023,-96.478749
60.966877,-96.478749
60.986898,-96.478749
61.006917,-96.478749
61.027277,-96.478749
61.047219,-96.478749
61.066886,-96.478749
61.087845,-96.478749
61.106788,-96.478748
61.126864,-96.478748
61.147800,-96.478748
61.166842,-96.478748
61.187838,-96.478748
61.206876,-96.478748
61.226786,-96.478748
61.246776,-96.478748
61.266751,-96.478748
61.287700,-96.478748
61.307787,-96.478748
61.327778,-96.478748
61.347707,-96.478748
61.367715,-96.478748
61.387685,-96.478748
61.407672,-96.478748
61.427718,-96.478748
61.447727,-96.478748
61.467657,-96.478748
61.487688,-96.478748
61.507973,-96.478748
61.527708,-96.478748
61.547631,-96.478748
61.567671,-96.478748
61.587672,-96.478748
61.607695,-96.478748
61.627663,-96.478748
61.647626,-96.478748
61.667541,-96.478748
61.687545,-96.478748
61.707677,-96.478748
61.727576,-96.478748
61.747613,-96.478748
61.767442,-96.478748
61.787577,-96.478748
61.807605,-96.478748
61.827883,-96.478748
61.847835,-96.478748
61.867493,-96.478748
61.887484,-96.478748
61.907488,-96.478748
61.927475,-96.478748
61.947426,-96.478748
61.967417,-96.478748
61.987351,-96.478748
62.007335,-96.478748
62.027358,-96.478748
62.047350,-96.478748
62.067367,-96.478748
62.087341,-96.478748
62.107373,-96.478748
62.127265,-96.478748
62.147272,-96.478748
62.167448,-96.478748
62.187260,-96.478748
62.207206,-96.478748
62.227212,-96.478748
62.247200,-96.478748
62.267284,-96.478748
62.287132,-96.478748
62.307204,-96.478748
62.327172,-96.478748
62.347189,-96.478748
62.367146,-96.478748
62.387245,-96.478748
62.407133,-96.478748
62.427122,-96.478748
62.447058,-96.478748
62.467068,-96.478748
62.487093,-96.478748
62.507001,-96.478748
62.527014,-96.478748
62.546991,-96.478748
62.567041,-96.478748
62.587064,-96.478748
62.607058,-96.478748
62.627061,-96.478748
62.647005,-96.478748
62.667031,-96.478748
62.687003,-96.478748
62.707016,-96.478748
62.727107,-96.478748
62.747041,-96.478748
62.767009,-96.478748
62.786920,-96.478748
62.807018,-96.478748
62.826906,-96.478748
62.846947,-96.478748
62.866876,-96.478748
62.887793,-96.478748
62.906839,-96.478748
62.926884,-96.478748
62.946915,-96.478748
62.966815,-96.478748
62.987819,-96.478748
63.006849,-96.478748
63.026862,-96.478748
63.047799,-96.478748
63.067755,-96.478748
63.087712,-96.478748
63.107789,-96.478748
63.127716,-96.478748
63.147715,-96.478748
63.167743,-96.478748
63.187730,-96.478748
63.207704,-96.478748
63.227644,-96.478748
63.247657,-96.478748
63.267769,-96.478748
63.287705,-96.478748
63.307688,-96.478748
63.327801,-96.478748
63.347747,-96.478748
63.367577,-96.478748
63.387618,-96.478748
63.407564,-96.478748
63.427551,-96.478748
63.447648,-96.478748
63.467470,-96.478748
63.487551,-96.478748
63.507480,-96.478748
63.527487,-96.478748
63.547374,-96.478748
63.567844,-96.478748
63.587623,-96.478748
63.607503,-96.478748
63.627429,-96.478748
63.647418,-96.478748
63.667506,-96.478748
63.687330,-96.478748
63.707343,-96.478747
63.727326,-96.478747
63.747328,-96.478747
63.767276,-96.478747
63.787250,-96.478747
63.807357,-96.478747
63.827277,-96.478747
63.847309,-96.478747
63.867252,-96.478747
63.887185,-96.478747
63.907245,-96.478747
63.927213,-96.478747
63.947198,-96.478747
63.967214,-96.478747
63.987193,-96.478747
64.007177,-96.478747
64.027125,-96.478747
64.047241,-96.478747
64.067145,-96.478747
64.087161,-96.478747
64.107099,-96.478747
64.127052,-96.478747
64.147025,-96.478747
64.167085,-96.478747
64.187066,-96.478747
64.207011,-96.478747
64.227046,-96.478747
64.247068,-96.478747
64.267024,-96.478747
64.286995,-96.478747
64.306953,-96.478747
64.327051,-96.478747
64.347021,-96.478747
64.366998,-96.478747
64.387969,-96.478747
64.407042,-96.478747
64.426931,-96.478747
64.446928,-96.478747
64.466970,-96.478747
64.487829,-96.478747
64.506841,-96.478747
64.526814,-96.478747
64.546792,-96.478747
64.566756,-96.478747
64.587799,-96.478747
64.606780,-96.478747
64.626815,-96.478747
64.646772,-96.478747
64.667773,-96.478747
64.687755,-96.478747
64.708203,-96.478747
64.728173,-96.478747
64.747920,-96.478747
64.767706,-96.478747
64.787658,-96.478747
64.807708,-96.478747
64.827608,-96.478747
64.847761,-96.478747
64.867695,-96.478747
64.887633,-96.478747
64.907621,-96.478747
64.927619,-96.478747
64.947621,-96.478747
64.967643,-96.478747
64.987560,-96.478747
65.007526,-96.478747
65.027563,-96.478747
65.047570,-96.478747
65.067566,-96.478747
65.087612,-96.478747
65.107493,-96.478747
65.127515,-96.478747
65.147554,-96.478747
65.167455,-96.478747
65.187753,-96.478747
65.207697,-96.478747
65.227392,-96.478747
65.247520,-96.478747
65.267531,-96.478747
65.287392,-96.478747
65.307379,-96.478747
65.327343,-96.478747
65.347361,-96.478747
65.367488,-96.478747
65.387271,-96.478747
65.407705,-96.478747
65.427664,-96.478747
65.447366,-96.478747
65.467372,-96.478747
65.487233,-96.478747
65.507276,-96.478747
65.527469,-96.478747
65.547219,-96.478747
65.567199,-96.478747
65.587295,-96.478747
65.607217,-96.478747
65.627247,-96.478747
65.647224,-96.478747
65.667293,-96.478747
65.687319,-96.478747
65.707150,-96.478747
65.727407,-96.478747
65.747242,-96.478747
65.767151,-96.478747
65.787093,-96.478747
65.807066,-96.478747
65.827110,-96.478747
65.847131,-96.478747
65.867055,-96.478747
65.887055,-96.478747
65.906997,-96.478747
65.927082,-96.478747
65.947049,-96.478747
65.967079,-96.478747
65.987051,-96.478747
66.006927,-96.478747
66.027002,-96.478747
66.047117,-96.478747
66.067059,-96.478747
66.086994,-96.478747
66.107100,-96.478747
66.126981,-96.478747
66.147090,-96.478747
66.166969,-96.478747
66.186975,-96.478747
66.206900,-96.478747
66.226889,-96.478747
66.246844,-96.478747
66.266948,-96.478747
66.286898,-96.478747
66.307834,-96.478747
66.327244,-96.478747
66.347782,-96.478747
66.366863,-96.478747
66.387753,-96.478747
66.407760,-96.478747
66.427738,-96.478747
66.447798,-96.478747
