0.281456,4.090338
0.301480,7.787117
0.320442,4.748552
0.341513,6.963809
0.361480,6.867934
0.381509,3.889365
0.401384,8.200821
0.421413,4.949924
0.441336,3.510237
0.461361,6.359802
0.481361,4.379943
0.501367,3.998070
0.521311,4.399967
0.541337,4.236261
0.561394,4.014261
0.581412,9.153570
0.601283,4.916009
0.621221,1.023624
0.641238,6.817894
0.661845,7.423464
0.681256,6.351887
0.701187,3.126047
0.721165,3.933243
0.741222,5.470686
0.761163,2.013737
0.781117,4.005466
0.801154,5.024824
0.821079,5.654388
0.841170,5.395114
0.861207,3.695164
0.881441,2.410431
0.901850,2.662717
0.921115,3.258082
0.941121,5.969016
0.961119,6.585258
0.981115,2.678965
1.001086,3.672727
1.021049,5.488178
1.041642,4.814677
1.061342,6.358531
1.081377,7.611897
1.101213,5.828797
1.121016,6.343341
1.140985,6.367656
1.161003,6.279441
1.180957,6.483222
1.200916,5.574024
1.221008,6.125832
1.240929,5.424701
1.260904,6.190419
1.280883,3.325814
1.301081,0.524775
1.321005,0.875994
1.340885,1.531112
1.360851,3.898273
1.380864,1.954446
1.400875,3.463430
1.420853,9.197200
1.440760,6.451077
1.460819,2.099605
1.480759,1.881895
1.500800,0.104054
1.520795,1.082254
1.540836,6.566099
1.560794,8.251349
1.580726,6.686701
1.600812,2.989877
1.620775,0.778481
1.640611,2.495732
1.660684,8.459408
1.680628,7.233112
1.700761,8.728949
1.720598,7.469968
1.740595,11.998138
1.760600,5.454776
1.780593,-0.746797
1.800581,0.039537
1.820631,2.150916
1.840548,-5.493980
1.860574,10.528608
1.880515,1.575237
1.900435,2.394190
1.920447,3.601977
1.941436,2.547450
1.960443,2.735137
1.981476,1.130365
2.001456,6.430642
2.021407,14.180679
2.041809,-1.381320
2.061840,-3.099509
2.081419,-2.840771
2.101403,-4.727280
2.121422,2.114166
2.141391,-3.505988
2.161439,0.841102
2.181482,-0.076896
2.201448,8.092756
2.221304,4.673844
2.241253,8.213276
2.261319,4.839780
2.281266,4.327392
2.301258,5.931495
2.321218,5.544937
2.341232,7.476777
2.361281,4.006151
2.381285,9.346081
2.401241,6.377573
2.421165,3.011802
2.441243,3.097812
2.461104,3.465186
2.481109,6.535599
2.501237,1.003423
2.521217,0.408680
2.541176,-4.979398
2.561094,-2.999336
2.582037,-1.942656
2.601732,1.989077
2.621268,0.837443
2.641248,5.512003
2.661146,3.382000
2.681123,9.193957
2.701195,8.213387
2.721128,4.478148
2.741122,1.698709
2.761050,-0.034354
2.781045,-1.090518
2.800984,3.727478
2.821036,4.621191
2.841130,0.375222
2.861263,-0.162412
2.881146,5.952713
2.901083,7.862589
2.920936,8.315472
2.940966,9.788396
2.961211,-0.164842
2.980987,1.681672
3.001081,-1.186854
3.020940,-1.699451
3.040898,-0.927477
3.060860,3.402613
3.080846,8.408510
3.100953,9.876684
3.120869,6.266132
3.140929,5.454123
3.160808,-3.294496
3.180945,5.330588
3.200794,-2.458982
3.220825,-1.880975
3.240754,1.795873
3.261044,5.230340
3.280833,5.874264
3.300784,3.361024
3.320760,7.635665
3.340733,0.515419
3.360762,1.309911
3.380699,5.451556
3.400669,8.552450
3.420690,5.309164
3.440652,-1.492840
3.460864,1.475106
3.480629,7.572843
3.500602,6.640089
3.520648,4.147583
3.540635,2.551391
3.561094,5.290256
3.580654,-7.564175
3.600544,-4.312799
3.620533,9.302962
3.640514,6.964809
3.660575,12.479287
3.680506,12.381589
3.701690,0.265900
3.720482,1.326608
3.741544,-4.789906
3.760432,5.026695
3.780523,0.430706
3.801456,1.000913
3.821541,4.172276
3.841375,2.021059
3.861380,3.505216
3.881371,4.249603
3.901421,5.161214
3.921301,7.277719
3.941335,7.440054
3.961477,6.015585
3.981361,4.641770
4.001327,1.827920
4.021331,6.071375
4.041279,-0.331857
4.061323,2.355688
4.081245,-1.149395
4.101377,1.782498
4.121347,3.631300
4.141227,0.187208
4.161262,0.179836
4.181206,-3.684929
4.201243,-1.472314
4.221210,3.100574
4.241216,6.055560
4.261204,15.519816
4.281215,8.408436
4.301118,5.206060
4.321218,7.624284
4.341128,2.636011
4.361132,6.473102
4.381219,-2.696007
4.401069,-6.244065
4.421145,0.103561
4.441112,3.833107
4.461114,1.642640
4.481074,2.769761
4.501152,2.145365
4.521277,-2.703047
4.541028,-0.942900
4.560964,0.535016
4.581008,2.934155
4.600956,3.118219
4.620995,0.962888
4.640954,2.416101
4.660953,1.066646
4.680943,1.817205
4.700946,8.404316
4.720865,-11.687770
4.740951,6.894582
4.760867,2.836055
4.780872,3.528076
4.800850,2.115003
4.820867,-3.043543
4.840804,8.949483
4.860805,-1.395007
4.880781,11.224549
4.900751,-2.534701
4.920789,2.028295
4.940706,3.488364
4.960769,-11.161678
4.980728,5.022491
5.000748,4.963569
5.020787,4.214791
5.040706,5.712736
5.060916,-1.960250
5.080687,1.395185
5.100631,-3.103738
5.120681,0.372546
5.140597,0.795490
5.160635,12.874353
5.180593,9.336539
5.201585,3.530864
5.220541,-0.043036
5.240514,-4.628667
5.260460,-5.085697
5.280439,-4.296089
5.301479,-5.068802
5.321496,-4.517534
5.341441,-2.373620
5.361772,3.578076
5.382149,-3.875148
5.401450,2.639805
5.421436,-7.782205
5.441319,1.070189
5.463007,-5.505764
5.481622,2.301242
5.501374,-1.873111
5.521301,-2.304223
5.541280,-1.231582
5.561290,4.731372
5.581272,4.251186
5.601429,3.930052
5.621346,6.872325
5.641254,5.091064
5.661219,-8.629882
5.681225,4.474478
5.701271,2.218035
5.721188,-6.763424
5.741160,-6.275088
5.761180,0.086819
5.781121,4.916249
5.801132,2.446043
5.821131,-0.866750
5.841074,0.869448
5.861099,8.423821
5.881126,3.641868
5.901070,5.307809
5.921112,-1.308154
5.941089,3.315378
5.961105,0.105771
5.981049,-1.698978
6.001426,11.670704
6.021255,-3.087514
6.041009,3.244874
6.061318,-1.216313
6.081016,-2.220675
6.101147,-2.885222
6.121024,-9.796543
6.141000,1.883231
6.160843,-5.185385
6.180952,-0.013524
6.200927,1.540365
6.220878,-13.679817
6.240880,-2.535012
6.260900,-2.985074
6.280835,-1.466731
6.300847,-0.592060
6.320821,-0.723580
6.340872,5.251642
6.360822,-7.999209
6.380807,-3.930682
6.400735,0.105890
6.420756,-2.604091
6.440779,-5.679199
6.460801,0.007284
6.480664,-3.641355
6.500771,3.147460
6.520849,-3.399000
6.540828,-1.287472
6.560750,0.859213
6.580649,-2.894365
6.600680,-2.375928
6.620635,-3.751765
6.640658,-0.947980
6.660665,-0.618203
6.680628,-0.056531
6.700636,-1.120956
6.720652,-3.924935
6.741360,-1.052966
6.760679,-0.652996
6.780524,1.541989
6.801507,-2.688651
6.820584,-0.941706
6.841564,0.836119
6.860564,-1.063783
6.880547,-2.634434
6.901464,-0.122798
6.920425,-2.242388
6.941542,-1.485813
6.961477,-9.085532
6.981754,-3.964840
7.001533,-1.646172
7.021522,-6.776700
7.041466,-4.883736
7.062068,-5.322137
7.082175,-5.900630
7.101511,-2.673624
7.121401,-4.112854
7.141382,-0.744565
7.161571,-3.895074
7.181320,-1.162794
7.201293,-1.259607
7.221316,-7.990504
7.241244,1.421764
7.261269,-4.231988
7.281408,-0.461411
7.301336,-7.549309
7.321285,-3.234401
7.341259,-4.997840
7.361298,-7.643733
7.381286,-5.658265
7.401192,-7.853627
7.421144,-5.009390
7.441194,-2.689358
7.461208,-0.116324
7.481225,-4.598632
7.501092,0.357944
7.521161,0.079309
7.541096,-2.894646
7.561066,-3.214345
7.581079,0.875099
7.601131,1.749918
7.621247,-0.398772
7.641023,-3.743687
7.661098,-1.766149
7.681130,1.197302
7.700997,0.293516
7.721055,-8.308521
7.741098,1.610015
7.760986,-4.389232
7.780915,-1.648156
7.800928,-3.548472
7.820980,-3.791884
7.840962,-3.091201
7.860879,-1.556417
7.880858,-6.709820
7.900871,-1.391991
7.920840,-0.080979
7.940917,-0.406140
7.960840,-4.685013
7.980831,-2.472427
8.000857,-1.748042
8.020831,-0.347657
8.040763,-5.916800
8.060849,-4.022500
8.080803,2.380562
8.100751,-4.795258
8.120726,-0.504184
8.140711,0.250703
8.160703,0.845469
8.180786,0.802786
8.200701,-1.142547
8.220852,-0.863689
8.240661,-0.976211
8.260962,-0.531337
8.280649,-3.420009
8.300652,1.447229
8.320641,1.981041
8.340613,-4.657952
8.360581,0.429486
8.380596,0.358458
8.401553,-1.986242
8.420789,0.643619
8.440593,-3.627490
8.460578,-2.678668
8.480523,-1.664181
8.501546,-0.280955
8.520845,-0.338775
8.541611,-0.747314
8.560586,-4.216099
8.581554,-3.304062
8.601496,-1.492731
8.621476,-2.124073
8.641613,-4.047134
8.661462,-1.555370
8.681416,0.345790
8.701544,-1.223208
8.721466,-2.169988
8.741457,-3.746956
8.761429,-1.425749
8.781405,-2.625168
8.801344,3.463708
8.821344,-3.173794
8.841363,-3.623101
8.861332,-4.579762
8.881294,-0.595278
8.901421,2.483446
8.921329,1.164513
8.941303,0.632468
8.961292,0.175112
8.981255,0.123845
9.001254,-1.839835
9.021250,3.256920
9.041258,3.086637
9.061263,2.532705
9.081390,1.899097
9.101329,6.238498
9.121332,6.629471
9.141217,3.499447
9.161343,-1.051185
9.182330,1.756026
9.201176,4.590564
9.221157,6.952034
9.241103,3.732505
9.261167,0.894113
9.281160,0.084166
9.301094,0.898171
9.321069,-0.284973
9.341124,-0.121165
9.361106,1.895147
9.381143,3.644596
9.401112,0.317644
9.421096,1.286779
9.441008,-2.358857
9.461088,-1.270492
9.480919,-2.959641
9.501070,3.172020
9.521028,1.480976
9.541064,-0.351759
9.561058,4.825430
9.581453,2.354601
9.601547,3.704585
9.621031,3.253429
9.640923,1.135623
9.660914,2.063205
9.680868,5.155165
9.700835,3.421226
9.720858,0.380424
9.740838,-0.861601
9.760825,3.402320
9.780776,4.021151
9.800802,4.073946
9.820871,3.571242
9.840755,4.065825
9.860822,2.376106
9.880969,4.457459
9.900776,3.737300
9.920763,-0.050945
9.940697,2.637622
9.960663,0.391435
9.980690,-0.589156
10.000650,1.964785
10.020631,3.973898
10.040626,2.869923
10.060622,3.442092
10.080585,0.821664
10.100624,1.615170
10.120618,0.999178
10.140718,0.965254
10.160546,5.058662
10.180631,2.665391
10.200626,6.304257
10.220524,8.383171
10.240500,2.689494
10.261501,2.515471
10.280549,1.954722
10.301526,1.883017
10.321506,-1.346626
10.341470,-2.683094
10.361511,-5.279434
10.381447,-2.228194
10.401491,-1.762648
10.421471,-0.606566
10.441404,3.597684
10.461429,5.827629
10.481622,0.921259
10.501451,0.668741
10.521513,2.232108
10.541358,4.959467
10.561437,4.052329
10.581390,2.257407
10.601312,-0.694089
10.621404,4.084403
10.641502,1.630901
10.661350,0.975993
10.681356,2.687772
10.701326,-0.128256
10.721300,-1.240268
10.741324,-2.038364
10.761281,-0.035203
10.781345,1.269923
10.801207,-1.543903
10.821306,-1.955092
10.841828,-4.369249
10.861337,-1.595086
10.881215,-3.369886
10.901201,-1.715241
10.921192,-0.783353
10.941227,1.477363
10.961138,-3.083797
10.981180,-2.472675
11.001224,0.523989
11.021192,3.459606
11.041172,0.589771
11.061115,-0.662985
11.081097,-0.174154
11.101651,1.370263
11.121554,1.002949
11.141201,1.565757
11.161124,-1.860229
11.181008,-3.663756
11.201006,-1.932556
11.221202,-0.022650
11.240954,-1.206230
11.261015,1.286565
11.281029,-0.421907
11.301014,-2.289130
11.320972,-1.435560
11.341003,-2.059706
11.360982,-4.874029
11.381676,-0.092947
11.401567,-0.744639
11.421050,-0.342440
11.440984,4.102872
11.460934,-2.497255
11.480871,-1.683770
11.500887,-2.340794
11.521008,-1.100909
11.540830,3.579047
11.560857,0.955158
11.580969,1.984219
11.600803,0.673319
11.620767,1.241501
11.640773,-0.493460
11.660778,0.859846
11.680737,0.634835
11.700797,-1.688865
11.720750,-0.351882
11.740765,2.156277
11.760762,1.004711
11.780837,0.228829
11.800712,0.367329
11.820721,-4.238058
11.840656,-4.395798
11.860651,-3.185251
11.880672,0.387808
11.900661,-3.733483
11.920616,-2.343019
11.940594,-3.594259
11.960591,-2.310449
11.980610,6.026606
12.001658,2.274934
12.021605,-3.740600
12.040575,2.876297
12.061546,1.299556
12.081555,2.430936
12.101539,0.153087
12.121546,-0.569442
12.141513,5.767212
12.161446,8.395953
12.181443,6.743066
12.201478,2.962236
12.221450,3.867295
12.241544,2.369513
12.261496,3.678220
12.281452,-0.593390
12.301444,6.300824
12.321570,3.497159
12.342051,0.788765
12.361638,1.465278
12.381367,0.082650
12.401413,1.423641
12.421497,0.010385
12.441288,2.332742
12.461598,2.626336
12.481332,4.307467
12.501275,2.032120
12.521379,3.364298
12.541282,2.245702
12.561239,5.248473
12.581289,-1.055163
12.601237,-0.003784
12.621174,4.698174
12.641306,-0.750310
12.661294,0.334590
12.681181,-1.511069
12.701234,3.518664
12.721278,6.173218
12.741137,-1.682307
12.761158,2.601762
12.781114,6.832758
12.801117,7.434046
12.821079,2.919878
12.841107,3.360396
12.861090,8.071108
12.881134,3.555317
12.901092,3.253176
12.920990,4.708555
12.941061,7.902060
12.960995,1.273126
12.980986,4.156439
13.000953,4.120062
13.021015,0.246963
13.041025,-0.553302
13.061045,1.620678
13.080985,0.210125
13.100940,-4.095059
13.120981,0.033216
13.140914,1.213182
13.160928,3.296728
13.180942,8.263278
13.200951,5.682688
13.220853,2.829776
13.241758,1.198076
13.260934,4.493767
13.280808,2.125594
13.300818,-0.155721
13.320870,3.700422
13.340858,3.751508
13.360852,2.926801
13.380818,4.324310
13.400844,5.295664
13.420716,5.354973
13.440756,2.179669
13.460718,5.302341
13.480739,4.524488
13.500683,1.871498
13.520665,3.025780
13.540688,4.411306
13.560648,3.881367
13.580666,0.079366
13.600670,10.300611
13.620972,0.714562
13.640628,2.708495
13.660613,2.714728
13.680716,2.836366
13.700630,2.719449
13.721644,0.351574
13.740599,4.332186
13.761682,1.149612
13.782273,3.085899
13.801761,3.940722
13.821528,-1.754989
13.841572,0.788949
13.861487,-2.577385
13.881522,-1.955217
13.901507,2.972320
13.921490,1.951500
13.941484,4.353571
13.961440,15.848228
13.981443,6.125332
14.001445,5.658123
14.021493,5.010497
14.041400,2.118313
14.061365,-0.185223
14.081347,2.746161
14.101377,0.114525
14.121459,1.107472
14.141353,-0.637213
14.161392,0.206091
14.181440,2.571568
14.201407,4.268449
14.221277,5.750731
14.241310,5.130801
14.261288,3.576780
14.281262,-1.476829
14.301295,-2.015168
14.321276,-2.109426
14.341361,1.260548
14.361269,-3.143015
14.381250,-1.260095
14.401158,2.090421
14.421135,8.610932
14.441241,5.896041
14.461276,7.797184
14.481808,7.132046
14.501415,0.701318
14.521343,2.996830
14.541155,3.369164
14.561118,-1.006970
14.581184,0.258845
14.601143,2.532037
14.621075,-4.160677
14.641138,-0.353232
14.661180,-0.505983
14.681124,-6.797485
14.701095,-1.412815
14.721124,8.234455
14.741001,3.805412
14.760974,7.237421
14.780988,-0.901967
14.801088,-0.712865
14.820970,6.044867
14.840991,-3.874933
14.860959,2.097530
14.880991,3.038300
14.901566,4.281802
14.921086,3.514663
14.940865,5.708025
14.960818,5.716898
14.980962,4.526281
15.000892,4.790633
15.020865,-4.280880
15.040855,-4.704216
15.060809,3.765243
15.080812,2.277342
15.100778,-1.107495
15.120855,3.439808
15.140921,-0.174874
15.160836,-1.507758
15.180731,3.725098
15.200756,3.412607
15.220708,3.371864
15.240727,14.994957
15.260769,8.762966
15.280746,3.385018
15.300844,4.755931
15.320637,3.154641
15.340636,0.171852
15.360634,1.397308
15.381675,-0.960027
15.400597,-0.058226
15.420631,-1.105861
15.441311,0.040952
15.461402,-0.418367
15.481682,-1.279530
15.500542,-0.844378
15.520558,-3.818600
15.540555,-1.500427
15.560606,-1.539855
15.581509,8.181990
15.601506,3.844420
15.621627,1.718514
15.641540,-0.547060
15.661504,0.611157
15.681571,1.028828
15.702204,1.313588
15.721731,-4.392263
15.741551,-0.538303
15.761402,-4.375077
15.781396,0.640393
15.801433,1.349088
15.821490,0.018223
15.841478,-4.177549
15.861421,-1.480579
15.881391,-1.564520
15.901401,1.646377
15.921628,-1.486745
15.941811,3.635451
15.961366,-0.888695
15.981321,0.806868
16.001359,-3.998682
16.021267,0.378788
16.041253,3.140673
16.061308,6.098703
16.081307,1.853982
16.101298,3.444441
16.121405,1.617279
16.141271,-0.631652
16.161354,-4.524336
16.181193,2.435734
16.201340,6.850524
16.221199,-4.662098
16.241205,-3.168247
16.261376,-2.789101
16.281134,-3.030623
16.301239,-1.420567
16.321149,3.687716
16.341205,-1.097399
16.361190,-1.228642
16.381363,1.407941
16.401165,2.353050
16.421188,1.832067
16.441174,4.335880
16.461191,3.079608
16.481059,5.385574
16.501135,-3.334985
16.521178,0.866240
16.541124,-5.589778
16.561037,-8.559353
16.581151,-3.291159
16.601055,-3.369741
16.621007,-0.804220
16.641006,-6.753960
16.661094,-3.256517
16.680992,-7.811280
16.701164,6.180173
16.721509,3.437013
16.741609,0.531426
16.761146,0.594194
16.780885,-0.729137
16.800987,7.546482
16.820962,4.017106
16.840966,5.080674
16.860942,2.490951
16.880885,4.608615
16.900993,0.912569
16.920818,0.315027
16.940823,0.268529
16.960856,3.629950
16.980835,-7.290297
17.000914,0.152020
17.020775,-2.596067
17.040765,-3.381553
17.060771,-1.920072
17.080745,-6.637826
17.100748,-4.650175
17.120779,-7.225437
17.140725,-1.366205
17.160761,-2.172335
17.180650,-7.005174
17.200665,-2.113819
17.221079,-2.637793
17.241665,2.068775
17.260629,3.725654
17.280602,5.411117
17.300640,-0.022053
17.320635,0.348131
17.341582,1.343165
17.360546,1.254656
17.381593,-3.542164
17.401630,-4.875251
17.421587,-2.836015
17.441582,-0.791555
17.461550,-3.714937
17.481540,-4.100780
17.501536,-0.663814
17.521541,4.260273
17.541562,-2.083777
17.562051,2.223096
17.582043,1.935361
17.601553,0.008012
17.621661,-0.410362
17.641431,-2.886898
17.661403,0.038832
17.681659,-4.205352
17.701507,-1.823357
17.721379,-3.192846
17.741353,1.418550
17.761332,-0.610882
17.781344,-0.132145
17.801332,1.081989
17.821306,-0.507127
17.841267,-1.056628
17.861373,-3.576932
17.881457,-2.916913
17.901270,-4.263569
17.921256,-4.023193
17.941254,0.829625
17.961314,-0.962754
17.981243,4.082235
18.001185,3.227273
18.021196,0.142427
18.041258,5.195310
18.061127,-0.430137
18.081131,0.825382
18.101310,-2.838543
18.121125,0.287847
18.141105,-3.396095
18.161072,1.861572
18.181252,1.820679
18.201088,-0.090154
18.221136,2.005750
18.241124,-2.968108
18.261069,-7.110781
18.281046,-7.637338
18.300978,-7.176254
18.321023,-1.994233
18.341017,-4.748068
18.361010,-4.589441
18.380913,1.621139
18.400984,-2.494663
18.421695,-1.044237
18.441000,-1.453512
18.460909,-3.070302
18.480964,0.251876
18.500994,-3.372516
18.520990,0.110309
18.540910,6.334771
18.560879,0.906487
18.580895,5.020430
18.600907,-1.505184
18.620891,1.597273
18.640805,1.715000
18.660803,1.221136
18.680880,-0.084839
18.700761,-2.716229
18.720811,-0.273753
18.740919,-0.498727
18.760906,-1.930655
18.780967,-0.802793
18.800833,-0.770715
18.820879,-1.911383
18.840757,-5.048932
18.860764,0.698015
18.880698,0.285724
18.901885,-0.258379
18.920736,-1.593530
18.940642,0.280486
18.960651,0.607471
18.980614,1.496586
19.001709,0.325386
19.020561,-2.083575
19.041656,-1.997859
19.061594,1.249861
19.081593,-0.981434
19.101600,3.926316
19.121580,3.076319
19.141603,0.420618
19.161500,1.635814
19.181550,-0.227303
19.201508,-1.608430
19.221526,1.101347
19.241489,-3.032667
19.261476,3.392753
19.281449,0.250702
19.301430,-3.808557
19.321420,-0.193654
19.341468,3.257030
19.361490,1.510547
19.381462,-3.703653
19.401473,-2.076932
19.421465,-0.622953
19.441408,-0.654870
19.461490,-0.897745
19.481513,2.838110
19.501348,6.572716
19.521534,1.092089
19.541364,0.985073
19.561542,3.096149
19.581385,-2.104952
19.601366,0.915764
19.621292,1.677187
19.641340,5.945689
19.661280,2.890859
19.681342,2.186538
19.702196,-1.118949
19.721448,3.088254
19.741301,3.843201
19.761251,1.635643
19.781306,10.218831
19.801322,0.300336
19.821231,-0.544859
19.841202,2.961929
19.861190,5.425086
19.881167,1.918000
19.901194,6.024855
19.921167,5.764369
19.941195,4.181055
19.961147,4.992458
19.981187,0.557334
20.001142,3.398107
20.021980,3.337722
20.041211,0.149718
20.061115,3.368354
20.081096,4.578389
20.101171,2.716493
20.121751,5.693526
20.141173,5.037225
20.161146,4.408597
20.181013,6.752278
20.200976,1.074401
20.221098,5.117254
20.241020,2.155886
20.260986,6.057449
20.281021,3.621969
20.300970,2.735489
20.320967,2.294659
20.341828,2.800079
20.361525,-0.269742
20.380981,2.387207
20.401023,4.032300
20.421020,7.870689
20.440844,-0.821435
20.460883,-0.172802
20.480841,-5.501821
20.500948,2.340793
20.520990,2.450261
20.540828,3.183689
20.560817,4.390192
20.580806,5.003031
20.600982,-0.046326
20.620806,4.784111
20.640770,7.368870
20.660751,0.382794
20.680730,13.709348
20.700709,3.233094
20.720726,-3.891115
20.740770,1.934309
20.760674,1.990720
20.780707,-1.309742
20.800601,3.961984
20.820651,-3.540395
20.840637,-7.012888
20.861618,-3.174930
20.880579,5.694890
20.901679,-1.412335
20.921629,-5.459404
20.941629,-1.935926
20.961601,-6.245367
20.982002,-1.081706
21.001673,3.242366
21.021534,4.680159
21.041571,1.482777
21.061553,1.618333
21.081528,1.904979
21.101465,0.799660
21.121565,5.043388
21.141534,1.825517
21.161554,0.618282
21.181474,1.134232
21.201483,-7.288232
21.221444,-3.455402
21.241465,3.850108
21.261450,-0.146018
21.281467,8.715526
21.301510,3.434958
21.321364,-4.442343
21.341323,5.279622
21.361326,-5.988060
21.381402,-0.012523
21.401321,-10.558747
21.421360,-6.102107
21.441295,8.680584
21.461915,0.243906
21.481494,1.643163
21.501310,-0.730539
21.521254,-3.630747
21.541321,-4.299780
21.561229,-1.424336
21.581234,1.638689
21.601214,6.070855
21.621528,1.389607
21.641266,2.191988
21.661197,6.206228
21.681157,-1.257625
21.701315,-1.598335
21.721161,5.851854
21.741180,2.178975
21.761111,5.969114
21.781757,5.036307
21.801725,4.065653
21.821159,0.690456
21.841119,-7.171468
21.861101,-0.811474
21.881223,5.686313
21.901058,1.298850
21.921072,-1.108103
21.941140,-2.000503
21.961129,-2.828089
21.981036,-1.085049
22.001003,-0.387975
22.021058,7.885912
22.040960,1.671208
22.060982,-6.767466
22.080979,-1.277790
22.100967,4.534111
22.120883,-1.290342
22.140944,-1.129485
22.160913,2.536666
22.180886,0.829485
22.200857,-0.317280
22.220906,-0.260722
22.240834,2.599365
22.260877,0.581668
22.280828,0.530693
22.300887,-1.560675
22.320843,0.390605
22.340878,2.578440
22.360786,2.519429
22.380811,-0.661244
22.400863,-0.675251
22.420815,4.171659
22.440797,0.311827
22.460752,0.521457
22.480723,0.178390
22.500823,2.021515
22.521893,1.143790
22.540738,2.400564
22.560676,0.980478
22.581256,0.080809
22.600842,0.153656
22.621682,-1.595158
22.640618,4.645148
22.661780,3.292862
22.680692,3.689458
22.701596,-2.518786
22.721635,-2.035378
22.741594,0.325650
22.761628,0.977332
22.781613,2.038670
22.801753,2.555553
22.821645,1.645982
22.841725,1.870035
22.861495,4.473976
22.881639,-0.033036
22.901522,2.064047
22.921457,3.508997
22.941525,4.176718
22.961543,0.576163
22.981621,-1.000345
23.001578,-1.598392
23.021444,3.269509
23.041462,0.427723
23.061420,-5.384608
23.081499,-4.704668
23.101394,-4.174247
23.121470,-2.664052
23.141312,-5.449666
23.161329,1.611905
23.181360,2.524934
23.201308,-0.107967
23.221308,3.456237
23.241667,1.493645
23.261329,2.896872
23.281247,4.557008
23.301457,4.102899
23.321234,3.696466
23.341241,1.875091
23.361181,1.708663
23.381226,0.041919
23.401179,-0.799046
23.421265,-0.368542
23.441161,-5.324110
23.461181,-1.559605
23.481243,0.275699
23.501110,-2.164533
23.521204,-4.687273
23.541174,-3.916468
23.561189,-3.938246
23.581108,6.651260
23.601137,4.508008
23.621242,4.234710
23.641299,3.786839
23.661151,5.294809
23.681050,3.813090
23.701904,6.040625
23.721230,8.155157
23.741052,4.088362
23.760971,5.228202
23.780986,-4.818194
23.800976,-2.647085
23.821032,0.079689
23.840969,2.213234
23.861603,3.398184
23.881004,0.164785
23.900912,-3.358135
23.920900,-2.701130
23.941045,0.833931
23.960928,-2.783740
23.981036,-5.672618
24.000970,2.093250
24.020950,-3.390224
24.040792,13.039809
24.060778,5.644716
24.080757,-4.054786
24.100809,5.419084
24.120818,-11.770176
24.140814,-0.835877
24.160747,-3.519167
24.180753,-1.514404
24.200734,4.961977
24.220755,8.517333
24.240786,4.083569
24.260840,0.574386
24.280832,5.125520
24.300864,4.580092
24.321679,4.036675
24.340649,2.606979
24.361679,1.882444
24.380741,3.464354
24.401583,3.006140
24.421594,-2.746173
24.441592,5.673642
24.461545,-4.910761
24.481573,1.442298
24.501531,-6.059733
24.521853,5.667344
24.541518,4.990106
24.561478,2.585126
24.581667,1.284011
24.602073,-3.732545
24.621801,-5.980914
24.641421,-2.832745
24.661490,3.610511
24.681446,3.378463
24.701504,-6.643710
24.721390,1.280249
24.741412,0.043186
24.761406,2.024008
24.781426,0.497128
24.801402,5.088152
24.822621,5.651783
24.841518,1.823215
24.861337,4.747102
24.881342,1.553060
24.901462,-1.389139
24.921390,-1.785863
24.941299,-1.083292
24.961268,1.658168
24.981316,0.437835
25.001274,1.438056
25.021297,0.796125
25.041228,-0.168893
25.061246,-0.348534
25.081241,2.413312
25.101197,8.374286
25.121238,1.047204
25.141171,2.575658
25.161170,4.380302
25.181156,-6.668262
25.201245,-2.915716
25.221174,4.223650
25.241117,2.520362
25.261122,3.649189
25.281274,-0.250842
25.301864,-0.133069
25.321393,-5.221173
25.341135,-3.258407
25.361077,-0.647754
25.381196,1.526740
25.401096,-0.599949
25.421116,3.719116
25.441054,13.693253
25.461056,2.545240
25.480991,1.936386
25.501027,0.019196
25.520990,5.336173
25.541048,4.810668
25.561019,4.145068
25.580945,10.526567
25.600953,2.780210
25.620884,2.914309
25.640943,0.109785
25.660948,-1.244685
25.680845,6.840341
25.700974,5.555925
25.720860,8.478321
25.740798,-2.192950
25.760848,-8.666965
25.780809,3.793500
25.800832,0.306993
25.820772,-7.879201
25.840812,17.098188
25.860858,-1.422753
25.880735,5.391859
25.900714,11.269938
25.920731,4.689590
25.940748,3.115238
25.961680,0.210757
25.980708,-2.541511
26.000623,0.182522
26.020674,15.672122
26.041649,-3.584205
26.061684,3.225833
26.081636,-2.266667
26.101664,7.426982
26.121637,-1.875937
26.141569,4.612105
26.161547,0.179195
26.181795,-0.339037
26.201672,1.973810
26.221546,13.985979
26.241576,-2.911113
26.262051,3.987632
26.281578,10.427898
26.301542,2.046357
26.321539,-2.574569
26.341500,1.885534
26.361476,2.283259
26.381495,-3.980752
26.401428,-0.001694
26.421449,6.768703
26.441497,1.737461
26.461520,-3.960864
26.481444,2.414947
26.501752,1.039298
26.522343,0.784254
26.541496,-0.569030
26.561409,1.698073
26.581399,5.520276
26.601612,7.486291
26.621486,-5.787241
26.641341,7.025651
26.661412,-12.342535
26.681422,-1.686691
26.701410,-4.347079
26.721260,5.165259
26.741251,2.213986
26.761661,0.928111
26.781220,1.468313
26.801222,2.833016
26.821305,-2.784023
26.841220,0.665219
26.861178,0.497102
26.881203,3.583940
26.901250,10.045032
26.921179,4.422466
26.941140,-2.202180
26.961192,5.774503
26.981129,8.041313
27.001129,-0.196364
27.021063,2.752648
27.041158,-0.706064
27.061057,8.605231
27.081122,6.304894
27.101114,5.939983
27.121104,3.668236
27.141082,-5.750215
27.161084,-13.180320
27.181015,-1.753267
27.201030,2.519287
27.221018,2.729667
27.240997,0.737587
27.260996,3.692066
27.280944,-0.641128
27.300966,6.637982
27.320934,-1.006907
27.340983,0.565221
27.360978,0.535029
27.380905,3.611990
27.400939,-0.813901
27.420897,3.175007
27.440893,-1.761021
27.460970,0.476153
27.480919,0.072045
27.500877,6.272557
27.520869,-3.556220
27.540891,-2.188106
27.560869,-9.110416
27.580823,4.183812
27.600820,10.155879
27.620843,-3.051240
27.640880,2.334310
27.660748,2.220475
27.680753,-3.421237
27.700798,-5.624691
27.720802,-2.574349
27.740776,2.015980
27.760801,-3.534472
27.780825,2.159759
27.800696,7.002834
27.821725,0.182716
27.840723,-1.452636
27.860702,4.109998
27.880730,0.759855
27.901723,1.067881
27.921654,-2.003451
27.941591,-4.568644
27.961636,-3.528449
27.981592,4.096087
28.001712,-1.792167
28.021541,0.214789
28.041513,4.365454
28.061509,2.120935
28.082218,-1.075312
28.101757,-7.579509
28.121566,-10.247897
28.141536,-8.526526
28.161460,-4.173997
28.181495,2.400115
28.201886,1.814242
28.221451,1.376806
28.241422,2.239109
28.261414,-0.724384
28.281440,-0.725697
28.301378,-0.550183
28.321440,-0.371709
28.341419,1.016381
28.361505,3.217441
28.381413,-2.099642
28.401634,-1.906490
28.421406,-6.628499
28.441446,-7.547792
28.461417,-2.320361
28.481280,5.038658
28.501236,-9.637877
28.521481,10.981171
28.541268,5.144513
28.561306,-2.808942
28.581240,-4.308724
28.601223,-14.531446
28.621156,-0.229915
28.641295,3.603696
28.661918,6.981439
28.681272,1.976198
28.701212,3.412104
28.721136,-0.680511
28.741343,-1.318031
28.761094,4.524089
28.781124,-3.089604
28.801085,15.174914
28.821076,-2.373704
28.841144,-3.874958
28.861271,8.510679
28.881732,1.493999
28.901218,8.168724
28.921150,-4.035917
28.941008,-2.835562
28.961029,-0.562402
28.980974,-0.542686
29.001014,-2.659305
29.020966,-2.210927
29.040935,0.479295
29.060999,-0.329997
29.080967,-2.651331
29.100797,-1.835795
29.120861,-3.967768
29.140818,-4.634644
29.160864,-1.986188
29.180824,-2.494921
29.200789,-4.025946
29.220837,-2.572650
29.240866,-3.155927
29.260782,-5.637237
29.280774,-1.275821
29.300761,-1.980496
29.320923,-5.617815
29.340753,-2.958710
29.360706,-3.755707
29.381873,-0.203804
29.400716,-6.649787
29.421667,-2.105153
29.440819,-2.255900
29.461727,-7.268561
29.481738,-2.625417
29.501741,-0.557354
29.521636,-0.362285
29.541638,-2.026340
29.561593,-0.748286
29.581601,-3.189096
29.601619,-3.542368
29.621658,-1.338663
29.641599,0.511499
29.661590,-7.172589
29.681604,-4.412498
29.701648,-1.726313
29.721579,-5.118564
29.741556,1.577248
29.761463,-5.245090
29.781475,-5.594918
29.801598,2.334315
29.821526,-1.341823
29.841439,-8.280549
29.861494,0.297838
29.881443,0.210951
29.901426,-3.362766
29.921447,-2.913563
29.941465,-2.234617
29.961586,-2.168678
29.981473,-0.768886
30.001408,-0.807516
30.021477,0.329661
30.041415,-2.625560
30.061396,-1.661027
30.081380,0.631276
30.101354,0.959261
30.121470,-0.932198
30.141283,1.071732
30.161314,0.642710
30.181311,-2.129571
30.201339,0.069556
30.221253,-2.005696
30.241306,-2.461756
30.261267,0.659216
30.281265,-1.854427
30.301302,1.447862
30.321238,-2.797968
30.341346,-2.230048
30.361233,-0.635426
30.381193,-1.146136
30.401194,0.482133
30.421599,-1.406314
30.441558,-1.173184
30.461136,-1.317683
30.481142,0.649005
30.501169,-0.761257
30.521174,2.672583
30.541106,-3.356519
30.561106,0.496728
30.581087,-1.526111
30.601192,-2.750740
30.621118,2.326667
30.641139,4.019929
30.661207,1.772527
30.681101,-5.908436
30.701087,0.589021
30.721166,0.957871
30.741119,-2.599318
30.760972,-1.164571
30.781016,0.038154
30.801063,-2.841596
30.820928,-2.647229
30.840993,-3.137187
30.860897,-4.717011
30.880901,-4.070704
30.900872,0.077812
30.920901,-1.112436
30.940957,-0.586335
30.960909,-4.520908
30.981045,-1.104434
31.000869,3.922140
31.020992,3.132978
31.040807,-0.784739
31.060800,4.849763
31.080774,2.621398
31.100776,0.259007
31.121847,-0.915516
31.141709,1.038822
31.160704,-1.390776
31.180729,1.942573
31.200733,0.497906
31.221803,1.323189
31.241728,0.371153
31.261670,-1.647124
31.281667,0.104915
31.301818,-1.435370
31.322304,-2.651602
31.341682,-0.597519
31.361633,1.710918
31.381774,1.872155
31.401619,2.448777
31.421613,2.317863
31.441625,0.937849
31.461656,0.378511
31.481502,2.913954
31.501603,3.294282
31.521575,2.838263
31.541565,0.717275
31.561572,0.288855
31.581568,2.004208
31.601548,1.937245
31.621541,0.624754
31.641409,5.635093
31.661474,5.371158
31.681433,-0.426822
31.701447,-2.930254
31.721458,1.015725
31.741490,1.176839
31.761462,-0.926981
31.781425,-0.240342
31.801412,1.375095
31.821426,-1.114573
31.841356,-2.429965
31.861739,-0.673844
31.881661,-2.139612
31.901362,0.514238
31.921494,0.630968
31.941386,2.509138
31.961336,2.458435
31.981348,0.064475
32.001299,-2.083576
32.021219,-1.923588
32.041275,-2.451361
32.061283,-3.530790
32.082103,-0.753244
32.102065,1.066085
32.121412,1.032344
32.141182,-1.207598
32.161170,0.823210
32.181380,-0.000697
32.201151,1.399047
32.221162,0.839673
32.241235,0.020175
32.261352,-0.562103
32.281161,2.830249
32.301098,0.206376
32.321074,3.405346
32.341177,3.342366
32.361123,1.525903
32.381083,1.842150
32.401135,2.519582
32.421064,0.179736
32.441053,-0.236107
32.461136,-0.777392
32.481074,2.057241
32.501118,-0.785712
32.521034,0.457555
32.541137,-0.742210
32.561007,-1.582073
32.581190,0.863639
32.600938,1.543938
32.620946,-1.433954
32.640962,-1.128290
32.660935,1.214623
32.681004,1.351459
32.700898,-0.865705
32.721056,3.641584
32.740920,2.150385
32.760949,1.526592
32.780869,0.469287
32.800968,0.008535
32.820935,0.726484
32.841007,2.643631
32.860798,4.434821
32.880774,2.873527
32.901003,1.385303
32.920775,1.931472
32.941720,4.092163
32.960719,2.555258
32.980744,1.571509
33.001778,3.244332
33.021741,3.296996
33.041720,6.739069
33.061812,0.673139
33.081797,-0.869915
33.101709,-0.011186
33.121674,-1.657784
33.141674,-6.221507
33.161662,-2.734192
33.181669,-0.368680
33.201743,-3.220584
33.221740,-5.302392
33.241602,-4.598348
33.261592,0.671418
33.281628,-0.024071
33.301766,2.130064
33.321665,0.424791
33.341568,-0.517381
33.361551,-0.094524
33.381603,-0.678962
33.401581,-2.192064
33.421550,0.785722
33.441532,0.848627
33.462208,0.058050
33.481639,1.151265
33.501549,2.090570
33.521528,2.943438
33.541543,3.135450
33.561481,3.247879
33.581507,0.404079
33.601379,2.680914
33.621438,-0.541332
33.641431,4.668474
33.661475,-0.119315
33.681369,0.581792
33.701365,-1.192424
33.721344,0.002974
33.741312,-1.568106
33.761287,-0.948390
33.781289,0.512486
33.801327,0.359776
33.821335,1.034810
33.841217,2.483763
33.861505,-1.328875
33.881281,0.126686
33.901270,0.982104
33.921291,1.004808
33.941255,0.862126
33.961153,-0.163331
33.981158,0.942053
34.001194,-5.545016
34.021275,-1.435019
34.041752,-0.868529
34.061197,-2.289514
34.081130,-0.530485
34.101250,-0.876135
34.121117,-0.659921
34.141066,-1.902582
34.161128,0.832277
34.181201,1.123665
34.201128,-2.464592
34.221159,0.450749
34.240994,-3.693635
34.260962,2.752121
34.281000,-1.884153
34.300987,-2.502642
34.320963,-1.081965
34.340941,-1.810221
34.361023,-2.669879
34.380923,-2.036115
34.401112,1.150288
34.420903,-0.148613
34.440928,-1.394850
34.460901,-2.796692
34.480821,0.022296
34.500942,-3.279342
34.521000,-3.299598
34.540829,0.215200
34.560807,1.116888
34.580887,0.284334
34.600810,1.673613
34.620826,0.103017
34.640766,-2.597671
34.660834,-1.279161
34.681116,-2.047726
34.701814,-0.417975
34.720746,0.678381
34.741821,-1.764456
34.761731,-0.943511
34.781756,-2.549850
34.801696,-3.751615
34.821762,-1.475844
34.841871,-2.735457
34.861701,-1.531145
34.881720,-3.859493
34.901686,-1.968740
34.921687,0.375313
34.941651,1.589794
34.961678,-2.553937
34.981752,-1.446476
35.001601,-0.499102
35.021590,-0.597801
35.041628,-0.850045
35.061617,-2.492926
35.081598,-0.740070
35.101615,-0.819380
35.121508,-1.563153
35.141584,2.506379
35.161550,-0.723140
35.181565,-0.497032
35.201499,-1.879820
35.221495,-1.189642
35.241577,1.929415
35.261558,1.999837
35.281418,0.215706
35.301526,-0.226896
35.321450,-0.934480
35.341436,-0.019926
35.361464,-2.608311
35.381712,0.214503
35.401402,-2.177900
35.421419,-2.598056
35.441352,-1.740308
35.461473,-0.633161
35.481393,-2.619014
35.501547,-2.425556
35.521412,-2.428673
35.541271,-2.056478
35.561397,-0.803736
35.581353,-2.138926
35.601233,-4.803259
35.621348,-2.460883
35.641438,-1.630520
35.661534,-3.247175
35.681193,1.790550
35.701223,1.707524
35.721199,0.743822
35.741215,1.102155
35.761170,-3.394137
35.781293,1.287220
35.801168,-0.512927
35.821157,-1.463741
35.841201,1.178037
35.861167,-1.226671
35.881129,0.949778
35.901100,2.957884
35.921164,4.896887
35.941171,1.058431
35.961113,4.414806
35.981074,8.230126
36.001241,6.685960
36.021101,3.101334
36.041125,-0.932512
36.061154,0.200599
36.081090,-0.521162
36.101277,3.812820
36.121141,3.481650
36.141160,4.844727
36.161145,6.198102
36.181031,7.042392
36.200984,7.145702
36.221155,2.777196
36.240947,0.437533
36.261041,1.780951
36.280982,1.714165
36.301041,1.010042
36.321053,0.454118
36.340929,3.823315
36.360968,6.065064
36.380940,4.073994
36.400882,1.556525
36.420922,1.769827
36.440913,4.327261
36.460872,2.953538
36.480856,3.985586
36.500793,3.406891
36.521176,6.243525
36.540823,6.845623
36.561771,6.629647
36.580999,4.848551
36.601728,1.929964
36.620789,4.473219
36.640778,2.622840
36.661721,3.983149
36.681840,1.866174
36.701757,7.587234
36.721794,4.244496
36.741846,3.444718
36.761770,0.785983
36.781653,7.881278
36.801673,3.775086
36.821757,7.817129
36.841666,5.217009
36.861722,5.636313
36.881607,4.698229
36.901697,4.019693
36.921575,8.587769
36.941633,4.329414
36.961560,6.449018
36.982577,5.209165
37.002137,5.692444
37.021801,2.603795
37.041541,1.166777
37.061599,-3.051192
37.081559,1.388462
37.101576,1.804274
37.121563,3.382963
37.141434,-2.406338
37.161577,2.518130
37.181460,-0.314688
37.201469,-1.306984
37.221390,-2.491959
37.241610,-3.140618
37.261451,-1.209697
37.281409,-0.597966
37.301365,-0.476256
37.321331,0.166783
37.341537,-2.477231
37.361330,-2.600421
37.381487,-0.103635
37.401325,0.366386
37.421359,-3.102582
37.441264,2.170350
37.461253,4.950305
37.481253,1.363278
37.501324,-2.231362
37.521867,0.975247
37.541656,1.008731
37.561339,-0.586322
37.581214,0.271184
37.601492,-3.059962
37.621455,-5.180423
37.641230,-4.026722
37.661214,-1.813721
37.681167,-3.225449
37.701207,1.106831
37.721139,-1.489383
37.741150,-2.551180
37.761133,-2.178079
37.781112,0.421412
37.801082,-0.791122
37.821087,-2.476574
37.841807,-1.248560
37.861233,0.109156
37.881013,-0.152021
37.901072,6.712582
37.921046,-1.231873
37.940951,-6.249290
37.960947,-0.694903
37.980973,1.511562
38.000992,-3.694223
38.021046,-4.630205
38.040972,1.074684
38.060905,-2.847298
38.080972,-0.973417
38.100936,-3.891366
38.120884,0.722169
38.140869,-2.974447
38.160855,-1.670226
38.180882,-0.499410
38.200865,10.412930
38.220868,-0.525364
38.240829,-1.835349
38.261824,-4.521341
38.280807,-0.455238
38.300819,8.741616
38.320841,2.034218
38.340862,-2.948317
38.361842,-7.307824
38.380776,2.925815
38.401805,9.186288
38.421774,6.588199
38.441732,1.844202
38.461698,4.558083
38.481697,3.076954
38.501757,-3.366143
38.521848,0.417874
38.541702,0.669971
38.561795,4.315270
38.581770,-3.457003
38.601677,7.385449
38.621694,2.197263
38.641688,4.648751
38.661730,1.185912
38.681653,3.625519
38.701618,13.285263
38.721760,9.116033
38.741632,1.939234
38.761622,7.608159
38.781606,6.096951
38.801614,7.278330
38.821661,5.570107
38.841540,4.538906
38.861598,-1.606415
38.881534,0.747198
38.901497,5.469236
38.921502,-2.375787
38.941490,0.180325
38.961372,3.062510
38.981507,2.293087
39.001421,3.654335
39.021364,5.013378
39.041378,2.688745
39.061396,0.979483
39.081422,7.108352
39.101433,-8.418069
39.121325,-3.705440
39.141382,1.035209
39.161310,1.320648
39.181295,4.596777
39.201284,-0.450455
39.221307,3.246720
39.241341,6.904865
39.261220,3.443452
39.281657,6.205261
39.301815,0.742683
39.321244,0.797565
39.341445,3.004010
39.361180,1.774413
39.381175,1.553400
39.401305,2.597227
39.421206,2.662925
39.441112,3.130539
39.461108,-0.505496
39.481137,-1.233382
39.501072,8.660278
39.521075,-1.316778
39.541188,-2.596077
39.561105,1.109735
39.581114,1.700578
39.601066,-3.460286
39.621146,-7.690640
39.641032,6.275181
39.661111,5.290688
39.681021,4.241521
39.700933,2.283971
39.721093,-0.272516
39.740965,-4.187653
39.760970,-2.671845
39.780931,2.835074
39.800954,6.988518
39.820906,6.148374
39.840906,5.215096
39.860895,5.112360
39.880887,5.894828
39.900893,7.754729
39.920811,6.092010
39.941000,-0.520085
39.960830,4.298862
39.980835,1.987454
40.000833,-1.900807
40.020751,-1.826976
40.041823,0.253063
40.061834,-3.621794
40.081869,-3.014315
40.101993,-2.768426
40.121719,6.582817
40.141733,10.107797
40.161654,3.660968
40.181860,0.637751
40.201674,1.740433
40.221667,6.996936
40.241712,-4.818145
40.261720,-3.292342
40.281640,-2.518875
40.301586,2.626103
40.321620,12.905147
40.342191,9.516946
40.361708,8.055082
40.381608,14.965953
40.401555,0.960656
40.421562,5.837831
40.441708,-6.952236
40.462229,8.093349
40.482168,0.792804
40.501526,-7.509000
40.521858,-4.299621
40.541469,7.442667
40.561501,5.856843
40.581588,8.758108
40.601655,-0.070997
40.621488,0.821297
40.641407,7.853755
40.662283,4.084867
40.681527,0.596134
40.701514,1.986368
40.721410,1.007565
40.741376,0.303707
40.761356,3.378410
40.781334,2.310398
40.801384,5.545743
40.821669,3.778893
40.841359,2.976609
40.861286,-0.409279
40.881342,5.810991
40.901434,9.343262
40.921251,3.090274
40.941253,3.703000
40.961268,7.532011
40.981272,0.987752
41.001231,-7.988799
41.021205,-2.584061
41.042000,-5.563437
41.061333,-3.872819
41.081172,-0.454194
41.101137,-5.117011
41.121207,0.760121
41.141082,0.153021
41.161129,11.277795
41.181048,-2.516432
41.201167,-1.085689
41.221138,5.454117
41.241124,-1.458203
41.261600,0.812957
41.281116,-1.450795
41.301126,-1.827359
41.321039,2.762880
41.340999,-0.377549
41.360957,3.272102
41.380962,3.688404
41.401018,5.398343
41.420972,4.847297
41.440939,3.385607
41.460993,5.485000
41.480864,10.055529
41.500917,2.393784
41.520931,2.903849
41.541010,0.154884
41.560881,0.058192
41.580843,-1.635849
41.600838,-1.692399
41.620990,0.725452
41.640859,3.591843
41.661815,3.593613
41.680774,5.013589
41.701766,5.608200
41.721766,3.164238
41.741740,7.146307
41.761752,3.204392
41.782018,4.282120
41.801948,1.537252
41.821820,4.791299
41.841705,7.039739
41.861807,5.960865
41.881838,-0.051949
41.901764,3.247114
41.921665,1.519245
41.941665,1.524719
41.961694,-0.907929
41.981675,-0.894076
42.002499,-1.750063
42.021796,-2.298098
42.041579,-2.872406
42.061607,3.211534
42.081564,-0.757959
42.101827,0.579210
42.121637,0.516653
42.141598,0.309349
42.161517,-2.778136
42.181645,2.363581
42.201503,0.621428
42.221517,2.192175
42.241497,-1.750345
42.261557,-14.136348
42.281530,-0.359557
42.301412,0.443069
42.322046,1.616488
42.341753,0.429264
42.361419,2.586314
42.381420,-0.543854
42.401429,1.988278
42.421386,2.617799
42.441355,-0.654517
42.461353,0.161777
42.481328,-1.174424
42.501450,-0.809508
42.521352,0.894933
42.541319,0.059766
42.561401,0.153885
42.581251,-0.909396
42.601251,-0.670347
42.621219,1.415744
42.641217,1.673393
42.661345,0.790021
42.681247,-0.920504
42.701175,0.603047
42.721170,-4.564966
42.741117,-4.087079
42.761136,-1.053659
42.781193,-1.908605
42.801147,-4.159855
42.821203,-3.343317
42.841125,5.971751
42.861096,-3.856302
42.881068,-0.465052
42.901120,-1.896661
42.921103,2.158287
42.941149,1.878391
42.961167,0.282472
42.980988,10.425701
43.001069,-10.834473
43.020972,-0.891665
43.041060,-1.615354
43.061642,2.004223
43.081299,-2.305349
43.101010,1.023811
43.120967,10.208027
43.140999,0.260102
43.160903,-5.231396
43.180897,-0.223642
43.200858,0.943391
43.221936,-0.854534
43.240865,1.778047
43.260862,1.937991
43.280894,-5.057805
43.300814,7.857934
43.322618,-3.434316
43.341276,-2.252862
43.361773,-1.852318
43.381889,-1.521441
43.401951,0.068819
43.421813,-0.875791
43.441827,3.055360
43.461896,1.530811
43.481767,4.674788
43.501807,5.335038
43.521750,1.597144
43.541752,0.294899
43.561779,-2.221096
43.581767,-1.500105
43.601719,0.903728
43.621701,3.231431
43.641695,-3.558312
43.661769,0.419273
43.681698,-2.685116
43.701749,1.167630
43.721634,1.651947
43.741689,4.421463
43.761783,-0.971676
43.781706,-3.600672
43.801626,-0.116111
43.821597,-0.504606
43.841564,-10.938947
43.862246,-4.509896
43.881639,3.646611
43.901526,3.324852
43.921860,1.642175
43.941520,2.303106
43.961602,-2.301158
43.981499,-4.250177
44.001417,-0.244462
44.021449,-8.310428
44.041411,-0.501071
44.061399,-6.995363
44.081386,-13.503786
44.101713,-2.773568
44.121371,-9.142028
44.141321,-1.613379
44.161350,6.464724
44.181367,-7.940320
44.201329,1.669583
44.221345,3.803593
44.241299,4.964136
44.261358,-3.826660
44.281308,5.562068
44.301240,-2.458242
44.321274,1.850423
44.341253,-3.010931
44.361244,-11.759745
44.381320,-5.572020
44.401194,-2.283466
44.421281,4.352420
44.441214,10.288683
44.461204,-0.839598
44.481261,-3.823670
44.501141,-2.519254
44.521197,-2.358137
44.541264,7.115192
44.561090,-4.453979
44.581110,9.017058
44.601202,1.867661
44.621095,5.126139
44.641109,0.122158
44.661121,-5.286761
44.681104,-4.648600
44.701007,9.024220
44.720971,-0.139273
44.741084,1.466197
44.761085,6.425301
44.781129,1.346654
44.800961,-2.258288
44.820985,-7.685107
44.840991,-6.915511
44.860946,-0.662845
44.880968,-3.045059
44.900968,-4.287293
44.920894,-9.257425
44.940915,-1.257026
44.960951,-2.896353
44.981032,-1.607137
45.000903,1.707160
45.020865,7.779370
45.040872,8.856605
45.060932,11.614063
45.080893,7.224736
45.100833,-1.123952
45.121825,-2.488631
45.140811,-9.399414
45.160795,2.386700
45.180790,-7.739924
45.200822,13.121248
45.221811,0.932722
45.241771,-4.305507
45.261766,-7.293892
45.281794,-2.583324
45.301767,-4.699172
45.321708,3.249955
45.341712,2.853904
45.361717,12.819893
45.381803,6.308457
45.401690,4.424785
45.421626,3.265923
45.441804,-9.709233
45.461701,-11.791648
45.481631,-2.105242
45.501597,-7.721447
45.521613,-1.682201
45.541692,-6.374240
45.561653,1.378601
45.581629,4.613626
45.601531,-3.158186
45.621564,0.132714
45.641782,0.079285
45.661609,-0.077119
45.681863,-2.078743
45.701637,3.191576
45.721519,-0.051177
45.741503,3.609276
45.761548,1.090274
45.781439,1.646413
45.801474,-0.826652
45.821484,-0.539387
45.841453,-1.441092
45.861412,-2.956392
45.881443,-0.678591
45.901449,-1.125984
45.921378,1.326037
45.941369,-3.689986
45.961342,-0.370090
45.981334,-2.899633
46.001357,-1.665828
46.021409,3.993058
46.041341,0.596336
46.061294,0.166620
46.081270,-0.850553
46.101270,5.069248
46.121265,-6.631553
46.141312,-2.072063
46.161260,3.056985
46.181388,-2.397552
46.201272,0.803028
46.221249,0.651339
46.241228,-1.686406
46.261242,0.432362
46.281219,-2.071014
46.301219,-9.475038
46.321162,-7.594789
46.341187,-5.281783
46.361179,-4.256453
46.381159,-4.437458
46.401123,2.791182
46.421099,-6.561426
46.441112,4.026861
46.461105,-2.819979
46.481089,-1.104483
46.501200,0.886131
46.521484,-2.033353
46.541086,4.428785
46.561078,-1.217572
46.581012,2.302897
46.601228,4.536927
46.621011,-4.027603
46.640962,-1.605086
46.661073,-2.522556
46.681005,-0.535425
46.700966,-0.305037
46.720931,-0.194568
46.740978,-0.800267
46.760975,-0.812785
46.780941,-6.033409
46.800998,-6.674675
46.821018,2.158106
46.840912,1.188009
46.860844,3.066696
46.881947,1.174782
46.900865,3.477472
46.921013,0.298302
46.940829,0.688609
46.960845,-0.856123
46.981893,-0.298743
47.000858,-1.016502
47.021816,-0.409654
47.041848,1.378628
47.062425,-3.607859
47.081845,1.079042
47.101896,-1.730354
47.121741,2.394087
47.141765,-3.615733
47.161706,0.544110
47.181650,-5.747977
47.201725,-1.994640
47.221673,0.084756
47.241599,1.686330
47.261731,-3.602508
47.281620,-6.455386
47.301815,0.997391
47.321553,0.101546
47.341712,1.611203
47.361580,-0.154580
47.381522,-0.514065
47.401571,-2.835679
47.421479,-2.084707
47.441510,4.992782
47.461485,1.456650
47.481470,3.141664
47.501473,-0.746486
47.521494,1.287858
47.541649,-3.493703
47.561490,-1.940414
47.581473,5.979188
47.602036,-0.253057
47.622100,4.921490
47.641517,-0.731380
47.661366,-1.250020
47.681365,-0.233676
47.701427,2.707155
47.721396,-5.611780
47.741416,4.142594
47.761392,2.559392
47.781581,-2.897975
47.801314,-1.426358
47.821334,4.978402
47.841333,1.249578
47.861297,1.010193
47.881312,0.913393
47.901250,-16.294434
47.921252,-8.645328
47.941307,-0.679416
47.961353,-0.860077
47.981279,-0.154618
48.001292,-1.345792
48.021189,-0.835172
48.041354,-4.747269
48.061191,2.768168
48.081139,-2.558093
48.101145,-0.991086
48.121114,3.263943
48.141123,1.332508
48.161188,-4.638323
48.181085,-6.935921
48.201108,1.162486
48.221132,2.986623
48.241090,-1.002089
48.261185,4.451188
48.281147,3.575632
48.301051,0.944211
48.321048,-4.889778
48.341028,-5.881082
48.361011,-8.447195
48.381027,3.041845
48.400971,5.876778
48.420945,5.256321
48.441329,5.843363
48.461015,-9.283615
48.480953,0.329410
48.501339,-1.542631
48.521259,-0.871117
48.541932,-0.756794
48.560903,0.379458
48.581944,-3.570690
48.600913,-1.267192
48.620860,-0.366991
48.641866,-4.433013
48.661882,0.031869
48.681814,-1.775049
48.701849,-0.709075
48.721853,-1.132391
48.741783,2.611672
48.762770,0.453232
48.782210,2.467027
48.801843,1.891558
48.821860,0.512176
48.841743,-0.385618
48.861720,3.459500
48.881737,-0.213420
48.901801,0.847649
48.921688,-2.212476
48.941663,-1.327925
48.961724,1.353394
48.981672,-1.718882
49.001649,1.486076
49.021696,2.827344
49.041593,-1.793473
49.061643,-2.233962
49.081612,2.573547
49.101597,0.380053
49.121615,-0.182760
49.141747,-0.591222
49.161735,2.944154
49.181615,0.916881
49.201649,2.112258
49.221858,3.666609
49.241589,0.572199
49.261568,0.345691
49.281524,3.795156
49.301470,2.592021
49.321505,0.611726
49.341464,1.405759
49.361481,-1.491855
49.381494,0.639311
49.401568,0.708959
49.421376,2.279309
49.441472,3.538179
49.461473,1.165669
49.481436,-0.483588
49.501387,0.169537
49.521382,1.799842
49.541413,2.047853
49.561330,3.358128
49.581284,1.236163
49.601391,4.516354
49.621325,2.153021
49.641305,2.848731
49.661326,-1.101133
49.682074,0.715739
49.702387,2.728898
49.721389,1.954378
49.741297,0.917430
49.761261,0.322810
49.781292,0.207409
49.801190,-0.527876
49.821179,0.977206
49.841821,-0.256050
49.861703,0.058443
49.881182,1.731425
49.901143,-0.141734
49.921126,-0.571087
49.941182,-0.371416
49.961211,1.329643
49.981153,1.604964
50.001212,1.760429
50.021109,0.250380
50.041083,0.710821
50.061102,-2.278648
50.081134,2.698682
50.101110,0.381754
50.121069,0.431355
50.141065,0.873757
50.160965,-0.192348
50.180989,1.644727
50.200950,1.405428
50.220906,0.749776
50.241989,-0.838064
50.260953,0.284048
50.281890,-0.805646
50.300930,0.600063
50.320861,0.172647
50.341854,-2.827976
50.363238,-4.739471
50.382040,-3.371835
50.401833,-5.213750
50.421885,-2.625264
50.441777,-4.460075
50.461751,-4.720384
50.481775,-1.970395
50.501827,1.812270
50.521938,0.268984
50.541749,-1.135074
50.561786,-1.835640
50.582737,1.199056
50.601738,0.290144
50.621690,0.039612
50.641640,3.367280
50.661678,0.218667
50.681613,1.915540
50.701642,3.027456
50.721583,2.752943
50.741543,2.724001
50.761794,3.366807
50.781527,2.932065
50.801569,1.587198
50.821702,2.066756
50.841585,3.553308
50.861514,1.116999
50.881514,-0.165769
50.901520,0.698156
50.921678,2.648366
50.941472,3.566294
50.961507,2.449216
50.981635,0.836910
51.001541,-1.266971
51.021517,-3.278715
51.041527,-0.503514
51.061404,0.273282
51.081442,-0.639069
51.101399,-2.462745
51.121410,-2.968293
51.141477,0.221265
51.161399,-0.815318
51.181359,-0.722159
51.201362,0.966176
51.221427,2.258248
51.241318,1.448112
51.261389,-0.680990
51.281261,-4.713293
51.301272,-1.225748
51.321294,-1.171730
51.341498,-2.000522
51.361266,2.321876
51.381395,-2.338672
51.401232,17.249266
51.421225,9.452348
51.441240,-1.212653
51.461305,3.433050
51.481219,-3.607260
51.501229,-0.138497
51.521207,0.722057
51.541125,10.415084
51.561212,9.270298
51.581216,6.426759
51.601082,4.067057
51.621254,3.937128
51.641232,2.838919
51.661101,-6.448741
51.681098,5.906281
51.701091,1.613576
51.721126,-1.603868
51.741133,3.368575
51.761049,3.015635
51.781169,-3.104996
51.800984,-0.125867
51.820952,-4.892849
51.840962,5.939127
51.860988,0.089589
51.880949,0.434464
51.901006,0.912613
51.920956,-0.417397
51.941982,10.085069
51.961093,15.402446
51.980933,2.205087
52.001040,1.611973
52.020985,7.484125
52.041927,4.338264
52.061940,3.848494
52.081899,2.557449
52.101955,1.344500
52.121858,1.359510
52.141835,1.598277
52.161899,-4.188086
52.182416,-2.912324
52.201801,-0.674261
52.221792,-0.947419
52.241767,1.078425
52.261868,4.164868
52.282251,4.348217
52.301773,0.747927
52.321752,0.541420
52.341707,2.506706
52.361782,1.161942
52.381697,-0.752881
52.402403,-0.066318
52.422131,5.866793
52.442971,0.748148
52.461641,2.744683
52.481608,0.986391
52.501718,-0.203902
52.521771,0.519948
52.541614,-1.141027
52.562775,-1.177482
52.582003,2.372421
52.601763,4.148708
52.621539,2.516262
52.641577,3.386530
52.661504,9.148832
52.681854,2.954528
52.701558,-0.044176
52.721581,5.439857
52.741643,-6.244582
52.761486,2.322457
52.781461,5.757973
52.801476,3.720727
52.821466,1.954852
52.841424,-2.149483
52.861408,1.684093
52.881757,-0.058896
52.901724,1.464025
52.921443,4.793741
52.941392,1.398988
52.961411,3.038684
52.981380,4.549102
53.001367,-1.365363
53.021366,0.560691
53.041419,1.426239
53.061401,2.542345
53.081363,0.666405
53.101322,-0.454382
53.121359,1.560692
53.141267,4.145895
53.161341,1.998560
53.181267,-0.154905
53.201266,-2.392593
53.221275,-1.069096
53.241234,1.416078
53.261404,2.202230
53.281228,4.351810
53.301220,2.792650
53.321273,1.495158
53.341265,-0.408101
53.361212,1.388882
53.381348,2.520162
53.401163,3.406757
53.421146,4.022367
53.441138,3.638366
53.461844,0.483045
53.481406,-0.242314
53.501127,0.710491
53.521070,0.736329
53.541112,2.086841
53.561105,0.981427
53.581108,-2.200708
53.601073,-0.956804
53.621130,-3.454109
53.641066,1.936827
53.661024,2.681543
53.681145,-1.109424
53.701097,-0.059064
53.721057,1.897590
53.741037,-0.200080
53.760997,-1.610801
53.781022,2.746458
53.801991,5.387467
53.820944,2.099878
53.842118,1.623499
53.862180,0.181716
53.880906,-4.656217
53.901931,2.067752
53.921887,2.917727
53.942480,5.096117
53.962185,3.834743
53.982188,-1.055828
54.001820,3.607543
54.021882,0.648465
54.041790,-0.182242
54.061804,-2.916264
54.081798,2.658260
54.101750,6.188726
54.121863,6.507970
54.141824,3.145930
54.161737,-0.250707
54.181734,4.273715
54.201720,-2.473770
54.221675,-0.627349
54.241685,3.895223
54.261693,2.775557
54.281628,1.841461
54.301602,2.401440
54.321637,1.941272
54.341716,-0.536381
54.361608,-3.296512
54.381541,2.967910
54.401660,0.157825
54.421598,2.434213
54.441569,2.966205
54.461591,4.370690
54.481523,8.025493
54.501656,4.846379
54.521594,0.443649
54.541550,0.773159
54.561548,-4.662500
54.581516,-0.552720
54.601497,-0.485143
54.622346,2.577336
54.641768,6.729732
54.661551,0.078322
54.681552,0.886615
54.701752,-5.589981
54.721386,-5.276406
54.741418,0.725082
54.761367,0.403289
54.781579,-4.152973
54.801405,-1.112002
54.821337,2.035415
54.841478,4.218942
54.861332,4.350092
54.881334,4.685097
54.901299,3.498524
54.921290,3.015032
54.941339,2.090240
54.961253,3.383449
54.981409,-0.400064
55.001281,4.111199
55.021291,6.156899
55.041243,5.843004
55.061235,-5.105864
55.081201,4.349971
55.101214,2.762888
55.121133,7.884530
55.141185,7.972874
55.161203,1.886156
55.181132,0.650106
55.201139,3.821350
55.221760,1.093226
55.241729,2.117646
55.261168,4.906285
55.281170,2.564354
55.301291,-3.425514
55.321125,4.430472
55.341112,4.829586
55.361172,6.828773
55.381001,3.584626
55.401030,0.696441
55.421040,-0.366310
55.441103,-0.986740
55.462397,-2.884031
55.480947,-2.939673
55.500951,3.802762
55.520909,-0.468854
55.540912,-2.512501
55.561910,-3.353976
55.582017,-2.053321
55.601990,0.863163
55.621983,6.102560
55.641978,13.644466
55.662099,4.313580
55.681878,0.942162
55.701881,-0.861005
55.721887,3.150252
55.741787,2.833530
55.761793,0.616844
55.781814,4.349819
55.801850,4.058274
55.821804,2.849765
55.841781,2.456937
55.861781,4.652153
55.881867,2.318316
55.901813,6.499721
55.921742,9.069043
55.941759,0.882905
55.961669,2.043289
55.981699,0.631487
56.001710,-1.985499
56.021696,1.690119
56.041633,3.860093
56.061663,4.618939
56.081709,8.996525
56.101623,-0.306461
56.121703,-0.490639
56.141659,2.118471
56.161569,-1.753305
56.181571,0.675095
56.201579,1.116689
56.221584,1.824991
56.241523,-1.110522
56.261574,1.200369
56.281592,2.829955
56.301572,4.541874
56.321478,5.617281
56.341475,4.156848
56.361431,6.337759
56.381448,5.529421
56.401476,3.007710
56.421475,4.462625
56.441474,2.166870
56.461389,2.107666
56.481425,4.202242
56.501352,-1.446439
56.521758,2.963383
56.541399,1.861072
56.561345,-0.140348
56.581583,0.110962
56.601398,1.749072
56.621281,8.284214
56.641366,-1.598116
56.661280,5.557806
56.681245,0.481832
56.701234,6.392873
56.721227,3.515333
56.741321,2.148976
56.761175,3.141571
56.781239,-0.698395
56.801220,-0.599696
56.821212,-0.232720
56.841189,0.563420
56.861140,3.741680
56.881149,3.611415
56.901295,5.776075
56.921120,4.779972
56.941069,5.112394
56.961061,3.957540
56.981109,4.767082
57.001119,5.929022
57.021077,7.617355
57.041244,-1.173890
57.062168,2.435010
57.081086,-0.655792
57.101111,0.524844
57.121015,1.136057
57.140951,0.066887
57.162013,-0.522309
57.180940,4.080731
57.200998,0.501138
57.221144,1.766811
57.240929,5.350112
57.261901,6.316632
57.281887,5.624084
57.301901,4.092246
57.321948,6.237173
57.341903,4.497550
57.361836,4.818168
57.381821,2.646823
57.401850,0.460981
57.421781,-0.051184
57.441796,10.611488
57.461763,5.603793
57.481750,4.717908
57.501746,1.002392
57.521803,1.322333
57.541848,1.916259
57.561726,1.741537
57.581673,2.861220
57.601713,2.548950
57.621725,-1.157357
57.641703,-6.508658
57.661653,4.205825
57.681673,1.355199
57.701678,-0.946901
57.721621,0.008138
57.741588,-1.657583
57.761643,7.732715
57.781689,3.033038
57.801633,-3.431401
57.821521,8.564775
57.841551,5.318775
57.861659,-4.480333
57.881554,2.003323
57.901625,1.203127
57.921559,-0.096954
57.941520,5.747378
57.961466,11.580470
57.981459,0.040898
58.001436,1.691917
58.021518,-8.351462
58.041436,7.614446
58.061409,-0.684803
58.081434,7.632564
58.101486,2.616352
58.121502,2.835731
58.141341,-2.022277
58.161278,0.600406
58.181560,-3.329647
58.201297,1.142862
58.221301,-2.906036
58.241259,0.163963
58.261343,-1.618663
58.281206,-2.415304
58.301296,1.045240
58.321262,0.402488
58.341230,0.116243
58.361216,-3.655164
58.381179,-1.027495
58.401290,-0.890730
58.421264,-2.561932
58.441123,-5.685100
58.461202,0.376439
58.481205,0.438328
58.501309,0.054331
58.521221,-0.235126
58.541407,-0.157966
58.561310,-0.710805
58.581148,2.515478
58.601100,-3.443914
58.621133,-0.927706
58.641150,-3.713329
58.661143,-0.313056
58.680985,0.305998
58.701043,0.761759
58.721006,-0.175209
58.740964,-4.713626
58.762305,1.235982
58.780993,-1.809723
58.802016,-0.875154
58.822029,-4.522226
58.841934,1.349982
58.862010,-2.154002
58.881946,-2.658931
58.901974,-0.313929
58.921874,-2.041538
58.941836,1.138963
58.961978,-1.191000
58.981875,-1.069395
59.002204,0.997176
59.021775,-0.087960
59.041749,-0.102992
59.061801,-3.630614
59.081779,-3.495281
59.101741,-4.348620
59.121817,-0.801609
59.141809,-3.330438
59.161682,-3.721040
59.181705,-2.684907
59.201751,-1.188091
59.221700,-0.395526
59.241673,1.941520
59.261685,0.593104
59.281651,-3.515740
59.301693,1.249678
59.321647,-1.622616
59.341583,-6.525805
59.361657,-1.242617
59.382265,-2.610428
59.401677,-6.438614
59.421695,-1.037725
59.441562,-2.719904
59.461607,-4.887346
59.481533,-4.084430
59.501522,1.774880
59.521548,-6.330913
59.542185,-9.980394
59.562372,-1.254773
59.581666,-8.953774
59.601498,-5.284461
59.621491,-4.803246
59.641528,-8.443886
59.661443,-6.846752
59.681402,-2.478978
59.701450,-4.535401
59.721443,-1.725405
59.741437,4.215834
59.761412,-4.553210
59.781459,-1.412824
59.801382,-6.171868
59.821324,-6.934566
59.841379,-0.333180
59.861334,0.684492
59.881302,-1.717018
59.901310,-7.129725
59.921328,-1.543470
59.941296,-4.071800
59.961258,-4.201247
59.981599,-6.617990
60.001275,-10.894082
60.021218,-5.447427
60.041300,-5.497493
60.061236,-5.950486
60.081190,-6.222969
60.101300,-2.480200
60.121201,-0.657644
60.141201,-6.562241
60.161175,-6.281013
60.181146,-1.404299
60.201138,-5.357643
60.221162,-6.230076
60.241778,-5.571436
60.263194,-5.300718
60.281181,-4.014987
60.301120,-7.509411
60.321110,-6.831081
60.341130,-4.061252
60.360999,-4.953762
60.381110,-5.798685
60.401037,-5.947282
60.421151,-4.628903
60.441037,-3.280014
60.461954,-4.405649
60.480938,-5.050248
60.501969,3.230635
60.522098,-1.293963
60.541968,-3.062174
60.561933,0.035376
60.581979,-5.989997
60.601921,-4.027379
60.621933,-5.080554
60.641862,-3.080170
60.661967,-2.690298
60.681824,-4.807633
60.701978,0.729809
60.722084,2.411539
60.741951,-0.452119
60.761817,1.896982
60.781810,-5.406677
60.801866,-1.185308
60.821736,-2.906033
60.841834,-1.081912
60.861739,0.271062
60.881776,-0.526100
60.901949,-4.193310
60.921710,-7.801014
60.941725,-0.816482
60.961680,-3.811200
60.981938,-5.284357
61.001997,-4.047369
61.021712,-3.343760
61.041656,-0.156108
61.061735,7.115852
61.081632,0.866093
61.101643,-0.220114
61.121748,1.555265
61.141532,0.693776
61.161546,-1.132015
61.181602,0.380668
61.201534,-0.412991
61.221530,1.894386
61.241498,0.533785
61.261514,-0.885038
61.281503,1.107482
61.301447,-0.018478
61.321577,-0.809695
61.341495,-3.026940
61.361802,-3.426188
61.381665,-1.264470
61.401439,-0.517511
61.421393,-2.460006
61.441433,-3.620285
61.461368,-3.032779
61.481374,-2.834516
61.501330,-2.396332
61.521690,-0.313095
61.541482,-1.749715
61.561393,-3.388865
61.581281,0.013033
61.601338,2.319941
61.621500,5.836457
61.641265,5.944597
61.661286,0.848346
61.681269,-0.803757
61.701368,-2.325621
61.721215,-2.797177
61.741166,3.783050
61.761308,1.257283
61.781480,4.602451
61.801227,6.354453
61.821200,3.718016
61.841133,3.839619
61.861240,2.318646
61.881193,5.198052
61.901088,4.553254
61.921158,4.308017
61.941138,2.829258
61.961125,1.319103
61.981243,-1.268584
62.001879,-0.574401
62.022107,1.874417
62.041326,1.595475
62.061991,0.778708
62.080966,-1.478362
62.102022,4.610242
62.122014,-1.383035
62.140969,-1.838417
62.161957,-1.203371
62.182066,-1.282734
62.201937,-2.115992
62.221908,1.029610
62.241984,-0.505965
62.261965,-3.432429
62.281867,-4.598486
62.301860,-0.237882
62.321904,-1.012048
62.341920,0.208871
62.361873,-0.243581
62.381779,0.087902
62.401900,0.389506
62.421810,0.519853
62.441838,3.181350
62.461800,4.091098
62.481809,1.337556
62.501958,3.417809
62.521935,1.610650
62.541739,0.980977
62.561833,0.665640
62.582318,1.639291
62.601757,0.035125
62.621670,-0.152836
62.641680,-0.208100
62.661939,2.743770
62.681676,2.557560
62.701620,1.267070
62.721617,-1.616006
62.741622,1.725924
62.761585,-1.487987
62.781726,1.785426
62.801645,-1.304438
62.821794,-0.349859
62.841583,0.002302
62.861543,6.091119
62.881524,-1.895389
62.902251,1.164757
62.922018,1.924627
62.941720,1.387925
62.961438,-1.876269
62.981553,-0.384802
63.001454,2.356014
63.021415,-0.150935
63.041445,4.593500
63.062048,3.232720
63.081755,2.421238
63.101427,7.186799
63.121533,5.226735
63.141409,0.734290
63.161337,5.717040
63.181294,5.030357
63.201374,5.633685
63.221528,8.879308
63.241647,4.359732
63.261365,5.168289
63.281288,4.325947
63.301332,5.453914
63.321280,2.695050
63.341316,3.616281
63.361314,3.916651
63.381239,4.604587
63.401227,1.251924
63.421232,4.904515
63.441147,5.661097
63.461192,5.595624
63.481215,3.084332
63.501194,2.721268
63.521179,-0.969999
63.541243,0.145454
63.561118,1.416325
63.581156,4.598196
63.601862,-2.834228
63.621912,9.104988
63.641169,-1.859967
63.662140,4.971100
63.681130,2.129806
63.701093,4.654766
63.721144,0.891717
63.741129,5.948159
63.762089,6.408896
63.781093,-0.353551
63.802015,0.793752
63.820990,2.517985
63.840974,3.175094
63.861910,4.804567
63.881951,5.610549
63.902102,8.601579
63.921975,3.778381
63.942011,4.890344
63.961935,3.020112
63.981851,-1.632729
64.001865,0.095553
64.021862,3.134152
64.041843,3.464317
64.061899,2.926758
64.081798,2.701254
64.101767,10.294285
64.121772,5.070805
64.141770,-2.112164
64.161771,8.514874
64.181775,-1.112365
64.201779,-2.514672
64.221728,0.258056
64.241750,2.421452
64.261871,1.744010
64.282439,4.338607
64.301899,1.360715
64.321665,-1.809090
64.341920,1.781878
64.361596,4.361959
64.381662,5.030392
64.402521,9.405117
64.421915,4.597856
64.441834,7.057081
64.461610,8.480781
64.481607,-1.898215
64.501551,-4.788240
64.521637,0.442612
64.541574,-0.138695
64.561490,-2.459325
64.581704,-4.743373
64.601511,3.510481
64.621495,10.884711
64.641455,9.069773
64.661452,5.296257
64.681443,2.510364
64.701452,3.914174
64.722049,-0.661751
64.741712,0.234577
64.761469,0.092951
64.781612,-1.553735
64.801362,8.812125
64.821358,-0.980025
64.841497,1.957855
64.861433,4.838595
64.881351,9.030789
64.901460,6.253594
64.921469,2.994774
64.941324,3.418786
64.961323,1.612849
64.981317,-4.258158
65.001436,2.125777
65.021283,1.099118
65.041290,-0.777376
65.061793,6.553656
65.081295,5.775719
65.101244,5.611691
65.121326,0.376813
65.141187,1.648964
65.161245,3.309299
65.181292,1.255227
65.201797,-3.618845
65.221473,2.110356
65.241169,-1.958155
65.261214,2.427620
65.281227,1.161431
65.301116,-4.159287
65.321313,1.069561
65.341045,1.197298
65.362084,-0.710678
65.381179,7.214766
65.402091,-2.461654
65.421211,6.072200
65.441124,-3.388548
65.462121,-1.971119
65.481018,-1.973877
65.501000,0.964728
65.521046,8.530452
65.542127,12.999836
65.562111,8.596340
65.581991,4.284943
65.601938,0.059084
65.621897,4.894010
65.642004,0.447430
65.661889,4.582775
65.682623,1.059149
65.702075,0.693661
65.722013,1.114166
65.741909,0.711475
65.761888,0.320971
65.781968,4.748363
65.801957,-1.671475
65.821889,0.346376
65.841872,4.743390
65.861948,-1.058532
65.881802,0.850801
65.901807,7.710494
65.921824,-2.715099
65.941755,-0.933751
65.961768,-0.823738
65.981794,2.852435
66.001791,0.200368
66.021992,-3.129639
66.041837,1.026955
66.061805,4.975420
66.081764,7.306995
66.101676,-0.447704
66.121712,7.821287
66.141868,5.461321
66.161701,2.407987
66.181992,2.323611
66.201705,-1.290352
66.221620,0.668642
66.241703,0.823656
66.261649,4.655176
66.281623,5.153893
66.301626,-2.290837
66.321574,0.106651
66.341626,2.880547
66.361553,6.227417
66.381608,5.536958
66.401522,1.162175
66.421530,-3.396893
66.441544,3.374559
66.461605,9.525329
66.481517,9.363236
66.501592,-0.496100
66.521500,3.738235
66.541449,-5.221549
66.561431,2.946316
66.581439,-1.530947
66.601432,-2.215236
66.621448,4.738597
66.641407,-1.540596
66.661396,-2.128301
66.681360,-2.129682
66.701428,9.435268
66.721393,0.015256
66.741369,4.603231
66.761397,2.674277
66.781386,-5.470288
66.801958,3.099101
66.821555,4.366465
66.841308,1.953779
66.861393,0.060098
66.881328,-3.321322
66.901717,-3.616147
66.921462,-0.772151
66.941292,0.181565
66.961234,-3.584663
66.981250,2.322263
67.001238,7.929352
67.021211,3.564910
67.041195,-3.632697
67.061208,-1.795668
67.081230,-3.478571
67.101191,5.771683
67.121221,-4.204650
67.141185,-2.419679
67.161111,-3.447784
67.181114,-3.604031
67.201134,2.315039
67.221088,-0.436125
67.241129,-5.709122
67.262129,-3.604971
67.281100,-2.547108
67.301116,1.322566
67.322093,-6.976993
67.341117,-1.473390
67.362152,0.206451
67.382849,-4.840515
67.401671,1.776253
67.422103,-3.665440
67.441078,-6.473955
67.462281,-2.056815
67.482034,-1.767910
67.502006,-2.904986
67.521986,5.761411
67.542855,-3.470509
67.561954,-3.754839
67.581954,0.211525
67.601937,-1.243330
67.621924,2.746996
67.641906,4.473631
67.661865,-1.384025
67.681905,-2.738538
67.701900,-4.097313
67.721910,-5.219813
67.741865,-3.570092
67.761955,-2.561771
67.781992,-3.516031
67.801984,-7.456411
67.821778,1.819850
67.841747,-1.961023
67.862575,-6.533433
67.881789,-2.477735
67.901764,-1.403576
67.922231,-2.061946
67.941861,0.899101
67.961747,1.238813
67.981957,-3.261068
68.001902,2.995345
68.021746,-2.923240
68.041678,-0.945160
68.061722,-3.903328
68.081768,0.100312
68.102291,-4.071479
68.121651,0.573862
68.141605,-4.962057
68.161796,-3.306316
68.181753,-5.340040
68.201621,-3.970409
68.221597,-7.417212
68.241599,-4.979965
68.261518,-2.038637
68.282035,-3.986959
68.301518,-3.675840
68.321575,-1.807682
68.341509,-0.621635
68.361491,-1.411920
68.381543,-1.679288
68.401500,-2.679603
68.421501,-0.134120
68.441452,0.732093
68.461461,-1.050061
68.481461,-0.654944
68.501520,-4.498966
68.521500,-0.335644
68.541366,-2.292738
68.561377,-3.433380
68.581423,-3.684739
68.601413,-3.276130
68.621361,0.855679
68.641328,-0.313537
68.661346,-2.147838
68.681358,1.376717
68.701337,-0.562098
68.721306,-2.637622
68.741319,-5.675678
68.761439,-1.221884
68.781286,-4.237368
68.801389,0.162978
68.821339,0.258334
68.841267,1.172165
68.861200,1.164849
68.881227,1.958379
68.901202,2.493708
68.921346,-0.899131
68.941121,-1.064141
68.961140,-1.472081
68.981732,-0.091606
69.001185,-2.623570
69.021122,0.593111
69.042125,-0.491705
69.062425,-0.861105
69.082103,-0.754925
69.101085,-1.672566
69.122121,-2.864340
69.142120,-2.729357
69.161181,0.309639
69.182137,-1.828652
69.202033,-1.600771
69.222040,-2.506552
69.242065,-3.215729
69.262025,-2.973749
69.282014,-2.674643
69.301958,-0.852820
69.321955,-2.899564
69.341942,-0.138930
69.362132,-2.329242
69.382207,-0.178098
69.401848,1.943444
69.421849,-0.478830
69.441862,3.200023
69.461892,-1.010408
69.481877,-1.063900
69.501913,-1.402802
69.522222,-0.546145
69.541822,0.497542
69.561798,-1.276589
69.581791,-1.592306
69.601766,-0.965841
69.621814,-0.553792
69.641760,1.033513
69.661758,-0.887449
69.681871,-0.394931
69.701867,0.402770
69.721757,-1.434633
69.741702,-1.668069
69.761672,-0.091510
69.781689,-0.401532
69.801699,-1.077842
69.821647,-2.053087
69.841618,1.002591
69.861649,1.279752
69.881564,-2.077502
69.901644,-0.810666
69.921549,-2.665568
69.941560,1.384735
69.961838,0.485903
69.981659,1.127457
70.001814,4.126922
70.021895,2.251498
70.041516,-1.713730
70.061512,-1.993742
70.081479,1.726040
70.101465,4.866016
70.121431,0.812689
70.141577,2.133349
70.161459,5.528822
70.181489,4.981084
70.201422,1.054964
70.221381,-1.553449
70.241380,1.390936
70.261391,0.429187
70.281594,0.439234
70.301339,1.108672
70.321262,0.483884
70.341400,1.545067
70.361357,3.323985
70.381486,6.578048
70.401265,0.912640
70.421323,3.754513
70.441242,7.349717
70.461278,3.769081
70.482023,6.527541
70.501827,4.683354
70.521550,4.814879
70.541254,3.122344
70.561197,0.644471
70.581173,7.527839
70.601154,3.805209
70.621140,6.657497
70.641154,8.552986
70.661364,6.907504
70.681130,9.020891
70.701052,7.264795
70.721112,3.212722
70.742579,5.638695
70.762123,5.581985
70.782200,3.724826
70.802152,0.541768
70.822067,3.326274
70.842041,0.050116
70.862176,-2.144909
70.882008,0.553281
70.901970,2.614217
70.921939,2.568397
70.942012,3.418464
70.961972,3.442668
70.982135,5.724260
71.001894,5.949708
71.021888,5.166892
71.041946,3.252653
71.061874,3.491751
71.081910,3.215396
71.101925,1.902763
71.121878,2.583144
71.141848,-1.292517
71.161849,-0.118869
