0.253912,51.102000
0.273902,51.102000
0.293921,51.118000
0.313895,51.118000
0.333994,51.118000
0.354148,51.118000
0.374030,51.118000
0.394043,51.118000
0.414129,51.118000
0.434017,51.118000
0.454052,51.118000
0.473983,51.118000
0.493980,51.118000
0.513979,51.121000
0.533999,51.121000
0.553929,51.121000
0.573895,51.121000
0.593888,51.121000
0.613956,51.121000
0.633950,51.121000
0.653797,51.121000
0.673764,51.121000
0.693795,51.121000
0.713753,51.121000
0.733734,51.121000
0.753894,51.121000
0.773735,51.121000
0.793782,51.121000
0.813673,51.121000
0.833792,51.121000
0.853706,51.121000
0.873754,51.121000
0.893848,51.121000
0.913757,51.114000
0.933747,51.114000
0.953905,51.114000
0.973690,51.114000
0.993768,51.114000
1.013655,51.114000
1.033701,51.114000
1.053713,51.114000
1.073666,51.114000
1.094726,51.114000
1.113689,51.146000
1.133882,51.146000
1.153555,51.146000
1.173478,51.146000
1.194536,51.146000
1.213483,51.146000
1.233565,51.146000
1.253506,51.146000
1.273525,51.146000
1.294433,51.146000
1.313576,51.154000
1.333483,51.154000
1.354454,51.154000
1.373532,51.154000
1.394550,51.154000
1.414578,51.154000
1.434503,51.154000
1.454407,51.154000
1.474416,51.154000
1.494441,51.154000
1.514627,51.145000
1.534466,51.145000
1.554440,51.145000
1.574367,51.145000
1.594421,51.145000
1.614427,51.145000
1.634364,51.145000
1.654407,51.145000
1.674308,51.145000
1.694353,51.145000
1.714282,51.145000
1.734272,51.145000
1.754257,51.141000
1.774255,51.141000
1.794288,51.141000
1.814204,51.141000
1.834285,51.141000
1.854265,51.141000
1.874208,51.141000
1.894213,51.105000
1.914203,51.105000
1.934125,51.105000
1.954166,51.105000
1.974275,51.105000
1.994186,51.105000
2.014101,51.105000
2.034186,51.105000
2.054180,51.105000
2.074120,51.105000
2.094481,51.092000
2.114059,51.092000
2.134161,51.092000
2.154105,51.092000
2.174101,51.092000
2.194049,51.092000
2.214148,51.092000
2.233971,51.092000
2.254095,51.092000
2.274044,51.092000
2.294249,51.076000
2.314309,51.076000
2.334054,51.076000
2.354172,51.076000
2.374018,51.076000
2.394254,51.076000
2.414223,51.076000
2.433983,51.076000
2.453856,51.076000
2.473969,51.076000
2.493886,51.077000
2.513909,51.077000
2.533941,51.077000
2.553961,51.077000
2.573817,51.077000
2.593857,51.077000
2.613858,51.077000
2.633895,51.077000
2.653799,51.077000
2.673790,51.077000
2.693826,51.077000
2.713737,51.079000
2.733721,51.079000
2.754291,51.079000
2.773647,51.079000
2.793702,51.079000
2.813643,51.079000
2.833960,51.079000
2.853955,51.079000
2.873818,51.079000
2.893692,51.086000
2.913919,51.086000
2.933628,51.086000
2.953643,51.086000
2.973599,51.086000
2.994628,51.086000
3.013602,51.086000
3.033591,51.086000
3.053616,51.086000
3.073546,51.086000
3.093585,51.088000
3.113612,51.088000
3.133564,51.088000
3.153635,51.088000
3.173623,51.088000
3.194560,51.088000
3.213557,51.088000
3.233678,51.088000
3.253587,51.088000
3.274485,51.088000
3.294645,51.110000
3.313557,51.110000
3.334496,51.110000
3.354581,51.110000
3.374465,51.110000
3.394824,51.110000
3.414677,51.110000
3.434528,51.110000
3.454540,51.110000
3.474498,51.110000
3.494604,51.082000
3.514462,51.082000
3.534540,51.082000
3.554495,51.082000
3.574425,51.082000
3.594323,51.082000
3.614385,51.082000
3.634582,51.082000
3.654657,51.082000
3.674503,51.082000
3.694618,51.082000
3.714348,51.082000
3.734234,51.050000
3.754228,51.050000
3.774149,51.050000
3.794184,51.050000
3.814478,51.050000
3.834353,51.050000
3.854316,51.050000
3.874355,51.050000
3.894314,51.037000
3.914349,51.037000
3.934458,51.037000
3.954242,51.037000
3.974128,51.037000
3.994471,51.037000
4.014217,51.037000
4.034225,51.037000
4.054176,51.037000
4.074070,51.037000
4.094643,51.046000
4.114086,51.046000
4.134099,51.046000
4.154068,51.046000
4.174230,51.046000
4.194284,51.046000
4.214128,51.046000
4.234042,51.046000
4.254092,51.046000
4.273988,51.046000
4.294046,51.046000
4.313989,51.048000
4.334013,51.048000
4.353891,51.048000
4.373945,51.048000
4.393970,51.048000
4.413964,51.048000
4.433905,51.048000
4.453913,51.048000
4.473899,51.048000
4.494114,51.075000
4.513887,51.075000
4.533934,51.075000
4.554011,51.075000
4.573933,51.075000
4.593943,51.075000
4.613951,51.075000
4.634014,51.075000
4.653913,51.075000
4.673787,51.075000
4.693846,51.075000
4.713766,51.091000
4.733768,51.091000
4.753809,51.091000
4.773792,51.091000
4.793829,51.091000
4.813762,51.091000
4.833761,51.091000
4.853798,51.091000
4.873726,51.091000
4.893720,51.103000
4.914008,51.103000
4.933637,51.103000
4.953691,51.103000
4.973661,51.103000
4.994897,51.103000
5.013991,51.103000
5.033896,51.103000
5.053768,51.103000
5.073637,51.103000
5.093552,51.111000
5.113498,51.111000
5.133576,51.111000
5.153459,51.111000
5.173521,51.111000
5.194483,51.111000
5.213546,51.111000
5.233563,51.111000
5.253597,51.111000
5.274530,51.111000
5.295065,51.100000
5.314503,51.100000
5.334476,51.100000
5.354534,51.100000
5.374567,51.100000
5.395136,51.100000
5.414405,51.100000
5.434460,51.100000
5.454502,51.100000
5.474405,51.100000
5.494657,51.088000
5.514351,51.088000
5.534381,51.088000
5.554376,51.088000
5.574314,51.088000
5.594352,51.088000
5.614673,51.088000
5.634240,51.088000
5.654254,51.088000
5.674294,51.088000
5.694292,51.088000
5.714208,51.095000
5.734624,51.095000
5.754246,51.095000
5.774157,51.095000
5.794322,51.095000
5.814311,51.095000
5.834226,51.095000
5.854138,51.095000
5.874213,51.095000
5.894151,51.091000
5.914147,51.091000
5.934392,51.091000
5.954120,51.091000
5.974174,51.091000
5.994107,51.091000
6.014267,51.091000
6.034136,51.091000
6.054159,51.091000
6.074171,51.091000
6.094234,51.091000
6.114114,51.137000
6.134101,51.137000
6.154118,51.137000
6.174112,51.137000
6.194066,51.137000
6.214044,51.137000
6.234128,51.137000
6.254056,51.137000
6.273988,51.137000
6.294051,51.158000
6.314018,51.158000
6.333997,51.158000
6.353977,51.158000
6.373991,51.158000
6.393968,51.158000
6.413939,51.158000
6.433897,51.158000
6.454044,51.158000
6.474164,51.158000
6.494147,51.158000
6.514153,51.201000
6.534130,51.201000
6.553949,51.201000
6.573965,51.201000
6.593885,51.201000
6.613904,51.201000
6.634006,51.201000
6.654055,51.201000
6.673756,51.201000
6.693796,51.201000
6.713667,51.201000
6.733752,51.193000
6.753734,51.193000
6.773649,51.193000
6.793779,51.193000
6.813731,51.193000
6.833754,51.193000
6.853724,51.193000
6.873744,51.193000
6.893663,51.193000
6.913677,51.214000
6.933711,51.214000
6.953643,51.214000
6.973655,51.214000
6.993660,51.214000
7.014754,51.214000
7.033946,51.214000
7.053858,51.214000
7.073869,51.214000
7.093723,51.214000
7.114566,51.207000
7.133577,51.207000
7.153643,51.207000
7.173506,51.207000
7.194562,51.207000
7.214699,51.207000
7.234471,51.207000
7.254530,51.207000
7.274464,51.207000
7.294485,51.211000
7.314600,51.211000
7.334500,51.211000
7.354457,51.211000
7.374539,51.211000
7.394838,51.211000
7.414534,51.211000
7.434551,51.211000
7.454402,51.211000
7.474596,51.211000
7.494425,51.157000
7.514403,51.157000
7.534395,51.157000
7.554404,51.157000
7.574349,51.157000
7.594360,51.157000
7.614373,51.157000
7.634317,51.157000
7.654360,51.157000
7.674361,51.157000
7.694273,51.157000
7.714239,51.157000
7.734202,51.153000
7.754360,51.153000
7.774287,51.153000
7.794257,51.153000
7.814525,51.153000
7.834278,51.153000
7.854349,51.153000
7.874215,51.153000
7.894217,51.148000
7.914207,51.148000
7.934543,51.148000
7.954295,51.148000
7.974183,51.148000
7.994230,51.148000
8.014186,51.148000
8.034332,51.148000
8.054113,51.148000
8.074187,51.148000
8.094215,51.110000
8.114069,51.110000
8.134100,51.110000
8.154205,51.110000
8.174109,51.110000
8.193902,51.110000
8.213886,51.110000
8.233868,51.110000
8.253870,51.110000
8.273897,51.110000
8.293957,51.110000
8.313834,51.060000
8.333943,51.060000
8.353966,51.060000
8.373898,51.060000
8.394006,51.060000
8.413864,51.060000
8.433899,51.060000
8.453847,51.060000
8.473776,51.060000
8.493966,51.033000
8.514221,51.033000
8.533844,51.033000
8.553810,51.033000
8.573924,51.033000
8.593853,51.033000
8.613895,51.033000
8.633801,51.033000
8.653864,51.033000
8.673785,51.033000
8.693794,51.033000
8.713749,51.026000
8.734760,51.026000
8.753768,51.026000
8.773700,51.026000
8.793718,51.026000
8.813666,51.026000
8.834702,51.026000
8.853726,51.026000
8.873656,51.026000
8.894633,51.026000
8.914723,51.029000
8.934638,51.029000
8.954638,51.029000
8.974680,51.029000
8.994642,51.029000
9.014562,51.029000
9.034605,51.029000
9.054559,51.029000
9.074490,51.029000
9.094556,51.029000
9.114470,51.011000
9.134534,51.011000
9.154551,51.011000
9.174504,51.011000
9.194484,51.011000
9.214424,51.011000
9.234409,51.011000
9.254415,51.011000
9.274396,51.011000
9.294407,51.011000
9.314358,50.979000
9.334441,50.979000
9.354358,50.979000
9.374312,50.979000
9.394326,50.979000
9.414328,50.979000
9.434375,50.979000
9.454543,50.979000
9.474411,50.979000
9.494502,50.979000
9.514368,50.969000
9.534217,50.969000
9.554139,50.969000
9.574131,50.969000
9.594067,50.969000
9.614089,50.969000
9.634053,50.969000
9.654027,50.969000
9.674195,50.969000
9.694086,50.969000
9.714166,50.969000
9.734088,50.968000
9.754155,50.968000
9.774059,50.968000
9.794101,50.968000
9.814092,50.968000
9.834117,50.968000
9.854188,50.968000
9.874217,50.968000
9.894302,50.968000
9.913898,50.958000
9.933913,50.958000
9.953945,50.958000
9.973898,50.958000
9.994170,50.958000
10.014161,50.958000
10.034204,50.958000
10.054163,50.958000
10.074036,50.958000
10.093925,50.952000
10.113970,50.952000
10.133952,50.952000
10.154321,50.952000
10.173906,50.952000
10.194013,50.952000
10.213956,50.952000
10.233857,50.952000
10.253898,50.952000
10.273789,50.952000
10.293834,50.906000
10.313753,50.906000
10.334245,50.906000
10.354031,50.906000
10.373905,50.906000
10.393829,50.906000
10.413680,50.906000
10.433735,50.906000
10.453761,50.906000
10.473895,50.906000
10.493916,50.889000
10.513722,50.889000
10.534945,50.889000
10.553617,50.889000
10.573608,50.889000
10.593657,50.889000
10.613593,50.889000
10.634618,50.889000
10.653547,50.889000
10.674495,50.889000
10.694584,50.889000
10.714579,50.867000
10.734612,50.867000
10.754586,50.867000
10.774505,50.867000
10.794652,50.867000
10.814561,50.867000
10.834563,50.867000
10.854595,50.867000
10.874497,50.867000
10.894522,50.850000
10.914487,50.850000
10.934541,50.850000
10.954540,50.850000
10.974456,50.850000
10.994384,50.850000
11.014387,50.850000
11.034381,50.850000
11.054432,50.850000
11.074326,50.850000
11.094395,50.863000
11.114342,50.863000
11.134319,50.863000
11.154391,50.863000
11.174269,50.863000
11.194250,50.863000
11.214197,50.863000
11.234321,50.863000
11.254339,50.863000
11.274257,50.863000
11.294232,50.843000
11.314260,50.843000
11.334201,50.843000
11.354497,50.843000
11.374321,50.843000
11.394439,50.843000
11.414222,50.843000
11.434238,50.843000
11.454283,50.843000
11.474200,50.843000
11.494200,50.838000
11.514132,50.838000
11.534202,50.838000
11.554150,50.838000
11.574122,50.838000
11.594214,50.838000
11.614089,50.838000
11.634134,50.838000
11.654110,50.838000
11.674131,50.838000
11.694082,50.838000
11.714074,50.838000
11.734035,50.824000
11.754059,50.824000
11.774039,50.824000
11.794085,50.824000
11.814044,50.824000
11.834202,50.824000
11.854041,50.824000
11.874030,50.824000
11.894058,50.799000
11.914443,50.799000
11.934038,50.799000
11.954009,50.799000
11.973997,50.799000
11.994081,50.799000
12.014081,50.799000
12.033948,50.799000
12.054065,50.799000
12.073932,50.799000
12.093905,50.751000
12.114305,50.751000
12.133979,50.751000
12.153928,50.751000
12.173833,50.751000
12.193883,50.751000
12.213774,50.751000
12.233830,50.751000
12.253825,50.751000
12.273733,50.751000
12.293808,50.743000
12.313755,50.743000
12.334754,50.743000
12.353885,50.743000
12.373736,50.743000
12.394770,50.743000
12.413752,50.743000
12.434688,50.743000
12.453895,50.743000
12.474576,50.743000
12.494585,50.743000
12.514641,50.726000
12.534513,50.726000
12.554651,50.726000
12.574557,50.726000
12.594635,50.726000
12.614532,50.726000
12.634607,50.726000
12.654474,50.726000
12.674506,50.726000
12.694853,50.726000
12.714755,50.693000
12.734761,50.693000
12.754712,50.693000
12.774674,50.693000
12.794606,50.693000
12.814506,50.693000
12.834471,50.693000
12.854913,50.693000
12.874524,50.693000
12.894428,50.694000
12.915183,50.694000
12.934443,50.694000
12.954345,50.694000
12.974358,50.694000
12.994363,50.694000
13.014390,50.694000
13.034397,50.694000
13.054423,50.694000
13.074343,50.694000
13.094331,50.681000
13.114307,50.681000
13.134333,50.681000
13.154336,50.681000
13.174267,50.681000
13.194288,50.681000
13.214499,50.681000
13.234292,50.681000
13.254248,50.681000
13.274189,50.681000
13.294158,50.672000
13.314105,50.672000
13.334154,50.672000
13.354092,50.672000
13.374120,50.672000
13.394158,50.672000
13.414135,50.672000
13.434181,50.672000
13.454193,50.672000
13.474175,50.672000
13.494300,50.668000
13.514205,50.668000
13.534118,50.668000
13.554349,50.668000
13.574054,50.668000
13.594073,50.668000
13.614161,50.668000
13.634034,50.668000
13.654156,50.668000
13.673983,50.668000
13.694239,50.668000
13.714010,50.668000
13.733974,50.659000
13.754032,50.659000
13.774016,50.659000
13.793998,50.659000
13.813969,50.659000
13.833987,50.659000
13.853927,50.659000
13.873906,50.659000
13.893892,50.659000
13.913899,50.690000
13.934117,50.690000
13.953990,50.690000
13.973976,50.690000
13.994088,50.690000
14.014228,50.690000
14.034156,50.690000
14.053892,50.690000
14.073851,50.690000
14.093938,50.690000
14.113858,50.690000
14.133891,50.690000
14.153838,50.690000
14.173819,50.690000
14.193899,50.690000
14.213780,50.690000
14.233882,50.690000
14.253866,50.690000
14.273785,50.690000
14.293872,50.689000
14.313787,50.689000
14.333772,50.689000
14.353864,50.689000
14.373884,50.689000
14.393845,50.689000
14.413822,50.689000
14.434800,50.689000
14.453761,50.689000
14.473772,50.689000
14.493874,50.653000
14.513782,50.653000
14.534766,50.653000
14.553772,50.653000
14.574635,50.653000
14.594739,50.653000
14.614698,50.653000
14.634764,50.653000
14.654871,50.653000
14.674754,50.653000
14.694808,50.653000
14.714846,50.653000
14.734837,50.658000
14.754886,50.658000
14.774729,50.658000
14.795904,50.658000
14.814820,50.658000
14.834841,50.658000
14.854714,50.658000
14.874643,50.658000
14.894633,50.658000
14.914694,50.669000
14.934666,50.669000
14.954646,50.669000
14.976452,50.669000
14.994565,50.669000
15.014609,50.669000
15.034449,50.669000
15.054346,50.669000
15.074419,50.669000
15.094328,50.669000
15.114392,50.675000
15.134515,50.675000
15.154399,50.675000
15.174333,50.675000
15.194300,50.675000
15.214225,50.675000
15.234236,50.675000
15.254408,50.675000
15.274289,50.675000
15.294358,50.675000
15.314212,50.656000
15.334263,50.656000
15.354177,50.656000
15.374184,50.656000
15.394145,50.656000
15.414181,50.656000
15.434178,50.656000
15.454160,50.656000
15.474084,50.656000
15.494156,50.675000
15.514115,50.675000
15.534215,50.675000
15.554050,50.675000
15.574097,50.675000
15.594113,50.675000
15.614104,50.675000
15.634116,50.675000
15.654378,50.675000
15.674261,50.675000
15.694005,50.675000
15.713990,50.690000
15.733987,50.690000
15.754232,50.690000
15.774241,50.690000
15.793962,50.690000
15.813948,50.690000
15.833973,50.690000
15.853980,50.690000
15.874007,50.690000
15.893903,50.690000
15.913965,50.690000
15.933942,50.690000
15.953896,50.690000
15.973892,50.690000
15.994253,50.690000
16.014232,50.690000
16.034135,50.690000
16.053922,50.690000
16.073814,50.690000
16.093764,50.685000
16.113713,50.685000
16.133751,50.685000
16.153809,50.685000
16.173830,50.685000
16.193815,50.685000
16.213850,50.685000
16.233864,50.685000
16.254804,50.685000
16.273671,50.685000
16.293769,50.690000
16.313747,50.690000
16.333920,50.690000
16.354918,50.690000
16.373773,50.690000
16.394760,50.690000
16.413794,50.690000
16.434791,50.690000
16.454703,50.690000
16.474763,50.690000
16.494724,50.682000
16.514671,50.682000
16.534669,50.682000
16.554675,50.682000
16.574618,50.682000
16.594533,50.682000
16.614642,50.682000
16.634592,50.682000
16.654597,50.682000
16.674593,50.682000
16.694541,50.682000
16.714610,50.651000
16.734671,50.651000
16.754529,50.651000
16.774585,50.651000
16.794531,50.651000
16.814468,50.651000
16.834529,50.651000
16.854434,50.651000
16.874484,50.651000
16.894483,50.659000
16.914488,50.659000
16.934503,50.659000
16.954643,50.659000
16.974506,50.659000
16.994478,50.659000
17.014430,50.659000
17.034431,50.659000
17.054520,50.659000
17.074457,50.659000
17.094533,50.674000
17.114429,50.674000
17.134489,50.674000
17.154439,50.674000
17.174460,50.674000
17.194342,50.674000
17.214436,50.674000
17.234345,50.674000
17.254347,50.674000
17.274312,50.674000
17.294431,50.703000
17.314290,50.703000
17.334378,50.703000
17.354416,50.703000
17.374310,50.703000
17.394282,50.703000
17.414264,50.703000
17.434255,50.703000
17.454257,50.703000
17.474277,50.703000
17.494164,50.734000
17.514280,50.734000
17.534199,50.734000
17.554182,50.734000
17.574207,50.734000
17.594251,50.734000
17.614169,50.734000
17.634104,50.734000
17.654196,50.734000
17.674282,50.734000
17.694221,50.734000
17.714108,50.746000
17.734091,50.746000
17.754097,50.746000
17.774042,50.746000
17.794060,50.746000
17.814035,50.746000
17.834106,50.746000
17.854072,50.746000
17.874061,50.746000
17.894133,50.774000
17.914049,50.774000
17.934005,50.774000
17.953982,50.774000
17.973993,50.774000
17.994017,50.774000
18.013959,50.774000
18.033996,50.774000
18.054101,50.774000
18.074087,50.774000
18.094405,50.809000
18.114026,50.809000
18.133841,50.809000
18.154036,50.809000
18.173886,50.809000
18.193905,50.809000
18.213891,50.809000
18.233896,50.809000
18.253820,50.809000
18.273887,50.809000
18.293917,50.850000
18.313802,50.850000
18.333782,50.850000
18.353890,50.850000
18.373818,50.850000
18.393849,50.850000
18.413794,50.850000
18.433820,50.850000
18.454711,50.850000
