0.2735745906829834,0.0
0.30700182914733887,0.0
0.3402221202850342,0.0
0.3736705780029297,0.0
0.40695762634277344,0.0
0.44028735160827637,0.0
0.47373342514038086,0.0
0.506908655166626,0.0
0.5403883457183838,0.0
0.5736336708068848,0.0
0.6068212985992432,0.0
0.6402995586395264,0.0
0.6735827922821045,0.0
0.7068467140197754,0.0
0.7406678199768066,0.0
0.7737560272216797,0.0
0.8069741725921631,0.0
0.8402354717254639,0.0
0.8736007213592529,0.0
0.9068610668182373,0.0
0.9401838779449463,0.0
0.9735257625579834,0.0
1.0069284439086914,0.0
1.0404117107391357,0.0
1.0736432075500488,0.0
1.1069998741149902,0.0
1.1402640342712402,0.0
1.1736724376678467,0.0
1.2071125507354736,0.0
1.2403206825256348,0.0
1.273545265197754,0.0
1.3068478107452393,0.0
1.3402538299560547,0.0
1.373779296875,0.0
1.406937599182129,0.0
1.440302848815918,0.0
1.4734790325164795,0.0
1.5070958137512207,0.0
1.5403897762298584,0.0
1.5736234188079834,0.0
1.6069645881652832,0.0
1.6402480602264404,0.0
1.6736340522766113,0.0
1.7070672512054443,0.0
1.740260362625122,0.0
1.773594856262207,0.0
1.8070034980773926,0.0
1.840346097946167,0.0
1.8737268447875977,0.0
1.9068820476531982,0.0
1.940333366394043,0.0
1.9736638069152832,0.0
