0.200941,49.727000
0.220945,49.727000
0.241053,49.727000
0.261924,49.727000
0.280842,49.727000
0.301885,49.727000
0.321840,49.727000
0.341838,49.727000
0.361757,49.700000
0.381889,49.700000
0.401826,49.700000
0.421851,49.700000
0.441835,49.700000
0.461750,49.700000
0.481756,49.700000
0.501761,49.700000
0.521769,49.700000
0.541783,49.700000
0.561794,49.700000
0.581611,49.681000
0.601709,49.681000
0.621595,49.681000
0.641563,49.681000
0.661486,49.681000
0.681502,49.681000
0.701551,49.681000
0.721509,49.681000
0.741406,49.681000
0.761405,49.650000
0.781337,49.650000
0.801418,49.650000
0.821418,49.650000
0.841334,49.650000
0.861566,49.650000
0.881233,49.650000
0.901264,49.650000
0.921325,49.650000
0.941156,49.650000
0.961178,49.626000
0.981484,49.626000
1.001140,49.626000
1.021163,49.626000
1.041069,49.626000
1.061144,49.626000
1.081086,49.626000
1.101147,49.626000
1.121100,49.626000
1.141009,49.626000
1.161043,49.590000
1.180960,49.590000
1.200990,49.590000
1.221951,49.590000
1.242001,49.590000
1.260860,49.590000
1.281800,49.590000
1.301817,49.590000
1.321890,49.590000
1.341833,49.590000
1.361820,49.547000
1.381791,49.547000
1.401748,49.547000
1.421732,49.547000
1.441684,49.547000
1.461653,49.547000
1.481739,49.547000
1.501672,49.547000
1.521594,49.547000
1.541637,49.547000
1.561565,49.547000
1.581543,49.525000
1.601582,49.525000
1.621528,49.525000
1.641441,49.525000
1.661439,49.525000
1.681525,49.525000
1.701470,49.525000
1.721420,49.525000
1.741384,49.525000
1.761350,49.502000
1.781437,49.502000
1.801442,49.502000
1.821640,49.502000
1.841324,49.502000
1.861302,49.502000
1.881324,49.502000
1.901231,49.502000
1.921233,49.502000
1.941208,49.502000
1.961266,49.477000
1.981200,49.477000
2.001187,49.477000
2.021105,49.477000
2.041128,49.477000
2.061140,49.477000
2.081092,49.477000
2.101043,49.477000
2.121076,49.477000
2.141118,49.477000
2.161043,49.445000
2.181086,49.445000
2.201015,49.445000
2.220948,49.445000
2.241963,49.445000
2.260977,49.445000
2.280974,49.445000
2.302012,49.445000
2.321020,49.445000
2.341953,49.445000
2.361874,49.408000
2.381794,49.408000
2.401801,49.408000
2.421792,49.408000
2.441815,49.408000
2.461735,49.408000
2.481767,49.408000
2.501799,49.408000
2.521712,49.408000
2.541759,49.408000
2.561743,49.408000
2.581584,49.389000
2.601625,49.389000
2.621693,49.389000
2.641634,49.389000
2.661498,49.389000
2.681947,49.389000
2.701502,49.389000
2.721589,49.389000
2.741444,49.389000
2.761817,49.369000
2.781503,49.369000
2.801437,49.369000
2.821670,49.369000
2.841409,49.369000
2.861336,49.369000
2.881418,49.369000
2.901413,49.369000
2.921299,49.369000
2.941353,49.369000
2.961230,49.331000
2.981251,49.331000
3.001260,49.331000
3.021201,49.331000
3.041215,49.331000
3.061161,49.331000
3.081214,49.331000
3.101148,49.331000
3.121058,49.331000
3.141179,49.331000
3.161153,49.302000
3.181003,49.302000
3.201073,49.302000
3.220987,49.302000
3.241018,49.302000
3.261068,49.302000
3.280987,49.302000
3.302001,49.302000
3.322109,49.302000
3.342031,49.302000
3.361963,49.275000
3.381982,49.275000
3.401881,49.275000
3.421940,49.275000
3.442318,49.275000
3.461881,49.275000
3.481857,49.275000
3.501904,49.275000
3.521832,49.275000
3.541800,49.275000
3.561769,49.275000
3.581740,49.245000
3.601696,49.245000
3.621665,49.245000
3.641765,49.245000
3.661607,49.245000
3.681688,49.245000
3.701663,49.245000
3.721546,49.245000
3.741592,49.245000
3.761587,49.231000
3.781751,49.231000
3.801566,49.231000
3.821604,49.231000
3.841467,49.231000
3.861504,49.231000
3.881480,49.231000
3.901425,49.231000
3.921431,49.231000
3.941434,49.231000
3.961410,49.209000
3.981440,49.209000
4.001387,49.209000
4.021383,49.209000
4.041413,49.209000
4.061271,49.209000
4.081285,49.209000
4.101323,49.209000
4.121223,49.209000
4.141199,49.209000
4.161189,49.205000
4.181225,49.205000
4.201307,49.205000
4.221164,49.205000
4.241152,49.205000
4.261036,49.205000
4.281024,49.205000
4.301001,49.205000
4.321019,49.205000
4.340965,49.205000
4.361989,49.186000
4.381028,49.186000
4.401957,49.186000
4.421891,49.186000
4.442078,49.186000
4.461829,49.186000
4.481762,49.186000
4.501858,49.186000
4.521721,49.186000
4.541857,49.186000
4.561783,49.186000
4.581702,49.172000
4.601747,49.172000
4.621635,49.172000
4.641685,49.172000
4.661655,49.172000
4.681650,49.172000
4.701629,49.172000
4.721518,49.172000
4.741594,49.172000
4.761600,49.165000
4.781510,49.165000
4.801502,49.165000
4.821731,49.165000
4.841549,49.165000
4.861508,49.165000
4.881506,49.165000
4.901563,49.165000
4.921450,49.165000
4.941508,49.165000
4.961457,49.137000
4.981394,49.137000
5.001370,49.137000
5.021331,49.137000
5.041314,49.137000
5.061289,49.137000
5.082009,49.137000
5.101258,49.137000
5.121209,49.137000
5.141224,49.137000
5.161207,49.113000
5.181156,49.113000
5.201249,49.113000
5.221073,49.113000
5.241214,49.113000
5.261172,49.113000
5.281055,49.113000
5.301052,49.113000
5.321105,49.113000
5.341103,49.113000
5.361036,49.103000
5.380987,49.103000
5.401969,49.103000
5.421956,49.103000
5.441959,49.103000
5.461947,49.103000
5.481840,49.103000
5.501965,49.103000
5.521880,49.103000
5.541973,49.103000
5.561751,49.103000
5.581773,49.081000
5.601830,49.081000
5.621757,49.081000
5.641751,49.081000
5.661811,49.081000
5.681646,49.081000
5.701723,49.081000
5.721698,49.081000
5.741705,49.081000
5.761618,49.072000
5.781578,49.072000
5.801632,49.072000
5.821567,49.072000
5.841575,49.072000
5.861727,49.072000
5.881571,49.072000
5.901580,49.072000
5.921415,49.072000
5.941424,49.072000
5.961344,49.082000
5.981332,49.082000
6.001372,49.082000
6.021373,49.082000
6.041418,49.082000
6.061350,49.082000
6.081281,49.082000
6.101200,49.082000
6.121279,49.082000
6.141240,49.082000
6.161184,49.079000
6.181182,49.079000
6.201147,49.079000
6.221182,49.079000
6.241150,49.079000
6.261140,49.079000
6.281141,49.079000
6.301122,49.079000
6.321100,49.079000
6.341070,49.079000
6.361000,49.083000
6.381958,49.083000
6.401949,49.083000
6.421996,49.083000
6.441963,49.083000
6.461906,49.083000
6.481818,49.083000
6.501854,49.083000
6.521895,49.083000
6.541805,49.083000
6.561799,49.083000
6.581797,49.080000
6.601854,49.080000
6.621828,49.080000
6.641758,49.080000
6.661760,49.080000
6.681755,49.080000
6.701713,49.080000
6.721738,49.080000
6.741809,49.080000
6.761747,49.096000
6.781735,49.096000
6.801739,49.096000
6.821684,49.096000
6.841601,49.096000
6.861560,49.096000
6.881551,49.096000
6.901501,49.096000
6.921539,49.096000
6.941621,49.096000
6.961511,49.096000
6.981483,49.096000
7.001455,49.096000
7.021449,49.096000
7.041469,49.096000
7.061383,49.096000
7.081375,49.096000
7.101499,49.096000
7.121315,49.096000
7.141368,49.109000
7.161332,49.109000
7.181395,49.109000
7.201478,49.109000
7.221346,49.109000
7.241292,49.109000
7.261231,49.109000
7.281162,49.109000
7.301236,49.109000
7.321263,49.109000
7.341126,49.109000
7.361136,49.106000
7.381061,49.106000
7.401073,49.106000
7.420990,49.106000
7.441111,49.106000
7.461067,49.106000
7.481063,49.106000
7.501019,49.106000
7.521023,49.106000
7.542196,49.106000
7.561943,49.106000
7.581925,49.117000
7.601963,49.117000
7.621880,49.117000
7.642250,49.117000
7.661830,49.117000
7.681776,49.117000
7.701882,49.117000
7.721828,49.117000
7.741922,49.117000
7.761725,49.130000
7.781745,49.130000
7.801774,49.130000
7.821777,49.130000
7.841748,49.130000
7.861667,49.130000
7.881627,49.130000
7.901686,49.130000
7.921669,49.130000
7.941623,49.130000
7.961637,49.159000
7.981547,49.159000
8.001473,49.159000
8.021517,49.159000
8.041473,49.159000
8.061486,49.159000
8.081476,49.159000
8.101440,49.159000
8.121460,49.159000
8.141432,49.159000
8.161425,49.178000
8.181382,49.178000
8.201440,49.178000
8.221267,49.178000
8.241308,49.178000
8.261339,49.178000
8.281338,49.178000
8.301274,49.178000
8.321231,49.178000
8.341271,49.178000
8.361273,49.206000
8.381160,49.206000
8.401194,49.206000
8.421231,49.206000
8.441103,49.206000
8.461134,49.206000
8.480997,49.206000
8.501030,49.206000
8.522084,49.206000
8.541150,49.206000
8.560992,49.206000
8.582036,49.209000
8.602020,49.209000
8.621960,49.209000
8.642106,49.209000
8.662009,49.209000
8.681864,49.209000
8.701879,49.209000
8.721831,49.209000
8.741844,49.209000
8.761863,49.218000
8.781840,49.218000
8.801867,49.218000
8.821770,49.218000
8.841729,49.218000
8.861746,49.218000
8.881658,49.218000
8.901716,49.218000
8.921719,49.218000
8.941566,49.218000
8.961615,49.220000
8.981663,49.220000
9.001583,49.220000
9.021632,49.220000
9.041548,49.220000
9.061505,49.220000
9.081513,49.220000
9.101537,49.220000
9.121427,49.220000
9.141467,49.220000
9.161385,49.239000
9.181420,49.239000
9.201408,49.239000
9.221394,49.239000
9.241426,49.239000
9.261382,49.239000
9.281365,49.239000
9.301363,49.239000
9.321313,49.239000
9.341313,49.239000
9.361213,49.253000
9.381270,49.253000
9.401198,49.253000
9.421145,49.253000
9.441168,49.253000
9.461215,49.253000
9.481093,49.253000
9.501271,49.253000
9.521124,49.253000
9.541128,49.253000
9.561101,49.253000
9.581315,49.271000
9.602065,49.271000
9.621020,49.271000
9.641944,49.271000
9.662028,49.271000
