0.201093,-9.658195
0.221133,-10.334811
0.241155,-10.328620
0.262148,-9.275167
0.281135,-10.514603
0.302057,-9.804320
0.321992,-9.390650
0.342098,-10.746389
0.361974,-9.982856
0.382020,-9.812230
0.402012,-10.141677
0.422013,-8.722495
0.441887,-9.380207
0.461932,-9.490279
0.481904,-8.900859
0.501906,-10.136792
0.521881,-9.874404
0.541883,-9.701451
0.562101,-10.204932
0.581724,-9.610765
0.602248,-9.447472
0.621711,-9.785419
0.641713,-9.670163
0.661678,-9.290755
0.681682,-10.108168
0.701623,-9.593234
0.721683,-9.258186
0.741575,-9.916945
0.761613,-9.710421
0.781582,-10.193104
0.801732,-10.814983
0.821488,-9.852184
0.841577,-9.960906
0.861612,-10.248450
0.881378,-8.930578
0.901461,-9.292149
0.921398,-9.637304
0.941357,-9.041906
0.961361,-9.859663
0.981700,-9.884266
1.001267,-9.696455
1.021330,-10.119915
1.041327,-9.649164
1.061274,-9.929244
1.081172,-10.774210
1.101409,-10.126776
1.121196,-9.728871
1.141150,-10.421408
1.161189,-9.970030
1.181411,-10.060127
1.201171,-10.514321
1.222101,-10.740081
1.242263,-10.009529
1.261055,-10.054071
1.281937,-10.499758
1.301946,-10.843043
1.321969,-10.491554
1.341958,-9.993711
1.362216,-9.499835
1.382051,-9.567117
1.402055,-8.838632
1.421856,-9.788693
1.441941,-11.156369
1.461918,-10.741111
1.481886,-8.527262
1.501793,-8.764777
1.521728,-10.544316
1.541758,-10.571595
1.561726,-9.778813
1.581903,-10.335217
1.601875,-10.370929
1.621871,-9.033496
1.641707,-11.142102
1.661608,-10.875404
1.681922,-10.440145
1.701690,-13.064994
1.721728,-9.646766
1.741643,-11.167987
1.761576,-12.718797
1.781690,-7.561830
1.801679,-11.895049
1.822537,-12.811563
1.841738,-6.728283
1.861626,-12.250319
1.882206,-10.461818
1.901908,-7.166165
1.921376,-12.028626
1.941409,-8.946319
1.961829,-9.770389
1.981477,-11.024240
2.001485,-6.735930
2.021298,-10.421351
2.041485,-10.077596
2.061298,-6.795940
2.081235,-10.720960
2.101330,-10.146020
2.121457,-7.485668
2.141255,-10.574860
2.161269,-9.252568
2.181619,-7.590453
2.201172,-10.250386
2.221246,-8.980898
2.242572,-8.421227
2.261365,-9.917229
2.281215,-8.522116
2.302158,-9.014283
2.321264,-9.884971
2.342311,-8.141403
2.362062,-10.379969
2.381941,-9.474545
2.401947,-7.783211
2.422016,-11.275730
2.442010,-9.108889
2.462060,-8.987860
2.481920,-12.126013
2.501859,-8.473616
2.522092,-11.996420
2.541927,-10.428949
2.561820,-10.077337
2.581832,-12.675863
2.601968,-7.862361
2.621808,-12.190704
2.642074,-10.526358
2.661739,-8.347330
2.681949,-10.414035
2.701798,-5.676815
2.721683,-10.723528
2.741849,-8.190390
2.762095,-10.540432
2.781661,-8.793352
2.801693,-9.956259
2.821691,-10.801245
2.841674,-9.876961
2.862111,-12.648482
2.881649,-7.895732
2.901706,-11.528183
2.921522,-5.666469
2.941541,-10.058702
2.961667,-7.382766
2.981401,-11.581805
3.001528,-8.750777
3.021504,-11.569596
3.041376,-7.732786
3.061435,-10.824897
3.081522,-6.916903
3.101326,-10.332543
3.121251,-8.145041
3.141375,-11.223947
3.161284,-8.649308
3.181422,-12.225763
3.201337,-7.773581
3.221330,-11.464714
3.241205,-6.851618
3.261293,-9.740294
3.281451,-7.564659
3.302202,-10.644667
3.322224,-8.953926
3.342372,-10.232807
3.362345,-9.946533
3.382207,-8.782498
3.402134,-11.841221
3.422125,-8.247483
3.442334,-12.386992
3.462108,-8.199434
3.482297,-12.628959
3.502227,-7.142365
3.522088,-11.175821
3.542231,-9.444206
3.562039,-10.421837
3.581868,-11.158473
3.601990,-8.060192
3.622125,-11.649445
3.642152,-7.853909
3.661857,-10.757545
3.682051,-10.106438
3.701851,-9.585934
3.721806,-10.628738
3.741889,-7.645160
3.761756,-11.748337
3.781847,-8.270952
3.801710,-11.202829
3.821910,-9.492357
3.841749,-7.938585
3.861941,-12.642529
3.881736,-9.599459
3.901793,-10.060534
3.921749,-12.128288
3.941704,-8.944484
3.961677,-8.136377
3.981685,-11.835303
4.001688,-8.229103
4.021501,-7.302417
4.041526,-10.532049
4.061466,-12.938024
4.081464,-9.600574
4.101598,-7.326256
4.121949,-10.893983
4.141547,-12.269758
4.161400,-10.517007
4.181544,-9.002573
4.201312,-8.612475
4.221306,-7.201954
4.241418,-9.712790
4.261281,-11.219118
4.281345,-11.414618
4.301209,-10.837797
4.321184,-10.515195
4.341387,-9.441337
4.362354,-7.234638
4.381189,-9.230274
4.402086,-7.823400
4.422219,-8.374433
4.442096,-7.338607
4.461990,-9.071198
4.482074,-8.159334
4.502012,-9.723158
4.521918,-8.592849
4.541965,-9.616081
4.562207,-8.548649
4.582491,-8.878884
4.602294,-8.049776
4.622081,-9.116743
4.642207,-7.648848
4.661809,-9.510490
4.681829,-9.109676
4.701803,-9.880384
4.722191,-10.716690
4.741810,-10.232552
4.761915,-11.543635
4.781891,-11.545106
4.801655,-11.392141
4.821743,-10.569453
4.841724,-11.857820
4.861722,-11.451327
4.881958,-12.078191
4.901786,-11.522687
4.921711,-11.858045
4.941791,-10.419512
4.961635,-7.132838
4.981632,-7.060661
5.001516,-9.346366
5.021515,-11.673744
5.041486,-10.358411
5.061621,-5.835132
5.082025,-8.902009
5.101433,-11.982773
5.121595,-9.100699
5.141548,-7.931877
5.161458,-12.933423
5.181374,-9.806707
5.201594,-8.829863
5.221369,-13.546653
5.241466,-8.731401
5.261480,-11.605507
5.281411,-9.447159
5.301319,-9.202812
5.321293,-10.536999
5.341330,-9.385216
5.361635,-11.950135
5.381350,-10.237810
5.402143,-10.481289
5.422244,-11.229796
5.442211,-7.479717
5.462078,-10.420328
5.482103,-9.190733
5.502107,-6.140637
5.522189,-10.321709
5.541988,-8.581856
5.562208,-6.878454
5.582035,-10.587500
5.601993,-10.361141
5.621969,-7.944183
5.641934,-9.620586
5.661939,-10.484162
5.682204,-9.416150
5.702252,-8.367559
5.722119,-9.380320
5.742248,-10.643052
5.761774,-11.334680
5.781786,-9.710662
5.801755,-8.646906
5.821810,-9.348567
5.841793,-10.540164
5.862293,-10.808000
5.881737,-10.643249
5.901887,-10.481101
5.921654,-9.984195
5.941626,-8.882739
5.961748,-9.064629
5.981552,-9.629513
6.001746,-10.283996
6.021535,-9.649373
6.041961,-9.822620
6.061753,-9.412172
6.081505,-9.997055
6.101426,-10.497723
6.121618,-10.373305
6.141402,-9.783987
6.161737,-10.715465
6.181529,-10.740495
6.201548,-10.084660
6.221418,-9.847116
6.241326,-10.619685
6.261334,-10.211186
6.281263,-9.644229
6.301316,-9.694737
6.321273,-9.861787
6.341241,-9.023703
6.361670,-8.924732
6.382280,-8.874966
6.402168,-8.981232
6.422366,-9.693056
6.442209,-10.441061
6.462195,-10.212843
6.482267,-9.754124
6.502264,-10.375196
6.522361,-9.483137
6.542001,-8.980566
6.562212,-10.058392
6.582305,-9.683698
6.601993,-10.156087
6.621957,-11.101680
6.641942,-10.636317
6.662138,-10.055150
6.682308,-10.552899
6.701984,-9.327246
6.721946,-8.464107
6.742102,-9.309875
6.762080,-8.959990
6.782066,-9.476744
6.802086,-10.412336
6.821846,-9.631580
6.841927,-10.040763
6.862107,-10.067436
6.881708,-9.143897
6.901657,-9.519996
6.921868,-10.254844
6.941736,-9.789017
6.961872,-10.493275
6.981683,-9.436140
7.001665,-9.078545
7.021635,-9.730138
7.041859,-9.231112
7.061579,-9.860186
7.081540,-9.977544
7.101589,-9.466682
7.121712,-9.749811
7.141495,-9.483043
7.161547,-9.805943
7.182118,-10.815476
7.202313,-10.513175
7.221592,-9.863580
7.241419,-9.954535
7.261498,-9.221467
7.281466,-9.261974
7.301402,-10.055604
7.321353,-9.365384
7.341748,-10.576846
7.361466,-9.614084
7.381270,-9.183606
7.401280,-10.017656
7.421186,-9.461149
7.441332,-10.372446
7.461273,-9.752530
7.481626,-9.242293
7.501333,-9.842968
7.521437,-9.523676
7.542203,-10.088535
7.562508,-9.854351
7.582168,-9.235204
7.602256,-9.934417
7.622031,-9.298678
7.642254,-10.373521
7.662107,-9.470529
7.682060,-8.974624
7.702010,-10.024877
7.722249,-9.174481
7.742054,-10.151572
7.762370,-9.874728
7.781962,-9.548764
7.802999,-9.841832
7.822278,-9.501979
7.841926,-10.098670
7.862298,-9.881289
7.881855,-9.369167
7.901881,-9.797906
7.921891,-9.630826
7.941804,-9.674893
7.962457,-10.022434
7.981786,-9.346836
8.001883,-9.980089
8.021795,-9.461082
8.041623,-10.073505
8.062086,-9.953920
8.081689,-9.150070
8.101797,-10.153341
8.121665,-9.241089
8.141748,-10.601240
8.161716,-9.483440
8.181506,-9.126213
8.201586,-9.959953
8.221474,-9.250704
8.241819,-10.058817
8.261488,-9.792183
8.282027,-9.353501
8.301633,-9.531703
8.321439,-9.406734
8.341441,-9.995867
8.361478,-10.375300
8.381377,-9.396778
8.401694,-9.824396
8.421351,-9.596859
8.441386,-9.753859
8.461242,-10.836245
8.481209,-9.538343
8.501338,-9.966477
8.522347,-9.683742
8.541333,-9.612141
8.561140,-10.654428
8.582216,-9.197376
8.602219,-9.840984
8.622486,-9.854212
8.642287,-9.709464
8.662230,-10.758341
8.682049,-9.328776
8.702122,-9.986370
8.722078,-9.807695
8.742083,-9.647123
8.762015,-10.980373
8.782003,-9.549686
8.802073,-9.943022
8.822264,-9.806036
8.842019,-9.554455
8.861988,-10.746767
8.881848,-9.512776
8.901841,-9.965965
8.921869,-9.839617
8.941831,-9.514961
8.961789,-10.991948
8.982152,-9.786799
9.001851,-10.042037
9.021776,-9.947668
9.042007,-9.019956
9.061965,-10.313758
9.081740,-10.156649
9.101905,-9.752353
9.121645,-10.128600
9.141646,-8.964637
9.161830,-9.623364
9.182052,-10.196122
9.201770,-9.723174
9.221515,-10.334407
9.242009,-8.959094
9.261789,-9.353301
9.281460,-10.161174
9.301595,-9.478814
9.321452,-10.379334
9.341412,-9.223457
9.361693,-9.263768
9.381406,-10.091095
9.401651,-9.376995
9.421419,-10.441128
9.441333,-8.993226
9.461361,-9.191738
9.481457,-9.825394
9.501468,-9.043667
9.521403,-10.268665
9.541258,-9.628113
9.561327,-9.322807
9.581338,-9.689383
9.602273,-9.437673
9.621316,-10.067868
9.642240,-10.053233
9.662132,-9.291786
