0.295740,0.000000
0.330181,0.000000
0.429418,0.000000
0.530875,0.000000
0.565104,0.000000
0.631067,0.000000
0.731315,0.000000
0.796135,0.000000
0.929928,0.000000
1.031260,0.000000
1.065580,0.000000
1.196294,0.000000
1.264171,0.000000
1.429204,0.000000
1.529544,0.000000
1.629920,0.000000
1.928379,0.000000
2.027556,0.000000
2.127985,0.000000
2.261214,0.000000
2.295106,0.000000
2.361871,0.000000
2.528108,0.000000
2.562397,0.000000
2.596845,0.000000
2.962774,0.000000
3.095651,0.000000
3.195862,0.000000
3.228318,0.000000
3.463257,0.000000
3.495817,0.000000
3.528182,0.000000
3.728797,0.000000
3.763242,0.000000
3.795805,0.000000
3.862529,0.000000
3.965959,0.000000
4.030660,0.000000
4.067227,0.000000
4.167511,0.000000
4.331664,0.000000
4.466349,0.000000
4.600169,0.000000
4.632640,0.000000
4.833087,0.012000
4.864503,0.012000
5.033802,0.016000
5.066048,0.021000
5.100521,0.021000
5.163300,0.021000
5.234285,0.021000
5.366158,0.021000
5.428834,0.021000
5.532260,0.021000
5.863571,0.021000
5.996490,0.021000
6.031069,0.021000
6.098207,0.021000
6.130392,0.021000
6.197224,0.021000
6.231649,0.021000
6.264066,0.021000
6.430074,0.025000
6.930826,0.025000
6.963120,0.025000
6.997749,0.025000
7.131443,0.025000
7.198188,0.025000
7.230543,0.025000
7.330882,0.025000
7.431043,0.025000
7.463393,0.029000
7.497910,0.029000
7.530253,0.029000
7.562680,0.033000
7.731035,0.033000
7.834270,0.037000
7.866702,0.033000
8.000355,0.033000
8.201590,0.033000
8.233959,0.033000
8.268350,0.033000
8.337240,0.033000
8.469085,0.033000
8.501375,0.033000
8.535922,0.033000
8.736461,0.012000
8.870159,0.012000
9.001945,0.016000
9.068696,0.016000
9.599543,0.012000
9.733216,0.016000
9.867945,0.012000
9.998513,0.008000
10.033074,0.008000
10.199147,0.012000
10.233654,0.012000
10.335013,0.012000
10.367396,0.012000
10.399846,0.012000
10.533490,0.012000
10.632837,0.012000
10.667205,0.012000
10.699609,0.012000
10.734181,0.012000
10.833310,0.012000
10.999411,0.008000
11.033963,0.008000
11.200062,0.008000
11.233409,0.008000
11.467394,0.012000
11.501876,0.012000
11.536384,0.012000
12.004399,0.012000
12.036901,0.012000
12.237644,0.008000
12.272125,0.008000
12.406780,0.012000
12.439253,0.012000
12.472580,0.012000
12.537456,0.012000
12.572016,0.012000
12.671252,0.012000
12.738253,0.012000
13.070545,0.008000
13.303420,0.008000
13.369430,0.008000
13.402760,0.008000
13.534631,0.012000
13.668373,0.008000
13.735282,0.008000
13.769565,0.008000
13.903372,0.008000
13.970428,0.012000
14.004727,0.012000
14.135494,0.012000
14.203194,0.012000
14.235768,0.012000
14.270170,0.008000
14.470781,0.008000
14.505182,0.008000
14.570148,0.008000
14.736280,0.012000
14.803107,0.012000
14.869179,0.008000
14.903428,0.008000
15.006005,0.008000
15.038304,0.008000
15.103121,0.004000
15.204369,0.004000
15.271314,0.004000
15.305829,0.004000
15.371647,0.004000
15.472825,0.004000
15.508393,0.004000
15.542721,0.004000
15.573249,0.004000
15.607616,0.004000
15.840510,0.004000
15.941390,0.004000
16.008859,0.004000
16.041316,0.004000
16.073817,0.004000
16.274607,0.004000
16.306861,0.004000
16.472840,0.004000
16.574256,0.004000
16.706085,0.004000
16.740501,0.004000
16.906682,0.004000
17.006003,0.000000
17.239145,0.000000
17.271657,0.000000
17.306092,0.000000
17.339479,0.000000
17.371990,0.008000
17.405335,0.008000
17.539258,0.008000
17.739730,0.000000
17.772146,0.000000
18.039697,0.000000
18.072229,0.000000
18.171517,0.000000
18.339741,0.000000
18.471375,0.000000
18.540440,0.000000
18.574941,0.000000
18.773362,0.000000
18.805804,0.000000
18.976175,0.004000
19.042776,0.004000
19.146211,0.004000
19.310490,0.004000
19.344794,0.004000
19.477640,0.000000
19.508992,0.000000
19.577962,0.000000
19.644675,0.000000
19.679174,0.000000
19.710515,0.000000
19.978107,0.012000
20.077421,0.000000
20.475459,0.000000
20.509975,0.000000
20.643591,0.000000
20.709633,0.000000
20.975084,0.004000
21.075312,0.004000
21.275892,0.004000
21.308333,0.004000
21.375246,0.004000
21.407706,0.004000
21.742309,0.000000
21.841188,0.000000
21.941474,0.004000
22.009442,0.004000
22.076339,0.004000
22.176544,0.004000
22.209916,0.004000
22.276899,0.004000
22.375824,0.004000
22.509542,0.004000
22.541898,0.004000
22.576592,0.004000
22.675959,0.000000
22.742643,0.000000
22.779135,0.000000
22.811571,0.000000
