0.240534,-9.101159
0.260377,-9.780847
0.280320,-10.260262
0.300349,-9.667684
0.320365,-10.292836
0.340995,-9.929080
0.360310,-9.637527
0.380231,-10.765248
0.400278,-9.637503
0.420253,-9.858222
0.440262,-9.883693
0.460154,-9.204637
0.480225,-10.683555
0.500241,-9.977989
0.520148,-9.808370
0.541234,-10.062594
0.561146,-8.983005
0.581156,-9.744384
0.601137,-10.137528
0.621028,-9.540736
0.641003,-10.539134
0.661115,-8.754309
0.680966,-9.208629
0.700984,-10.193791
0.720961,-8.987914
0.741051,-10.593846
0.760989,-9.363187
0.780883,-9.097596
0.800902,-9.918863
0.820879,-9.254778
0.840891,-9.789400
0.860780,-10.297768
0.880844,-9.400003
0.900733,-10.060824
0.920701,-9.779138
0.940796,-9.758686
0.960674,-10.992938
0.980655,-9.675961
1.000831,-10.092286
1.020535,-10.079762
1.040661,-9.078972
1.060530,-9.577762
1.080512,-10.027924
1.100465,-9.411338
1.120481,-10.408376
1.140495,-9.049439
1.160379,-9.115143
1.180535,-10.275189
1.200575,-9.004413
1.220561,-10.598201
1.240521,-9.201173
1.260359,-9.038947
1.280531,-9.975328
1.300373,-9.192564
1.320282,-9.870655
1.340288,-10.321138
1.360202,-9.568674
1.380161,-10.182384
1.400180,-9.883717
1.421153,-9.659943
1.440254,-10.944477
1.460157,-9.690384
1.481105,-9.952952
1.501170,-10.057161
1.521218,-9.105295
1.541304,-9.921198
1.561150,-10.069592
1.581057,-9.641659
1.601113,-10.327583
1.621079,-9.062758
1.641106,-9.437612
1.664640,-10.006269
1.681378,-9.097155
1.701154,-10.780016
1.720981,-9.444039
1.740938,-9.263300
1.760878,-9.704647
1.781151,-9.252718
1.801298,-9.987973
1.821055,-10.232460
1.841375,-9.467827
1.861269,-9.849003
1.881235,-9.625350
1.901056,-9.511089
1.921238,-10.601424
1.941283,-10.037001
1.960769,-9.776323
1.980805,-10.086916
2.001505,-8.973045
2.020642,-9.481979
2.041423,-9.803531
2.060616,-8.913685
2.080575,-10.396350
2.100591,-9.530047
2.120493,-9.259076
2.140733,-9.946660
2.160766,-9.564332
2.180485,-9.968764
2.200438,-10.596004
2.220423,-9.683877
2.240492,-10.377248
2.260418,-9.950258
2.280308,-9.256337
2.300505,-10.613343
2.320365,-9.901175
2.340491,-9.765140
2.360462,-10.009544
2.380304,-8.930144
2.400324,-9.499436
2.420416,-9.996617
2.440260,-9.302047
2.460640,-10.532476
2.480341,-9.424262
2.501308,-9.184278
2.520144,-9.781115
2.540535,-9.494427
2.560286,-9.949789
2.580166,-10.598688
2.601428,-9.640184
2.622209,-10.385843
2.641392,-10.046570
2.661247,-9.029325
2.681216,-9.950101
2.701202,-9.979568
2.721191,-9.432743
2.741049,-10.447466
2.761269,-9.170203
2.780960,-9.167650
2.801031,-9.908393
2.820976,-9.125305
2.841471,-9.907359
2.860955,-10.407826
2.880869,-9.829129
2.900830,-10.553054
2.920930,-10.018247
2.940820,-9.170735
2.960914,-10.232831
2.980762,-9.958865
3.000693,-9.815471
3.020787,-9.914862
3.040723,-9.020633
3.060675,-9.616818
3.080862,-10.211851
3.100706,-9.522082
3.120786,-10.607819
3.140744,-8.827995
3.160655,-9.265407
3.180630,-10.039762
3.200737,-8.784504
3.220602,-10.477343
3.240551,-9.766557
3.260620,-9.081244
3.280800,-9.871253
3.300529,-9.483727
3.320496,-9.549321
3.340606,-10.411996
3.360771,-10.021620
3.380571,-9.277268
3.400608,-10.040307
3.420739,-10.642733
3.440915,-10.262814
3.460333,-9.990151
3.480362,-10.309731
3.500528,-10.596615
3.521243,-9.666702
3.540777,-9.612036
3.561249,-9.937975
3.581127,-8.656937
3.601282,-8.796614
3.621350,-9.380861
3.641193,-9.579756
3.661284,-11.222766
3.680980,-9.836019
3.701059,-10.019506
3.721056,-7.561533
3.741161,-9.451883
3.761111,-10.873266
3.781040,-10.831462
3.801033,-8.387052
3.820875,-10.191865
3.840916,-11.941326
3.860840,-9.456941
3.880955,-11.392952
3.900938,-12.134623
3.920861,-8.827187
3.941068,-11.067488
3.960884,-11.558672
3.980914,-7.168369
4.000809,-11.784378
4.020764,-11.117319
4.040887,-7.379698
4.060709,-12.371145
4.081050,-9.537015
4.100654,-7.958000
4.120726,-11.875966
4.141186,-5.634366
4.160733,-11.030671
4.180652,-9.472287
4.200591,-7.714066
4.220595,-10.260214
4.240810,-7.293318
4.260581,-12.397001
4.280589,-8.462168
4.300513,-10.267179
4.320560,-11.087582
4.341658,-8.304728
4.360585,-13.307670
4.380468,-8.083380
4.400762,-10.910109
4.420426,-10.937149
4.440533,-7.620395
4.460833,-11.709250
4.480411,-6.724172
4.500502,-10.761197
4.520358,-9.699430
4.540468,-9.187357
4.560481,-9.839629
4.580310,-7.451927
4.601356,-12.230703
4.620359,-8.038505
4.640182,-10.839468
4.660199,-10.590465
4.681239,-8.662263
4.701091,-13.141835
4.721190,-7.195767
4.741108,-11.564785
4.761225,-9.243292
4.781054,-8.866408
4.801394,-10.882880
4.821001,-5.937533
4.841118,-11.260104
4.860974,-8.060513
4.881039,-11.297074
4.900998,-9.219708
4.920937,-8.285568
4.940928,-11.847943
4.960916,-7.967453
4.980826,-13.088502
5.000901,-8.159650
5.020924,-11.047186
5.040855,-9.797816
5.061001,-8.962410
5.080915,-11.271766
5.100837,-6.160828
5.120747,-10.954104
5.140808,-7.914935
5.161045,-11.419006
5.180837,-8.487782
5.200900,-9.035845
5.220825,-9.944104
5.240773,-8.891149
5.261050,-12.951780
5.280597,-7.736776
5.300686,-12.314963
5.321209,-6.289463
5.340583,-11.249420
5.360792,-8.510663
5.380707,-12.270492
5.400724,-8.912523
5.420875,-11.869228
5.440584,-9.124786
5.460588,-10.440373
5.480620,-9.391481
5.500396,-9.309584
5.520507,-9.726282
5.540729,-8.778091
5.560553,-8.733186
5.580907,-9.121790
5.600331,-9.977942
5.620310,-10.442993
5.640438,-10.974977
5.660404,-10.431012
5.681379,-9.747771
5.700369,-11.106254
5.720349,-8.007601
5.740325,-11.112627
5.760358,-7.518738
5.781187,-11.689332
5.800288,-6.118727
5.821329,-12.201835
5.841534,-6.493988
5.861068,-11.629384
5.881138,-8.779555
5.901540,-10.010123
5.921179,-10.624580
5.941039,-7.293221
5.961082,-12.755630
5.981287,-9.211324
6.001364,-9.891597
6.020955,-11.145333
6.041171,-7.344779
6.060940,-10.995104
6.080979,-10.374952
6.101032,-7.288907
6.121134,-10.976267
6.141035,-9.689552
6.161000,-7.564637
6.181034,-11.104216
6.200834,-11.314112
6.220998,-8.841299
6.240785,-10.156445
6.260761,-11.420529
6.280888,-8.004733
6.300720,-7.664558
6.321281,-10.872586
6.340713,-11.545765
6.360664,-8.907999
6.380905,-6.447391
6.400687,-10.270942
6.420790,-11.705585
6.440671,-9.620874
6.460718,-8.389030
6.480612,-7.483254
6.500688,-11.427616
6.520596,-13.735660
6.540599,-11.687916
6.560630,-9.881150
6.580601,-8.409779
6.600465,-6.498349
6.620565,-10.101609
6.640534,-11.504822
6.660554,-11.233558
6.680584,-11.171764
6.700411,-9.103269
6.720677,-8.559683
6.740315,-8.145843
6.760299,-9.366839
6.780391,-9.085805
6.800358,-10.489090
6.820472,-10.732740
6.840534,-11.030520
6.861582,-11.847295
6.880309,-11.373027
6.901212,-11.470347
6.921184,-10.792737
6.941301,-10.373879
6.961414,-11.012654
6.981354,-9.930207
7.001087,-10.623166
7.021279,-9.255167
7.041163,-10.606935
7.061330,-8.410768
7.080952,-9.940032
7.101008,-8.774394
7.121114,-10.266698
7.140936,-10.018641
7.160867,-11.237435
7.181287,-11.041102
7.201025,-11.275406
7.220915,-11.535052
7.240845,-11.544703
7.260807,-10.926132
7.281161,-10.359066
7.300951,-8.974736
7.320872,-9.005486
7.341102,-7.393784
7.360806,-8.088452
7.380879,-6.226601
7.400772,-9.179024
7.420829,-9.044094
7.440685,-11.471616
7.460636,-12.070362
7.480670,-10.948576
7.500662,-11.599034
7.520685,-7.742537
7.540658,-9.603598
7.560694,-6.339314
7.580818,-8.912039
7.600762,-9.272697
7.620525,-11.648257
7.640678,-10.614557
7.660578,-11.413642
7.680626,-8.347926
7.700539,-10.059205
7.720444,-7.969065
7.740761,-11.107847
7.760591,-10.453824
7.780434,-11.096714
7.800494,-11.005266
7.820688,-9.261024
7.840501,-11.268625
7.860246,-8.081968
7.881251,-9.776480
7.900259,-6.726033
7.920728,-8.998066
7.941389,-6.847557
7.960277,-9.503090
7.980253,-7.765094
8.001437,-9.693398
8.021158,-7.781807
8.041147,-8.655922
8.061071,-6.179824
8.081830,-7.671648
8.101150,-5.851882
8.121052,-6.879046
8.141219,-5.690506
8.161227,-7.894951
8.181009,-6.307180
8.200932,-7.949834
8.220963,-7.473971
8.240991,-9.510408
8.260910,-9.010461
8.280921,-10.473260
8.301075,-9.650895
8.320787,-10.770888
8.340945,-10.394887
8.361065,-11.637473
8.380908,-11.944083
8.400828,-12.726659
8.420943,-12.869164
8.440778,-12.144071
8.460792,-12.192649
8.480718,-10.054675
8.500693,-8.991367
8.520851,-7.107969
8.540708,-7.254052
8.560920,-6.578122
8.580982,-8.238137
8.600888,-9.395722
8.620623,-10.497815
8.640662,-12.248285
8.660632,-12.138496
8.680643,-12.379494
8.700519,-11.248194
8.720679,-10.673940
8.740496,-9.816671
8.760451,-7.660916
8.780459,-7.890441
8.800555,-6.146847
8.820436,-8.754550
8.840528,-8.805427
8.860391,-10.850983
8.880431,-11.975168
8.901487,-11.776819
8.920433,-11.878149
8.940617,-9.468572
8.960317,-8.011299
8.980223,-6.791505
9.001285,-7.588238
9.021253,-9.456624
9.041284,-10.767419
9.061131,-11.857639
9.081313,-10.936320
9.101168,-8.874461
9.121084,-9.307214
9.141144,-6.359056
9.161577,-8.804322
9.181013,-8.624526
9.201874,-10.534695
9.221177,-11.747076
9.241158,-12.481869
9.261319,-12.593121
9.281004,-11.095225
9.300964,-10.378321
9.321032,-7.700268
9.341033,-7.044853
9.362324,-7.218201
9.380933,-8.807771
9.401065,-11.047304
9.420815,-12.202047
9.440854,-13.170927
9.460968,-11.783684
9.480770,-9.167679
9.500932,-8.474323
9.520864,-5.764976
9.540840,-9.223454
9.560774,-10.099129
9.580887,-11.640141
9.600747,-12.655354
9.620684,-9.000557
9.640622,-8.339379
9.660702,-6.176788
9.680928,-7.023544
9.700624,-10.105872
9.720672,-12.118982
9.740793,-12.543553
9.760604,-11.560091
9.780538,-7.812149
9.800581,-8.541555
9.820683,-6.795849
9.840630,-9.715596
9.860675,-11.309998
9.880581,-12.193082
9.900408,-12.958362
9.920513,-10.172129
9.940423,-8.402131
9.960376,-6.716525
9.980404,-7.647684
10.000395,-9.714740
10.020398,-11.570060
10.040326,-12.506845
10.060529,-10.740236
10.080281,-7.893981
10.100373,-8.224010
10.121760,-7.331425
10.140330,-10.583090
10.161849,-12.393858
10.181217,-11.440077
10.201111,-10.822018
10.221228,-7.747617
10.241572,-7.641268
10.261090,-8.118212
10.281135,-9.953732
10.301042,-11.926553
10.321082,-11.272593
10.341069,-9.646326
10.361190,-8.962208
10.381361,-6.652657
10.401202,-9.157955
10.420921,-10.182878
10.441483,-12.496120
10.460890,-13.443204
10.481002,-10.846740
10.500973,-10.267183
10.521027,-7.343138
10.540934,-8.336790
10.561134,-9.070583
10.580769,-10.957753
10.600953,-12.230148
10.621028,-11.166630
10.641129,-8.021769
10.660726,-8.300117
10.680708,-8.161667
10.700898,-11.143538
10.720708,-13.397501
10.740673,-11.320017
10.761120,-8.821150
10.780756,-6.862633
10.800619,-7.888297
10.820593,-10.646853
10.840559,-11.286615
10.860728,-10.572842
10.880542,-8.669771
10.900625,-5.350526
10.920479,-8.359250
10.940825,-9.958977
10.960417,-12.036632
10.980603,-11.804621
11.000653,-8.846071
11.020509,-7.790124
11.040389,-7.764938
11.060361,-9.819460
11.080404,-11.499550
11.101349,-12.048250
11.120367,-11.168752
11.141342,-8.641510
11.161193,-5.901674
11.181252,-9.898712
11.201148,-10.980124
11.221130,-12.441441
11.241618,-12.258258
11.261115,-8.863876
11.281391,-7.983110
11.301018,-8.950974
11.321021,-10.821655
11.341431,-12.670115
11.361049,-11.761772
11.381012,-9.016099
11.400990,-8.574110
11.420956,-6.262113
11.440976,-9.735642
11.460974,-11.207031
11.480906,-11.330173
11.500854,-10.333116
11.520807,-6.443218
11.541002,-6.937796
11.560908,-9.220719
11.580801,-11.823550
11.600801,-12.543794
11.620779,-10.762273
11.641109,-7.570832
11.661285,-9.176485
11.680748,-9.715352
11.700683,-11.981148
11.720732,-11.787754
11.741099,-7.483069
11.761184,-7.499882
11.780699,-8.308524
11.800835,-10.739950
11.820750,-12.383907
11.840641,-9.254743
11.860556,-5.734035
11.880555,-8.947045
11.900513,-11.214955
11.920499,-10.896840
11.940866,-10.110192
11.960484,-7.000828
11.980569,-8.283890
12.000692,-12.131194
12.020493,-12.577785
12.040559,-10.487323
12.060370,-8.428421
12.080516,-6.952043
12.100403,-10.576329
12.120337,-13.575548
12.140492,-10.124853
12.160301,-8.011229
12.180284,-8.478012
12.200358,-11.748347
12.221310,-11.458313
12.241159,-7.852818
12.261154,-6.076351
12.281312,-10.273726
12.301181,-11.248066
12.321341,-7.607850
12.341172,-7.627493
12.361287,-9.975213
12.381447,-12.446099
12.401388,-11.068485
12.420983,-8.283235
12.441182,-7.325527
12.461033,-11.031876
12.480948,-11.931526
12.501041,-8.845154
12.520932,-8.566512
12.540907,-10.503587
12.561580,-12.838247
12.580882,-12.468590
12.600841,-8.903871
12.620843,-5.865160
12.640917,-10.096298
12.660994,-12.299777
12.680825,-8.858573
12.701036,-7.010569
12.720835,-8.048252
12.740762,-11.584019
12.760836,-11.831498
12.780656,-9.429945
12.800823,-7.029600
12.820624,-10.880193
12.840876,-12.992945
12.860691,-9.695152
12.880747,-8.007658
12.900552,-8.400888
12.920747,-11.464865
12.940572,-12.011026
12.960560,-8.374769
12.980512,-5.444743
13.000564,-10.402679
13.020463,-12.976274
13.040925,-11.177570
13.060476,-9.115820
13.080577,-7.679232
13.101140,-10.286776
13.120540,-13.463795
13.141318,-10.559174
13.160479,-6.037743
13.180299,-8.063002
13.201386,-10.900509
13.221222,-10.702403
13.241416,-8.968660
13.261257,-6.507232
13.281301,-9.960629
13.301137,-13.621408
13.321450,-11.829649
13.341073,-7.689129
13.361667,-9.403277
13.381069,-12.411533
13.401026,-11.520671
13.421163,-8.399156
13.441077,-6.839466
13.461018,-10.807611
13.481128,-11.973316
13.501401,-8.614844
13.521055,-7.102738
13.541068,-11.245767
13.560932,-11.464500
13.580896,-7.721226
13.600964,-8.408712
13.620920,-11.952455
13.640845,-10.547782
13.660840,-6.292631
13.681016,-8.848241
13.700850,-11.797357
13.720923,-9.310276
13.740965,-8.045165
13.760851,-10.096824
13.780712,-12.222007
13.800732,-8.752615
13.820694,-8.199980
13.840634,-10.593673
13.860672,-12.157360
13.880626,-9.155905
13.900622,-7.538108
13.920581,-11.072518
13.940582,-12.632742
13.960828,-8.951330
13.980609,-7.187111
14.000821,-10.837228
14.020632,-10.660781
14.040511,-6.772614
14.060535,-9.101626
14.080542,-11.977718
14.100602,-9.930218
14.120501,-7.194689
14.140450,-11.089893
14.161141,-11.211376
14.180622,-7.879472
14.200494,-9.856561
14.221369,-11.766953
14.241044,-9.751085
14.260469,-7.101975
14.280789,-10.683439
14.300405,-10.419043
14.321250,-7.379332
14.341503,-10.645477
14.361210,-12.409218
14.381655,-9.725035
14.401171,-8.983059
14.421115,-11.978119
14.441114,-10.132949
14.461108,-7.645607
14.481080,-11.220982
14.501327,-9.625931
14.521018,-8.183834
14.541006,-11.253197
14.561087,-10.660624
14.580947,-8.173943
14.600974,-10.850176
14.620950,-10.992538
14.641057,-6.760414
14.661310,-10.217511
14.680972,-8.783889
14.701186,-7.734880
14.721012,-11.490500
14.740819,-6.761033
14.760890,-11.155078
14.780892,-10.487050
14.800807,-8.163351
14.820809,-12.593400
14.840904,-6.553091
14.861192,-10.531533
14.880722,-8.894878
14.900710,-8.046723
14.920718,-12.071543
14.940714,-6.180720
14.960853,-12.455883
14.980738,-6.572825
15.000727,-12.992454
15.020777,-8.841747
15.041024,-12.645138
15.060616,-8.755857
15.080665,-10.549964
15.100572,-9.044941
15.120706,-7.911141
15.140957,-11.289376
15.160484,-6.659804
15.180487,-12.318051
15.200751,-5.214890
15.220486,-11.593802
15.240499,-7.524384
15.260652,-10.048798
15.280473,-11.563627
15.300560,-8.306299
15.320388,-12.775240
15.340477,-6.942712
15.361474,-13.710751
15.380513,-7.589628
15.400558,-13.210349
15.420397,-7.239996
15.440535,-11.954242
15.461275,-6.311975
15.480273,-10.268781
15.501699,-6.948115
15.521217,-11.961724
15.542078,-7.918916
15.561260,-11.323232
15.581168,-8.733245
15.601243,-10.057075
15.621130,-10.047887
15.641282,-9.144196
15.661607,-11.630028
15.681098,-7.144637
15.701125,-11.391998
15.721034,-7.834307
15.741149,-13.000423
15.761381,-9.107965
15.780956,-12.327625
15.801075,-7.985867
15.820978,-11.201769
15.841364,-8.001029
15.860928,-9.680943
15.881035,-9.710257
15.900885,-8.025650
15.921005,-10.110367
15.941364,-7.867970
15.960984,-12.516737
15.981010,-9.234461
16.000904,-13.393637
16.021088,-8.611805
16.040785,-11.091796
16.060707,-10.260179
16.080767,-7.976641
16.100682,-11.563324
16.120650,-6.067589
16.140641,-10.075993
16.161191,-8.413886
16.180569,-7.956851
16.200577,-10.163837
16.220612,-7.701937
16.241055,-12.406883
16.260727,-9.544773
16.280755,-10.848795
16.300605,-11.580317
16.320567,-8.304619
16.340638,-12.988264
16.360602,-7.718699
16.380625,-10.919798
16.400471,-9.560068
16.420475,-8.659166
16.440510,-11.423482
16.460474,-6.340618
16.481452,-10.808731
16.500369,-8.800400
16.520455,-8.437682
16.540504,-10.031988
16.561109,-6.338357
16.581294,-12.414493
16.601284,-9.129818
16.621923,-10.475564
16.641566,-11.790726
16.661310,-8.682042
16.681321,-12.799105
16.701732,-8.183854
16.721207,-10.784978
16.741173,-10.734317
16.761488,-7.820325
16.781244,-11.562647
16.801542,-6.237961
16.821322,-10.627563
16.841127,-8.717884
16.861283,-9.387742
16.881725,-10.852807
16.901046,-8.077914
16.921035,-12.982058
16.941139,-9.555232
16.960951,-10.887987
16.980896,-11.121497
17.000905,-8.515466
17.020924,-12.568585
17.040777,-7.652000
17.060945,-10.042651
17.081043,-10.385780
17.100790,-7.304373
17.120652,-10.847619
17.140687,-6.361320
17.160772,-9.661674
17.180808,-9.950126
17.200773,-6.845041
17.220650,-10.865779
17.240592,-8.257000
17.260611,-10.964575
17.280581,-11.085287
17.300545,-7.697941
17.320699,-13.203941
17.340943,-9.133379
17.360519,-10.359604
17.380576,-11.166659
17.400554,-8.328510
17.420651,-11.378422
17.440973,-8.233455
17.460408,-9.006108
17.480424,-10.959002
17.500523,-7.308441
17.520584,-12.141703
17.540481,-8.896815
17.561470,-10.143258
17.580389,-12.543183
17.601389,-7.302436
17.621279,-12.035695
17.641249,-9.798326
17.661477,-9.198999
17.681305,-10.621305
17.701092,-7.089441
17.721086,-10.988651
17.741480,-8.465004
17.761283,-8.239492
17.781183,-11.125238
17.801016,-7.270596
17.821003,-11.723402
17.841486,-9.172113
17.860949,-9.966002
17.880910,-12.254551
17.901265,-6.944610
17.920997,-11.524704
17.940985,-9.581035
17.961023,-8.600834
17.980871,-11.721310
18.000960,-6.528279
18.020866,-11.822279
18.040794,-8.878592
18.061063,-10.186829
18.081590,-10.152540
18.100808,-8.217340
18.121134,-12.017056
18.140872,-8.527164
18.160988,-12.911245
18.180759,-8.300901
18.200830,-10.908522
18.220814,-9.196269
18.240756,-8.385151
18.260685,-10.558216
18.280669,-6.086958
18.300636,-10.332255
18.320632,-6.978502
18.340576,-11.952229
18.360819,-9.112080
18.380599,-10.762005
18.400573,-11.654375
18.420636,-9.455891
18.440619,-13.658455
18.460487,-7.870976
18.480545,-12.350039
18.500508,-7.198547
18.520564,-10.818592
18.540518,-8.986038
18.560833,-9.457983
18.580543,-9.745525
18.601349,-8.044077
18.620413,-11.790400
18.640373,-7.760655
18.660302,-13.023088
18.681311,-7.391148
18.701424,-11.026404
18.721217,-8.804812
18.741273,-8.752563
18.761423,-10.952700
18.781227,-5.620902
18.801237,-10.838872
18.821349,-8.297460
18.841048,-10.139947
18.861080,-10.026013
18.881018,-7.913965
18.901103,-11.900290
18.921018,-8.932510
18.940944,-11.204229
18.961376,-10.643720
18.980947,-9.167705
19.000916,-12.946984
19.021357,-8.251756
19.041233,-12.251401
19.060889,-9.321142
19.080871,-9.594730
19.100864,-10.447512
19.120903,-6.529834
19.140993,-9.516685
19.160833,-6.212056
19.180755,-11.468754
19.200693,-7.302752
19.220789,-10.077496
19.240898,-9.737910
19.260668,-8.876716
19.280612,-12.160974
19.300689,-7.705796
19.320665,-12.787609
19.340610,-8.729517
19.360785,-10.816782
19.381223,-11.131665
19.400635,-8.175866
19.420638,-10.922090
19.440537,-6.907940
19.460695,-12.438956
19.480569,-8.199780
19.500649,-10.511811
19.520757,-8.767254
19.540462,-9.411099
19.560403,-10.788974
19.581349,-9.350659
19.600322,-12.235120
19.620426,-6.519238
19.640524,-11.556418
19.661401,-8.130511
19.681341,-11.767494
19.701203,-9.208604
19.721227,-10.454335
19.741168,-10.327346
19.761225,-8.586774
19.781197,-12.064925
19.801083,-7.295592
19.821520,-11.909544
19.841431,-6.454354
19.861265,-10.677880
19.880985,-10.038337
19.901409,-8.630393
19.921021,-10.567056
19.941007,-7.176973
19.961415,-12.709052
19.981061,-8.355736
20.001321,-11.632159
20.020970,-9.505621
20.040847,-9.452039
20.060936,-10.761967
20.080880,-8.087099
20.100935,-11.792578
20.120842,-6.820755
20.140930,-11.530373
20.161037,-7.739700
20.180876,-13.467987
20.200882,-8.866714
20.220744,-11.943619
20.240774,-9.934188
20.260741,-9.956332
20.280715,-11.295871
20.300663,-8.178283
20.320840,-11.810819
20.340670,-6.309891
20.360929,-9.899087
20.380642,-9.157879
20.400636,-9.459704
20.420877,-10.247766
20.442114,-7.735164
20.460914,-12.241580
20.480608,-8.139051
20.500526,-12.121186
20.520575,-9.525602
20.540644,-9.907712
20.560418,-11.603841
20.580623,-7.031878
20.600514,-11.092669
20.620626,-7.273744
20.640529,-8.912522
20.661357,-9.929235
20.680393,-6.427972
20.701508,-10.827062
20.721351,-7.844275
20.741512,-12.822427
20.761175,-8.791281
20.781407,-9.432233
20.801271,-10.613923
20.821238,-8.764306
20.841389,-12.711378
20.861190,-7.435731
20.881387,-12.077576
20.901219,-7.983932
20.921473,-10.086797
20.941319,-10.734248
20.961076,-8.440817
20.981029,-11.281608
21.001045,-7.713101
21.021194,-13.233665
21.041565,-8.296708
21.061003,-11.863107
21.080940,-9.196882
21.100951,-10.035325
21.120949,-11.328764
21.141129,-8.633194
21.161231,-11.781342
21.180913,-6.172428
21.200958,-10.799606
21.220977,-7.108019
21.241002,-10.921365
21.261007,-9.043490
21.280761,-8.003278
21.300840,-12.263032
21.320840,-8.196740
21.340867,-13.623653
21.361400,-9.043545
21.380700,-11.624588
21.400695,-10.562161
21.420821,-9.138412
21.440842,-11.579620
21.460668,-6.093395
21.480680,-10.531676
21.500595,-7.108910
21.520685,-10.538463
21.540720,-8.926837
21.560626,-7.537611
21.580670,-11.502845
21.600762,-8.056233
21.620677,-12.963752
21.640539,-7.870250
21.660485,-11.541588
21.680817,-10.079167
21.700542,-9.499060
21.720463,-12.126574
21.740429,-7.429571
21.760410,-11.264486
21.780479,-7.292933
21.800502,-11.658639
21.820369,-9.313508
21.841391,-8.380924
21.860335,-11.712241
21.880969,-7.617113
21.900360,-12.644957
21.920322,-7.824391
21.941363,-10.110872
21.961272,-11.414629
21.981218,-7.431454
22.001441,-12.610443
22.021268,-6.818347
22.041297,-10.946124
22.061204,-9.652066
22.081175,-8.665184
22.101082,-10.254487
22.121162,-7.556481
22.141090,-12.688993
22.161346,-8.737908
22.181026,-12.708097
22.201400,-8.764014
22.221002,-10.543158
22.241163,-10.157593
22.261216,-8.246097
22.280955,-11.442353
22.301054,-6.536529
22.321155,-10.437107
22.340879,-9.082864
22.360826,-8.783666
22.380892,-10.776157
22.400770,-7.768407
22.420764,-12.115586
22.440887,-9.451321
22.460817,-9.772815
22.480909,-11.256423
22.500805,-8.695189
22.520855,-12.784447
22.540763,-7.701395
22.560672,-10.882159
22.580733,-8.063565
22.600643,-9.197655
22.620672,-10.425752
22.640766,-6.576256
22.660622,-10.221438
22.680613,-7.240686
22.700509,-12.419465
22.720520,-8.762311
22.740519,-10.410672
22.760683,-11.203529
22.780501,-8.888805
22.800447,-13.499374
22.820629,-7.635199
22.840535,-12.071576
22.860503,-7.378688
22.880482,-10.695553
22.900419,-9.574797
22.921355,-7.506681
