0.221843,0.000000
0.259417,0.000000
0.295905,0.000000
0.323257,0.000000
0.356653,0.000000
0.389177,0.000000
0.421520,0.000000
0.458097,0.000000
0.493609,0.000000
0.522935,0.000000
0.563414,0.000000
0.598914,0.000000
0.624171,0.000000
0.658651,0.000000
0.691017,0.000000
0.723653,0.000000
0.761949,0.000000
0.795480,0.000000
0.822925,0.000000
0.857374,0.000000
0.889752,0.000000
0.922116,0.000000
0.958796,0.000000
1.001261,0.000000
1.025512,0.000000
1.070686,0.000000
1.104584,0.000000
1.130875,0.000000
1.165334,0.000000
1.195845,0.000000
1.228064,0.000000
1.268538,0.000000
1.298091,0.000000
1.339585,0.000000
1.366829,0.000000
1.401348,0.000000
1.430582,0.000000
1.461057,0.000000
1.497703,0.000000
1.534061,0.000000
1.570391,0.000000
1.598864,0.000000
1.663695,0.000000
1.702100,0.000000
1.736526,0.000000
1.767007,0.000000
1.805391,0.000000
1.837897,0.000000
1.867324,0.000000
1.896729,0.000000
1.931037,0.000000
1.967538,0.000000
2.001970,0.000000
2.034534,0.000000
2.068972,0.000000
2.098435,0.000000
2.164019,0.000000
2.200612,0.000000
2.233201,0.000000
2.263463,0.000000
2.298979,0.070000
2.366778,0.070000
2.401100,0.160000
2.431507,0.160000
2.464000,0.160000
2.498542,0.230000
2.534971,0.230000
2.564407,0.230000
2.603952,0.340000
2.640390,0.340000
2.664715,0.340000
2.699195,0.420000
2.731433,0.420000
2.761898,0.420000
2.798685,0.500000
2.831897,0.500000
2.866411,0.500000
2.895792,0.610000
2.928138,0.610000
2.960501,0.610000
2.994986,0.710000
3.030174,0.710000
3.061482,0.710000
3.096516,0.760000
3.126619,0.760000
3.157121,0.760000
3.196049,0.920000
3.230061,0.920000
3.264528,0.920000
3.297041,0.960000
3.332479,0.960000
3.358304,0.960000
3.394361,1.070000
3.428750,1.070000
3.458142,1.070000
3.497730,1.160000
3.529994,1.160000
3.563547,1.160000
3.603055,1.220000
3.630336,1.220000
3.657800,1.220000
3.694405,1.330000
3.728737,1.330000
3.765149,1.330000
3.801886,1.400000
3.830035,1.400000
3.858588,1.400000
3.892849,1.470000
3.927338,1.470000
3.957804,1.470000
3.998295,1.530000
4.034628,1.530000
4.059050,1.530000
4.103648,1.570000
4.127971,1.570000
4.158401,1.570000
4.195172,1.610000
4.229283,1.610000
4.260646,1.610000
4.298189,1.670000
4.328631,1.670000
4.362111,1.670000
4.393521,1.720000
4.425826,1.720000
4.458333,1.720000
4.494809,1.770000
4.527250,1.770000
4.563892,1.770000
4.596101,1.810000
4.626380,1.810000
4.658932,1.810000
4.697570,1.870000
4.729771,1.870000
4.767262,1.870000
4.804770,1.930000
4.841205,1.930000
4.871636,1.930000
4.896012,1.980000
4.932330,1.980000
4.969086,1.980000
5.005569,2.040000
5.035717,2.040000
5.074165,2.040000
5.106518,2.060000
5.137181,2.060000
5.198335,2.120000
5.234253,2.120000
5.273247,2.120000
5.307386,2.190000
5.341843,2.190000
5.375271,2.190000
5.396543,2.230000
5.433111,2.230000
5.467357,2.230000
5.501994,2.260000
5.539469,2.260000
5.570790,2.260000
5.607329,2.320000
5.641901,2.320000
5.666077,2.320000
5.698546,2.380000
5.732933,2.380000
5.775496,2.380000
5.802919,2.470000
5.840377,2.470000
5.874933,2.470000
5.901167,2.510000
5.935686,2.510000
5.969978,2.510000
5.998426,2.560000
6.036993,2.560000
6.075403,2.560000
6.101902,2.660000
6.141276,2.660000
6.168659,2.660000
6.199305,2.740000
6.235584,2.740000
6.269964,2.740000
6.302382,2.780000
6.342932,2.780000
6.372310,2.780000
6.400699,2.860000
6.434213,2.860000
6.466522,2.860000
6.497091,2.950000
6.535732,2.950000
6.571916,2.950000
6.596414,2.980000
6.640963,2.980000
6.665174,2.980000
6.695635,3.060000
6.732111,3.060000
6.766500,3.060000
6.803095,3.130000
6.839702,3.130000
6.873934,3.130000
6.894506,3.210000
6.928711,3.210000
6.963081,3.210000
6.993553,3.320000
7.036171,3.320000
7.070469,3.320000
7.093944,3.350000
7.131268,3.350000
7.161708,3.350000
7.194327,3.400000
7.228614,3.400000
7.264111,3.400000
7.299663,3.520000
7.339995,3.520000
7.374435,3.520000
7.392768,3.580000
7.429310,3.580000
7.461594,3.580000
7.494138,3.640000
7.527650,3.640000
7.569138,3.640000
7.603545,3.730000
7.627985,3.730000
7.664303,3.730000
7.692617,3.780000
7.729195,3.780000
7.765591,3.780000
7.798096,3.850000
7.838680,3.850000
7.870981,3.850000
7.893466,3.940000
7.927755,3.940000
7.962146,3.940000
7.995632,3.980000
8.031059,3.980000
8.063662,3.980000
8.104086,4.040000
8.128451,4.040000
8.164830,4.040000
8.195360,4.120000
8.229657,4.120000
8.267256,4.120000
8.297739,4.140000
8.334277,4.140000
8.368511,4.140000
8.397951,4.220000
8.428371,4.220000
8.462725,4.220000
8.497280,4.300000
8.530624,4.300000
8.570218,4.300000
8.608608,4.380000
8.636121,4.380000
8.667480,4.380000
8.699984,4.400000
8.734281,4.400000
8.774831,4.400000
8.805102,4.480000
8.839785,4.480000
8.878099,4.480000
8.934839,4.580000
8.971197,4.580000
9.001777,4.580000
9.036155,4.580000
9.076813,4.580000
9.111052,4.670000
9.142500,4.670000
9.171745,4.670000
9.204224,4.760000
9.236814,4.760000
9.273149,4.760000
9.307631,4.800000
9.340038,4.800000
9.408958,4.830000
9.435233,4.830000
9.469683,4.830000
9.502073,4.910000
9.538524,4.910000
9.575032,4.910000
9.609344,4.970000
9.635721,4.970000
9.671085,4.970000
9.702590,4.980000
9.735043,4.980000
9.773460,4.980000
9.807855,5.080000
9.836319,5.080000
9.874787,5.080000
9.909277,5.130000
9.935588,5.130000
9.970047,5.130000
10.004559,5.190000
10.035096,5.190000
10.073466,5.190000
10.105771,5.210000
10.144398,5.210000
10.168743,5.210000
10.203106,5.270000
10.233490,5.270000
10.272025,5.270000
10.302383,5.360000
10.338844,5.360000
10.377442,5.360000
10.408796,5.400000
10.434038,5.400000
10.468525,5.400000
10.500778,5.450000
10.535240,5.450000
10.571710,5.450000
10.606236,5.500000
10.633580,5.500000
10.664896,5.500000
10.699395,5.600000
10.729746,5.600000
10.764166,5.600000
10.802662,5.570000
10.835245,5.570000
10.873655,5.570000
10.899932,5.650000
10.930423,5.650000
10.964870,5.650000
10.997264,5.730000
11.028791,5.730000
11.064369,5.730000
11.102632,5.770000
11.128935,5.770000
11.163427,5.770000
11.197941,5.780000
11.228261,5.780000
11.266625,5.780000
11.303201,5.890000
11.332489,5.890000
11.374199,5.890000
11.400342,5.900000
11.432749,5.900000
11.465180,5.900000
11.501631,5.910000
11.534144,5.910000
11.568506,5.910000
11.600903,6.040000
11.634314,6.040000
11.663859,6.040000
11.698419,6.040000
11.730656,6.040000
11.765014,6.040000
11.799458,6.080000
11.838016,6.080000
11.863320,6.080000
11.900735,6.220000
11.933200,6.220000
11.963619,6.220000
12.002067,6.200000
12.038664,6.200000
12.064931,6.200000
12.103494,6.200000
12.135926,6.200000
12.162219,6.200000
12.198838,6.230000
12.235255,6.230000
12.265605,6.230000
12.300226,6.050000
12.342983,6.050000
12.376374,6.050000
12.400403,5.690000
12.439979,5.690000
12.468293,5.690000
12.506822,5.230000
12.539317,5.230000
12.571748,5.230000
12.612292,4.700000
12.679299,4.700000
12.705541,4.450000
12.738071,4.450000
12.770378,4.450000
12.808903,3.830000
12.843444,3.830000
12.880830,3.830000
12.913430,3.200000
12.942647,3.200000
12.971139,3.200000
13.007435,2.730000
13.041927,2.730000
13.076483,2.730000
13.112863,2.230000
13.147273,2.230000
13.179742,2.230000
13.207117,1.870000
13.241313,1.870000
13.273067,1.870000
13.307375,1.530000
13.342842,1.530000
13.375284,1.530000
13.412693,1.230000
13.443177,1.230000
13.469372,1.230000
13.507941,0.960000
13.542474,0.960000
13.572832,0.960000
13.611277,0.410000
13.645667,0.410000
13.674116,0.410000
13.708530,0.260000
13.738980,0.260000
13.771370,0.260000
13.805799,0.250000
13.842309,0.250000
13.874683,0.250000
13.909151,0.270000
13.943622,0.270000
13.969882,0.270000
14.006454,0.200000
14.044813,0.200000
14.075293,0.200000
