0.361050,0.300000
0.393628,0.300000
0.430054,0.300000
0.463506,0.300000
0.493796,0.300000
0.627652,0.300000
0.660935,0.300000
0.761295,0.300000
0.793733,0.300000
0.828243,0.300000
0.860636,0.300000
0.928519,0.300000
0.962022,0.300000
1.061278,0.300000
1.093831,0.300000
1.226495,0.300000
1.326911,0.300000
1.625708,0.300000
1.758362,0.300000
1.790785,0.300000
1.858721,0.300000
1.924741,0.300000
1.991457,0.300000
2.026013,0.300000
2.058290,0.300000
2.258936,0.300000
2.291450,0.300000
2.358355,0.300000
2.460592,0.300000
2.492032,0.300000
2.558891,0.300000
2.591423,0.300000
2.692705,0.300000
2.791930,0.300000
2.825396,0.300000
2.858795,0.300000
2.960162,0.300000
2.992833,0.300000
3.026282,0.300000
3.059508,0.300000
3.292581,0.300000
3.324969,0.300000
3.493270,0.300000
3.562154,0.300000
3.594557,0.300000
3.661296,0.300000
3.762757,0.300000
3.795097,0.300000
3.861892,0.300000
3.996595,0.300000
4.064452,0.300000
4.128265,0.300000
4.196329,0.300000
4.295466,0.300000
4.362415,0.300000
4.564947,0.300000
4.763576,0.300000
4.795976,0.300000
4.828379,0.300000
5.063519,0.300000
5.096000,0.300000
5.294617,0.300000
5.361432,0.300000
5.459590,0.300000
5.561862,0.300000
5.594389,0.300000
5.693622,0.300000
5.827515,0.300000
5.859822,0.300000
5.927672,0.300000
6.028013,0.300000
6.095029,0.300000
6.194269,0.300000
6.295461,0.300000
6.394748,0.300000
6.528391,0.300000
6.595488,0.300000
6.629737,0.300000
6.694751,0.300000
6.759424,0.300000
6.828309,0.300000
6.860838,0.300000
7.028951,0.300000
7.096074,0.300000
7.195192,0.300000
7.462551,0.300000
7.496975,0.300000
7.563684,0.300000
7.598265,0.300000
7.632597,0.300000
7.666160,0.300000
7.701478,0.300000
7.731990,0.300000
7.798936,0.300000
7.863632,0.300000
7.898350,0.300000
7.964899,0.300000
7.999245,0.300000
8.064106,0.300000
8.201860,0.300000
8.331652,0.300000
8.498728,0.300000
8.599064,0.300000
8.664994,0.300000
8.732860,0.300000
8.765204,0.300000
8.864596,0.300000
9.030782,0.300000
9.232413,0.300000
9.734120,0.300000
9.932626,0.300000
10.031878,0.300000
10.098783,0.300000
10.133260,0.300000
10.198274,0.300000
10.266962,0.300000
10.366240,0.300000
10.466621,0.300000
10.834278,0.300000
10.969048,0.300000
11.136319,0.300000
11.202161,0.300000
11.237850,0.300000
11.275192,0.300000
11.369295,0.300000
11.536546,0.300000
11.602469,0.300000
11.636874,0.300000
11.669259,0.300000
11.701806,0.300000
11.772676,0.300000
11.902292,0.300000
11.936819,0.300000
11.971105,0.300000
12.002663,0.300000
12.103017,0.300000
12.137319,0.300000
12.237828,0.300000
12.402887,0.300000
12.568985,0.300000
12.635898,0.300000
12.668327,0.300000
12.731069,0.300000
12.901391,0.300000
13.067407,0.300000
13.101825,0.300000
13.201075,0.300000
13.302435,0.300000
13.369179,0.300000
13.434082,0.300000
13.602229,0.300000
13.634636,0.300000
13.835185,0.300000
13.903101,0.300000
14.102719,0.300000
14.135097,0.300000
14.169519,0.300000
14.202100,0.300000
14.370186,0.300000
14.435236,0.300000
14.502096,0.300000
14.605506,0.300000
14.637885,0.300000
14.704760,0.300000
14.737169,0.300000
14.874899,0.300000
14.907190,0.300000
15.006787,0.300000
15.038930,0.300000
15.105990,0.300000
15.138479,0.300000
15.172818,0.300000
15.338785,0.300000
15.375427,0.300000
15.407805,0.300000
15.538357,0.300000
15.673213,0.300000
15.739013,0.300000
15.839264,0.300000
15.873905,0.300000
