0.248045,-96.482218
0.268062,-96.482218
0.288047,-96.482218
0.308139,-96.482218
0.328367,-96.482219
0.348045,-96.482218
0.368175,-96.482218
0.388133,-96.482218
0.407996,-96.482218
0.428189,-96.482218
0.447963,-96.482218
0.467963,-96.482218
0.487935,-96.482218
0.508029,-96.482218
0.527925,-96.482219
0.548152,-96.482219
0.567874,-96.482219
0.587918,-96.482219
0.608154,-96.482219
0.627946,-96.482219
0.647831,-96.482219
0.667835,-96.482219
0.687823,-96.482219
0.707762,-96.482219
0.727738,-96.482219
0.747821,-96.482219
0.767746,-96.482219
0.787733,-96.482219
0.807745,-96.482219
0.827737,-96.482219
0.847744,-96.482219
0.867850,-96.482219
0.887679,-96.482219
0.907742,-96.482219
0.927767,-96.482219
0.947600,-96.482219
0.968643,-96.482219
0.987599,-96.482219
1.007578,-96.482219
1.027759,-96.482219
1.048577,-96.482219
1.068614,-96.482219
1.087502,-96.482219
1.108662,-96.482219
1.128662,-96.482219
1.148519,-96.482219
1.168479,-96.482219
1.188501,-96.482219
1.208478,-96.482219
1.228440,-96.482219
1.248360,-96.482219
1.268448,-96.482219
1.288369,-96.482219
1.308379,-96.482219
1.328382,-96.482219
1.348392,-96.482219
1.368492,-96.482219
1.388442,-96.482219
1.408367,-96.482219
1.428364,-96.482219
1.448472,-96.482219
1.468324,-96.482219
1.488295,-96.482219
1.508238,-96.482219
1.528264,-96.482219
1.548250,-96.482219
1.568220,-96.482219
1.588298,-96.482219
1.608351,-96.482219
1.628153,-96.482219
1.648178,-96.482219
1.668206,-96.482219
1.688452,-96.482219
1.708402,-96.482219
1.728128,-96.482219
1.748070,-96.482219
1.768084,-96.482219
1.788000,-96.482219
1.808020,-96.482219
1.828080,-96.482219
1.848021,-96.482219
1.868247,-96.482219
1.888068,-96.482219
1.908077,-96.482219
1.927991,-96.482219
1.948156,-96.482219
1.968005,-96.482219
1.987930,-96.482219
2.008065,-96.482219
2.028170,-96.482219
2.047997,-96.482219
2.067989,-96.482219
2.087874,-96.482219
2.107936,-96.482219
2.127900,-96.482219
2.147866,-96.482219
2.167882,-96.482219
2.187803,-96.482219
2.207857,-96.482219
2.227784,-96.482219
2.247846,-96.482219
2.267825,-96.482219
2.287766,-96.482219
2.307740,-96.482219
2.327760,-96.482219
2.347845,-96.482219
2.367814,-96.482219
2.387709,-96.482219
2.407756,-96.482219
2.427611,-96.482219
2.448631,-96.482220
2.467624,-96.482220
2.487662,-96.482220
2.507553,-96.482220
2.528621,-96.482220
2.548598,-96.482221
2.568546,-96.482221
2.588582,-96.482221
2.608836,-96.482221
2.628805,-96.482222
2.648595,-96.482222
2.668834,-96.482222
2.688398,-96.482223
2.708502,-96.482223
2.728462,-96.482224
2.748497,-96.482224
2.768404,-96.482225
2.788398,-96.482225
2.808389,-96.482226
2.828358,-96.482226
2.848322,-96.482227
2.868456,-96.482227
2.888395,-96.482228
2.908355,-96.482228
2.928439,-96.482229
2.948286,-96.482230
2.968251,-96.482230
2.988411,-96.482231
3.008231,-96.482232
3.028293,-96.482232
3.048183,-96.482233
3.068110,-96.482234
3.088132,-96.482234
3.108225,-96.482235
3.128188,-96.482236
3.148125,-96.482237
3.168140,-96.482237
3.188097,-96.482238
3.208108,-96.482239
3.228131,-96.482240
3.248106,-96.482241
3.268181,-96.482242
3.288056,-96.482242
3.308870,-96.482243
3.328638,-96.482244
3.348870,-96.482245
3.368643,-96.482246
3.388260,-96.482247
3.408727,-96.482248
3.427959,-96.482249
3.447926,-96.482250
3.467949,-96.482251
3.488007,-96.482252
3.507914,-96.482253
3.527844,-96.482254
3.547880,-96.482256
3.567883,-96.482257
3.587802,-96.482258
3.607879,-96.482259
3.628016,-96.482260
3.647833,-96.482261
3.667773,-96.482263
3.687787,-96.482264
3.707996,-96.482265
3.727737,-96.482266
3.747668,-96.482268
3.767724,-96.482269
3.787817,-96.482270
3.807676,-96.482271
3.827667,-96.482273
3.847656,-96.482274
3.867753,-96.482276
3.887691,-96.482277
3.907993,-96.482278
3.928683,-96.482280
3.947666,-96.482281
3.968601,-96.482283
3.987554,-96.482284
4.008818,-96.482286
4.028579,-96.482287
4.048536,-96.482289
4.068502,-96.482290
4.088487,-96.482292
4.108646,-96.482293
4.128544,-96.482295
4.148498,-96.482296
4.168457,-96.482298
4.188493,-96.482299
4.208714,-96.482301
4.228419,-96.482303
4.248454,-96.482304
4.268510,-96.482306
4.288402,-96.482307
4.308331,-96.482309
4.328378,-96.482311
4.348423,-96.482312
4.368552,-96.482314
4.388225,-96.482316
4.408437,-96.482317
4.428346,-96.482319
4.448354,-96.482321
4.468210,-96.482322
4.488178,-96.482324
4.508311,-96.482326
4.528480,-96.482327
4.548192,-96.482329
4.568228,-96.482331
4.588343,-96.482333
4.608292,-96.482335
4.628134,-96.482336
4.648133,-96.482338
4.668112,-96.482340
4.688077,-96.482342
4.708067,-96.482344
4.728112,-96.482346
4.748019,-96.482347
4.768041,-96.482349
4.788031,-96.482351
4.808207,-96.482353
4.827917,-96.482355
4.847939,-96.482357
4.868438,-96.482359
4.887959,-96.482361
4.908324,-96.482363
4.927883,-96.482364
4.947902,-96.482366
4.967810,-96.482368
4.987816,-96.482370
5.007835,-96.482372
5.028111,-96.482374
5.047739,-96.482376
5.067819,-96.482378
5.087757,-96.482380
5.107939,-96.482382
5.127908,-96.482384
5.147741,-96.482386
5.167782,-96.482388
5.187698,-96.482390
5.207669,-96.482392
5.227787,-96.482394
5.247764,-96.482396
5.267975,-96.482398
5.287662,-96.482400
5.308724,-96.482402
5.327652,-96.482404
5.347878,-96.482406
5.368766,-96.482408
5.388646,-96.482410
5.408933,-96.482412
5.429222,-96.482414
5.448587,-96.482416
5.468514,-96.482419
5.488733,-96.482421
5.508493,-96.482423
5.528486,-96.482425
5.548573,-96.482427
5.568499,-96.482429
5.588512,-96.482431
5.608418,-96.482433
5.628519,-96.482436
5.648395,-96.482438
5.668400,-96.482440
5.688345,-96.482442
5.708358,-96.482444
5.730103,-96.482446
5.748246,-96.482448
5.768295,-96.482450
5.788306,-96.482452
5.808218,-96.482454
5.828235,-96.482456
5.848351,-96.482458
5.868435,-96.482461
5.888162,-96.482463
5.908176,-96.482465
5.928358,-96.482467
5.948108,-96.482470
5.968141,-96.482472
5.988206,-96.482474
6.008067,-96.482476
6.028263,-96.482478
6.048155,-96.482481
6.068085,-96.482483
6.088058,-96.482485
6.108328,-96.482487
6.128253,-96.482490
6.148295,-96.482492
6.168013,-96.482494
6.188039,-96.482496
6.207958,-96.482498
6.227963,-96.482501
6.247946,-96.482503
6.268169,-96.482505
6.287920,-96.482507
6.307903,-96.482509
6.327910,-96.482512
6.347909,-96.482514
6.367982,-96.482516
6.387810,-96.482518
6.407852,-96.482521
6.427763,-96.482523
6.447747,-96.482525
6.468312,-96.482527
6.487743,-96.482529
6.507797,-96.482531
6.528076,-96.482534
6.547778,-96.482536
6.567711,-96.482538
6.587679,-96.482540
6.608217,-96.482542
6.627992,-96.482545
6.647731,-96.482547
6.668736,-96.482549
6.687740,-96.482551
6.707633,-96.482554
6.727638,-96.482556
6.748593,-96.482558
6.768787,-96.482560
6.788565,-96.482562
6.808551,-96.482565
6.828592,-96.482567
6.848560,-96.482569
6.868738,-96.482571
6.888479,-96.482573
6.908473,-96.482576
6.928582,-96.482578
6.948517,-96.482580
6.968491,-96.482583
6.988529,-96.482585
7.008452,-96.482587
7.028455,-96.482589
7.048380,-96.482591
7.068405,-96.482593
7.088426,-96.482596
7.108546,-96.482598
7.128367,-96.482600
7.148511,-96.482602
7.168379,-96.482604
7.188218,-96.482607
7.208544,-96.482609
7.228238,-96.482611
7.248219,-96.482613
7.268199,-96.482615
7.288279,-96.482618
7.308283,-96.482620
7.328165,-96.482622
7.348424,-96.482624
7.368149,-96.482627
7.388152,-96.482629
7.408137,-96.482631
7.429413,-96.482633
7.448081,-96.482635
7.468147,-96.482638
7.488030,-96.482640
7.508308,-96.482642
7.528011,-96.482644
7.547947,-96.482646
7.567979,-96.482648
7.587921,-96.482651
7.608017,-96.482653
7.627990,-96.482655
7.647930,-96.482657
7.667915,-96.482659
7.687846,-96.482662
7.707867,-96.482664
7.727892,-96.482667
7.747803,-96.482669
7.767779,-96.482671
7.787867,-96.482673
7.807792,-96.482676
7.827814,-96.482678
7.847828,-96.482680
7.867898,-96.482682
7.887782,-96.482685
7.907792,-96.482687
7.927736,-96.482689
7.947681,-96.482691
7.967675,-96.482693
7.987692,-96.482696
8.008056,-96.482698
8.028714,-96.482700
8.048691,-96.482703
8.067587,-96.482705
8.087590,-96.482707
8.108892,-96.482709
8.128926,-96.482712
8.148679,-96.482715
8.168878,-96.482717
8.188571,-96.482719
8.208510,-96.482722
8.228667,-96.482724
8.248481,-96.482726
8.268493,-96.482729
8.288465,-96.482731
8.308576,-96.482733
8.328442,-96.482735
8.348670,-96.482738
8.368671,-96.482740
8.388402,-96.482742
8.408456,-96.482744
8.428882,-96.482747
8.448564,-96.482749
8.468405,-96.482751
8.488360,-96.482754
8.508422,-96.482756
8.528356,-96.482759
8.548397,-96.482761
8.568539,-96.482763
8.588247,-96.482766
8.608957,-96.482768
8.628323,-96.482771
8.648315,-96.482773
8.668348,-96.482775
8.688147,-96.482778
8.708172,-96.482780
8.728088,-96.482782
8.748536,-96.482785
8.768137,-96.482787
8.788084,-96.482789
8.808150,-96.482792
8.828036,-96.482794
8.848155,-96.482796
8.868344,-96.482799
8.888141,-96.482801
8.908453,-96.482803
8.928091,-96.482805
8.948047,-96.482808
8.971539,-96.482810
8.987987,-96.482812
9.007966,-96.482815
9.028005,-96.482817
9.047920,-96.482819
9.068013,-96.482822
9.087955,-96.482824
9.107989,-96.482826
9.127940,-96.482828
9.147941,-96.482831
9.167927,-96.482833
9.187881,-96.482836
9.207828,-96.482838
9.227793,-96.482840
9.247864,-96.482842
9.267758,-96.482844
9.287756,-96.482847
9.307746,-96.482849
9.327799,-96.482852
9.347834,-96.482854
9.367802,-96.482856
9.388017,-96.482858
9.408053,-96.482861
9.428259,-96.482863
9.447700,-96.482865
9.467668,-96.482867
9.487688,-96.482869
9.508642,-96.482871
9.527711,-96.482874
9.547681,-96.482876
9.568643,-96.482878
9.588662,-96.482880
9.609198,-96.482882
9.628745,-96.482885
9.648622,-96.482887
9.668561,-96.482889
9.688496,-96.482891
9.708614,-96.482893
9.728519,-96.482896
9.748637,-96.482898
9.768425,-96.482900
9.788473,-96.482902
9.808405,-96.482904
9.828382,-96.482906
9.848415,-96.482908
9.868793,-96.482910
9.888430,-96.482912
9.908654,-96.482914
9.928658,-96.482916
9.948412,-96.482918
9.968375,-96.482920
9.988338,-96.482922
10.008315,-96.482924
10.028443,-96.482926
10.048292,-96.482928
10.068393,-96.482930
10.088334,-96.482932
10.108341,-96.482934
10.128361,-96.482936
10.148234,-96.482938
10.168289,-96.482940
10.188199,-96.482942
10.208150,-96.482944
10.228213,-96.482946
10.248334,-96.482948
10.268144,-96.482950
10.288234,-96.482952
10.308341,-96.482954
10.328078,-96.482956
10.348184,-96.482958
10.368411,-96.482960
10.388082,-96.482962
10.408260,-96.482964
10.427974,-96.482966
10.447938,-96.482968
10.468316,-96.482969
10.487966,-96.482971
10.507885,-96.482973
10.528022,-96.482976
10.547894,-96.482977
10.567939,-96.482979
10.587852,-96.482981
10.607953,-96.482983
10.627975,-96.482985
10.647830,-96.482987
10.667971,-96.482989
10.687878,-96.482991
10.708060,-96.482993
10.727780,-96.482994
10.747874,-96.482996
10.767697,-96.482998
10.787747,-96.482999
10.807760,-96.483001
10.827703,-96.483003
10.847778,-96.483005
10.868851,-96.483007
10.887759,-96.483008
10.907757,-96.483010
10.927791,-96.483012
10.947818,-96.483014
10.968678,-96.483016
10.988968,-96.483018
11.008681,-96.483019
11.028646,-96.483021
11.048587,-96.483023
11.068645,-96.483025
11.088599,-96.483027
11.108682,-96.483028
11.128707,-96.483030
11.148519,-96.483032
11.168508,-96.483034
11.188467,-96.483035
11.208681,-96.483037
11.228564,-96.483039
11.248471,-96.483041
11.268434,-96.483042
11.288508,-96.483044
11.308515,-96.483046
11.328449,-96.483048
11.348403,-96.483050
11.368639,-96.483051
11.388439,-96.483053
11.408461,-96.483055
11.429142,-96.483056
11.448256,-96.483058
11.468262,-96.483060
11.488496,-96.483062
11.508345,-96.483063
11.528288,-96.483065
11.548169,-96.483067
11.568184,-96.483068
11.588264,-96.483070
11.608261,-96.483072
11.628521,-96.483073
11.648190,-96.483075
11.668127,-96.483077
11.688071,-96.483078
11.708182,-96.483080
11.728188,-96.483082
11.748344,-96.483083
11.768069,-96.483085
11.788093,-96.483087
11.808104,-96.483088
11.828034,-96.483090
11.848123,-96.483092
11.868073,-96.483094
11.887919,-96.483095
11.907964,-96.483097
11.927995,-96.483099
11.948165,-96.483100
11.967892,-96.483102
11.987944,-96.483104
12.007915,-96.483105
12.027868,-96.483107
12.047813,-96.483109
12.068000,-96.483110
12.087819,-96.483112
12.107980,-96.483114
12.127917,-96.483115
12.147836,-96.483117
12.167919,-96.483118
12.187739,-96.483120
12.207782,-96.483122
12.227915,-96.483123
12.247691,-96.483125
12.267833,-96.483127
12.287683,-96.483128
12.307782,-96.483130
12.328928,-96.483131
12.347713,-96.483133
12.367691,-96.483135
12.387683,-96.483136
12.408640,-96.483138
12.427646,-96.483140
12.448641,-96.483141
12.468601,-96.483143
12.488610,-96.483144
12.508587,-96.483146
12.528641,-96.483148
12.548573,-96.483149
12.568597,-96.483151
12.588702,-96.483152
12.608608,-96.483154
12.628808,-96.483155
12.648507,-96.483157
12.668549,-96.483159
12.688456,-96.483160
12.708463,-96.483162
12.728559,-96.483163
12.748458,-96.483165
12.768420,-96.483166
12.788413,-96.483168
12.808323,-96.483169
12.828349,-96.483171
12.848367,-96.483172
12.868431,-96.483174
12.888431,-96.483175
12.908674,-96.483177
12.928299,-96.483178
12.948346,-96.483179
12.968495,-96.483181
12.988333,-96.483182
13.008204,-96.483184
13.028327,-96.483185
13.048234,-96.483186
13.068219,-96.483188
13.088185,-96.483189
13.108303,-96.483190
13.128241,-96.483192
13.148228,-96.483194
13.168083,-96.483195
13.188126,-96.483196
13.208140,-96.483197
13.228231,-96.483199
13.248058,-96.483200
13.268064,-96.483201
13.288063,-96.483203
13.308076,-96.483204
13.328063,-96.483205
13.348073,-96.483206
13.368130,-96.483208
13.388014,-96.483209
13.408012,-96.483210
13.428084,-96.483211
13.447963,-96.483212
13.467943,-96.483214
13.487918,-96.483215
13.507903,-96.483216
13.527925,-96.483217
13.547958,-96.483218
13.567849,-96.483219
13.587828,-96.483220
13.607879,-96.483221
13.627945,-96.483222
13.647767,-96.483224
13.667815,-96.483225
13.687699,-96.483226
13.707699,-96.483227
13.727717,-96.483228
13.747633,-96.483229
13.768708,-96.483230
13.788751,-96.483231
13.808700,-96.483232
13.828672,-96.483233
13.848693,-96.483234
13.869075,-96.483235
13.888644,-96.483236
13.908614,-96.483237
13.928624,-96.483237
13.948628,-96.483238
13.968543,-96.483239
13.988620,-96.483240
14.008604,-96.483241
14.028769,-96.483242
14.048501,-96.483243
14.068465,-96.483244
14.088476,-96.483245
14.108625,-96.483246
14.128456,-96.483247
14.148519,-96.483247
14.168481,-96.483248
14.188525,-96.483249
14.208344,-96.483250
14.228427,-96.483250
14.248363,-96.483251
14.268340,-96.483252
14.288394,-96.483253
14.308350,-96.483254
14.328305,-96.483254
14.348395,-96.483255
14.368392,-96.483255
14.388506,-96.483256
14.408329,-96.483257
14.428530,-96.483258
14.448312,-96.483259
14.468176,-96.483259
14.488130,-96.483260
14.508250,-96.483261
14.528178,-96.483261
14.548114,-96.483262
14.568104,-96.483263
14.588230,-96.483264
14.608295,-96.483264
14.628152,-96.483265
14.648341,-96.483266
14.668194,-96.483267
14.688088,-96.483267
14.708085,-96.483268
14.728074,-96.483268
14.748002,-96.483269
14.768051,-96.483269
14.788018,-96.483270
14.808095,-96.483271
14.828070,-96.483271
14.847951,-96.483272
14.868026,-96.483273
14.888159,-96.483273
14.908010,-96.483274
14.927908,-96.483274
14.947904,-96.483274
14.967881,-96.483275
14.987885,-96.483275
15.007875,-96.483276
15.028133,-96.483277
15.047840,-96.483277
15.067862,-96.483278
15.087775,-96.483278
15.107890,-96.483279
15.127979,-96.483278
15.147864,-96.483279
15.169001,-96.483279
15.187732,-96.483280
15.207708,-96.483280
15.227690,-96.483281
15.247687,-96.483281
15.268762,-96.483281
15.288726,-96.483282
15.308678,-96.483282
15.328703,-96.483282
15.348649,-96.483282
15.368870,-96.483283
15.388693,-96.483283
15.408688,-96.483283
15.428657,-96.483284
15.448562,-96.483284
15.468775,-96.483284
15.488598,-96.483285
15.508567,-96.483285
15.529236,-96.483285
15.548652,-96.483285
15.568484,-96.483285
15.588476,-96.483285
15.608652,-96.483286
15.628565,-96.483286
15.648423,-96.483286
15.668521,-96.483286
15.688394,-96.483286
15.708533,-96.483287
15.728440,-96.483286
15.748401,-96.483286
15.768437,-96.483286
15.788467,-96.483286
15.808289,-96.483286
15.828336,-96.483287
15.848313,-96.483287
15.868551,-96.483287
15.888295,-96.483287
15.908381,-96.483287
15.928360,-96.483286
15.948211,-96.483286
15.968232,-96.483286
15.988178,-96.483286
16.008193,-96.483286
16.028208,-96.483286
16.048173,-96.483286
16.068181,-96.483286
16.088131,-96.483286
16.108389,-96.483286
16.128290,-96.483285
16.148203,-96.483285
16.168097,-96.483285
16.188134,-96.483285
16.208089,-96.483285
16.228056,-96.483284
16.248078,-96.483284
16.268076,-96.483284
16.288293,-96.483284
16.308113,-96.483284
16.327996,-96.483283
16.348207,-96.483283
16.368177,-96.483283
16.387974,-96.483282
16.407938,-96.483282
16.428038,-96.483282
16.447881,-96.483282
16.467936,-96.483281
16.487866,-96.483281
16.507848,-96.483281
16.527906,-96.483280
16.547827,-96.483279
16.567837,-96.483279
16.587830,-96.483279
16.607916,-96.483278
16.627823,-96.483278
16.647840,-96.483277
16.667715,-96.483277
16.687707,-96.483277
16.707814,-96.483276
16.728841,-96.483275
16.748761,-96.483274
16.769055,-96.483274
16.788648,-96.483273
16.808662,-96.483273
16.828684,-96.483272
16.848686,-96.483272
16.868934,-96.483271
16.888688,-96.483270
16.908763,-96.483270
16.928645,-96.483268
16.948571,-96.483268
16.968577,-96.483267
16.988561,-96.483267
17.008550,-96.483266
17.028486,-96.483265
17.048505,-96.483265
17.068670,-96.483264
17.088542,-96.483263
17.108651,-96.483262
17.128507,-96.483262
17.148511,-96.483260
17.168520,-96.483259
17.188410,-96.483259
17.208364,-96.483258
17.228436,-96.483257
17.248362,-96.483256
17.268391,-96.483255
17.288304,-96.483255
17.308322,-96.483254
17.328336,-96.483252
17.348322,-96.483251
17.368382,-96.483251
17.388441,-96.483250
17.408313,-96.483249
17.428257,-96.483248
17.448515,-96.483247
17.468175,-96.483246
17.488145,-96.483245
17.508220,-96.483245
17.528127,-96.483243
17.548175,-96.483242
17.568156,-96.483241
17.588127,-96.483240
17.608171,-96.483240
17.628210,-96.483239
17.648058,-96.483238
17.668070,-96.483237
17.688025,-96.483236
17.708163,-96.483235
17.728196,-96.483234
17.748079,-96.483233
17.768078,-96.483232
17.788015,-96.483231
17.808052,-96.483230
17.828176,-96.483229
17.847995,-96.483228
17.868093,-96.483227
17.887981,-96.483226
17.907926,-96.483225
17.927898,-96.483224
17.947866,-96.483223
17.967904,-96.483222
17.987838,-96.483221
18.007847,-96.483220
18.028944,-96.483219
18.047773,-96.483218
18.067772,-96.483217
18.087940,-96.483216
18.108866,-96.483215
18.129048,-96.483214
18.148040,-96.483213
18.168785,-96.483212
18.188775,-96.483211
18.208990,-96.483210
18.228719,-96.483209
18.248770,-96.483208
18.268710,-96.483208
18.288658,-96.483207
18.308675,-96.483206
18.328694,-96.483204
18.348743,-96.483203
18.368747,-96.483202
18.388661,-96.483201
18.408949,-96.483200
18.429065,-96.483199
18.448627,-96.483198
18.468591,-96.483197
18.488564,-96.483196
18.508551,-96.483195
18.528592,-96.483194
18.548578,-96.483193
18.568662,-96.483192
18.588761,-96.483191
18.610180,-96.483190
18.628530,-96.483189
18.648499,-96.483188
18.668620,-96.483187
18.688484,-96.483186
18.708470,-96.483185
18.728520,-96.483185
18.748469,-96.483184
18.768430,-96.483183
18.788431,-96.483182
18.808414,-96.483181
18.828328,-96.483180
18.848539,-96.483179
18.868399,-96.483178
18.888417,-96.483177
18.908343,-96.483176
18.928339,-96.483176
18.948328,-96.483175
18.968246,-96.483174
18.988436,-96.483173
19.008363,-96.483172
19.028215,-96.483171
19.048348,-96.483170
19.068227,-96.483170
19.088154,-96.483169
19.108197,-96.483168
19.128389,-96.483167
19.148114,-96.483166
19.168124,-96.483165
19.188129,-96.483164
19.208108,-96.483163
19.228213,-96.483162
19.248152,-96.483162
19.268031,-96.483161
19.288046,-96.483160
19.308159,-96.483159
19.328058,-96.483157
19.348033,-96.483156
19.368253,-96.483155
19.388058,-96.483154
19.408114,-96.483153
19.428104,-96.483153
19.448045,-96.483152
19.467974,-96.483151
19.488199,-96.483150
19.507932,-96.483149
19.527907,-96.483147
19.547837,-96.483147
19.567922,-96.483146
19.587937,-96.483145
19.607978,-96.483144
19.628069,-96.483143
19.647842,-96.483142
19.667822,-96.483141
19.688751,-96.483141
19.707822,-96.483140
19.727914,-96.483140
19.748893,-96.483139
19.768723,-96.483138
19.788813,-96.483137
19.808727,-96.483137
19.828701,-96.483136
19.848735,-96.483135
19.868721,-96.483134
19.888673,-96.483134
19.908722,-96.483133
19.929172,-96.483132
19.948697,-96.483132
19.968572,-96.483131
19.988612,-96.483130
20.008607,-96.483129
20.028626,-96.483129
20.048531,-96.483128
20.068517,-96.483127
20.088818,-96.483126
20.108669,-96.483126
20.128541,-96.483125
20.148551,-96.483125
20.168447,-96.483124
20.188426,-96.483123
20.208443,-96.483123
20.228427,-96.483122
20.248376,-96.483121
20.268481,-96.483120
20.288387,-96.483120
20.308321,-96.483119
20.328370,-96.483118
20.348720,-96.483117
20.368466,-96.483117
20.388374,-96.483116
20.408341,-96.483115
20.428429,-96.483114
20.448224,-96.483114
20.468221,-96.483113
20.488261,-96.483112
20.508323,-96.483112
20.528226,-96.483112
20.548205,-96.483111
20.568216,-96.483111
20.588362,-96.483110
20.608766,-96.483109
20.628205,-96.483109
20.648193,-96.483108
20.668142,-96.483107
20.688074,-96.483107
20.708081,-96.483106
20.728025,-96.483105
20.748039,-96.483104
20.768058,-96.483104
20.788230,-96.483103
20.808292,-96.483102
20.828090,-96.483102
20.848090,-96.483101
20.868018,-96.483101
20.887947,-96.483100
20.908241,-96.483099
20.928214,-96.483098
20.947961,-96.483098
20.967910,-96.483097
20.987926,-96.483097
21.007883,-96.483096
21.028048,-96.483095
21.047847,-96.483095
21.067831,-96.483094
21.087907,-96.483094
21.107974,-96.483093
21.127856,-96.483094
21.148748,-96.483093
21.169053,-96.483092
21.187797,-96.483092
21.208769,-96.483091
21.229160,-96.483091
21.249153,-96.483090
21.268663,-96.483089
21.288688,-96.483089
21.308678,-96.483088
21.328676,-96.483087
21.348967,-96.483086
21.368976,-96.483086
21.388703,-96.483085
21.408747,-96.483085
21.428715,-96.483084
21.448812,-96.483083
21.468605,-96.483083
21.488577,-96.483082
21.508595,-96.483082
21.528586,-96.483081
21.548584,-96.483080
21.568576,-96.483080
21.588521,-96.483079
21.608649,-96.483078
21.628538,-96.483078
21.648522,-96.483077
21.668501,-96.483077
21.688461,-96.483076
21.708423,-96.483076
21.728458,-96.483076
21.748402,-96.483076
21.768497,-96.483075
21.788498,-96.483075
21.808397,-96.483074
21.828379,-96.483073
21.848391,-96.483073
21.868660,-96.483072
21.888480,-96.483072
21.908711,-96.483071
21.928321,-96.483072
21.948249,-96.483071
21.968196,-96.483071
21.988412,-96.483070
22.008191,-96.483070
22.028319,-96.483070
22.048206,-96.483069
22.068182,-96.483069
22.088122,-96.483068
22.108349,-96.483068
22.128439,-96.483067
22.148253,-96.483066
22.168226,-96.483066
22.188335,-96.483065
22.208175,-96.483065
22.228122,-96.483065
22.248165,-96.483064
22.268092,-96.483064
22.288116,-96.483063
22.308101,-96.483063
22.328025,-96.483064
22.348097,-96.483064
22.368206,-96.483063
22.388087,-96.483063
22.408102,-96.483063
22.428079,-96.483062
22.447937,-96.483062
22.467919,-96.483062
22.487957,-96.483062
22.508082,-96.483062
22.527924,-96.483062
22.547850,-96.483062
22.567861,-96.483062
22.587970,-96.483062
22.607930,-96.483061
22.628175,-96.483061
22.647900,-96.483061
22.667838,-96.483061
22.687763,-96.483061
22.708738,-96.483061
22.729077,-96.483061
22.748741,-96.483061
22.768739,-96.483061
22.788696,-96.483061
22.808713,-96.483061
22.829088,-96.483061
22.848674,-96.483061
22.868733,-96.483061
22.888637,-96.483061
22.908625,-96.483061
22.928713,-96.483062
22.948722,-96.483062
22.968571,-96.483062
22.988537,-96.483062
23.008703,-96.483062
23.028504,-96.483062
23.048418,-96.483062
23.068518,-96.483062
23.088527,-96.483062
23.108559,-96.483062
23.128591,-96.483063
23.148622,-96.483063
23.168385,-96.483063
23.188544,-96.483063
23.208417,-96.483063
23.228600,-96.483063
23.248290,-96.483064
23.268319,-96.483064
23.288317,-96.483064
23.308262,-96.483064
23.328371,-96.483064
23.348222,-96.483064
23.368317,-96.483064
23.388184,-96.483065
23.408189,-96.483065
23.428236,-96.483065
23.448221,-96.483065
23.468208,-96.483066
23.488189,-96.483066
23.508156,-96.483066
23.528113,-96.483067
23.548061,-96.483068
23.568136,-96.483068
23.588014,-96.483068
23.608149,-96.483069
23.628083,-96.483069
23.648098,-96.483069
23.668128,-96.483070
23.687947,-96.483070
23.708029,-96.483071
23.727953,-96.483072
23.747911,-96.483072
23.767980,-96.483073
23.788068,-96.483073
23.807958,-96.483074
23.827883,-96.483074
23.847929,-96.483075
23.868005,-96.483075
23.888902,-96.483076
23.907886,-96.483076
23.927946,-96.483077
23.948760,-96.483077
23.968821,-96.483078
23.988908,-96.483078
24.008745,-96.483079
24.028710,-96.483080
24.048754,-96.483080
24.068753,-96.483081
24.088701,-96.483082
24.108940,-96.483083
24.128845,-96.483084
24.148720,-96.483085
24.168683,-96.483085
24.188621,-96.483086
24.208579,-96.483087
24.228617,-96.483088
24.248611,-96.483088
24.268596,-96.483089
24.288616,-96.483090
24.308580,-96.483091
24.328616,-96.483092
24.348597,-96.483093
24.368567,-96.483094
24.388670,-96.483095
24.408593,-96.483096
24.428788,-96.483097
24.448450,-96.483097
24.468445,-96.483098
24.488441,-96.483099
24.508446,-96.483100
24.528650,-96.483100
24.548433,-96.483101
24.568411,-96.483102
24.588361,-96.483103
24.608680,-96.483104
24.628751,-96.483105
24.648332,-96.483105
24.668373,-96.483106
24.688345,-96.483107
24.708606,-96.483109
24.732351,-96.483109
24.748320,-96.483110
24.768235,-96.483111
24.788283,-96.483112
24.808184,-96.483113
24.828259,-96.483114
24.848259,-96.483115
24.868290,-96.483116
24.888168,-96.483117
24.908193,-96.483119
24.928261,-96.483119
24.948094,-96.483120
24.968318,-96.483121
24.988168,-96.483122
25.008115,-96.483123
25.028062,-96.483124
25.048120,-96.483126
25.068220,-96.483127
25.088109,-96.483128
25.108186,-96.483129
25.128070,-96.483130
25.148002,-96.483132
25.167996,-96.483133
25.187955,-96.483135
25.207991,-96.483136
25.227927,-96.483137
25.247910,-96.483138
25.267914,-96.483140
25.287937,-96.483141
25.307833,-96.483142
25.328871,-96.483143
25.347908,-96.483144
25.367976,-96.483146
25.388310,-96.483147
25.407798,-96.483148
25.428950,-96.483150
25.448760,-96.483151
25.468770,-96.483152
25.488967,-96.483154
25.508841,-96.483155
25.528761,-96.483156
25.548724,-96.483157
25.568765,-96.483158
25.588753,-96.483160
25.608987,-96.483161
25.628846,-96.483162
25.648675,-96.483164
25.668697,-96.483165
25.688621,-96.483167
25.708674,-96.483168
25.729970,-96.483170
25.748653,-96.483172
25.768565,-96.483173
25.788564,-96.483175
25.808540,-96.483176
25.828605,-96.483178
25.848505,-96.483179
25.868796,-96.483181
25.888523,-96.483182
25.908449,-96.483184
25.928493,-96.483186
25.948389,-96.483188
25.968420,-96.483189
25.988398,-96.483191
26.008393,-96.483192
26.028515,-96.483194
26.048429,-96.483195
26.068388,-96.483197
26.088402,-96.483198
26.108373,-96.483200
26.128356,-96.483200
26.148363,-96.483202
26.168304,-96.483204
26.188190,-96.483205
26.208218,-96.483207
26.228179,-96.483208
26.248386,-96.483210
26.268185,-96.483211
26.288400,-96.483213
26.308186,-96.483215
26.328156,-96.483215
26.348493,-96.483217
26.368089,-96.483219
26.388125,-96.483220
26.408067,-96.483222
26.428057,-96.483224
26.448123,-96.483225
26.468141,-96.483227
26.488037,-96.483229
26.508029,-96.483230
26.528094,-96.483233
26.548003,-96.483234
26.568006,-96.483236
26.587925,-96.483238
26.608097,-96.483239
26.628120,-96.483241
26.647965,-96.483243
26.668114,-96.483245
26.687877,-96.483246
26.709238,-96.483248
26.727869,-96.483249
26.748852,-96.483251
26.768831,-96.483252
26.788785,-96.483254
26.808874,-96.483256
26.828777,-96.483257
26.848774,-96.483259
26.869179,-96.483261
26.888764,-96.483263
26.908664,-96.483264
26.928716,-96.483266
26.948651,-96.483267
26.968699,-96.483269
26.988715,-96.483271
27.008612,-96.483273
27.028687,-96.483275
27.048655,-96.483276
27.068557,-96.483278
27.088574,-96.483280
27.108776,-96.483282
27.128735,-96.483283
27.148578,-96.483285
27.168538,-96.483287
27.188544,-96.483288
27.208489,-96.483290
27.228473,-96.483292
27.248468,-96.483294
27.268490,-96.483296
27.288555,-96.483297
27.308510,-96.483299
27.328512,-96.483300
27.348552,-96.483302
27.368476,-96.483304
27.388479,-96.483305
27.408550,-96.483307
27.428881,-96.483309
27.448389,-96.483311
27.468389,-96.483312
27.488405,-96.483314
27.508347,-96.483316
27.528313,-96.483318
27.548284,-96.483320
27.568283,-96.483322
27.588255,-96.483323
27.608388,-96.483325
27.628735,-96.483327
27.648287,-96.483329
27.668259,-96.483330
27.688182,-96.483332
27.708184,-96.483334
27.728114,-96.483335
27.748099,-96.483337
27.768102,-96.483338
27.788117,-96.483340
27.808108,-96.483342
27.828060,-96.483344
27.848130,-96.483345
27.868294,-96.483347
27.888093,-96.483349
27.908034,-96.483350
27.928112,-96.483352
27.948044,-96.483354
27.967955,-96.483355
27.987969,-96.483357
28.007947,-96.483359
28.027962,-96.483360
28.047896,-96.483362
28.067940,-96.483364
28.087919,-96.483366
28.107941,-96.483367
28.127889,-96.483369
28.149031,-96.483370
28.168901,-96.483372
28.189012,-96.483374
28.207987,-96.483375
28.228811,-96.483377
28.248799,-96.483379
28.268887,-96.483380
28.288738,-96.483382
28.308759,-96.483384
28.328718,-96.483385
28.348849,-96.483387
28.368772,-96.483389
28.388798,-96.483391
28.408755,-96.483392
28.428697,-96.483394
28.448662,-96.483396
28.468622,-96.483398
28.488616,-96.483399
28.508610,-96.483401
28.528616,-96.483403
28.548675,-96.483405
28.568648,-96.483406
28.588711,-96.483408
28.608630,-96.483410
28.628991,-96.483412
28.648478,-96.483413
28.668563,-96.483415
28.688676,-96.483417
28.708510,-96.483419
28.728522,-96.483420
28.748448,-96.483422
28.768437,-96.483424
28.788469,-96.483425
28.808362,-96.483427
28.828410,-96.483429
28.848458,-96.483431
28.868823,-96.483432
28.888376,-96.483434
28.908466,-96.483436
28.928379,-96.483438
28.948251,-96.483440
28.968318,-96.483442
28.988317,-96.483443
29.008335,-96.483445
29.028590,-96.483447
29.048258,-96.483449
29.068248,-96.483451
29.088238,-96.483452
29.108399,-96.483454
29.128338,-96.483456
29.148363,-96.483458
29.168201,-96.483460
29.188179,-96.483462
29.208127,-96.483463
29.228259,-96.483465
29.248209,-96.483467
29.268112,-96.483469
29.288055,-96.483471
29.308132,-96.483473
29.328085,-96.483474
29.348105,-96.483476
29.368178,-96.483478
29.388034,-96.483480
29.407984,-96.483482
29.428223,-96.483483
29.447964,-96.483485
29.467948,-96.483487
29.487927,-96.483489
29.508140,-96.483491
29.527909,-96.483493
29.548932,-96.483494
29.567823,-96.483496
29.587978,-96.483498
29.608941,-96.483500
29.628915,-96.483502
29.648913,-96.483504
29.668821,-96.483505
29.688783,-96.483507
29.708895,-96.483509
29.728810,-96.483511
29.748744,-96.483513
29.768785,-96.483515
29.788860,-96.483517
29.808842,-96.483519
29.828751,-96.483521
29.848729,-96.483522
29.869039,-96.483524
29.888694,-96.483526
29.908659,-96.483528
29.928639,-96.483530
29.948640,-96.483532
29.968940,-96.483534
29.988544,-96.483536
30.008645,-96.483538
30.028687,-96.483540
30.048534,-96.483542
30.068544,-96.483544
30.088536,-96.483546
30.108704,-96.483548
30.128812,-96.483549
30.148502,-96.483552
30.168562,-96.483554
30.189261,-96.483556
30.208462,-96.483558
30.228497,-96.483560
30.248388,-96.483562
30.268439,-96.483564
30.288392,-96.483566
30.308356,-96.483567
30.328406,-96.483570
30.348423,-96.483572
30.368465,-96.483574
30.388748,-96.483576
30.408412,-96.483578
30.428392,-96.483579
30.448335,-96.483581
30.468304,-96.483583
30.488248,-96.483585
30.508302,-96.483587
30.528261,-96.483589
30.548328,-96.483591
30.568221,-96.483593
30.588201,-96.483595
30.608327,-96.483597
30.628332,-96.483599
30.648152,-96.483601
30.668139,-96.483603
30.688190,-96.483605
30.708104,-96.483607
30.728074,-96.483609
30.748132,-96.483611
30.768065,-96.483613
30.788096,-96.483615
30.808057,-96.483617
30.828161,-96.483618
30.849405,-96.483620
30.868293,-96.483622
30.888045,-96.483624
30.908028,-96.483626
30.927982,-96.483628
30.947956,-96.483630
30.967903,-96.483632
30.987969,-96.483634
31.007967,-96.483636
31.028953,-96.483638
31.047870,-96.483640
31.069163,-96.483642
31.088926,-96.483644
31.108959,-96.483646
31.129106,-96.483648
31.149031,-96.483650
31.168918,-96.483652
31.188963,-96.483654
31.208805,-96.483656
31.228827,-96.483658
31.248722,-96.483660
31.268702,-96.483662
31.288725,-96.483664
31.308773,-96.483666
31.328678,-96.483668
31.348659,-96.483670
31.368775,-96.483672
31.388656,-96.483674
31.408674,-96.483676
31.428641,-96.483678
31.448636,-96.483680
31.468805,-96.483682
31.488664,-96.483684
31.508897,-96.483686
31.528569,-96.483688
31.548844,-96.483690
31.568550,-96.483692
31.588538,-96.483694
31.608696,-96.483696
31.628722,-96.483698
31.648657,-96.483700
31.668550,-96.483702
31.688593,-96.483704
31.708468,-96.483707
31.728463,-96.483708
31.748751,-96.483710
31.768452,-96.483712
31.788502,-96.483714
31.808460,-96.483717
31.828395,-96.483719
31.848332,-96.483721
31.868434,-96.483723
31.888412,-96.483725
31.908393,-96.483727
31.928366,-96.483729
31.948301,-96.483731
31.968508,-96.483733
31.988203,-96.483736
32.008479,-96.483738
32.028253,-96.483740
32.048154,-96.483742
32.068307,-96.483744
32.088211,-96.483746
32.108771,-96.483748
32.128419,-96.483750
32.148221,-96.483752
32.168218,-96.483754
32.188083,-96.483756
32.208134,-96.483758
32.228137,-96.483760
32.248355,-96.483762
32.268079,-96.483764
32.288043,-96.483767
32.308288,-96.483769
32.328071,-96.483771
32.348125,-96.483773
32.368182,-96.483775
32.388207,-96.483777
32.409055,-96.483779
32.428189,-96.483781
32.448007,-96.483784
32.467880,-96.483786
32.488942,-96.483788
32.508878,-96.483790
32.527937,-96.483792
32.548853,-96.483794
32.568898,-96.483796
32.588903,-96.483798
32.609163,-96.483801
32.628973,-96.483803
32.648780,-96.483805
32.668839,-96.483807
32.689043,-96.483809
32.708742,-96.483811
32.728806,-96.483813
32.748911,-96.483816
32.768728,-96.483818
32.788676,-96.483820
32.808724,-96.483822
32.828731,-96.483824
32.848665,-96.483827
32.869209,-96.483829
32.888657,-96.483831
32.912424,-96.483833
32.928652,-96.483836
32.948579,-96.483838
32.968608,-96.483840
32.988802,-96.483842
33.008577,-96.483845
33.028652,-96.483847
33.048503,-96.483849
33.068615,-96.483851
33.088669,-96.483854
33.108639,-96.483856
33.129160,-96.483858
33.148544,-96.483861
33.168513,-96.483863
33.188481,-96.483865
33.208508,-96.483867
33.228605,-96.483870
33.248502,-96.483872
33.268462,-96.483874
33.288397,-96.483877
33.308446,-96.483879
33.328430,-96.483881
33.348402,-96.483883
33.368609,-96.483885
33.388568,-96.483888
33.408336,-96.483890
33.428511,-96.483892
33.448325,-96.483895
33.468483,-96.483897
33.488335,-96.483899
33.508250,-96.483902
33.528469,-96.483904
33.548583,-96.483906
33.568443,-96.483908
33.588163,-96.483911
33.608357,-96.483913
33.628196,-96.483915
33.648199,-96.483918
33.668201,-96.483920
33.688116,-96.483923
33.708324,-96.483925
33.728325,-96.483927
33.748091,-96.483930
33.768161,-96.483932
33.789337,-96.483934
33.808133,-96.483937
33.828040,-96.483939
33.848063,-96.483942
33.868016,-96.483944
33.889212,-96.483946
33.907905,-96.483949
33.928064,-96.483951
33.948910,-96.483954
33.968863,-96.483956
33.988863,-96.483958
34.008984,-96.483961
34.028896,-96.483963
34.048887,-96.483966
34.068841,-96.483968
34.088887,-96.483971
34.108951,-96.483973
34.128967,-96.483975
34.148891,-96.483978
34.168836,-96.483981
34.188713,-96.483983
34.208696,-96.483986
34.228755,-96.483988
34.248653,-96.483990
34.268683,-96.483993
34.288719,-96.483995
34.308668,-96.483998
34.328649,-96.484000
34.348745,-96.484003
34.368791,-96.484005
34.388618,-96.484007
34.408614,-96.484010
34.428670,-96.484012
34.448552,-96.484015
34.468543,-96.484017
34.488811,-96.484020
34.508489,-96.484022
34.528601,-96.484025
34.548483,-96.484027
34.568628,-96.484030
34.588452,-96.484032
34.608590,-96.484035
34.628453,-96.484037
34.648447,-96.484040
34.668757,-96.484042
34.688473,-96.484045
34.708489,-96.484047
34.728435,-96.484049
34.748381,-96.484052
34.768321,-96.484054
34.788318,-96.484057
34.808363,-96.484059
34.828292,-96.484061
34.848310,-96.484064
34.868485,-96.484066
34.888351,-96.484069
34.908329,-96.484071
34.928240,-96.484074
34.948348,-96.484076
34.968168,-96.484079
34.988588,-96.484081
35.008346,-96.484084
35.028173,-96.484086
35.048121,-96.484089
35.068138,-96.484091
35.088115,-96.484093
35.108686,-96.484096
35.128222,-96.484099
35.148120,-96.484101
35.168303,-96.484104
35.188081,-96.484106
35.208009,-96.484109
35.227957,-96.484111
35.249063,-96.484113
35.267882,-96.484116
35.287966,-96.484118
35.307991,-96.484121
35.328926,-96.484123
35.349137,-96.484126
35.369094,-96.484128
35.388973,-96.484130
35.408870,-96.484133
35.428890,-96.484135
35.448864,-96.484137
35.468781,-96.484140
35.488836,-96.484142
35.508852,-96.484144
35.528836,-96.484147
35.548742,-96.484150
35.568720,-96.484152
35.588756,-96.484154
35.608833,-96.484157
35.629650,-96.484159
35.648713,-96.484161
35.668741,-96.484164
35.688658,-96.484166
35.708696,-96.484169
35.728723,-96.484170
35.748652,-96.484173
35.768602,-96.484175
35.788583,-96.484177
35.808589,-96.484179
35.828541,-96.484182
35.848511,-96.484184
35.868578,-96.484186
35.888483,-96.484189
35.908468,-96.484191
35.928777,-96.484193
35.948599,-96.484195
35.968438,-96.484198
35.988393,-96.484200
36.008430,-96.484202
36.028435,-96.484205
36.048431,-96.484207
36.068393,-96.484209
36.088376,-96.484211
36.108579,-96.484214
36.128442,-96.484216
36.148396,-96.484219
36.168400,-96.484221
36.188246,-96.484223
36.208288,-96.484225
36.228252,-96.484228
36.248256,-96.484230
36.268551,-96.484232
36.288191,-96.484234
36.308194,-96.484237
36.328181,-96.484239
36.348197,-96.484241
36.368580,-96.484243
36.388162,-96.484245
36.408168,-96.484247
36.428457,-96.484250
36.448088,-96.484252
36.468071,-96.484254
36.488110,-96.484256
36.509059,-96.484258
36.528121,-96.484260
36.548102,-96.484262
36.568154,-96.484264
36.588137,-96.484266
36.609211,-96.484268
36.629262,-96.484271
36.647921,-96.484273
36.667957,-96.484275
36.688887,-96.484277
36.708879,-96.484279
36.728883,-96.484281
36.748910,-96.484283
36.768876,-96.484285
36.788875,-96.484287
36.808870,-96.484289
36.828863,-96.484291
36.848826,-96.484293
36.868918,-96.484295
36.888864,-96.484297
36.909160,-96.484299
36.928715,-96.484302
36.948754,-96.484304
36.968792,-96.484306
36.988749,-96.484308
37.008763,-96.484310
37.028718,-96.484312
37.048762,-96.484314
37.068700,-96.484316
37.088670,-96.484318
37.108740,-96.484320
37.128725,-96.484321
37.148668,-96.484323
37.168566,-96.484325
37.188568,-96.484327
37.208569,-96.484329
37.228738,-96.484331
37.248615,-96.484333
37.268604,-96.484335
37.288633,-96.484337
37.308850,-96.484339
37.328532,-96.484341
37.348519,-96.484343
37.368661,-96.484345
37.388564,-96.484347
37.408511,-96.484349
37.428492,-96.484351
37.448508,-96.484353
37.468401,-96.484355
37.488668,-96.484357
37.508384,-96.484359
37.528390,-96.484360
37.548483,-96.484362
37.568343,-96.484364
37.588391,-96.484366
37.608423,-96.484368
37.628641,-96.484370
37.648340,-96.484372
37.668377,-96.484374
37.688307,-96.484376
37.708350,-96.484377
37.728297,-96.484380
37.748208,-96.484382
37.768199,-96.484383
37.788261,-96.484385
37.808243,-96.484387
37.828182,-96.484389
37.848226,-96.484391
37.868500,-96.484393
37.888181,-96.484395
37.908112,-96.484397
37.928591,-96.484399
37.948181,-96.484400
37.968332,-96.484402
37.988109,-96.484404
38.008091,-96.484406
38.028127,-96.484408
38.048039,-96.484410
38.068058,-96.484412
38.089091,-96.484414
38.108132,-96.484416
38.129288,-96.484417
38.148075,-96.484419
38.168025,-96.484421
38.188043,-96.484423
38.207947,-96.484425
38.229002,-96.484427
38.248911,-96.484429
38.268880,-96.484430
38.288932,-96.484432
38.308849,-96.484434
38.328842,-96.484435
38.348962,-96.484437
38.369086,-96.484439
38.388828,-96.484441
38.408795,-96.484443
38.428856,-96.484444
38.448729,-96.484446
38.468756,-96.484448
38.488741,-96.484450
38.508895,-96.484452
38.528694,-96.484454
38.548665,-96.484456
38.568876,-96.484458
38.588697,-96.484459
38.608910,-96.484461
38.628845,-96.484463
38.648825,-96.484465
38.668674,-96.484466
38.688722,-96.484468
38.708562,-96.484470
38.728600,-96.484471
38.748596,-96.484473
38.768923,-96.484475
38.788562,-96.484476
38.808547,-96.484478
38.828589,-96.484480
38.848522,-96.484482
38.868612,-96.484483
38.888752,-96.484485
38.908578,-96.484487
38.928617,-96.484488
38.948381,-96.484489
38.968627,-96.484491
38.988374,-96.484492
39.008378,-96.484494
39.028515,-96.484496
39.048282,-96.484497
39.068361,-96.484499
39.088400,-96.484500
39.108509,-96.484502
39.128378,-96.484503
39.148415,-96.484505
39.168294,-96.484506
39.188281,-96.484508
39.208249,-96.484509
39.228529,-96.484511
39.248256,-96.484512
39.268238,-96.484514
39.288432,-96.484515
39.308222,-96.484517
39.328180,-96.484518
39.348144,-96.484519
39.368305,-96.484521
39.388234,-96.484522
39.408145,-96.484524
39.428151,-96.484525
39.448129,-96.484526
39.468241,-96.484528
39.488105,-96.484529
39.509078,-96.484530
39.528264,-96.484532
39.548161,-96.484533
39.568130,-96.484534
39.588095,-96.484536
39.609134,-96.484537
39.628144,-96.484538
39.648006,-96.484539
39.667965,-96.484541
39.688956,-96.484542
39.708943,-96.484543
39.729151,-96.484544
39.748955,-96.484545
39.768882,-96.484547
39.788896,-96.484548
39.808844,-96.484549
39.828889,-96.484550
39.848922,-96.484551
39.868958,-96.484553
39.888832,-96.484554
39.908760,-96.484555
39.928828,-96.484557
39.948802,-96.484558
39.968720,-96.484559
39.988837,-96.484560
40.008812,-96.484561
40.029072,-96.484563
40.048730,-96.484564
40.068723,-96.484565
40.088661,-96.484566
40.109191,-96.484567
40.129389,-96.484567
40.148692,-96.484568
40.168650,-96.484569
40.188655,-96.484570
40.208556,-96.484571
40.228601,-96.484573
40.248570,-96.484574
40.268590,-96.484575
40.288598,-96.484576
40.308545,-96.484577
40.328596,-96.484577
40.348627,-96.484578
40.368627,-96.484579
40.388517,-96.484580
40.408923,-96.484581
40.428638,-96.484582
40.448457,-96.484583
40.468502,-96.484584
40.488430,-96.484584
40.508415,-96.484585
40.528406,-96.484585
40.548423,-96.484586
40.568396,-96.484587
40.588314,-96.484588
40.608551,-96.484589
40.628409,-96.484589
40.648338,-96.484590
40.668241,-96.484591
40.688237,-96.484592
40.708283,-96.484593
40.728321,-96.484593
40.748377,-96.484593
40.768289,-96.484594
40.788185,-96.484595
40.808132,-96.484595
40.828125,-96.484596
40.848106,-96.484597
40.868260,-96.484597
40.888161,-96.484598
40.908504,-96.484599
40.928376,-96.484599
40.948068,-96.484599
40.968128,-96.484600
40.989071,-96.484600
41.009001,-96.484601
41.028154,-96.484601
41.048090,-96.484602
41.069062,-96.484602
41.089046,-96.484603
41.109190,-96.484603
41.128334,-96.484603
41.149246,-96.484603
41.169077,-96.484604
41.188968,-96.484604
41.208937,-96.484604
41.228861,-96.484605
41.248879,-96.484605
41.268945,-96.484605
41.288898,-96.484606
41.308846,-96.484606
41.328862,-96.484606
41.348843,-96.484606
41.369036,-96.484606
41.389193,-96.484607
41.408805,-96.484607
41.428794,-96.484607
41.448738,-96.484607
41.468762,-96.484608
41.488826,-96.484608
41.508733,-96.484608
41.528732,-96.484609
41.548734,-96.484609
41.568584,-96.484609
41.588670,-96.484610
41.608752,-96.484610
41.628995,-96.484610
41.648641,-96.484610
41.668617,-96.484610
41.688537,-96.484610
41.708714,-96.484610
41.728614,-96.484610
41.748571,-96.484610
41.768523,-96.484610
41.788562,-96.484610
41.808492,-96.484610
41.828494,-96.484610
41.848535,-96.484610
41.868852,-96.484610
41.888424,-96.484610
41.908491,-96.484610
41.929876,-96.484610
41.948357,-96.484610
41.968379,-96.484610
41.988357,-96.484610
42.008441,-96.484610
42.028482,-96.484610
42.048343,-96.484610
42.068325,-96.484610
42.088404,-96.484610
42.108421,-96.484610
42.128565,-96.484610
42.148316,-96.484610
42.168176,-96.484610
42.188569,-96.484610
42.208189,-96.484610
42.228155,-96.484610
42.248441,-96.484610
42.268158,-96.484610
42.288147,-96.484610
42.308072,-96.484610
42.328306,-96.484610
42.348641,-96.484610
42.369241,-96.484610
42.388157,-96.484610
42.409067,-96.484610
42.429151,-96.484610
42.449034,-96.484610
42.468956,-96.484610
42.489042,-96.484610
42.509014,-96.484609
42.529247,-96.484610
42.548968,-96.484610
42.568963,-96.484610
42.588962,-96.484610
42.609099,-96.484610
42.628986,-96.484610
42.648944,-96.484610
42.669296,-96.484609
42.688879,-96.484609
42.708866,-96.484609
42.728829,-96.484610
42.748765,-96.484609
42.768810,-96.484609
42.789023,-96.484609
42.808792,-96.484609
42.828726,-96.484609
42.848733,-96.484609
42.868841,-96.484609
42.888717,-96.484609
42.908679,-96.484608
42.928688,-96.484608
42.948671,-96.484607
42.968682,-96.484607
42.988725,-96.484607
43.008614,-96.484607
43.028587,-96.484607
43.048536,-96.484607
43.068543,-96.484607
43.088547,-96.484607
43.108656,-96.484607
43.128680,-96.484606
43.148525,-96.484607
43.168532,-96.484607
43.188534,-96.484607
43.208500,-96.484607
43.228536,-96.484607
43.248438,-96.484607
43.268618,-96.484606
43.288417,-96.484606
43.308493,-96.484606
43.328367,-96.484607
43.348352,-96.484607
43.368431,-96.484607
43.388438,-96.484607
43.408350,-96.484607
43.428424,-96.484607
43.448304,-96.484607
43.468250,-96.484606
43.488209,-96.484606
43.508246,-96.484606
43.528294,-96.484607
43.548234,-96.484607
43.568165,-96.484607
43.588230,-96.484607
43.608706,-96.484607
43.628482,-96.484607
43.648227,-96.484607
43.668135,-96.484607
43.688145,-96.484607
43.708027,-96.484607
43.729096,-96.484607
43.749081,-96.484607
43.769058,-96.484607
43.789119,-96.484607
43.809331,-96.484607
43.829074,-96.484607
43.849047,-96.484607
43.869102,-96.484607
43.888926,-96.484607
43.908970,-96.484607
43.929576,-96.484608
43.949374,-96.484607
43.968884,-96.484607
43.988839,-96.484607
44.008860,-96.484607
44.028894,-96.484607
44.048870,-96.484607
44.068836,-96.484607
44.088880,-96.484607
44.109269,-96.484607
44.129010,-96.484607
44.148828,-96.484606
44.168780,-96.484606
44.189007,-96.484606
44.208852,-96.484606
44.228753,-96.484606
44.248693,-96.484606
44.269409,-96.484606
44.288637,-96.484606
44.308664,-96.484606
44.328934,-96.484607
44.348716,-96.484607
44.368834,-96.484607
44.388609,-96.484607
44.408715,-96.484607
44.428663,-96.484607
44.448534,-96.484607
44.468596,-96.484607
44.488645,-96.484607
44.508545,-96.484606
44.528605,-96.484607
44.548656,-96.484607
44.568474,-96.484607
44.588592,-96.484607
44.608686,-96.484607
44.628548,-96.484607
44.648404,-96.484607
44.668421,-96.484607
44.688376,-96.484607
44.708428,-96.484607
44.728549,-96.484606
44.748346,-96.484606
44.768473,-96.484606
44.788519,-96.484606
44.808322,-96.484606
44.828309,-96.484606
44.848289,-96.484606
44.868644,-96.484606
44.888309,-96.484606
44.908449,-96.484606
44.928301,-96.484607
44.948200,-96.484607
44.968137,-96.484607
44.988126,-96.484607
45.008462,-96.484607
45.028223,-96.484607
45.048129,-96.484607
45.068121,-96.484606
45.088128,-96.484606
45.109266,-96.484606
45.128536,-96.484607
45.148029,-96.484607
45.169070,-96.484607
45.189069,-96.484607
45.209049,-96.484606
45.229225,-96.484606
45.249094,-96.484606
45.269087,-96.484606
45.289023,-96.484606
45.308986,-96.484606
45.328939,-96.484607
45.349051,-96.484607
45.369016,-96.484607
45.389074,-96.484607
45.408971,-96.484607
45.428936,-96.484607
45.448905,-96.484607
45.468846,-96.484607
45.488829,-96.484607
45.508814,-96.484607
45.528837,-96.484608
45.548877,-96.484607
45.568778,-96.484607
45.588797,-96.484607
45.608843,-96.484607
45.628842,-96.484607
45.648723,-96.484607
45.668732,-96.484607
45.688751,-96.484607
45.708797,-96.484607
45.728746,-96.484607
45.748689,-96.484607
45.768638,-96.484607
45.788702,-96.484607
45.808905,-96.484607
45.828622,-96.484607
45.848689,-96.484607
45.868838,-96.484607
45.888553,-96.484607
45.908522,-96.484607
45.929083,-96.484607
45.948463,-96.484607
45.968458,-96.484607
45.988487,-96.484607
46.008498,-96.484607
46.028800,-96.484607
46.048445,-96.484607
46.068542,-96.484607
46.088581,-96.484607
46.108540,-96.484607
46.128483,-96.484608
46.148936,-96.484608
46.168448,-96.484608
46.188532,-96.484607
46.208288,-96.484607
46.228706,-96.484607
46.248293,-96.484607
46.268263,-96.484607
46.288284,-96.484607
46.308281,-96.484607
46.328398,-96.484608
46.348197,-96.484608
46.368403,-96.484608
46.388131,-96.484608
46.408249,-96.484608
46.428247,-96.484608
46.448127,-96.484608
46.468185,-96.484608
46.488114,-96.484608
46.508175,-96.484608
46.528316,-96.484608
46.549063,-96.484608
46.569062,-96.484608
46.589087,-96.484608
46.609215,-96.484608
46.629111,-96.484608
46.648977,-96.484608
46.669014,-96.484608
46.688983,-96.484608
46.708916,-96.484608
46.728914,-96.484608
46.748946,-96.484608
46.769069,-96.484608
46.788905,-96.484608
46.808859,-96.484608
46.828955,-96.484608
46.848803,-96.484608
46.869059,-96.484608
46.888824,-96.484608
46.908870,-96.484608
46.928848,-96.484608
46.948794,-96.484608
46.968755,-96.484607
46.988866,-96.484607
47.008790,-96.484608
47.028737,-96.484608
47.048695,-96.484608
47.068769,-96.484608
47.088708,-96.484608
47.108974,-96.484608
47.128882,-96.484608
47.148829,-96.484609
47.168619,-96.484609
47.188637,-96.484609
47.208641,-96.484609
47.228609,-96.484609
47.248609,-96.484609
47.268626,-96.484609
47.288639,-96.484609
47.308521,-96.484609
47.328616,-96.484609
47.348571,-96.484609
47.368773,-96.484609
47.388657,-96.484609
47.408532,-96.484610
47.428586,-96.484610
47.448443,-96.484610
47.468560,-96.484610
47.488372,-96.484610
47.508387,-96.484610
47.528471,-96.484610
47.548357,-96.484610
47.568357,-96.484610
47.588329,-96.484610
47.608515,-96.484610
47.628378,-96.484610
47.648229,-96.484610
47.668316,-96.484611
47.688243,-96.484611
47.708299,-96.484611
47.728299,-96.484611
47.748199,-96.484612
47.768420,-96.484612
47.788243,-96.484612
47.808194,-96.484612
47.828184,-96.484612
47.848191,-96.484612
47.868439,-96.484612
47.889080,-96.484612
47.908184,-96.484612
47.929090,-96.484613
47.949303,-96.484614
47.969112,-96.484614
47.989119,-96.484614
48.008963,-96.484614
48.029159,-96.484614
48.049029,-96.484614
48.069018,-96.484614
48.088977,-96.484615
48.109354,-96.484615
48.129061,-96.484616
48.149031,-96.484616
48.169031,-96.484616
48.189156,-96.484616
48.208858,-96.484617
48.228845,-96.484617
48.248787,-96.484617
48.269042,-96.484617
48.288836,-96.484618
48.308768,-96.484618
48.328786,-96.484619
48.348747,-96.484619
48.369022,-96.484620
48.388771,-96.484620
48.408880,-96.484620
48.429255,-96.484621
48.448659,-96.484621
48.468666,-96.484621
48.488690,-96.484622
48.508778,-96.484622
48.528604,-96.484623
48.548587,-96.484623
48.568602,-96.484624
48.588568,-96.484624
48.608708,-96.484625
48.628700,-96.484625
48.648644,-96.484625
48.668583,-96.484626
48.688587,-96.484626
48.708544,-96.484627
48.728491,-96.484627
48.748568,-96.484628
48.768501,-96.484628
48.788479,-96.484629
48.808375,-96.484629
48.828412,-96.484630
48.848433,-96.484630
48.868660,-96.484630
48.888364,-96.484631
48.908447,-96.484631
48.928408,-96.484633
48.948308,-96.484633
48.968373,-96.484634
48.988522,-96.484634
49.008322,-96.484635
49.028315,-96.484635
49.048344,-96.484636
49.068394,-96.484636
49.088181,-96.484637
49.108508,-96.484638
49.128298,-96.484639
49.148151,-96.484639
49.168154,-96.484640
49.188169,-96.484641
49.208108,-96.484641
49.228106,-96.484642
49.248060,-96.484643
49.269089,-96.484643
49.289028,-96.484644
49.309142,-96.484645
49.329134,-96.484646
49.349460,-96.484647
49.369252,-96.484647
49.389145,-96.484648
49.409038,-96.484649
49.429037,-96.484649
49.449012,-96.484650
49.468969,-96.484651
49.488942,-96.484652
49.508992,-96.484652
49.529212,-96.484654
49.548866,-96.484655
49.568876,-96.484655
49.588930,-96.484656
49.609070,-96.484657
49.629033,-96.484658
49.649009,-96.484659
49.668930,-96.484659
49.688877,-96.484660
49.708854,-96.484661
49.728865,-96.484663
49.748828,-96.484664
49.768766,-96.484664
49.788758,-96.484665
49.808781,-96.484666
49.828745,-96.484667
49.848713,-96.484668
49.868850,-96.484669
49.888672,-96.484670
49.908732,-96.484671
49.929397,-96.484673
49.948760,-96.484674
49.968636,-96.484675
49.988623,-96.484675
50.008656,-96.484676
50.028826,-96.484677
50.048548,-96.484678
50.068608,-96.484679
50.088633,-96.484680
50.108713,-96.484681
50.128521,-96.484682
50.148553,-96.484684
50.168539,-96.484685
50.188528,-96.484686
50.208578,-96.484687
50.228481,-96.484688
50.248423,-96.484689
50.268460,-96.484690
50.288391,-96.484691
50.308322,-96.484693
50.328349,-96.484694
50.348519,-96.484696
50.368570,-96.484697
50.388478,-96.484698
50.408371,-96.484699
50.428413,-96.484700
50.448380,-96.484701
50.468246,-96.484702
50.488220,-96.484703
50.508291,-96.484704
50.528251,-96.484706
50.548200,-96.484707
50.568194,-96.484708
50.588189,-96.484709
50.608422,-96.484710
50.628252,-96.484711
50.648225,-96.484713
50.669280,-96.484714
50.688104,-96.484715
50.708082,-96.484716
50.729171,-96.484717
50.749094,-96.484719
50.769053,-96.484720
50.789310,-96.484721
50.809077,-96.484722
50.829065,-96.484723
50.849092,-96.484724
50.869173,-96.484725
50.888993,-96.484726
50.909080,-96.484727
50.929103,-96.484728
50.948943,-96.484729
50.968913,-96.484730
50.989039,-96.484731
51.008904,-96.484732
51.029133,-96.484733
51.048900,-96.484734
51.068879,-96.484735
51.089219,-96.484736
51.109074,-96.484737
51.128985,-96.484738
51.148851,-96.484739
51.168772,-96.484740
51.189008,-96.484741
51.208803,-96.484742
51.228884,-96.484742
51.248810,-96.484743
51.268733,-96.484744
51.288732,-96.484745
51.308770,-96.484746
51.328700,-96.484747
51.348818,-96.484748
51.368807,-96.484748
51.388670,-96.484749
51.408716,-96.484750
51.428839,-96.484751
51.448613,-96.484751
51.468615,-96.484752
51.488586,-96.484753
51.508610,-96.484753
51.528748,-96.484754
51.548494,-96.484755
51.568598,-96.484755
51.588563,-96.484756
51.608695,-96.484756
51.628733,-96.484757
51.648593,-96.484757
51.668556,-96.484758
51.688532,-96.484758
51.708519,-96.484759
51.729270,-96.484759
51.748436,-96.484759
51.768532,-96.484759
51.788367,-96.484760
51.808399,-96.484760
51.828393,-96.484761
51.848421,-96.484761
51.868463,-96.484761
51.888315,-96.484762
51.908360,-96.484762
51.928418,-96.484762
51.948382,-96.484762
51.968234,-96.484762
51.988262,-96.484763
52.008219,-96.484763
52.028213,-96.484763
52.048234,-96.484764
52.068185,-96.484764
52.088176,-96.484764
52.108297,-96.484764
52.129683,-96.484764
52.148141,-96.484764
52.169166,-96.484764
52.188116,-96.484765
52.208353,-96.484765
52.229155,-96.484765
52.249099,-96.484765
52.269314,-96.484765
52.289095,-96.484765
52.309076,-96.484766
52.329075,-96.484765
52.349102,-96.484765
52.369177,-96.484765
52.389081,-96.484765
52.409090,-96.484765
52.429040,-96.484765
52.449065,-96.484766
52.469039,-96.484766
52.488906,-96.484766
52.508899,-96.484766
52.528967,-96.484765
52.548855,-96.484765
52.569109,-96.484765
52.588943,-96.484765
52.609047,-96.484765
52.628980,-96.484766
52.648798,-96.484766
52.668882,-96.484766
52.688854,-96.484766
52.708769,-96.484766
52.728824,-96.484765
52.748908,-96.484765
52.768699,-96.484766
52.788927,-96.484766
52.808726,-96.484766
52.828714,-96.484766
52.848742,-96.484766
52.868804,-96.484766
52.888684,-96.484766
52.908727,-96.484766
52.928779,-96.484766
52.948634,-96.484766
52.968560,-96.484766
52.988575,-96.484766
53.008643,-96.484766
53.028716,-96.484766
53.048590,-96.484766
53.068549,-96.484766
53.088562,-96.484766
53.108575,-96.484767
53.128622,-96.484767
53.148553,-96.484766
53.168505,-96.484766
53.188439,-96.484766
53.208452,-96.484766
53.228615,-96.484767
53.248381,-96.484767
53.268405,-96.484767
53.288348,-96.484767
53.308333,-96.484767
53.328299,-96.484766
53.348594,-96.484767
53.368386,-96.484767
53.388498,-96.484767
53.408364,-96.484767
53.428331,-96.484767
53.448212,-96.484767
53.468295,-96.484767
53.488211,-96.484767
53.508241,-96.484767
53.528293,-96.484767
53.548318,-96.484767
53.568179,-96.484767
53.589148,-96.484767
53.608523,-96.484767
53.629243,-96.484767
53.649252,-96.484767
53.668109,-96.484767
53.689109,-96.484767
53.709199,-96.484768
53.729080,-96.484767
53.749063,-96.484767
53.769107,-96.484767
53.789074,-96.484767
53.809041,-96.484768
53.829165,-96.484768
53.848970,-96.484768
53.869408,-96.484768
53.889028,-96.484768
53.909053,-96.484768
53.928959,-96.484768
53.948863,-96.484768
53.968860,-96.484768
53.988854,-96.484768
54.008865,-96.484768
54.028865,-96.484768
54.048797,-96.484768
54.069027,-96.484768
54.088825,-96.484768
54.108894,-96.484768
54.128826,-96.484768
54.148873,-96.484768
54.168780,-96.484768
54.189071,-96.484768
54.208762,-96.484768
54.228755,-96.484768
54.248660,-96.484768
54.268652,-96.484768
54.288766,-96.484768
54.308677,-96.484768
54.328619,-96.484768
54.348716,-96.484768
54.368943,-96.484768
54.388652,-96.484768
54.408600,-96.484768
54.428757,-96.484768
54.448708,-96.484768
54.468533,-96.484768
54.488585,-96.484769
54.508570,-96.484769
54.528815,-96.484768
54.548563,-96.484768
