0.203653,0.012000
0.303951,0.007000
0.436662,0.013000
0.503569,0.007000
0.536865,0.013000
0.803652,0.012000
0.869384,0.002000
0.968708,0.022000
1.201629,0.148000
1.268472,0.213000
1.301985,0.215000
1.369806,0.292000
1.534037,0.381000
1.600894,0.415000
1.933342,0.471000
2.034648,0.506000
2.101644,0.532000
2.134083,0.526000
2.168328,0.530000
2.202890,0.523000
2.403499,0.516000
2.502405,0.526000
2.534862,0.543000
2.802327,0.546000
3.205614,0.545000
3.237976,0.596000
3.377743,0.539000
3.408107,0.532000
3.473103,0.532000
3.637299,0.522000
3.738560,0.558000
3.908659,0.571000
4.071699,0.544000
4.107314,0.530000
4.139576,0.524000
4.172039,0.512000
4.206462,0.520000
4.238800,0.520000
4.305827,0.512000
4.571240,0.523000
4.938066,0.528000
4.970417,0.524000
5.103184,0.451000
5.136740,0.453000
5.203645,0.434000
5.268340,0.457000
5.404209,0.449000
5.438932,0.445000
5.470989,0.456000
5.536906,0.456000
5.768877,0.473000
5.868179,0.468000
5.938428,0.478000
5.970563,0.472000
6.036501,0.472000
6.103475,0.470000
6.269452,0.483000
6.337231,0.474000
6.403182,0.475000
6.437614,0.491000
6.568177,0.520000
6.905587,0.498000
6.937930,0.484000
6.972485,0.510000
7.006902,0.450000
7.040226,0.488000
7.205278,0.488000
7.440317,0.478000
7.541675,0.489000
7.574099,0.500000
7.642078,0.473000
7.742286,0.459000
7.906538,0.442000
7.940811,0.471000
8.044243,0.454000
8.107140,0.470000
8.175954,0.453000
8.242711,0.455000
8.606569,0.020000
8.706758,0.041000
8.773637,0.008000
8.939687,0.028000
9.205188,0.010000
9.274085,0.010000
9.373404,0.013000
9.405846,0.014000
9.440173,0.022000
9.540577,0.009000
9.675450,0.022000
9.707744,0.022000
9.740173,0.014000
9.940825,0.010000
9.975451,0.020000
10.007778,0.010000
10.042092,0.015000
10.275239,0.011000
10.375570,0.013000
10.407043,0.006000
10.475918,0.017000
10.508286,0.003000
10.541766,0.050000
10.644089,0.012000
10.710953,0.027000
10.743413,0.021000
10.878629,0.018000
10.978859,0.014000
11.045274,0.013000
11.444431,0.016000
11.478840,0.008000
11.513341,0.033000
11.680407,0.012000
11.778749,0.025000
12.179740,0.020000
12.214320,0.014000
12.313535,0.030000
