0.258509159088,1.0
0.291687250137,1.0
0.325065851212,1.0
0.358416557312,1.0
0.39168047905,1.0
0.425257921219,1.0
0.458274126053,1.0
0.491733074188,1.0
0.524981021881,1.0
0.558524370193,1.0
0.591712713242,1.0
0.624940156937,1.0
0.658551931381,1.0
0.691698074341,1.0
0.725244283676,1.0
0.75864481926,1.0
0.791858196259,1.0
0.825062990189,1.0
0.858256101608,1.0
0.89165520668,1.0
0.924973726273,1.0
0.95837020874,1.0
0.99168920517,1.0
1.02513575554,1.0
1.05829644203,1.0
1.09155678749,1.0
1.12504029274,1.0
1.1582634449,1.0
1.19152450562,1.0
1.22490143776,1.0
1.25837755203,1.0
1.29175782204,1.0
1.32492661476,1.0
1.35843014717,1.0
1.39163517952,1.0
1.42493987083,1.0
1.45812058449,1.0
1.49165320396,1.0
1.52500009537,1.0
1.55828881264,1.0
1.59172320366,1.0
1.62501311302,1.0
1.65841245651,1.0
1.69172358513,1.0
1.7250328064,1.0
1.75824093819,1.0
1.79154229164,1.0
1.824862957,1.0
1.8584215641,1.0
1.89157414436,1.0
1.92466187477,1.0
1.95816040039,1.0
1.99133253098,1.0
2.02500247955,1.0
2.05840730667,1.0
2.09156966209,1.0
2.12498188019,1.0
2.15823101997,1.0
2.19165802002,1.0
2.22511911392,1.0
2.2585337162,1.0
2.29181933403,1.0
2.32500696182,1.0
2.35853171349,1.0
2.39155507088,1.0
2.42498254776,1.0
2.45847821236,1.0
2.49159431458,1.0
2.52500915527,1.0
2.55841469765,1.0
2.59165287018,1.0
2.62491941452,1.0
2.65845155716,1.0
2.6915974617,1.0
2.72488021851,1.0
2.75820851326,1.0
2.79153347015,1.0
2.82492613792,1.0
2.85838317871,1.0
2.89144968987,1.0
2.92511463165,1.0
2.95834946632,1.0
2.99167132378,1.0
3.02504277229,1.0
3.05836868286,1.0
3.09165263176,1.0
3.12491965294,1.0
3.1583814621,1.0
3.19166135788,1.0
3.22502374649,1.0
3.25826454163,1.0
3.29164934158,1.0
3.3250067234,1.0
3.3581738472,1.0
3.39152598381,1.0
3.4250626564,1.0
3.45835494995,1.0
3.49163246155,1.0
3.52517557144,1.0
3.55825066566,1.0
3.5916762352,1.0
3.62495183945,1.0
3.65823936462,1.0
3.69171452522,1.0
3.7250123024,1.0
3.75837063789,1.0
3.79158711433,1.0
3.8251926899,1.0
3.8581867218,1.0
3.89169359207,1.0
3.92491316795,1.0
3.95825409889,1.0
3.99171805382,1.0
4.02484822273,1.0
4.05818080902,1.0
4.09148168564,1.0
4.12494039536,1.0
4.1581735611,1.0
4.19162011147,1.0
4.22490048409,1.0
4.2583425045,1.0
4.29162716866,1.0
4.32489418983,1.0
4.35820293427,1.0
4.39163327217,1.0
4.42503166199,1.0
4.45845460892,1.0
4.4916665554,1.0
4.524974823,1.0
4.55830144882,1.0
4.59160327911,1.0
4.6250743866,1.0
4.65822076797,1.0
4.69157123566,1.0
4.72487473488,1.0
4.75825667381,1.0
4.79159045219,1.0
4.82499098778,1.0
4.85838389397,1.0
4.89166879654,1.0
4.92507386208,1.0
4.9583363533,1.0
4.99165654182,1.0
5.0248708725,1.0
5.05820965767,1.0
5.0916788578,1.0
5.12494039536,1.0
5.15836906433,1.0
5.19161105156,1.0
5.22503900528,1.0
5.25836420059,1.0
5.29154324532,1.0
5.32493329048,1.0
5.35823178291,1.0
5.39157915115,1.0
5.4249792099,1.0
5.45833492279,1.0
5.49161624908,1.0
5.52494502068,1.0
5.55844211578,1.0
5.59161806107,1.0
5.62491464615,1.0
5.65834307671,1.0
5.69157171249,1.0
5.72494745255,1.0
5.75842881203,1.0
5.7916765213,1.0
5.82500362396,1.0
5.85831141472,1.0
5.89168715477,1.0
5.92515516281,1.0
5.95831847191,1.0
5.99164295197,1.0
6.02496385574,1.0
6.05841588974,1.0
6.09159064293,1.0
6.12516689301,1.0
6.15823698044,1.0
6.1915602684,1.0
6.22490310669,1.0
6.25826215744,1.0
6.29177951813,1.0
6.32486104965,1.0
6.35846710205,1.0
6.3916695118,1.0
6.42510724068,1.0
6.45833969116,1.0
6.49179983139,1.0
6.52507591248,1.0
6.55827069283,1.0
6.59159231186,1.0
6.62491846085,1.0
6.65847826004,1.0
6.69160199165,1.0
6.72501778603,1.0
6.7583091259,1.0
6.79154229164,1.0
6.82491970062,1.0
6.85819935799,1.0
6.89151382446,1.0
6.92490267754,1.0
6.95834803581,1.0
6.99180436134,1.0
7.0249607563,1.0
7.05820679665,1.0
7.09168434143,1.0
7.12508273125,1.0
7.15819597244,1.0
7.1915564537,1.0
7.22487139702,1.0
7.25829601288,1.0
7.29154872894,1.0
7.32492923737,1.0
7.35830903053,1.0
7.39174413681,1.0
7.42492318153,1.0
7.4583067894,1.0
7.49160790443,1.0
7.52500319481,1.0
7.55816984177,1.0
7.59165453911,1.0
7.62498140335,1.0
7.65821146965,1.0
7.69168519974,1.0
7.7251958847,1.0
7.75821471214,1.0
7.79156780243,1.0
7.82496714592,1.0
7.85838627815,1.0
7.89153766632,1.0
7.92509317398,1.0
7.95835924149,1.0
7.99157500267,1.0
8.0248568058,1.0
8.05847644806,1.0
8.09164857864,1.0
8.12487888336,1.0
8.1581966877,1.0
8.19162535667,1.0
8.22503376007,1.0
8.25839424133,1.0
8.29170823097,1.0
8.32495474815,1.0
8.3583920002,1.0
8.39157676697,1.0
8.42485880852,1.0
8.45850801468,1.0
8.49158453941,1.0
8.52498149872,1.0
8.55826592445,1.0
8.59167504311,1.0
8.6250910759,1.0
8.65841794014,1.0
8.69166564941,1.0
8.72494626045,1.0
8.7581949234,1.0
8.79148411751,1.0
8.8250439167,1.0
8.85839653015,1.0
8.8916053772,1.0
8.92501020432,1.0
8.95850110054,1.0
8.9916408062,1.0
9.02499175072,1.0
9.05823206902,1.0
9.09181380272,1.0
9.12513065338,1.0
9.15829706192,1.0
9.19173765182,1.0
9.22489356995,1.0
9.25844812393,1.0
9.29155349731,1.0
9.32489466667,1.0
9.35823249817,1.0
9.39168715477,1.0
9.42502880096,1.0
9.4584043026,1.0
9.49152827263,1.0
9.52501726151,1.0
9.55842900276,1.0
9.59147524834,1.0
9.62497067451,1.0
9.65900182724,1.0
9.69177293777,1.0
9.72497344017,1.0
9.75834107399,1.0
9.79161095619,1.0
9.8249437809,1.0
9.85830283165,1.0
9.89146590233,1.0
9.92492651939,1.0
9.95833110809,1.0
9.99154782295,1.0
10.0251708031,1.0
10.0583202839,1.0
10.0916714668,1.0
10.1249778271,1.0
10.1582884789,1.0
10.1915709972,1.0
10.2249627113,1.0
10.2583787441,1.0
10.2916705608,1.0
10.325047493,1.0
10.3583312035,1.0
10.3918628693,1.0
10.4250223637,1.0
10.4582958221,1.0
10.4915785789,1.0
10.5248456001,1.0
10.5582785606,1.0
10.5916063786,1.0
10.624891758,1.0
10.6584210396,1.0
10.6917700768,1.0
10.7249729633,1.0
10.7583062649,1.0
10.7915287018,1.0
10.8248181343,1.0
10.858366251,1.0
10.8916583061,1.0
10.9249258041,1.0
10.9582560062,1.0
10.9916963577,1.0
11.024923563,1.0
11.0583193302,1.0
11.0914509296,1.0
11.1249473095,1.0
11.1582417488,1.0
11.1916036606,1.0
11.2250204086,1.0
11.2583217621,1.0
11.2915501595,1.0
11.3249135017,1.0
11.3583502769,1.0
11.3916113377,1.0
11.4249067307,1.0
11.4582390785,1.0
11.4916541576,1.0
11.524992466,1.0
11.5581934452,1.0
11.5916016102,1.0
11.624890089,1.0
11.6582121849,1.0
11.6915585995,1.0
11.7248632908,1.0
11.7582080364,1.0
11.7915332317,1.0
11.82498312,1.0
11.8584771156,1.0
11.8917412758,1.0
11.9249389172,1.0
11.9583761692,1.0
11.9917323589,1.0
12.0250208378,1.0
12.0583057404,1.0
12.0917313099,1.0
12.1249098778,1.0
12.158387661,1.0
12.1915528774,1.0
12.2249102592,1.0
12.2582135201,1.0
12.2916975021,1.0
12.324877739,1.0
12.3584213257,1.0
12.3917179108,1.0
12.4248888493,1.0
12.4583153725,1.0
12.491587162,1.0
12.5249199867,1.0
12.558371067,1.0
12.5915973186,1.0
12.6250395775,1.0
12.6582973003,1.0
12.6915910244,1.0
12.7250368595,1.0
12.7582921982,1.0
12.7917191982,1.0
12.8248925209,1.0
12.8581995964,1.0
12.891513586,1.0
12.9249830246,1.0
12.9583237171,1.0
12.9916272163,1.0
13.0250678062,1.0
13.0583250523,1.0
13.0917730331,1.0
13.1249568462,1.0
13.158236742,1.0
13.1916801929,1.0
13.2249104977,1.0
13.2584147453,1.0
13.2915871143,1.0
13.3249893188,1.0
13.3583238125,1.0
13.3916656971,1.0
13.4249162674,1.0
13.458483696,1.0
13.4917097092,1.0
13.5250377655,1.0
13.5583574772,1.0
13.591555357,1.0
13.6249582767,1.0
13.658313036,1.0
13.6917672157,1.0
13.7249622345,1.0
13.7583250999,1.0
13.7914965153,1.0
13.8249423504,1.0
13.8582458496,1.0
13.8916869164,1.0
13.924943924,1.0
13.9584228992,1.0
13.9917833805,1.0
14.0249824524,1.0
14.0584142208,1.0
14.0915923119,1.0
14.1248295307,1.0
14.1582243443,1.0
14.1916704178,1.0
14.2249794006,1.0
14.258234024,1.0
14.2917022705,1.0
14.3251569271,1.0
14.3583140373,1.0
14.3916351795,1.0
14.4248418808,1.0
14.4582116604,1.0
14.4915630817,1.0
14.5249426365,1.0
14.5583524704,1.0
14.5915367603,1.0
14.6250863075,1.0
14.6583724022,1.0
14.6915273666,1.0
14.7250688076,1.0
14.7582800388,1.0
14.7915813923,1.0
14.8248476982,1.0
14.8582208157,1.0
14.8916633129,1.0
14.9249250889,1.0
14.9585156441,1.0
14.9916374683,1.0
15.0249271393,1.0
15.0583899021,1.0
15.0914802551,1.0
15.1250143051,1.0
15.158390522,1.0
15.1916396618,1.0
15.2249500751,1.0
15.2583758831,1.0
15.2916173935,1.0
15.3249371052,1.0
15.3581576347,1.0
15.3915596008,1.0
15.4248838425,1.0
15.4581923485,1.0
15.4917397499,1.0
15.5250937939,1.0
15.5583095551,1.0
15.5917305946,1.0
15.6249790192,1.0
15.6581559181,1.0
15.6915597916,1.0
15.724957943,1.0
15.7582557201,1.0
15.7916145325,1.0
15.8250844479,1.0
15.8584470749,1.0
15.8915441036,1.0
15.9250180721,1.0
15.9583683014,1.0
15.9916882515,1.0
16.024949789,1.0
16.0582642555,1.0
16.0916104317,1.0
16.1250035763,1.0
16.158288002,1.0
16.191516161,1.0
16.2249569893,1.0
16.2583334446,1.0
16.2915036678,1.0
16.3249042034,1.0
16.3582818508,1.0
16.391859293,1.0
16.4249334335,1.0
16.4584956169,1.0
16.4915325642,1.0
16.5250601768,1.0
16.5584316254,1.0
16.5916483402,1.0
16.6248295307,1.0
16.6583390236,1.0
16.69150424,1.0
16.724906683,1.0
16.7584459782,1.0
16.7917106152,1.0
16.8250477314,1.0
16.8584034443,1.0
16.8916325569,1.0
16.9249110222,1.0
16.958262682,1.0
16.991547823,1.0
17.0249032974,1.0
17.058216095,1.0
17.0916473866,1.0
17.125056982,1.0
17.1582896709,1.0
17.1916148663,1.0
17.2248504162,1.0
17.2581932545,1.0
17.291478157,1.0
17.3249399662,1.0
17.3582472801,1.0
17.3917605877,1.0
17.4251232147,1.0
17.4582343102,1.0
17.491809845,1.0
17.5249495506,1.0
17.5581810474,1.0
17.5915820599,1.0
17.6250572205,1.0
17.6582570076,1.0
17.6916787624,1.0
17.7250106335,1.0
17.75841856,1.0
17.7916343212,1.0
17.8248171806,1.0
17.8582382202,1.0
17.8916759491,1.0
17.9250099659,1.0
17.9583277702,1.0
17.9915881157,1.0
18.0250015259,1.0
18.058334589,1.0
18.0915665627,1.0
18.1249771118,1.0
18.1582098007,1.0
18.1915631294,1.0
18.2251627445,1.0
18.2582066059,1.0
18.2915205956,1.0
18.3249599934,1.0
18.3584420681,1.0
18.3916733265,1.0
18.4250469208,1.0
18.458370924,1.0
18.4915866852,1.0
18.5249378681,1.0
18.5582919121,1.0
18.5915827751,1.0
18.625212431,1.0
18.6584107876,1.0
18.6917676926,1.0
18.7251079082,1.0
18.7582988739,1.0
18.7915432453,1.0
18.8249464035,1.0
18.8583393097,1.0
18.8916089535,1.0
18.9249594212,1.0
18.958322525,1.0
18.9915132523,1.0
19.0249052048,1.0
19.0583326817,1.0
19.0916132927,1.0
19.1251189709,1.0
19.1582481861,1.0
19.1915488243,1.0
19.2248599529,1.0
19.2584347725,1.0
19.2917151451,1.0
19.3249075413,1.0
19.3582952023,1.0
19.3914561272,1.0
19.4249811172,1.0
19.4584019184,1.0
19.4916479588,1.0
19.5251762867,1.0
19.5582520962,1.0
19.5916080475,1.0
19.6249420643,1.0
19.658159256,1.0
19.6915535927,1.0
19.7249429226,1.0
19.7583045959,1.0
19.7915403843,1.0
19.8250021935,1.0
19.8581511974,1.0
19.8917357922,1.0
19.9250466824,1.0
19.9585180283,1.0
19.9915351868,1.0
20.0249302387,1.0
20.0582489967,1.0
20.0915544033,1.0
20.1250455379,1.0
20.1584095955,1.0
20.1916966438,1.0
20.2249362469,1.0
20.2582821846,1.0
20.2915341854,1.0
20.3250052929,1.0
20.3583292961,1.0
20.3916225433,1.0
20.4250335693,1.0
20.4582853317,1.0
20.4916479588,1.0
20.5249528885,1.0
20.5583446026,1.0
20.5916132927,1.0
20.625105381,1.0
20.6583456993,1.0
20.691672802,1.0
20.7250254154,1.0
20.7582776546,1.0
20.7918629646,1.0
20.8249568939,1.0
20.8582293987,1.0
20.8915348053,1.0
20.9248659611,1.0
20.95825243,1.0
20.9916408062,1.0
21.0250954628,1.0
21.0583982468,1.0
21.0917217731,1.0
21.125017643,1.0
21.1582136154,1.0
21.1915552616,1.0
21.2248692513,1.0
21.25831604,1.0
21.2916178703,1.0
21.3249945641,1.0
21.3583567142,1.0
21.391705513,1.0
21.4248378277,1.0
21.4582233429,1.0
21.4914600849,1.0
21.5248327255,1.0
21.5582363605,1.0
21.591606617,1.0
21.6250984669,1.0
21.6582725048,1.0
21.6917703152,1.0
21.7249002457,1.0
21.7583520412,1.0
21.7915785313,1.0
21.8248662949,1.0
21.8581831455,1.0
21.8916091919,1.0
21.9250926971,1.0
21.958325386,1.0
21.9916460514,1.0
22.0250079632,1.0
22.0582170486,1.0
22.0915341377,1.0
22.1250445843,1.0
22.1584069729,1.0
22.1915569305,1.0
22.2249708176,1.0
22.2583060265,1.0
22.2915194035,1.0
22.3249876499,1.0
22.3584852219,1.0
22.3915855885,1.0
22.4250221252,1.0
22.4581618309,1.0
22.4915487766,1.0
22.5249526501,1.0
22.558175087,1.0
22.5916924477,1.0
22.6250960827,1.0
22.6582951546,1.0
22.6916582584,1.0
22.7249248028,1.0
22.7583024502,1.0
22.7915327549,1.0
22.8248281479,1.0
22.8582615852,1.0
22.8916916847,1.0
22.9248733521,1.0
22.9584228992,1.0
22.9916067123,1.0
23.0249595642,1.0
23.0584714413,1.0
23.0915498734,1.0
23.1250345707,1.0
23.1583259106,1.0
23.1915402412,1.0
23.2249538898,1.0
23.2582855225,1.0
23.2914304733,1.0
23.3248722553,1.0
23.3582017422,1.0
23.3916201591,1.0
23.4249835014,1.0
23.4582262039,1.0
23.491574049,1.0
23.5248954296,1.0
23.5583157539,1.0
23.5915215015,1.0
23.6248362064,1.0
23.6584041119,1.0
23.6917052269,1.0
23.7248253822,1.0
23.7582848072,1.0
23.791683197,1.0
23.8249857426,1.0
23.8584823608,1.0
23.8916778564,1.0
23.9248964787,1.0
23.9582059383,1.0
23.9916632175,1.0
24.0249536037,1.0
24.0582866669,1.0
24.0915989876,1.0
24.1250545979,1.0
24.1583445072,1.0
24.1915121078,1.0
24.2250039577,1.0
24.2583715916,1.0
24.2915937901,1.0
24.3248870373,1.0
24.3583376408,1.0
24.3916049004,1.0
24.4249920845,1.0
24.458466053,1.0
24.4915018082,1.0
24.524987936,1.0
24.5583534241,1.0
24.5914559364,1.0
24.6249442101,1.0
24.6582083702,1.0
24.6916389465,1.0
24.7249286175,1.0
24.7583258152,1.0
24.7916128635,1.0
24.8249816895,1.0
24.8583898544,1.0
24.8915691376,1.0
24.9249901772,1.0
24.9583497047,1.0
24.9915926456,1.0
25.0250563622,1.0
25.0583024025,1.0
25.0915877819,1.0
25.1249527931,1.0
25.1582372189,1.0
25.1917533875,1.0
25.2249310017,1.0
25.2582306862,1.0
25.2916874886,1.0
25.3251514435,1.0
25.3584420681,1.0
25.3915429115,1.0
25.4250273705,1.0
25.4582574368,1.0
25.4915904999,1.0
25.5249922276,1.0
25.5583670139,1.0
25.5915911198,1.0
25.6249728203,1.0
25.6583786011,1.0
25.6916162968,1.0
25.7251160145,1.0
25.7583692074,1.0
25.7916483879,1.0
25.8250048161,1.0
25.8582727909,1.0
25.8915843964,1.0
25.9248530865,1.0
25.9583387375,1.0
25.9916799068,1.0
26.0250880718,1.0
26.0581898689,1.0
26.0916929245,1.0
26.1249375343,1.0
26.1582560539,1.0
26.1916432381,1.0
26.2248766422,1.0
26.2583367825,1.0
26.2917861938,1.0
26.3250200748,1.0
26.3583791256,1.0
26.3916211128,1.0
26.424800396,1.0
26.4582085609,1.0
26.4915556908,1.0
26.5250413418,1.0
26.5584981441,1.0
26.591735363,1.0
26.6250457764,1.0
26.6582603455,1.0
26.6916255951,1.0
26.7248983383,1.0
26.7582018375,1.0
26.7916526794,1.0
26.8250601292,1.0
26.8581736088,1.0
26.8916144371,1.0
26.9251418114,1.0
26.9583880901,1.0
26.991736412,1.0
27.0249199867,1.0
27.0582036972,1.0
27.0917344093,1.0
27.124969244,1.0
27.1584143639,1.0
27.1916270256,1.0
27.2249569893,1.0
27.2581992149,1.0
27.291621685,1.0
27.3249564171,1.0
27.3582065105,1.0
27.3915777206,1.0
27.4249749184,1.0
27.458334446,1.0
27.4917275906,1.0
27.524917841,1.0
27.5583677292,1.0
27.5916087627,1.0
27.6249468327,1.0
27.6582355499,1.0
27.6916687489,1.0
27.7249748707,1.0
27.7583072186,1.0
27.7917151451,1.0
27.8249356747,1.0
27.8581931591,1.0
27.8916492462,1.0
27.9248616695,1.0
27.9582083225,1.0
27.9915187359,1.0
28.0249419212,1.0
28.0582070351,1.0
28.0915400982,1.0
28.1251461506,1.0
28.1582965851,1.0
28.1916179657,1.0
28.2248973846,1.0
28.2581787109,1.0
28.2917215824,1.0
28.3249943256,1.0
28.3583493233,1.0
28.3915550709,1.0
28.424916029,1.0
28.4582540989,1.0
28.4918141365,1.0
28.5249853134,1.0
28.5582180023,1.0
28.5916223526,1.0
28.6250636578,1.0
28.6583986282,1.0
28.6917974949,1.0
28.7248735428,1.0
28.7584693432,1.0
28.7916648388,1.0
28.8249475956,1.0
28.8582680225,1.0
28.8917400837,1.0
28.9248476028,1.0
28.9584145546,1.0
28.9916610718,1.0
29.0249130726,1.0
29.0582418442,1.0
29.0915756226,1.0
29.1249768734,1.0
29.1581792831,1.0
29.1918046474,1.0
29.2249407768,1.0
29.2583220005,1.0
29.2916960716,1.0
29.3250694275,1.0
29.3583400249,1.0
29.3915069103,1.0
29.4248418808,1.0
29.4582293034,1.0
29.4916682243,1.0
29.5250034332,1.0
29.5583686829,1.0
29.5915751457,1.0
29.624890089,1.0
29.6582486629,1.0
29.6916053295,1.0
29.7248556614,1.0
29.7582466602,1.0
29.7915563583,1.0
29.8250062466,1.0
29.8584902287,1.0
29.8918025494,1.0
29.9250736237,1.0
29.9585280418,1.0
29.9916694164,1.0
30.0248966217,1.0
30.0582749844,1.0
30.0915412903,1.0
30.1249525547,1.0
30.1582920551,1.0
30.1916692257,1.0
30.2249679565,1.0
30.2582161427,1.0
30.2917845249,1.0
30.3249547482,1.0
30.3582513332,1.0
30.3917169571,1.0
30.4249575138,1.0
30.4584400654,1.0
30.4917211533,1.0
30.5250730515,1.0
30.5582120419,1.0
30.5915389061,1.0
30.6248450279,1.0
30.658364296,1.0
30.6915335655,1.0
30.7252178192,1.0
30.7583723068,1.0
30.7918300629,1.0
30.825168848,1.0
30.8582844734,1.0
30.8916270733,1.0
30.9250059128,1.0
30.9582488537,1.0
30.9916062355,1.0
31.0249814987,1.0
31.0583832264,1.0
31.0917174816,1.0
31.1250116825,1.0
31.1583139896,1.0
31.1916306019,1.0
31.2249000072,1.0
31.2582111359,1.0
31.291577816,1.0
31.3249921799,1.0
31.3583426476,1.0
31.3915548325,1.0
31.4250752926,1.0
31.4583556652,1.0
31.4917807579,1.0
31.5249760151,1.0
31.5583498478,1.0
31.5915858746,1.0
31.6249651909,1.0
31.6582303047,1.0
31.6918497086,1.0
31.7249805927,1.0
31.7583613396,1.0
31.7915093899,1.0
31.8249912262,1.0
31.8583335876,1.0
31.8916311264,1.0
31.9249401093,1.0
31.9582886696,1.0
31.9916431904,1.0
32.0250427723,1.0
32.0582568645,1.0
32.0917098522,1.0
32.124976635,1.0
32.1582202911,1.0
32.1917216778,1.0
32.2249774933,1.0
32.2581701279,1.0
32.2915887833,1.0
32.3249981403,1.0
32.3583085537,1.0
32.3917586803,1.0
32.4249382019,1.0
32.4582715034,1.0
32.4916324615,1.0
32.5249006748,1.0
32.5581729412,1.0
32.5915372372,1.0
32.6250114441,1.0
32.6583666801,1.0
32.6917533875,1.0
32.7249672413,1.0
32.7583358288,1.0
32.791634798,1.0
32.8249309063,1.0
32.8582081795,1.0
32.8914597034,1.0
32.9248812199,1.0
32.9582283497,1.0
32.9914989471,1.0
33.0249392986,1.0
33.0583074093,1.0
33.0916516781,1.0
33.1250128746,1.0
33.1582448483,1.0
33.1917052269,1.0
33.2248678207,1.0
33.258194685,1.0
33.2916035652,1.0
33.324942112,1.0
33.3583502769,1.0
33.3916282654,1.0
33.4250922203,1.0
33.4582567215,1.0
33.4915342331,1.0
33.5247807503,1.0
33.5582580566,1.0
33.591609478,1.0
33.6250238419,1.0
33.6583337784,1.0
33.6915988922,1.0
33.7249138355,1.0
33.7583155632,1.0
33.7916533947,1.0
33.8249435425,1.0
33.8581831455,1.0
33.8915781975,1.0
33.9250001907,1.0
33.9583933353,1.0
33.9916872978,1.0
34.0250880718,1.0
34.0582399368,1.0
34.0916178226,1.0
34.1249132156,1.0
34.1583533287,1.0
34.1916365623,1.0
34.2248573303,1.0
34.2582018375,1.0
34.291519165,1.0
34.3250322342,1.0
34.3584465981,1.0
34.3914465904,1.0
34.4249753952,1.0
34.4581866264,1.0
34.4915800095,1.0
34.5249581337,1.0
34.5583479404,1.0
34.5917432308,1.0
34.6250002384,1.0
34.6582345963,1.0
34.6916894913,1.0
34.7248427868,1.0
34.758317709,1.0
34.7915444374,1.0
34.8248698711,1.0
34.8581738472,1.0
34.8916077614,1.0
34.925075531,1.0
34.9584286213,1.0
34.9918162823,1.0
35.0250272751,1.0
35.0583443642,1.0
35.0915255547,1.0
35.1249289513,1.0
35.1582324505,1.0
35.1915895939,1.0
35.2251279354,1.0
35.2583191395,1.0
35.291708231,1.0
35.3249094486,1.0
35.3582315445,1.0
35.3916006088,1.0
35.4247825146,1.0
35.4582538605,1.0
35.4915421009,1.0
35.5249269009,1.0
35.5582985878,1.0
35.5916450024,1.0
35.6249673367,1.0
35.658192873,1.0
35.6916937828,1.0
35.7249670029,1.0
35.7581765652,1.0
35.7915785313,1.0
35.8248867989,1.0
35.8583447933,1.0
35.8917827606,1.0
35.9249734879,1.0
35.9583826065,1.0
35.9917287827,1.0
36.0249872208,1.0
36.0581872463,1.0
36.0915167332,1.0
36.1249089241,1.0
36.1582200527,1.0
36.1915504932,1.0
36.2249081135,1.0
36.2585010529,1.0
36.2916276455,1.0
36.3250067234,1.0
36.3581647873,1.0
36.3916182518,1.0
36.4248239994,1.0
36.4582509995,1.0
36.4916620255,1.0
36.5249652863,1.0
36.5585374832,1.0
36.5915668011,1.0
36.6250898838,1.0
36.6582856178,1.0
36.691719532,1.0
36.7248969078,1.0
36.7582094669,1.0
36.7915804386,1.0
36.8249359131,1.0
36.8583190441,1.0
36.8917002678,1.0
36.9249894619,1.0
36.9582788944,1.0
36.9916968346,1.0
37.0249781609,1.0
37.0583379269,1.0
37.0915920734,1.0
37.1250622272,1.0
37.1581945419,1.0
37.191693306,1.0
37.2250537872,1.0
37.2581708431,1.0
37.2916436195,1.0
37.3249094486,1.0
37.3582289219,1.0
37.391546011,1.0
37.4249591827,1.0
37.4582531452,1.0
37.4915888309,1.0
37.525056839,1.0
37.5582191944,1.0
37.5916755199,1.0
37.6248664856,1.0
37.6583402157,1.0
37.6917471886,1.0
37.7249486446,1.0
37.7583777905,1.0
37.7916972637,1.0
37.8249838352,1.0
37.8583674431,1.0
37.89189744,1.0
37.924823761,1.0
37.9582467079,1.0
37.9915783405,1.0
38.0250101089,1.0
38.0583889484,1.0
38.0915157795,1.0
38.1249337196,1.0
38.1582641602,1.0
38.1916913986,1.0
38.2247519493,1.0
38.2581813335,1.0
38.2915947437,1.0
38.324917078,1.0
38.3582406044,1.0
38.3916492462,1.0
38.4249134064,1.0
38.4582042694,1.0
38.4916551113,1.0
38.5249185562,1.0
38.558298111,1.0
38.5919759274,1.0
38.6251296997,1.0
38.6583952904,1.0
38.6917552948,1.0
38.7251224518,1.0
38.758357048,1.0
38.7916574478,1.0
38.8249094486,1.0
38.8582041264,1.0
38.8915550709,1.0
38.9248936176,1.0
38.9582188129,1.0
38.9916596413,1.0
39.0250272751,1.0
39.0583906174,1.0
39.0920708179,1.0
39.1249935627,1.0
39.1584820747,1.0
39.1916148663,1.0
39.2248678207,1.0
39.2583043575,1.0
39.2916855812,1.0
39.3250207901,1.0
39.3583061695,1.0
39.3917646408,1.0
39.4249286652,1.0
39.458360672,1.0
39.4916982651,1.0
39.5249545574,1.0
39.5582296848,1.0
39.5916156769,1.0
39.624985218,1.0
39.6582796574,1.0
39.6916489601,1.0
39.7249462605,1.0
39.7583289146,1.0
39.7916777134,1.0
39.8248810768,1.0
39.8581881523,1.0
39.8915836811,1.0
39.9248685837,1.0
39.9583411217,1.0
39.9917166233,1.0
40.0251076221,1.0
40.058368206,1.0
40.0917344093,1.0
40.125266552,1.0
40.1582841873,1.0
40.1916725636,1.0
40.2248120308,1.0
40.2581987381,1.0
40.2916038036,1.0
40.3250014782,1.0
40.3583443165,1.0
40.3915510178,1.0
40.4249646664,1.0
40.4581644535,1.0
40.4917588234,1.0
40.5249042511,1.0
40.5582258701,1.0
40.5915596485,1.0
40.6248831749,1.0
40.6584889889,1.0
40.6917512417,1.0
40.7251029015,1.0
40.758286953,1.0
40.791686058,1.0
40.8250012398,1.0
40.8584210873,1.0
40.8915324211,1.0
40.9249415398,1.0
40.9583330154,1.0
40.9917149544,1.0
41.0250110626,1.0
41.0584669113,1.0
41.0918343067,1.0
41.1250574589,1.0
41.1582324505,1.0
41.1917333603,1.0
41.2249088287,1.0
41.2582950592,1.0
41.2916727066,1.0
41.324889183,1.0
41.3583552837,1.0
41.3917210102,1.0
41.4250130653,1.0
41.4581480026,1.0
41.4916973114,1.0
41.524928093,1.0
41.558296442,1.0
41.5916879177,1.0
41.6250426769,1.0
41.6583604813,1.0
41.6917037964,1.0
41.7249960899,1.0
41.7581903934,1.0
41.7916753292,1.0
41.8249032497,1.0
41.8583693504,1.0
41.8915817738,1.0
41.9250555038,1.0
41.9584958553,1.0
41.9917593002,1.0
42.0249445438,1.0
42.0582988262,1.0
42.0916032791,1.0
42.1249203682,1.0
42.1582159996,1.0
42.1916601658,1.0
42.225012064,1.0
42.2583851814,1.0
42.2915487289,1.0
42.3248963356,1.0
42.3582632542,1.0
42.3918151855,1.0
42.4250590801,1.0
42.4582796097,1.0
42.4916508198,1.0
42.5251328945,1.0
42.5582857132,1.0
42.5917818546,1.0
42.6249613762,1.0
42.658228159,1.0
42.6915867329,1.0
42.7250905037,1.0
42.7582364082,1.0
42.7915329933,1.0
42.8249070644,1.0
42.858268261,1.0
42.8917498589,1.0
42.9249887466,1.0
42.9581997395,1.0
42.9918224812,1.0
43.0250723362,1.0
43.0583026409,1.0
43.0916810036,1.0
43.1258223057,1.0
43.1585125923,1.0
43.1919364929,1.0
43.2249400616,1.0
43.2583751678,1.0
43.2917530537,1.0
43.3251197338,1.0
43.3587243557,1.0
43.3917918205,1.0
43.4250600338,1.0
43.4583756924,1.0
43.4917535782,1.0
43.5251088142,1.0
43.5585849285,1.0
43.5917227268,1.0
43.6250779629,1.0
43.6583042145,1.0
43.6915786266,1.0
43.7248833179,1.0
43.7583665848,1.0
43.791728735,1.0
43.8250257969,1.0
43.8584048748,1.0
43.8916568756,1.0
43.9251871109,1.0
43.9582827091,1.0
43.991672039,1.0
44.0250716209,1.0
44.0582659245,1.0
44.0915653706,1.0
44.1251125336,1.0
44.1584079266,1.0
44.1916429996,1.0
44.2253110409,1.0
44.2583384514,1.0
44.2916367054,1.0
44.3249492645,1.0
44.3581790924,1.0
44.3915011883,1.0
44.4250349998,1.0
44.4583218098,1.0
44.491707325,1.0
44.525062561,1.0
44.5581355095,1.0
44.5915501118,1.0
44.6248612404,1.0
44.6582632065,1.0
44.6916894913,1.0
44.7250299454,1.0
44.7582905293,1.0
44.7924170494,1.0
44.8250613213,1.0
44.8584084511,1.0
44.8916957378,1.0
44.9248964787,1.0
44.9583051205,1.0
44.9917418957,1.0
45.0249509811,1.0
45.0582575798,1.0
45.0917675495,1.0
45.1249608994,1.0
45.1581835747,1.0
45.1916019917,1.0
45.2249736786,1.0
45.2586534023,1.0
45.291778326,1.0
45.3249976635,1.0
45.3582513332,1.0
45.3916964531,1.0
45.4251458645,1.0
45.4583389759,1.0
45.4917902946,1.0
45.5249354839,1.0
45.5584437847,1.0
45.5916388035,1.0
45.6249201298,1.0
45.6583795547,1.0
45.6916263103,1.0
45.724960804,1.0
45.7582945824,1.0
45.7917163372,1.0
45.8249368668,1.0
45.8583621979,1.0
45.8918056488,1.0
45.924902916,1.0
45.9617116451,1.0
45.9918210506,1.0
46.0248999596,1.0
46.0584306717,1.0
46.0916631222,1.0
46.1250004768,1.0
