0.266751,0.000000
0.305077,0.000000
0.342731,0.000000
0.369927,0.000000
0.404495,0.000000
0.441903,0.000000
0.465113,0.000000
0.501544,0.000000
0.536268,0.000000
0.570505,0.000000
0.609030,0.000000
0.671791,0.000000
0.707268,0.000000
0.734594,0.000000
0.769086,0.000000
0.801582,0.000000
0.839971,0.000000
0.876551,0.000000
0.904853,0.000000
0.935385,0.000000
0.967957,0.000000
1.006368,0.000000
1.038681,0.000000
1.071101,0.000000
1.111625,0.000000
1.144192,0.000000
1.168820,0.000000
1.202968,0.000000
1.235444,0.000000
1.269670,0.000000
1.302236,0.000000
1.336787,0.000000
1.371142,0.000000
1.437909,0.000000
1.468437,0.000000
1.502914,0.000000
1.535417,0.000000
1.567700,0.000000
1.605265,0.000000
1.642675,0.000000
1.667095,0.000000
1.699369,0.000000
1.733907,0.000000
1.766316,0.000000
1.798703,0.000000
1.841386,0.000000
1.875769,0.000000
1.905059,0.000000
1.932618,0.000000
1.966984,0.000000
1.997368,0.000000
2.032883,0.000000
2.072434,0.000000
2.098625,0.000000
2.141266,0.000000
2.163463,0.000000
2.195918,0.000000
2.236450,0.000000
2.266847,0.000000
2.299314,0.000000
2.335783,0.000000
2.367226,0.000000
2.398576,0.000000
2.433074,0.000000
2.463503,0.000000
2.493886,0.000000
2.530359,0.050000
2.568812,0.050000
2.599258,0.050000
2.635912,0.150000
2.663936,0.150000
2.700454,0.150000
2.730978,0.240000
2.765336,0.240000
2.795739,0.240000
2.836322,0.300000
2.867833,0.300000
2.900199,0.300000
2.933499,0.380000
2.970115,0.380000
2.998410,0.380000
3.033116,0.480000
3.068422,0.480000
3.101125,0.480000
3.130277,0.560000
3.164644,0.560000
3.195034,0.560000
3.229453,0.620000
3.265971,0.620000
3.295238,0.620000
3.336759,0.680000
3.367172,0.680000
3.397502,0.680000
3.434090,0.790000
3.466743,0.790000
3.495931,0.790000
3.535303,0.800000
3.567718,0.800000
3.601045,0.800000
3.638780,0.960000
3.662801,0.960000
3.699373,0.960000
3.736176,1.040000
3.768515,1.040000
3.806979,1.040000
3.843388,1.130000
3.877803,1.130000
3.908315,1.130000
3.941569,1.200000
3.972954,1.200000
4.001403,1.200000
4.042020,1.250000
4.078415,1.250000
4.110803,1.250000
4.147523,1.330000
4.170664,1.330000
4.202087,1.330000
4.240545,1.370000
4.272956,1.370000
4.311377,1.370000
4.343805,1.420000
4.372064,1.420000
4.411678,1.420000
4.448161,1.470000
4.473467,1.470000
4.503902,1.470000
4.538293,1.510000
4.572837,1.510000
4.609208,1.510000
4.670951,1.570000
4.702494,1.570000
4.738894,1.590000
4.771385,1.590000
4.807930,1.590000
4.844365,1.570000
4.880887,1.570000
4.910036,1.570000
4.939428,1.550000
4.979014,1.550000
5.006503,1.550000
5.040944,1.560000
5.075435,1.560000
5.104731,1.560000
5.139054,1.600000
5.175040,1.600000
5.205128,1.600000
5.237317,1.610000
5.271825,1.610000
5.308265,1.610000
5.340696,1.610000
5.375338,1.610000
5.404538,1.610000
5.436071,1.590000
5.472469,1.590000
5.506759,1.590000
5.535221,1.560000
5.575792,1.560000
5.609130,1.560000
5.636694,1.530000
5.668936,1.530000
5.703507,1.530000
5.733889,1.530000
5.768351,1.530000
5.802936,1.530000
5.836400,1.510000
5.870597,1.510000
5.899946,1.510000
5.932369,1.510000
5.968869,1.510000
6.002328,1.510000
6.037675,1.570000
6.069095,1.570000
6.110641,1.570000
6.130982,1.580000
6.167534,1.580000
6.197726,1.580000
6.230352,1.530000
6.266750,1.530000
6.305626,1.530000
6.337743,1.500000
6.369993,1.500000
6.400413,1.500000
6.430841,1.530000
6.469239,1.530000
6.501873,1.530000
6.537134,1.560000
6.568711,1.560000
6.609138,1.560000
6.631627,1.550000
6.665984,1.550000
6.700402,1.550000
6.730759,1.540000
6.769320,1.540000
6.801548,1.540000
6.838126,1.530000
6.868575,1.530000
6.899137,1.530000
6.931544,1.530000
6.969857,1.530000
7.002329,1.530000
7.036794,1.530000
7.074343,1.530000
7.103668,1.530000
7.132055,1.530000
7.168477,1.530000
7.200831,1.530000
7.231282,1.540000
7.273824,1.540000
7.308344,1.540000
7.332685,1.540000
7.371297,1.540000
7.399407,1.540000
7.432004,1.540000
7.468632,1.540000
7.500913,1.540000
7.545484,1.520000
7.577972,1.520000
7.606461,1.520000
7.638640,1.530000
7.675638,1.530000
7.703899,1.530000
7.738213,1.560000
7.775002,1.560000
7.815009,1.560000
7.842443,1.580000
7.884134,1.580000
7.907273,1.580000
7.938539,1.550000
7.973017,1.550000
8.009485,1.550000
8.048137,1.550000
8.082613,1.550000
8.143321,1.550000
8.175642,1.550000
8.208124,1.550000
8.240507,1.580000
8.281079,1.580000
8.313484,1.580000
8.347894,1.580000
8.382332,1.580000
8.409008,1.580000
8.441066,1.560000
8.473471,1.560000
8.514146,1.560000
8.546494,1.560000
8.583386,1.560000
8.618239,1.560000
8.644681,1.560000
8.672149,1.560000
8.706486,1.560000
8.740953,1.580000
8.775505,1.580000
8.812128,1.580000
8.846528,1.580000
8.878766,1.580000
8.910241,1.580000
8.941632,1.570000
8.972211,1.570000
9.008721,1.570000
9.042993,1.560000
9.078530,1.560000
9.116421,1.560000
9.172658,1.560000
9.207049,1.560000
9.241469,1.570000
9.276017,1.570000
9.314432,1.570000
9.345874,1.580000
9.374253,1.580000
9.406673,1.580000
9.438000,1.570000
9.470534,1.570000
9.506999,1.570000
9.542580,1.560000
9.578424,1.560000
9.616548,1.560000
9.642740,1.560000
9.669219,1.560000
9.703678,1.560000
9.744175,1.570000
9.772728,1.570000
9.806587,1.570000
9.843652,1.570000
9.865894,1.570000
9.902359,1.570000
9.934966,1.550000
9.967230,1.550000
10.001536,1.550000
10.041603,1.540000
10.068107,1.540000
10.109443,1.540000
10.137696,1.570000
10.169248,1.570000
10.205708,1.570000
10.236018,1.570000
10.268641,1.570000
10.302888,1.570000
10.337459,1.550000
10.368766,1.550000
10.402170,1.550000
10.434755,1.530000
10.465125,1.530000
10.503841,1.530000
10.539343,1.520000
10.568619,1.520000
10.606954,1.520000
10.639431,1.550000
10.667889,1.550000
10.702299,1.550000
10.736695,1.560000
10.769205,1.560000
10.802824,1.560000
10.842189,1.530000
10.866550,1.530000
10.903134,1.530000
10.935601,1.510000
10.968240,1.510000
11.006301,1.510000
11.042779,1.530000
11.073277,1.530000
11.109616,1.530000
11.139997,1.540000
11.168547,1.540000
11.207185,1.540000
11.235302,1.520000
11.271821,1.520000
11.308380,1.520000
11.344883,1.510000
11.369138,1.510000
11.403804,1.510000
11.440003,1.490000
11.472440,1.490000
11.508986,1.490000
11.549484,1.510000
11.579898,1.510000
11.615470,1.510000
11.651842,1.510000
11.677790,1.510000
11.711613,1.510000
11.741981,1.500000
11.778423,1.500000
11.810886,1.500000
11.851659,1.480000
11.877634,1.480000
11.908210,1.480000
11.942533,1.670000
11.977088,1.670000
12.010676,1.670000
12.050082,1.950000
12.084533,1.950000
12.116939,1.950000
12.153430,2.000000
12.210048,2.000000
12.246516,2.080000
12.280997,2.080000
12.315425,2.320000
12.349861,2.320000
12.382155,2.320000
12.407018,2.320000
12.443054,2.740000
12.475507,2.740000
12.510021,3.090000
12.546392,3.090000
12.582886,3.090000
12.611330,3.090000
12.647969,3.420000
12.678120,3.420000
12.712834,3.800000
12.751313,3.800000
12.775454,3.800000
12.809843,4.110000
12.846515,4.110000
12.884764,4.110000
12.909001,4.470000
12.945623,4.470000
12.976050,4.470000
13.008421,4.710000
13.046948,4.710000
13.077223,4.710000
13.108701,4.710000
13.151367,5.070000
13.176595,5.070000
13.209535,5.070000
13.243555,5.270000
13.279930,5.270000
13.308450,5.570000
13.348969,5.570000
13.383343,5.570000
13.405652,5.850000
13.440152,5.850000
13.472519,5.850000
13.504955,6.090000
13.542409,6.090000
13.577861,6.090000
13.609289,6.320000
13.639083,6.320000
13.672232,6.320000
13.705667,6.550000
13.742084,6.550000
13.778494,6.550000
13.803747,6.850000
13.840232,6.850000
13.871658,6.850000
13.902197,7.010000
13.938529,7.010000
13.972069,7.010000
14.006050,7.280000
14.039932,7.280000
14.072449,7.280000
14.102891,7.470000
14.139372,7.470000
14.171742,7.470000
14.202084,7.570000
14.242567,7.570000
14.276935,7.570000
14.311481,7.880000
14.339846,7.880000
14.372299,7.880000
14.402631,8.040000
14.439096,8.040000
14.479538,8.040000
14.504027,8.190000
14.542565,8.190000
14.572747,8.190000
14.603197,8.400000
14.639742,8.400000
14.672387,8.400000
14.702690,8.530000
14.745018,8.530000
14.781482,8.530000
14.814006,8.620000
14.842247,8.620000
14.875692,8.620000
14.905080,8.880000
14.939592,8.880000
14.972082,8.880000
15.006547,9.080000
15.045115,9.080000
15.080361,9.080000
15.106685,9.120000
15.140061,9.120000
15.172519,9.120000
15.208966,9.340000
15.245418,9.340000
15.284017,9.340000
15.316409,9.490000
15.350823,9.490000
15.413970,9.580000
15.444144,9.580000
15.478470,9.580000
15.519334,9.780000
15.545526,9.780000
15.586121,9.780000
15.642878,10.000000
15.679378,10.000000
15.717706,10.010000
15.744128,10.010000
15.786756,10.010000
15.821096,10.230000
15.918307,10.470000
15.944699,10.470000
15.981180,10.470000
16.017583,10.500000
16.048079,10.500000
16.088621,10.500000
16.115020,10.680000
16.144526,10.680000
16.180037,10.680000
16.212387,10.830000
16.244947,10.830000
16.287296,10.830000
16.319771,10.910000
16.354187,10.910000
16.388862,10.910000
16.415529,11.000000
16.444618,11.000000
16.481081,11.000000
16.517711,11.190000
16.547939,11.190000
16.584596,11.190000
16.617093,11.250000
16.645343,11.250000
16.682926,11.250000
16.712157,11.350000
16.744513,11.350000
16.781039,11.350000
16.847122,11.560000
16.883406,11.560000
16.912832,11.670000
16.947327,11.670000
16.979888,11.670000
17.016401,11.740000
17.044619,11.740000
17.085190,11.740000
17.121741,11.890000
17.141941,11.890000
17.178460,11.890000
17.210829,12.060000
17.245366,12.060000
17.279769,12.060000
17.318223,12.040000
17.344545,12.040000
17.377873,12.040000
17.409375,12.240000
17.439779,12.240000
17.474502,12.240000
17.510837,12.400000
17.545485,12.400000
17.584068,12.400000
17.610165,12.320000
17.640594,12.320000
17.675130,12.320000
17.711428,12.560000
17.743842,12.560000
17.782437,12.560000
17.816970,12.700000
17.845533,12.700000
17.879885,12.700000
17.910102,12.710000
17.941615,12.710000
17.980993,12.710000
18.010435,12.860000
18.039747,12.860000
18.076384,12.860000
18.118876,13.020000
18.139262,13.020000
18.175788,13.020000
18.212208,13.020000
18.240423,13.020000
18.277999,13.020000
18.315613,13.190000
18.346136,13.190000
18.379409,13.190000
18.411179,13.330000
18.441338,13.330000
18.475824,13.330000
18.514397,13.300000
18.544592,13.300000
18.577252,13.300000
18.616941,13.430000
18.643982,13.430000
18.676554,13.430000
18.708743,13.560000
18.745264,13.560000
18.777616,13.560000
18.816423,13.610000
18.850768,13.610000
18.880308,13.610000
18.917527,13.770000
18.945975,13.770000
18.974336,13.770000
19.020886,13.900000
19.053410,13.900000
19.083768,13.900000
19.119109,13.910000
19.180886,13.910000
19.215478,14.030000
19.249973,14.030000
19.282227,14.030000
19.320001,14.120000
19.355356,14.120000
19.385060,14.120000
19.420134,14.100000
19.450628,14.100000
19.483020,14.100000
19.519557,14.280000
19.555918,14.280000
19.590427,14.280000
19.621832,14.310000
19.681606,14.310000
19.716211,14.350000
19.750574,14.350000
19.787020,14.350000
19.823460,14.520000
19.855856,14.520000
19.888345,14.520000
19.919905,14.630000
19.951100,14.630000
19.981489,14.630000
20.017940,14.640000
20.052690,14.640000
20.089287,14.640000
20.123538,14.830000
20.149891,14.830000
20.180142,14.830000
20.218631,14.780000
20.251953,14.780000
20.284555,14.780000
20.325068,14.950000
20.353528,14.950000
20.379875,14.950000
20.420427,15.070000
20.452890,15.070000
20.483310,15.070000
20.519763,15.090000
20.554166,15.090000
20.582728,15.090000
20.625054,15.220000
20.649384,15.220000
20.679908,15.220000
20.716402,15.250000
20.749133,15.250000
20.783494,15.250000
20.821734,15.280000
20.856197,15.280000
20.878411,15.280000
20.915120,15.430000
20.949424,15.430000
20.981812,15.430000
21.014254,15.460000
21.048764,15.460000
21.082247,15.460000
21.112581,15.550000
21.145903,15.550000
21.176173,15.550000
21.210753,15.660000
21.251293,15.660000
21.281708,15.660000
21.319247,15.660000
21.345465,15.660000
21.376909,15.660000
21.412489,15.810000
21.449817,15.810000
21.482348,15.810000
21.518669,15.870000
21.553165,15.870000
21.579515,15.870000
21.614194,15.890000
21.646540,15.890000
21.677275,15.890000
21.713439,16.040000
21.752007,16.040000
21.778161,16.040000
21.823072,16.050000
21.853095,16.050000
21.877309,16.050000
21.913820,16.090000
21.948328,16.090000
21.981292,16.090000
22.021254,16.260000
22.047655,16.260000
22.082480,16.260000
22.114656,16.190000
22.146964,16.190000
22.179289,16.190000
22.214025,16.370000
22.246262,16.370000
22.284942,16.370000
22.321218,16.440000
22.355800,16.440000
22.379891,16.440000
22.411422,16.480000
22.448808,16.480000
22.485566,16.480000
22.517746,16.600000
22.556241,16.600000
22.588620,16.600000
22.610855,16.600000
22.647610,16.600000
22.684000,16.600000
22.716363,16.620000
22.753155,16.620000
22.793331,16.620000
22.825718,16.790000
22.892504,16.790000
22.916929,16.740000
22.953642,16.740000
22.988014,16.740000
23.024331,16.850000
23.062703,16.850000
23.090166,16.850000
23.117447,16.930000
23.156125,16.930000
23.188511,16.930000
23.218764,16.930000
23.253347,16.930000
23.293872,16.930000
23.326441,17.120000
23.362816,17.120000
23.394241,17.120000
23.417432,17.160000
23.453999,17.160000
23.490553,17.160000
23.522897,17.130000
23.563426,17.130000
23.593843,17.130000
23.623279,17.270000
23.657551,17.270000
23.686988,17.270000
23.719353,17.220000
23.756004,17.220000
23.790264,17.220000
23.822757,17.210000
23.861188,17.210000
23.920031,17.380000
23.956474,17.380000
23.987975,17.380000
24.025445,17.360000
24.057733,17.360000
24.096262,17.360000
24.119519,17.470000
24.159136,17.470000
24.187595,17.470000
24.218359,17.530000
24.258335,17.530000
24.288751,17.530000
24.318228,17.480000
24.358245,17.480000
24.392357,17.480000
24.416485,17.580000
24.459054,17.580000
24.485449,17.580000
24.516811,17.570000
24.556409,17.570000
24.594822,17.570000
24.615145,17.620000
24.651484,17.620000
24.683966,17.620000
24.716407,17.720000
24.752943,17.720000
24.791286,17.720000
24.815880,17.840000
24.850232,17.840000
24.882593,17.840000
24.914856,17.800000
24.949269,17.800000
24.981710,17.800000
25.014482,17.950000
25.057235,17.950000
25.087727,17.950000
25.118045,17.880000
25.150298,17.880000
25.180727,17.880000
25.213214,17.840000
25.249613,17.840000
25.289151,17.840000
25.314552,18.070000
25.348969,18.070000
25.383403,18.070000
25.413808,18.060000
25.452475,18.060000
25.482731,18.060000
25.519238,18.070000
25.555751,18.070000
25.588235,18.070000
25.616615,18.220000
25.649129,18.220000
25.683626,18.220000
25.715808,18.170000
25.754448,18.170000
25.782698,18.170000
25.817273,18.270000
25.850582,18.270000
25.884236,18.270000
25.916939,18.350000
25.948914,18.350000
25.989456,18.350000
26.019725,18.270000
26.051374,18.270000
26.095042,18.270000
26.129251,18.430000
26.149462,18.430000
26.184214,18.430000
26.220404,18.530000
26.251072,18.530000
26.291395,18.530000
26.323887,18.550000
26.348164,18.550000
26.386781,18.550000
26.421042,18.550000
26.453399,18.550000
26.489964,18.550000
26.526594,18.600000
26.560872,18.600000
26.598488,18.600000
26.632887,18.630000
26.657512,18.630000
26.690484,18.630000
26.725163,18.710000
26.755345,18.710000
26.796101,18.710000
26.830538,18.720000
26.865174,18.720000
26.923811,18.740000
26.956357,18.740000
26.990662,18.740000
27.027041,18.840000
27.061388,18.840000
27.097881,18.840000
27.158612,18.840000
27.193101,18.840000
27.226047,18.900000
27.260467,18.900000
27.294461,18.900000
27.330884,19.000000
27.363343,19.000000
27.393655,19.000000
27.424046,18.880000
27.456550,18.880000
27.493097,18.880000
27.529503,18.970000
27.562023,18.970000
27.595552,18.970000
27.630872,19.000000
27.657001,19.000000
27.693607,19.000000
27.728204,18.970000
27.756541,18.970000
27.795007,18.970000
27.829440,19.100000
27.861864,19.100000
27.891101,19.100000
27.924667,19.170000
27.955264,19.170000
27.989525,19.170000
28.023942,19.110000
28.060514,19.110000
28.092902,19.110000
28.132418,19.150000
28.155668,19.150000
28.190205,19.150000
28.221167,19.180000
28.256090,19.180000
28.290461,19.180000
28.327023,19.210000
28.356232,19.210000
28.387729,19.210000
28.420253,19.260000
28.450487,19.260000
28.486907,19.260000
28.521619,19.380000
28.551765,19.380000
28.591280,19.380000
28.618604,19.310000
28.653125,19.310000
28.687620,19.310000
28.722052,19.240000
28.752428,19.240000
28.788906,19.240000
28.828400,19.340000
28.849630,19.340000
28.886266,19.340000
28.918747,19.320000
28.951141,19.320000
28.985444,19.320000
29.018784,19.230000
29.051221,19.230000
29.099065,19.230000
29.120852,19.310000
29.151711,19.310000
29.186187,19.310000
29.220616,19.470000
29.254973,19.470000
29.282409,19.470000
29.324910,19.400000
29.354320,19.400000
29.382825,19.400000
29.419153,19.450000
29.451707,19.450000
29.489039,19.450000
29.524474,19.530000
29.554014,19.530000
29.586383,19.530000
29.619926,19.530000
29.658272,19.530000
29.684797,19.530000
29.721178,19.460000
29.761662,19.460000
29.784925,19.460000
29.825592,19.580000
29.857011,19.580000
29.887321,19.580000
29.919616,19.690000
29.954050,19.690000
29.990790,19.690000
30.025142,19.660000
30.060725,19.660000
30.086968,19.660000
30.118270,19.670000
30.153038,19.670000
30.189278,19.670000
30.227705,19.780000
30.266322,19.780000
30.289625,19.780000
30.329245,19.710000
30.402168,19.710000
30.426509,19.760000
30.460936,19.760000
30.495260,19.760000
30.527871,19.820000
30.568490,19.820000
30.594729,19.820000
30.661273,19.930000
30.690101,19.930000
30.734799,19.820000
30.769116,19.820000
30.799382,19.820000
30.835924,19.890000
30.864309,19.890000
30.899653,19.890000
30.927182,19.920000
30.961454,19.920000
30.998107,19.920000
31.030631,19.920000
31.064986,19.920000
31.101266,19.920000
31.128844,20.030000
31.164289,20.030000
31.192457,20.030000
31.232908,20.030000
31.265453,20.030000
31.299756,20.030000
31.331171,19.990000
31.401155,19.990000
31.427542,20.110000
31.459995,20.110000
31.492226,20.110000
31.528926,20.170000
31.561163,20.170000
31.592720,20.170000
31.636246,20.080000
31.663439,20.080000
31.690794,20.080000
31.727422,20.220000
31.764121,20.220000
31.797161,20.220000
31.834744,20.180000
31.860992,20.180000
31.889425,20.180000
31.923898,20.160000
31.960332,20.160000
31.988673,20.160000
32.027272,20.290000
32.058593,20.290000
32.098144,20.290000
32.122373,20.220000
32.156817,20.220000
32.191536,20.220000
32.223973,20.330000
32.260274,20.330000
32.290749,20.330000
32.326273,20.370000
32.361784,20.370000
32.388085,20.370000
32.422526,20.290000
32.456949,20.290000
32.487245,20.290000
32.527912,20.440000
32.562260,20.440000
32.595696,20.440000
32.623966,20.390000
32.657372,20.390000
32.687928,20.390000
32.724423,20.450000
32.755884,20.450000
32.799329,20.450000
32.825785,20.440000
32.861187,20.440000
32.890532,20.440000
32.920894,20.470000
32.957343,20.470000
32.991771,20.470000
33.022283,20.500000
33.061888,20.500000
33.090131,20.500000
33.121572,20.550000
33.156134,20.550000
33.192409,20.550000
33.220850,20.540000
33.261369,20.540000
33.296095,20.540000
33.327424,20.570000
33.356648,20.570000
33.391122,20.570000
33.422673,20.550000
33.456271,20.550000
33.493024,20.550000
33.527149,20.580000
33.563591,20.580000
33.589895,20.580000
33.620286,20.520000
33.656778,20.520000
33.689196,20.520000
33.722712,20.630000
33.768458,20.630000
33.802818,20.630000
33.837127,20.600000
33.871607,20.600000
33.898901,20.600000
33.928335,20.780000
33.962895,20.780000
33.999118,20.780000
34.029538,20.670000
34.068360,20.670000
34.105024,20.670000
34.127082,20.740000
34.163390,20.740000
34.197840,20.740000
34.226255,20.710000
34.268785,20.710000
34.303256,20.710000
34.335681,20.540000
34.400619,20.540000
34.426773,20.490000
34.463253,20.490000
34.499840,20.490000
34.532360,20.040000
34.570728,20.040000
34.604350,20.040000
34.633678,20.210000
34.663948,20.210000
34.696319,20.210000
34.730860,20.040000
34.765383,20.040000
34.801713,20.040000
34.838255,19.900000
34.905445,19.900000
34.927568,19.830000
34.966073,19.830000
35.000429,19.830000
35.032894,19.880000
35.067435,19.880000
35.100106,19.880000
35.130306,19.750000
35.162786,19.750000
35.199148,19.750000
35.229421,19.380000
35.268174,19.380000
35.304650,19.380000
35.331916,19.290000
35.371288,19.290000
35.400734,19.290000
35.430127,19.160000
35.462565,19.160000
35.499005,19.160000
35.529446,19.190000
35.564175,19.190000
35.597332,19.190000
35.626815,19.120000
35.661219,19.120000
35.693720,19.120000
35.726262,18.950000
35.764822,18.950000
35.800221,18.950000
35.829644,18.750000
35.864016,18.750000
35.894531,18.750000
35.927001,18.600000
35.959230,18.600000
35.993637,18.600000
36.026310,18.490000
36.059590,18.490000
36.093115,18.490000
36.125572,18.400000
36.155995,18.400000
36.192500,18.400000
36.225894,18.380000
36.255125,18.380000
36.293787,18.380000
36.324055,18.310000
36.356523,18.310000
36.393032,18.310000
36.425328,18.230000
36.459802,18.230000
36.493282,18.230000
36.528927,17.990000
36.563331,17.990000
36.600752,17.990000
36.624181,17.950000
36.656553,17.950000
36.695024,17.950000
36.724308,17.790000
36.755660,17.790000
36.799384,17.790000
36.827614,17.710000
36.857987,17.710000
36.891474,17.710000
36.926016,17.580000
36.958263,17.580000
36.995208,17.580000
37.027415,17.520000
37.060717,17.520000
37.094211,17.520000
37.124570,17.440000
37.155912,17.440000
37.191360,17.440000
37.223838,17.370000
37.260467,17.370000
37.295071,17.370000
37.335410,17.210000
37.357532,17.210000
37.392253,17.210000
37.426505,17.090000
37.457897,17.090000
37.501513,17.090000
37.534064,17.000000
37.559290,17.000000
37.593764,17.000000
37.629237,16.860000
37.655893,16.860000
37.696100,16.860000
37.728631,16.810000
37.762903,16.810000
37.803516,16.810000
37.837922,16.690000
37.872565,16.690000
37.898681,16.690000
37.933266,16.590000
37.965794,16.590000
38.006182,16.590000
38.038640,16.460000
38.070144,16.460000
38.132680,16.300000
38.162026,16.300000
38.198658,16.300000
38.231295,16.300000
38.269604,16.300000
38.306138,16.300000
38.364946,16.190000
38.399351,16.190000
38.435769,16.090000
38.466188,16.090000
38.508704,16.090000
38.541148,15.950000
38.571556,15.950000
38.608003,15.950000
38.632378,15.840000
38.662739,15.840000
38.699406,15.840000
38.731846,15.760000
38.768155,15.760000
38.802506,15.760000
38.839140,15.700000
38.867671,15.700000
38.897724,15.700000
38.932229,15.540000
38.970757,15.540000
39.003285,15.540000
39.041771,15.440000
39.068122,15.440000
39.108698,15.440000
39.139951,15.360000
39.163387,15.360000
39.199781,15.360000
39.236379,15.270000
39.264766,15.270000
39.305336,15.270000
39.333623,15.140000
39.362889,15.140000
39.396389,15.140000
39.430909,15.060000
39.461243,15.060000
39.499729,15.060000
39.536349,14.960000
39.564648,14.960000
39.598097,14.960000
39.629480,14.850000
39.661908,14.850000
39.694275,14.850000
39.728957,14.810000
39.764292,14.810000
39.792731,14.810000
39.830304,14.680000
39.860456,14.680000
39.890851,14.680000
39.927560,14.530000
39.965985,14.530000
39.998243,14.530000
40.034801,14.510000
40.066290,14.510000
40.091444,14.510000
40.126994,14.410000
40.158262,14.410000
40.190676,14.410000
40.229228,14.240000
40.263733,14.240000
40.294146,14.240000
40.334657,14.230000
40.361027,14.230000
40.391323,14.230000
40.426255,14.170000
40.460355,14.170000
40.495056,14.170000
40.534473,14.080000
40.567940,14.080000
40.592135,14.080000
40.626580,13.940000
40.658949,13.940000
40.697497,13.940000
40.725935,13.870000
40.762399,13.870000
40.792797,13.870000
40.831347,13.740000
40.859634,13.740000
40.889989,13.740000
40.926605,13.660000
40.969205,13.660000
40.993551,13.660000
41.036242,13.620000
41.072490,13.620000
41.092793,13.620000
41.127420,13.480000
41.159734,13.480000
41.192167,13.480000
41.228804,13.360000
41.265257,13.360000
41.298502,13.360000
41.330002,13.320000
41.358259,13.320000
41.390690,13.320000
41.427269,13.190000
41.465780,13.190000
41.498170,13.190000
41.536752,13.100000
41.571109,13.100000
41.593406,13.100000
41.631898,13.010000
41.664278,13.010000
41.698757,13.010000
41.737348,12.950000
41.775826,12.950000
41.805996,12.950000
41.842486,12.820000
41.897192,12.820000
41.932708,12.770000
41.972589,12.770000
42.002946,12.770000
42.041080,12.590000
42.078123,12.590000
42.104096,12.590000
42.134552,12.550000
42.168915,12.550000
42.200233,12.550000
42.237709,12.480000
42.276434,12.480000
42.302678,12.480000
42.335199,12.310000
42.397924,12.310000
42.434485,12.290000
42.470923,12.290000
42.501336,12.290000
42.537912,12.160000
42.574294,12.160000
42.610743,12.160000
42.642180,12.090000
42.667675,12.090000
42.703965,12.090000
42.734419,12.010000
42.771111,12.010000
42.803171,12.010000
42.841780,11.940000
42.873171,11.940000
42.900452,11.940000
42.933219,11.820000
42.969456,11.820000
42.999921,11.820000
43.036333,11.700000
43.070740,11.700000
43.105181,11.700000
43.133592,11.620000
43.167973,11.620000
43.200360,11.620000
43.230852,11.550000
43.267424,11.550000
43.303862,11.550000
43.338279,11.430000
43.365161,11.430000
43.398952,11.430000
43.429377,11.340000
43.464147,11.340000
43.500247,11.340000
43.535002,11.230000
43.573482,11.230000
43.604048,11.230000
43.630067,11.180000
43.666837,11.180000
43.697092,11.180000
43.727378,11.090000
43.770949,11.090000
43.797304,11.090000
43.826629,11.010000
43.863102,11.010000
43.895531,11.010000
43.925880,10.900000
43.962438,10.900000
43.998855,10.900000
44.027198,10.790000
44.066806,10.790000
44.098059,10.790000
44.128639,10.660000
44.163006,10.660000
44.197352,10.660000
44.228272,10.590000
44.268539,10.590000
44.297853,10.590000
44.327401,10.530000
44.361698,10.530000
44.394094,10.530000
44.429130,10.390000
44.465247,10.390000
44.503554,10.390000
44.527933,10.280000
44.565609,10.280000
44.594864,10.280000
44.629293,10.190000
44.663710,10.190000
44.698135,10.190000
44.726471,10.140000
44.769089,10.140000
44.800347,10.140000
44.837909,10.020000
44.862203,10.020000
44.894711,10.020000
44.927008,9.950000
44.967657,9.950000
44.997005,9.950000
45.031358,9.830000
45.067889,9.830000
45.099260,9.830000
45.127640,9.770000
45.167125,9.770000
45.205662,9.770000
45.235252,9.620000
45.269495,9.620000
45.301865,9.620000
45.332333,9.530000
45.368986,9.530000
45.399272,9.530000
45.433886,9.420000
45.470180,9.420000
45.501737,9.420000
45.541058,9.350000
45.578588,9.350000
45.611975,9.350000
45.632312,9.260000
45.707303,9.260000
45.737629,9.180000
45.773149,9.180000
45.834996,9.050000
45.874365,9.050000
45.903782,9.050000
45.934314,9.020000
45.972920,9.020000
46.004283,9.020000
46.037918,8.880000
46.074280,8.880000
46.113059,8.880000
46.140155,8.780000
46.167531,8.780000
46.208539,8.780000
46.242536,8.680000
46.272875,8.680000
46.305205,8.680000
46.365993,8.550000
46.402558,8.550000
46.436899,8.520000
46.467365,8.520000
46.505812,8.520000
46.539259,8.370000
46.576666,8.370000
46.604134,8.370000
46.635723,8.340000
46.668108,8.340000
46.706397,8.340000
46.738946,8.180000
46.775331,8.180000
46.805791,8.180000
46.844144,8.110000
46.866569,8.110000
46.903085,8.110000
46.935520,7.970000
46.967856,7.970000
47.004342,7.970000
47.039978,7.890000
47.072362,7.890000
47.105734,7.890000
47.133959,7.830000
47.166351,7.830000
47.206944,7.830000
47.241315,7.700000
47.267814,7.700000
47.302240,7.700000
47.338800,7.640000
47.365118,7.640000
47.399511,7.640000
47.432087,7.500000
47.464486,7.500000
47.502977,7.500000
47.532508,7.410000
47.570942,7.410000
47.598301,7.410000
47.630834,7.300000
47.663009,7.300000
47.698592,7.300000
47.736052,7.160000
47.770383,7.160000
47.802885,7.160000
47.833329,7.120000
47.861604,7.120000
47.900054,7.120000
47.934618,6.980000
47.965026,6.980000
48.005584,6.980000
48.039899,6.870000
48.062196,6.870000
48.098656,6.870000
48.132289,6.820000
48.161696,6.820000
48.204481,6.820000
48.232877,6.690000
48.270329,6.690000
48.308731,6.690000
48.336095,6.630000
48.362217,6.630000
48.398682,6.630000
48.433228,6.540000
48.465574,6.540000
48.504326,6.540000
48.532348,6.400000
48.562717,6.400000
48.597159,6.400000
48.631634,6.300000
48.664188,6.300000
48.698793,6.300000
48.733437,6.210000
48.765368,6.210000
48.809965,6.210000
48.836358,6.090000
48.862520,6.090000
48.901273,6.090000
48.931672,5.970000
48.968131,5.970000
49.000516,5.970000
49.041018,5.930000
49.064296,5.930000
49.097541,5.930000
49.136286,5.780000
49.170623,5.780000
49.207198,5.780000
49.241640,5.690000
49.274960,5.690000
49.314561,5.690000
49.341857,5.600000
49.376440,5.600000
49.401773,5.600000
49.438159,5.480000
49.474730,5.480000
49.509224,5.480000
49.546614,5.340000
49.580197,5.340000
49.602502,5.340000
49.638900,5.240000
49.671232,5.240000
49.703820,5.240000
49.742238,5.120000
49.779015,5.120000
49.813296,5.120000
49.846779,5.030000
49.878903,5.030000
49.904339,5.030000
49.940737,4.910000
49.975215,4.910000
50.012140,4.910000
50.048430,4.810000
50.075611,4.810000
50.106047,4.810000
50.139323,4.700000
50.173923,4.700000
50.207346,4.700000
50.240782,4.590000
50.275330,4.590000
50.309743,4.590000
50.374494,4.470000
50.404892,4.470000
50.439365,4.350000
50.477875,4.350000
50.506199,4.350000
50.542858,4.240000
50.576393,4.240000
50.603654,4.240000
50.638064,4.110000
50.670416,4.110000
50.702774,4.110000
50.741255,4.010000
50.773771,4.010000
50.803134,4.010000
50.843750,3.910000
50.874080,3.910000
50.903633,3.910000
50.938144,3.790000
50.972495,3.790000
51.008971,3.790000
51.039192,3.650000
51.070589,3.650000
51.099988,3.650000
51.134755,3.540000
51.173251,3.540000
51.201583,3.540000
51.237845,3.460000
51.276588,3.460000
51.299691,3.460000
51.333217,3.330000
51.369644,3.330000
51.400192,3.330000
51.438558,3.190000
51.472046,3.190000
51.503464,3.190000
51.535008,3.050000
51.566405,3.050000
51.596822,3.050000
51.633142,2.950000
51.667968,2.950000
51.701100,2.950000
51.734484,2.850000
51.766983,2.850000
51.797153,2.850000
51.833771,2.710000
51.868137,2.710000
51.900543,2.710000
51.937191,2.580000
51.969594,2.580000
52.001101,2.580000
52.036381,2.460000
52.068909,2.460000
52.097260,2.460000
52.137728,2.320000
52.166308,2.320000
52.200926,2.320000
52.235288,2.230000
52.267641,2.230000
52.298990,2.230000
52.332482,2.150000
52.369055,2.150000
52.401409,2.150000
52.436085,2.050000
52.474355,2.050000
52.500768,2.050000
52.535230,1.960000
52.567726,1.960000
52.597942,1.960000
52.634517,1.880000
52.668894,1.880000
52.703393,1.880000
52.739741,1.790000
52.767102,1.790000
52.800445,1.790000
52.830986,1.710000
52.869605,1.710000
52.904047,1.710000
52.938334,1.620000
52.974740,1.620000
53.007272,1.620000
53.037498,1.530000
53.073997,1.530000
53.106416,1.530000
53.135062,1.450000
53.178146,1.450000
53.207984,1.450000
53.240165,1.370000
53.280719,1.370000
53.310130,1.370000
53.340603,1.280000
53.374158,1.280000
53.408553,1.280000
53.442989,1.210000
53.479340,1.210000
53.516040,1.210000
53.548428,1.160000
53.579824,1.160000
53.607145,1.160000
53.641608,1.080000
53.678172,1.080000
53.710455,1.080000
53.744974,1.020000
53.781523,1.020000
53.809832,1.020000
53.849368,0.960000
53.874629,0.960000
53.907071,0.900000
53.943512,0.900000
53.981931,0.900000
54.016441,0.860000
54.044872,0.860000
54.077212,0.860000
54.107506,0.800000
54.139961,0.800000
54.174455,0.800000
54.208963,0.800000
54.243412,0.780000
54.283012,0.780000
54.316506,0.780000
54.339716,0.730000
54.375263,0.730000
54.407585,0.730000
54.440121,0.710000
54.478513,0.710000
54.511859,0.690000
54.543270,0.690000
54.574589,0.690000
54.613153,0.660000
54.638360,0.660000
54.672883,0.660000
54.713410,0.640000
54.741774,0.640000
54.776297,0.640000
54.813856,0.610000
54.837068,0.610000
54.871431,0.610000
54.905938,0.590000
54.937444,0.590000
54.975194,0.590000
55.015391,0.600000
55.043876,0.600000
55.080294,0.600000
55.102573,0.570000
55.135481,0.570000
55.169652,0.570000
55.204069,0.540000
55.236543,0.540000
55.273008,0.540000
55.301250,0.540000
55.333734,0.540000
55.370235,0.540000
55.402798,0.520000
55.435124,0.520000
55.476104,0.520000
55.512384,0.500000
55.536497,0.500000
55.571737,0.500000
55.603212,0.490000
55.633826,0.490000
55.668081,0.490000
55.702442,0.470000
55.735002,0.470000
55.781496,0.470000
55.802893,0.460000
55.834421,0.460000
55.868684,0.460000
55.903257,0.440000
55.935625,0.440000
55.971148,0.440000
56.010662,0.410000
56.040910,0.410000
56.074375,0.410000
56.101784,0.400000
56.136270,0.400000
56.168768,0.400000
56.203111,0.370000
56.239489,0.370000
56.270133,0.370000
56.308594,0.360000
56.336947,0.360000
56.371304,0.360000
56.401642,0.350000
56.440323,0.350000
56.472683,0.350000
56.507186,0.330000
56.540532,0.330000
56.570945,0.330000
56.604412,0.320000
56.636822,0.320000
56.669313,0.320000
56.705685,0.300000
56.742197,0.300000
56.780716,0.300000
56.817191,0.290000
56.848038,0.290000
56.872158,0.290000
56.908401,0.280000
56.942760,0.280000
56.979213,0.280000
57.018232,0.250000
57.086789,0.250000
57.115016,0.260000
57.143334,0.260000
57.175873,0.260000
57.212354,0.230000
57.244835,0.230000
57.283227,0.230000
57.319781,0.220000
57.346094,0.220000
57.374479,0.220000
57.409035,0.220000
57.445471,0.220000
57.479833,0.220000
57.517369,0.200000
57.551999,0.200000
57.583361,0.200000
57.644003,0.180000
57.677476,0.180000
57.710925,0.170000
57.749921,0.170000
57.781914,0.170000
57.818174,0.160000
57.844592,0.160000
57.874990,0.160000
57.909353,0.150000
57.943798,0.150000
57.978503,0.150000
58.014898,0.140000
58.053391,0.140000
58.083694,0.140000
58.115214,0.110000
58.146563,0.110000
58.175889,0.110000
