0.277266,-96.478764
0.297123,-96.478764
0.317115,-96.478764
0.337070,-96.478764
0.357106,-96.478764
0.377103,-96.478764
0.396982,-96.478764
0.417129,-96.478764
0.436959,-96.478764
0.457111,-96.478764
0.477016,-96.478764
0.497013,-96.478764
0.517008,-96.478764
0.536901,-96.478764
0.556978,-96.478764
0.576974,-96.478764
0.596975,-96.478764
0.616898,-96.478764
0.636966,-96.478764
0.657072,-96.478764
0.676888,-96.478764
0.696879,-96.478764
0.716941,-96.478764
0.736847,-96.478764
0.756886,-96.478764
0.776838,-96.478764
0.796870,-96.478764
0.816864,-96.478764
0.836789,-96.478764
0.856825,-96.478764
0.876860,-96.478764
0.896806,-96.478764
0.917045,-96.478764
0.936917,-96.478764
0.956709,-96.478764
0.976732,-96.478764
0.996702,-96.478764
1.016727,-96.478764
1.036649,-96.478764
1.056650,-96.478764
1.076714,-96.478764
1.096675,-96.478764
1.117638,-96.478764
1.136647,-96.478764
1.156656,-96.478764
1.176549,-96.478764
1.197559,-96.478764
1.217632,-96.478764
1.237522,-96.478764
1.257547,-96.478764
1.277516,-96.478764
1.297657,-96.478764
1.317625,-96.478764
1.337421,-96.478764
1.357490,-96.478764
1.377489,-96.478764
1.397491,-96.478764
1.417389,-96.478764
1.437403,-96.478764
1.457493,-96.478764
1.477358,-96.478764
1.497352,-96.478764
1.517418,-96.478764
1.537369,-96.478764
1.557359,-96.478764
1.577302,-96.478764
1.597351,-96.478764
1.617302,-96.478764
1.637235,-96.478764
1.657332,-96.478764
1.677383,-96.478764
1.697303,-96.478764
1.717338,-96.478764
1.737265,-96.478764
1.757353,-96.478764
1.777260,-96.478764
1.797185,-96.478764
1.817216,-96.478764
1.837220,-96.478764
1.857199,-96.478764
1.877235,-96.478764
1.897230,-96.478764
1.917191,-96.478764
1.937257,-96.478764
1.957209,-96.478764
1.977263,-96.478764
1.997161,-96.478764
2.017108,-96.478764
2.037170,-96.478764
2.057115,-96.478764
2.077097,-96.478764
2.097147,-96.478764
2.117054,-96.478764
2.137348,-96.478764
2.157319,-96.478764
2.177078,-96.478764
2.197028,-96.478764
2.217003,-96.478764
2.237001,-96.478764
2.257206,-96.478764
2.276961,-96.478764
2.297033,-96.478764
2.317008,-96.478764
2.336976,-96.478764
2.356961,-96.478764
2.376941,-96.478764
2.396950,-96.478764
2.416960,-96.478764
2.436814,-96.478764
2.456887,-96.478764
2.476912,-96.478764
2.496976,-96.478764
2.516901,-96.478764
2.536924,-96.478764
2.556896,-96.478764
2.577003,-96.478764
2.596892,-96.478764
2.617161,-96.478764
2.636966,-96.478764
2.656907,-96.478764
2.676809,-96.478764
2.696794,-96.478764
2.716834,-96.478764
2.736772,-96.478764
2.756775,-96.478764
2.776796,-96.478764
2.796853,-96.478764
2.816739,-96.478764
2.836760,-96.478764
2.856737,-96.478764
2.876755,-96.478764
2.896642,-96.478764
2.916712,-96.478764
2.936670,-96.478764
2.956690,-96.478764
2.976668,-96.478764
2.996649,-96.478764
3.017599,-96.478764
3.036565,-96.478764
3.056617,-96.478764
3.077588,-96.478764
3.097628,-96.478764
3.117605,-96.478764
3.137634,-96.478764
3.157516,-96.478764
3.177544,-96.478764
3.197539,-96.478764
3.217595,-96.478764
3.237515,-96.478764
3.257464,-96.478764
3.277498,-96.478764
3.297499,-96.478764
3.317629,-96.478764
3.337433,-96.478764
3.357474,-96.478765
3.377440,-96.478765
3.397461,-96.478765
3.417416,-96.478765
3.437415,-96.478765
3.457330,-96.478765
3.477506,-96.478765
3.497336,-96.478765
3.517388,-96.478765
3.537515,-96.478765
3.557396,-96.478765
3.577357,-96.478765
3.597462,-96.478765
3.617365,-96.478765
3.637291,-96.478765
3.657660,-96.478765
3.677309,-96.478765
3.697297,-96.478765
3.717405,-96.478765
3.737252,-96.478765
3.757385,-96.478765
3.777337,-96.478765
3.797327,-96.478765
3.817213,-96.478765
3.837266,-96.478765
3.857146,-96.478765
3.877228,-96.478765
3.897231,-96.478765
3.917322,-96.478765
3.937238,-96.478765
3.957217,-96.478765
3.977231,-96.478765
3.997212,-96.478765
4.017143,-96.478765
4.037090,-96.478765
4.057048,-96.478765
4.077138,-96.478765
4.097056,-96.478765
4.117166,-96.478765
4.137100,-96.478765
4.157021,-96.478765
4.177021,-96.478765
4.197070,-96.478765
4.217148,-96.478765
4.236977,-96.478765
4.256943,-96.478765
4.276917,-96.478765
4.297037,-96.478765
4.316979,-96.478765
4.337043,-96.478765
4.356965,-96.478765
4.376937,-96.478765
4.396925,-96.478765
4.416887,-96.478765
4.436815,-96.478765
4.456798,-96.478765
4.476854,-96.478765
4.496829,-96.478765
4.516781,-96.478765
4.536763,-96.478765
4.556998,-96.478765
4.576758,-96.478765
4.596944,-96.478765
4.616745,-96.478765
4.636763,-96.478765
4.656784,-96.478765
4.676721,-96.478765
4.696767,-96.478765
4.717972,-96.478765
4.736659,-96.478765
4.756798,-96.478765
4.776671,-96.478765
4.796790,-96.478765
4.817631,-96.478765
4.836639,-96.478765
4.856599,-96.478765
4.877628,-96.478765
4.896682,-96.478765
4.917754,-96.478765
4.936542,-96.478765
4.956596,-96.478765
4.977591,-96.478765
4.997584,-96.478765
5.017631,-96.478765
5.037582,-96.478765
5.057608,-96.478765
5.077509,-96.478765
5.097506,-96.478765
5.117482,-96.478765
5.137544,-96.478765
5.157545,-96.478765
5.177528,-96.478765
5.197489,-96.478765
5.217499,-96.478765
5.237362,-96.478765
5.257481,-96.478765
5.277439,-96.478765
5.297455,-96.478765
5.317476,-96.478765
5.337393,-96.478765
5.357436,-96.478765
5.377381,-96.478765
5.397395,-96.478765
5.417364,-96.478765
5.437281,-96.478765
5.457301,-96.478765
5.477364,-96.478765
5.497296,-96.478765
5.517354,-96.478765
5.537203,-96.478765
5.557425,-96.478765
5.577339,-96.478765
5.597316,-96.478765
5.617265,-96.478765
5.637249,-96.478765
5.657191,-96.478765
5.677419,-96.478765
5.697275,-96.478765
5.717240,-96.478765
5.737151,-96.478765
5.757161,-96.478765
5.777495,-96.478765
5.797420,-96.478765
5.817272,-96.478765
5.837203,-96.478765
5.857266,-96.478765
5.877214,-96.478765
5.897179,-96.478765
5.917168,-96.478765
5.937113,-96.478765
5.957103,-96.478765
5.977093,-96.478765
5.997289,-96.478765
6.017108,-96.478765
6.037032,-96.478765
6.057041,-96.478765
6.077190,-96.478765
6.097000,-96.478765
6.116966,-96.478765
6.137011,-96.478765
6.157162,-96.478765
6.177031,-96.478765
6.197113,-96.478765
6.216942,-96.478765
6.236938,-96.478765
6.256958,-96.478765
6.277003,-96.478765
6.297010,-96.478765
6.316922,-96.478765
6.336842,-96.478765
6.356897,-96.478765
6.376898,-96.478765
6.396810,-96.478765
6.416854,-96.478765
6.436815,-96.478765
6.456731,-96.478765
6.476794,-96.478765
6.496821,-96.478765
6.516829,-96.478765
6.536702,-96.478765
6.557034,-96.478765
6.576873,-96.478765
6.596777,-96.478765
6.618004,-96.478765
6.636744,-96.478765
6.656718,-96.478765
6.676852,-96.478765
6.696741,-96.478765
6.717697,-96.478765
6.736658,-96.478765
6.756665,-96.478765
6.777594,-96.478765
6.797632,-96.478765
6.817620,-96.478765
6.837578,-96.478765
6.857640,-96.478765
6.877573,-96.478765
6.897599,-96.478765
6.917550,-96.478765
6.937463,-96.478765
6.957660,-96.478765
6.977575,-96.478765
6.997476,-96.478765
7.017626,-96.478765
7.037506,-96.478765
7.057401,-96.478765
7.077524,-96.478765
7.097533,-96.478765
7.117474,-96.478765
7.137392,-96.478765
7.157425,-96.478765
7.177360,-96.478765
7.197411,-96.478765
7.217405,-96.478765
7.237290,-96.478765
7.257353,-96.478765
7.277306,-96.478765
7.297361,-96.478765
7.317400,-96.478765
7.337248,-96.478765
7.357280,-96.478765
7.377577,-96.478766
7.397266,-96.478766
7.417304,-96.478766
7.437204,-96.478766
7.457217,-96.478766
7.477190,-96.478766
7.497221,-96.478766
7.517198,-96.478766
7.537206,-96.478766
7.557160,-96.478766
7.577191,-96.478766
7.597250,-96.478766
7.617197,-96.478766
7.637182,-96.478766
7.657265,-96.478766
7.677217,-96.478766
7.697334,-96.478766
7.717132,-96.478766
7.737020,-96.478766
7.757082,-96.478766
7.777090,-96.478766
7.797018,-96.478766
7.817138,-96.478766
7.837011,-96.478766
7.856951,-96.478766
7.877006,-96.478766
7.897085,-96.478766
7.917134,-96.478766
7.937006,-96.478766
7.956967,-96.478766
7.976995,-96.478766
7.996997,-96.478766
8.017030,-96.478766
8.036854,-96.478766
8.056934,-96.478766
8.076904,-96.478766
8.096899,-96.478766
8.116930,-96.478766
8.136827,-96.478766
8.156815,-96.478766
8.176891,-96.478766
8.196862,-96.478766
8.216812,-96.478766
8.236796,-96.478766
8.256783,-96.478766
8.276796,-96.478766
8.296981,-96.478766
8.316743,-96.478766
8.336737,-96.478766
8.356777,-96.478766
8.376717,-96.478766
8.396699,-96.478766
8.416664,-96.478766
8.436754,-96.478766
8.456641,-96.478766
8.477756,-96.478766
8.496640,-96.478766
8.517652,-96.478766
8.537617,-96.478766
8.556720,-96.478766
8.577596,-96.478766
8.597719,-96.478766
8.617624,-96.478766
8.637535,-96.478766
8.657658,-96.478766
8.677626,-96.478766
8.697520,-96.478766
8.717643,-96.478766
8.737574,-96.478766
8.757523,-96.478766
8.777574,-96.478766
8.797496,-96.478766
8.817445,-96.478766
8.837486,-96.478766
8.857496,-96.478766
8.877574,-96.478766
8.897414,-96.478766
