0.226189,-10.694622
0.246149,-10.315629
0.266117,-10.170335
0.286120,-9.810201
0.306085,-9.438252
0.326051,-10.149856
0.346153,-10.238381
0.366166,-10.218158
0.386086,-10.405107
0.406010,-9.011060
0.426573,-9.606350
0.446265,-9.404895
0.466211,-9.325774
0.486049,-10.670494
0.505924,-8.973598
0.525964,-9.197396
0.546024,-9.196330
0.565879,-8.898385
0.585976,-10.110435
0.605850,-9.618640
0.625964,-9.577941
0.645904,-9.838909
0.665860,-9.282660
0.685815,-10.018570
0.705851,-10.552449
0.725872,-9.447978
0.745825,-10.495389
0.765851,-9.637770
0.785787,-9.756144
0.805747,-10.544981
0.825725,-10.376014
0.845760,-10.245795
0.865756,-10.020120
0.885719,-9.168681
0.905667,-9.836026
0.925688,-9.590133
0.945729,-9.701483
0.965663,-10.729998
0.985653,-9.332204
1.006827,-9.298310
1.025767,-9.228387
1.045698,-8.980805
1.065706,-9.868054
1.085641,-9.986745
1.106628,-9.401069
1.126665,-10.743030
1.146552,-9.425429
1.166558,-9.737533
1.186546,-10.267743
1.206568,-10.337142
1.226544,-10.115563
1.246665,-10.452495
1.266521,-8.953767
1.286488,-9.327784
1.306428,-9.045137
1.326478,-9.091054
1.346593,-10.237308
1.366485,-9.457899
1.386437,-9.704163
1.406460,-9.798138
1.426469,-9.188716
1.446416,-10.079538
1.466319,-10.372678
1.486259,-9.609259
1.506269,-10.532409
1.526296,-9.562627
1.546480,-9.698671
1.566431,-10.288260
1.586347,-10.401474
1.606980,-10.127050
1.627261,-10.425280
1.646598,-8.927163
1.666299,-9.477280
1.686233,-9.048988
1.706212,-9.164684
1.726286,-10.322906
1.746206,-9.343149
1.766184,-9.729328
1.786234,-9.801638
1.806175,-9.225292
1.826142,-9.935490
1.846111,-10.200748
1.866270,-9.520795
1.886107,-10.527040
1.906127,-9.462029
1.926145,-9.767594
1.946195,-10.809185
1.966115,-10.012632
1.986074,-10.314297
2.006097,-9.936646
2.025954,-9.482268
2.046010,-10.199816
2.066033,-10.102327
2.085948,-10.202778
2.105966,-10.136648
2.125966,-8.962446
2.145968,-9.867830
2.165907,-9.509501
2.185898,-9.642969
2.205897,-10.637189
2.225976,-8.860029
2.245854,-9.303527
2.265888,-9.293999
2.285834,-9.011838
2.305839,-10.206877
2.325836,-9.346506
2.345803,-9.260089
2.365837,-9.517528
2.385778,-9.170593
2.405705,-10.407900
2.425857,-9.420210
2.445736,-9.246106
2.466025,-9.511992
2.485728,-9.071909
2.505679,-10.193666
2.525724,-9.540419
2.545795,-9.501540
2.566058,-10.019581
2.585777,-9.340666
2.606807,-10.035728
2.625775,-10.544834
2.645777,-9.441923
2.665757,-10.328901
2.685668,-9.573038
2.706672,-9.527342
2.725704,-10.525080
2.745631,-10.501858
2.765712,-10.337616
2.785651,-10.226056
2.806689,-8.994009
2.826565,-9.540785
2.846655,-9.335783
2.866591,-9.203307
2.886523,-10.410387
2.906523,-9.399738
2.926535,-9.920298
2.946621,-9.483957
2.966508,-9.318514
2.986480,-9.935228
3.006545,-10.070600
3.026491,-9.422367
3.046483,-10.493525
3.066467,-9.437042
3.086450,-9.951355
3.106465,-10.800362
3.126516,-9.518232
3.146346,-10.233850
3.166318,-9.622347
3.186472,-9.794001
3.206412,-10.873341
3.226416,-9.616841
3.246433,-10.409883
3.266479,-9.761698
3.286336,-9.611357
3.306285,-10.357023
3.326380,-10.399570
3.346679,-10.378293
3.366333,-9.988457
3.386306,-9.141816
3.406209,-9.995225
3.426219,-10.016121
3.446216,-9.946457
3.466620,-10.208622
3.486403,-8.822889
3.506247,-9.894424
3.526276,-9.752659
3.546350,-9.750383
3.566161,-10.520443
3.586183,-8.946346
3.606164,-9.225529
3.626187,-9.309120
3.646186,-9.078652
3.666067,-9.946318
3.686087,-9.797608
3.706243,-9.607570
3.726045,-9.866566
3.746119,-9.328982
3.766064,-10.047980
3.786006,-10.526303
3.805980,-9.781437
3.825944,-10.467800
3.846002,-9.777674
3.865990,-9.439507
3.885965,-9.840199
3.906004,-10.127955
3.925932,-10.005350
3.946038,-10.646244
3.965934,-8.977686
3.985851,-9.338074
4.005881,-9.013386
4.025853,-9.089476
4.045829,-9.994892
4.065858,-9.634535
4.085855,-9.705484
4.105881,-10.312616
4.125791,-9.202450
4.145807,-10.050631
4.165809,-10.630522
4.185748,-9.851392
4.205821,-10.411616
4.225864,-9.855289
4.245928,-9.660054
4.265692,-10.471276
4.285830,-10.265828
4.305722,-10.289643
4.325824,-9.953422
4.345677,-9.205482
4.365898,-10.241515
4.385725,-10.117720
4.406690,-10.205833
4.425671,-10.514838
4.445612,-9.110771
4.465621,-9.390237
4.485690,-9.173388
4.506675,-9.106963
4.526611,-10.019454
4.546685,-9.572522
4.566711,-9.662214
4.586572,-9.625646
4.606482,-9.235608
4.626560,-10.150842
4.646514,-9.635987
4.666452,-9.549837
4.686641,-9.875980
4.706592,-9.011833
4.726469,-10.114226
4.746629,-10.319116
4.766440,-9.524042
4.786428,-10.590022
4.806334,-9.673089
4.826446,-9.792230
4.846381,-9.413470
4.866526,-9.922664
4.886360,-9.049090
4.906341,-10.255860
4.926323,-10.170121
4.946410,-9.819280
4.966332,-9.643971
4.986338,-9.199761
5.006334,-10.716825
5.026272,-9.373740
5.046319,-8.933295
5.066339,-10.994534
5.086446,-8.102054
5.106951,-8.293690
5.126572,-11.273559
5.146338,-7.435401
5.166216,-11.189087
5.186357,-9.676440
5.206177,-10.963873
5.226376,-12.054220
5.246200,-9.917733
5.266231,-11.522687
5.286119,-8.130576
5.306136,-11.015542
5.326086,-9.911826
5.346244,-8.495193
5.366050,-9.674349
5.386107,-7.556313
5.406202,-10.931193
5.426113,-8.017727
5.446090,-10.390584
5.466078,-8.899137
5.486025,-10.657868
5.506170,-11.549253
5.525949,-9.516814
5.546148,-10.589675
5.566215,-8.063194
5.586112,-10.892464
5.605880,-8.613741
5.625952,-10.173088
5.645921,-9.285694
5.665911,-8.994085
5.686608,-10.924729
5.706177,-9.541817
5.725892,-11.472593
5.745904,-8.720640
5.766121,-10.702093
5.785905,-8.245632
5.805852,-11.319088
5.825851,-9.966883
5.845829,-10.305127
5.865813,-9.383207
5.885746,-9.832685
5.905802,-9.478579
5.925864,-9.409397
5.945742,-10.664174
5.965745,-9.053112
5.985726,-10.709499
6.005831,-7.846231
6.025718,-10.341402
6.045735,-9.049438
6.066064,-11.329044
6.086544,-9.402921
6.107434,-11.369516
6.125883,-7.719104
6.145737,-10.853804
6.165639,-7.309032
6.186643,-11.765083
6.206566,-8.585498
6.226674,-11.512650
6.246723,-9.326416
6.266543,-12.200275
6.286641,-8.683750
6.306540,-12.370012
6.326497,-8.183095
6.346600,-11.483440
6.366567,-10.057245
6.386479,-10.841022
6.406520,-9.718839
6.426614,-9.877154
6.446559,-10.481096
6.466532,-7.244369
6.486412,-11.204033
6.506472,-7.963962
6.526526,-11.034544
6.546524,-10.629396
6.566439,-8.133400
6.586607,-10.711462
6.606524,-10.693645
6.626419,-8.034138
6.646378,-10.808372
6.666410,-10.522135
6.686284,-8.575581
6.706401,-9.208493
6.726298,-9.464186
6.746345,-10.826599
6.766394,-9.109013
6.787298,-9.225699
6.806476,-9.245297
6.826324,-9.975458
6.846191,-10.742987
6.866210,-10.191192
6.886225,-10.438732
6.906229,-9.469171
6.926184,-9.944073
6.946304,-8.598591
6.966135,-9.428867
6.986855,-8.754398
7.006746,-10.402594
7.026240,-9.670901
7.046040,-10.608808
7.066041,-9.450867
7.086937,-11.173994
7.107102,-9.593466
7.126014,-11.309626
7.145995,-9.159817
7.165992,-10.811175
7.186113,-9.558637
7.205949,-11.169942
7.225918,-8.772519
7.245926,-10.797992
7.265919,-8.654393
7.285879,-9.906672
7.305904,-7.299217
7.325853,-10.378123
7.347067,-7.473948
7.366675,-9.933713
7.385916,-6.540807
7.405928,-10.348783
7.425965,-7.094476
7.445803,-11.975745
7.466030,-8.896020
7.485908,-13.448125
7.505943,-10.550656
7.525930,-12.502448
7.545971,-10.390245
7.566559,-10.236560
7.586443,-9.345079
7.606873,-7.899297
7.625875,-8.901668
7.645815,-9.520747
7.665750,-10.326028
7.685770,-9.778359
7.705748,-10.800235
7.725730,-9.650296
7.745808,-9.853915
7.765989,-9.273721
7.785716,-9.389138
7.806656,-7.645399
7.825717,-9.122407
7.846624,-7.827086
7.866685,-12.700012
7.886609,-9.514995
7.906617,-11.730970
7.926579,-9.494501
7.946603,-8.493098
7.966607,-10.611989
7.986521,-9.553559
8.006510,-8.363909
8.026581,-9.315599
8.046613,-10.171948
8.066557,-9.085553
8.086602,-8.803147
8.107110,-7.824835
8.126923,-13.118666
8.146536,-9.109559
8.166447,-10.152978
8.186455,-9.390998
8.206400,-8.349164
8.226475,-10.626816
8.246521,-8.325641
8.266449,-7.916741
8.286393,-8.596978
8.306368,-9.390538
8.326399,-8.114134
8.346394,-11.905522
8.366434,-9.875643
8.386358,-8.266809
8.406425,-10.607401
8.426382,-10.465334
8.446395,-9.241201
8.466328,-7.835759
8.486396,-10.924023
8.506339,-7.728616
8.526300,-9.308371
8.546264,-10.132618
8.566365,-9.261838
8.586280,-10.290421
8.606354,-10.257952
8.626160,-9.485210
8.646327,-8.389650
8.666117,-11.076189
8.686254,-9.377086
8.706344,-8.650255
8.726202,-9.649481
8.746897,-10.546642
8.766885,-10.517735
8.786226,-8.518396
8.806195,-11.164325
8.826215,-9.665310
8.846058,-9.693565
8.866065,-9.507386
8.885989,-10.697036
8.906039,-10.009694
8.926074,-9.078869
8.945996,-10.086304
8.966044,-9.369495
8.986052,-9.571253
9.005967,-10.133051
9.026141,-9.504719
9.045928,-10.342764
9.066103,-10.431654
9.086032,-11.178762
9.105964,-8.525372
9.125987,-9.702708
9.146108,-10.437235
9.166527,-10.136534
9.185876,-10.139860
9.205916,-8.989549
9.225996,-10.917082
9.245848,-8.612177
9.265885,-10.128370
9.285815,-9.138865
9.305745,-9.033302
9.325827,-9.952145
9.345968,-9.821117
9.365952,-10.505537
9.386545,-7.811656
9.406553,-10.780300
9.425802,-10.544359
9.445822,-9.674213
9.465799,-10.380001
9.485689,-9.437284
9.506850,-9.222530
9.525737,-8.476240
9.545879,-11.866566
9.565737,-7.948472
9.585655,-8.554518
9.606668,-9.077886
9.625779,-10.929143
9.645671,-10.620667
9.666702,-8.593732
9.686689,-10.392944
9.706703,-7.804157
9.726695,-9.568321
9.746660,-10.954327
9.766659,-11.023859
9.786629,-10.813904
9.806571,-9.480782
9.826600,-10.693405
9.846661,-8.457941
9.866814,-10.157770
9.886562,-10.737551
9.906451,-10.811558
9.926399,-9.013065
9.946524,-8.882231
9.966489,-10.896220
9.986457,-8.461832
10.006487,-10.015430
10.026398,-11.202227
10.046515,-12.058475
10.066372,-8.683096
10.086525,-8.397258
10.106370,-10.813152
10.126348,-7.412776
10.146394,-8.897423
10.166334,-11.449188
10.186369,-10.892267
10.206311,-10.870543
10.226273,-9.454798
10.246381,-10.779648
10.266332,-8.797243
10.286332,-9.582270
10.307314,-9.778732
10.326972,-9.051064
10.346505,-10.988096
10.366239,-8.402338
10.386233,-9.135712
10.406368,-10.026472
10.426335,-10.245300
10.446177,-9.371628
10.466797,-8.813053
10.486963,-10.876151
10.506300,-9.039896
10.526105,-8.699293
10.546183,-10.644806
10.566083,-11.424858
10.586089,-10.132302
10.606141,-8.881351
10.626165,-12.274063
10.646126,-9.384625
10.666174,-8.523758
10.686135,-10.220635
10.706083,-9.717699
10.726156,-9.833071
10.745995,-8.366018
10.766119,-10.272066
10.785960,-9.409834
10.805984,-9.937526
10.826057,-8.913519
10.846200,-8.730181
10.866681,-10.720690
10.886139,-9.285744
10.905889,-9.564045
10.925953,-10.801376
10.945896,-9.832764
10.965910,-8.415209
10.985892,-6.962318
11.005932,-10.186531
11.025871,-7.895590
11.045835,-8.193972
11.065922,-10.926476
11.085865,-9.306059
11.105781,-11.124876
11.125814,-10.147333
11.145704,-9.776432
11.165848,-10.221642
11.185810,-10.222466
11.206774,-8.416460
11.226698,-8.886148
11.245636,-10.194773
11.265755,-8.477310
11.285746,-8.373886
11.307378,-9.653118
11.326415,-9.102805
11.346672,-9.912179
11.366630,-9.729034
11.386662,-11.146109
11.407438,-11.106010
11.427434,-11.868528
11.446588,-11.409163
11.466590,-11.007114
11.486559,-13.407390
11.506547,-10.910374
11.526493,-11.132105
11.546743,-11.410929
11.566527,-10.624310
11.586558,-11.424726
11.606499,-9.421630
11.627470,-11.646505
11.647302,-10.913872
11.666602,-11.560318
11.686414,-10.897278
11.706467,-10.158951
11.726429,-12.394241
11.746414,-10.366488
11.766429,-10.983850
11.787207,-10.779853
11.807570,-11.020041
11.826464,-10.684657
11.846315,-9.992871
11.866294,-12.693901
11.886395,-10.740710
11.906477,-11.437966
11.926377,-11.963548
11.946363,-11.600987
11.966203,-11.631224
11.986175,-10.311152
12.006178,-10.614894
12.026228,-10.980636
12.046236,-12.054340
12.066244,-10.842240
12.086237,-10.099996
12.106207,-12.809606
12.126136,-10.017606
12.146096,-10.155445
12.166137,-11.324876
12.186191,-10.109586
12.206164,-10.717175
12.226295,-9.527719
12.246122,-9.972668
12.266163,-7.954779
12.286084,-8.730502
12.306131,-7.584556
12.326100,-5.845428
12.346070,-8.299029
12.366162,-5.249907
12.385935,-5.212004
12.406655,-7.126744
12.426327,-7.220821
12.445992,-7.280936
12.465997,-6.819081
12.485975,-8.938589
12.505930,-11.059805
12.525911,-11.248412
12.546136,-11.744527
12.566106,-11.055081
12.585894,-14.908012
12.605834,-11.033448
12.625854,-11.351785
12.645806,-11.727309
12.666105,-9.537001
12.685786,-9.287263
12.705762,-7.440044
12.725768,-7.296663
12.745887,-8.643002
12.765787,-8.356971
12.785765,-7.915936
12.806754,-8.412152
12.825831,-11.848439
12.845682,-10.779315
12.865828,-11.391723
12.886696,-12.986251
12.906642,-11.019269
12.926598,-13.661466
12.946660,-9.557836
12.966656,-9.443242
12.986613,-9.249575
13.006625,-7.317355
13.026588,-6.373374
13.046626,-6.779290
13.067435,-8.823247
13.086900,-7.754173
13.106521,-11.249312
13.126549,-10.801529
13.146537,-10.201556
13.166602,-13.445842
13.186674,-10.772848
13.206506,-9.715410
13.226470,-8.785583
13.246490,-7.234865
13.266487,-9.145383
13.286425,-8.592240
13.306461,-9.080793
13.327135,-12.413020
13.346819,-11.649311
13.366389,-10.854066
13.386338,-10.337193
13.406330,-10.115610
13.426364,-8.514253
13.447038,-8.788863
13.467099,-8.635150
13.486418,-8.298148
13.506413,-10.913577
13.526357,-10.179743
13.546552,-11.888268
13.566313,-12.390272
13.586334,-8.583846
13.606333,-10.280615
13.626246,-8.386713
13.646313,-8.489639
13.666196,-9.790746
13.686393,-10.270285
13.706187,-10.922653
13.726196,-9.840071
13.746344,-9.870943
13.766396,-9.610828
13.786145,-8.883585
13.806126,-8.232064
13.826218,-8.798109
13.846137,-11.937716
13.866165,-9.680555
13.886009,-10.606230
13.906112,-11.884562
13.926165,-7.228124
13.946354,-8.932598
13.966004,-7.948996
13.985964,-9.099700
14.005984,-11.077466
14.026027,-10.753280
14.045984,-10.358109
14.066075,-9.220091
14.085996,-9.030983
14.105973,-9.203016
14.125956,-10.060576
14.146112,-10.332398
14.165936,-9.991026
14.185904,-12.062709
14.205923,-8.899637
14.225896,-9.069161
14.245978,-9.831730
14.266232,-8.728021
14.285913,-11.234962
14.305968,-9.676898
14.325968,-8.827427
14.345807,-9.004919
14.365787,-8.338200
14.385777,-10.778775
14.405797,-8.969398
14.425869,-10.502231
14.445773,-10.591672
14.466555,-9.565659
14.487594,-9.484926
14.505812,-9.433225
14.526447,-11.242835
14.547795,-10.651944
14.566729,-11.081608
14.586764,-9.253407
14.606701,-7.869527
14.626696,-11.486924
14.646642,-10.105042
14.666637,-11.547166
14.686574,-10.591380
14.706639,-6.821053
14.726573,-9.365695
14.746620,-8.511573
14.766765,-9.827387
14.786653,-11.340958
14.806557,-8.464228
14.826558,-9.948360
14.846573,-9.178679
14.866566,-9.238445
14.886446,-11.119654
14.906516,-9.997272
14.926535,-9.002844
14.946556,-7.447457
14.966522,-8.594887
14.986462,-8.100182
15.006436,-9.307205
15.026459,-8.812066
15.046336,-8.032881
15.066430,-10.916995
15.086412,-8.961214
15.106502,-10.130300
15.126406,-11.165023
15.146445,-8.433031
15.166429,-11.187338
15.186406,-9.782785
15.206274,-10.799252
15.226335,-10.361975
15.246427,-8.943105
15.266355,-8.930781
15.286333,-8.176884
15.306327,-12.912354
15.326324,-8.972172
15.346380,-8.533957
15.366277,-10.742232
15.386186,-8.207985
15.406144,-12.104584
15.426171,-9.188906
15.446166,-8.004442
15.466184,-10.238142
15.486238,-9.166433
15.506199,-10.768068
15.526146,-9.283038
15.546176,-8.584519
15.566184,-10.581211
15.586099,-10.885267
15.606062,-11.454779
15.626120,-8.727346
15.646084,-10.586162
15.666084,-10.033554
15.686002,-11.793919
15.706103,-10.567213
15.726008,-8.663548
15.746046,-10.626776
15.766001,-9.294774
15.785944,-10.847835
15.806011,-10.271381
15.825903,-7.426270
15.845921,-8.998472
15.865947,-10.101017
15.886232,-9.058329
15.905982,-9.816793
15.925952,-7.922953
15.945851,-8.874651
15.966247,-10.703523
15.985842,-8.743569
16.005809,-9.654891
16.025778,-9.155932
16.045732,-11.483314
16.065958,-9.433566
16.086747,-9.668550
16.105674,-9.249976
16.125708,-12.004506
16.146875,-11.213126
16.166699,-8.463820
16.186650,-10.351467
16.206782,-8.244608
16.226658,-9.709899
16.246671,-9.994381
16.266628,-8.090878
16.286569,-11.255474
16.306579,-9.861376
16.327283,-7.849677
16.346756,-10.325059
16.366732,-10.199841
16.386663,-11.575750
16.406609,-9.160984
16.426634,-9.706429
16.446501,-10.594162
16.466524,-11.791041
16.486490,-8.214133
16.506454,-8.148821
16.526530,-10.855051
16.546484,-11.078299
16.566496,-9.155693
16.586455,-8.299023
16.606543,-8.182156
16.626439,-13.326519
16.646461,-8.466877
16.666322,-8.555328
16.686375,-9.771456
16.706439,-10.673825
16.726363,-11.302002
16.746488,-8.277870
16.766358,-8.903931
16.786325,-11.884654
16.806258,-9.617020
16.826384,-9.329633
16.846407,-9.115399
16.866289,-10.051440
16.886355,-10.687909
16.906388,-9.640035
16.926305,-11.114589
16.946275,-9.406895
16.966205,-11.012545
16.986195,-9.138279
17.006346,-12.696404
17.026224,-9.999973
17.046161,-8.443396
17.066245,-10.851059
17.086169,-8.927366
17.106107,-9.737933
17.126166,-8.508541
17.146111,-9.006464
17.166106,-11.338972
17.186088,-9.580025
17.206573,-9.506258
17.226065,-10.617093
17.246071,-9.101599
17.266151,-12.324177
17.286113,-10.235084
17.306014,-9.917377
17.325999,-10.043581
17.346341,-8.890991
17.366015,-11.484106
17.386012,-8.656291
17.405914,-8.955983
17.425929,-10.911787
17.445960,-8.378136
17.466198,-10.525893
17.486751,-8.818878
17.506024,-9.047121
17.525900,-10.733832
17.546026,-9.733504
17.566208,-11.382935
17.585839,-7.677347
17.605885,-9.267064
17.625877,-10.871483
17.645816,-8.648205
17.665873,-10.309963
17.686816,-9.737685
17.705863,-8.785271
17.725990,-10.136658
17.745863,-10.340912
17.765752,-10.330560
17.786798,-8.619470
17.805720,-11.297773
17.825820,-10.044315
17.845711,-8.556293
17.866772,-11.011126
17.886758,-9.368120
17.906738,-9.255527
17.926684,-10.818817
17.946723,-11.301782
17.966723,-8.123041
17.986872,-8.610202
18.006671,-11.829886
18.026624,-9.742894
18.046663,-9.989276
18.066578,-11.569981
18.086620,-9.221753
18.106648,-10.978536
18.126532,-11.221780
18.146591,-10.133543
18.166517,-7.967535
18.186548,-11.095170
18.206530,-11.593186
18.226570,-6.203479
18.248143,-10.848502
18.266952,-11.503266
18.286808,-7.860608
18.306572,-10.810321
18.326400,-9.201522
18.346473,-8.025814
18.366454,-10.592572
18.387177,-10.832229
18.406858,-7.728221
18.426472,-9.785753
18.446454,-10.560916
18.466338,-9.532691
18.486518,-10.304364
18.506309,-9.922379
18.526306,-6.540897
18.546421,-10.359445
18.566576,-11.015147
18.586318,-8.276857
18.606359,-9.897524
18.626515,-9.126229
18.646478,-8.630698
18.666344,-11.010475
18.686338,-11.792363
18.706354,-7.829841
18.726228,-9.290828
18.746242,-12.200124
18.766135,-8.762830
18.786399,-12.041384
18.806120,-10.738408
18.826118,-6.969204
18.846286,-12.885821
18.866397,-9.304429
18.886067,-8.315322
18.906104,-10.658275
18.925996,-8.352399
18.946115,-9.763848
18.966051,-9.898147
18.986001,-8.140276
19.006049,-9.268221
19.026010,-9.601336
19.045922,-10.464203
19.065952,-9.275463
19.086148,-9.440437
19.105995,-9.408072
19.125938,-7.568412
19.145947,-10.263089
19.166022,-9.059160
19.185874,-10.146089
19.205996,-11.123260
19.225891,-10.083873
19.246523,-9.569434
19.266252,-9.471697
19.285880,-9.855482
19.306027,-9.348773
19.325879,-10.200604
19.345878,-9.064981
19.365786,-7.170085
19.386792,-11.739363
19.405862,-10.506721
19.425838,-10.298639
19.446841,-10.141590
19.466862,-9.080731
19.486811,-11.352884
19.505925,-9.250618
19.525742,-9.757788
19.546798,-10.341924
19.566713,-8.528166
19.586829,-11.539084
19.606724,-10.143930
19.626683,-8.491808
19.646790,-9.268478
19.667502,-8.839943
19.686981,-9.426414
19.706686,-9.490328
19.726656,-9.476561
19.746575,-9.031899
19.766604,-11.163239
19.786612,-11.142825
19.806561,-9.813488
19.826693,-11.255710
19.847943,-8.678250
19.867253,-9.786466
19.886783,-10.433158
19.906614,-7.948570
19.926471,-10.803115
19.946500,-8.316967
19.966485,-9.379484
19.986446,-13.797221
20.006488,-7.835289
20.026383,-10.860447
20.046438,-10.021968
20.066438,-8.157752
20.086390,-13.193599
20.106470,-6.949277
20.126352,-10.508657
20.147269,-9.977036
20.166515,-7.124663
20.186316,-14.005046
20.206335,-8.047883
20.226374,-10.695498
20.246366,-10.014612
20.266306,-6.719273
20.286230,-13.711247
20.306317,-8.295268
20.326231,-8.016102
20.346190,-10.337584
20.366364,-6.981452
20.386305,-11.871692
20.406319,-8.741096
20.426288,-10.728425
20.446128,-10.246044
20.466165,-7.762355
20.486095,-12.469442
20.506165,-8.945743
20.526193,-9.893828
20.546401,-9.911035
20.566042,-6.582718
20.586106,-13.028013
20.606268,-8.804970
20.626089,-11.497782
20.646221,-10.786516
20.666416,-7.670412
20.686146,-11.654690
20.706088,-8.344306
20.726032,-9.659969
20.746055,-8.615052
20.765963,-7.316566
20.786071,-11.245361
20.805983,-6.408940
20.826053,-9.974684
20.845970,-10.126263
20.865974,-7.710040
20.886099,-12.883478
20.905893,-8.398767
20.925869,-11.119125
20.945880,-10.906969
20.965920,-9.647729
20.985803,-12.720576
21.005813,-9.030879
21.025821,-10.876913
21.046791,-9.357394
21.067274,-8.003798
21.085765,-12.456650
21.105834,-9.779127
21.125799,-9.661279
21.146818,-9.391567
21.166805,-9.722001
21.186881,-11.957276
21.206787,-9.005992
21.226748,-10.460154
21.246705,-9.603841
21.266699,-9.143085
21.286625,-11.897216
21.306714,-9.821022
21.326650,-8.854015
21.346680,-10.235421
21.366675,-8.871337
21.387509,-11.054447
21.407498,-8.256858
21.427061,-8.892144
21.446726,-10.197242
21.466637,-8.527695
21.486636,-12.173045
21.506737,-10.881658
21.526572,-10.879947
21.546658,-10.449357
21.566527,-11.805211
21.586522,-11.385211
21.607202,-9.253337
21.627052,-8.641563
21.646585,-9.796168
21.666454,-8.821877
21.686479,-12.032012
21.706551,-8.654462
21.726551,-8.129848
21.746423,-10.232189
21.766467,-8.618364
21.786432,-12.415443
21.806370,-9.687764
21.826480,-10.242917
21.846413,-11.055001
21.866379,-8.012486
21.886334,-11.662610
21.907132,-8.130937
21.926685,-10.120410
21.946328,-11.028461
21.966444,-10.142903
21.986276,-11.086276
22.006227,-10.132804
22.026300,-9.402234
22.046218,-9.840272
22.067088,-9.274961
22.087085,-10.932246
22.106206,-9.950122
22.126252,-9.551238
22.146526,-11.287236
22.166151,-7.877647
22.186185,-12.622371
22.206200,-8.746137
22.226123,-10.420382
22.246199,-9.439301
22.266111,-6.261715
22.286115,-9.524297
22.306361,-9.447347
22.326051,-9.723521
22.346050,-8.711030
22.366031,-10.262059
22.386054,-9.963819
22.406040,-10.741168
22.426173,-9.037928
22.446114,-10.852679
22.466082,-9.340851
22.485982,-10.903813
22.505999,-10.814153
22.526055,-10.695692
22.545954,-10.045314
22.566151,-7.969919
22.585967,-10.391525
22.605846,-10.809486
22.625902,-9.929596
22.645874,-9.229504
22.666900,-10.656857
22.685827,-7.759733
22.705831,-10.459381
22.725844,-7.499450
22.745814,-10.359554
22.767699,-8.389349
22.786708,-11.084782
22.806896,-10.680351
22.825845,-10.825480
22.845779,-11.190334
22.866857,-10.029768
22.886780,-10.117914
22.906780,-10.393806
22.926762,-8.633423
22.946703,-11.988042
22.966708,-8.466811
22.986701,-9.258311
23.006706,-8.671134
23.026673,-7.220284
23.046747,-12.169828
23.066631,-8.374559
23.086769,-11.047207
23.106695,-9.588383
23.126639,-10.699900
23.146575,-10.338078
23.166698,-10.670784
23.186573,-10.147026
23.206604,-10.226010
23.226570,-8.971492
23.246578,-10.158882
23.266574,-10.809513
23.286518,-10.991750
23.307369,-9.740868
23.327127,-8.637993
23.346583,-7.720687
23.366691,-9.713215
23.386519,-8.934834
23.406444,-9.736861
23.426857,-9.180510
23.446515,-9.094439
23.466486,-11.526103
23.486410,-8.509474
23.506386,-11.520290
23.526367,-9.300757
23.546590,-8.996176
23.566395,-9.376986
23.586337,-9.197650
23.606367,-12.260691
23.626553,-9.860352
23.646323,-10.186718
23.666299,-9.088691
23.686512,-9.710687
23.706265,-10.499678
23.726336,-9.717453
23.746439,-11.129816
23.766210,-11.125643
23.786179,-10.184226
23.806201,-8.766127
23.826234,-11.748394
23.846290,-10.619576
23.866208,-10.469267
23.886095,-8.190018
23.906198,-10.209030
23.926140,-9.455967
23.946150,-10.584723
23.966193,-10.049599
23.986068,-9.826309
24.006057,-8.793514
24.026052,-11.728676
24.046060,-7.390960
24.067319,-12.651700
24.086836,-8.426088
24.106205,-11.850130
24.126061,-7.328782
24.146039,-9.287569
24.165910,-9.563956
24.185942,-10.902936
24.205952,-8.790759
24.225916,-10.660994
24.245952,-7.536201
24.265890,-10.419740
24.285894,-9.764308
24.305854,-10.222292
24.325923,-9.754007
24.346047,-8.739186
24.366825,-9.746541
24.385931,-9.956166
24.405843,-11.147085
24.425843,-9.917059
24.445864,-10.231993
24.466829,-8.388262
24.485755,-11.157331
24.506803,-7.221884
24.526776,-11.748164
24.546692,-7.165885
24.566770,-11.073394
24.586737,-8.382632
24.606730,-10.143860
24.626687,-10.708106
24.646661,-10.213427
24.666672,-9.096071
24.686624,-10.934632
24.706806,-9.249559
24.726562,-10.728254
24.747441,-10.471952
24.767644,-9.175708
24.786643,-11.416411
24.806654,-8.356469
24.826519,-11.073258
24.846610,-9.076410
24.866493,-10.324007
24.886525,-7.459520
24.906445,-8.592731
24.926590,-8.492597
24.946548,-10.749159
24.966526,-8.890428
24.986500,-9.560261
25.006427,-8.914092
25.026573,-8.532180
25.046508,-10.989580
25.066412,-7.707623
25.086374,-10.608971
25.106545,-8.771215
25.126476,-8.414099
25.146363,-8.527342
25.166398,-8.213882
25.186415,-12.473503
25.206370,-9.134943
25.226354,-9.792931
25.246415,-8.289038
25.266302,-9.476466
25.286287,-9.943432
25.306304,-10.368569
25.326317,-9.583769
25.346507,-10.273148
25.366284,-9.637799
25.386235,-8.434421
25.406251,-10.673922
25.426237,-8.448120
25.446142,-10.615453
25.466211,-8.802924
25.486234,-8.551269
25.506265,-10.591063
25.526177,-9.366006
25.546460,-11.899632
25.566223,-8.108531
25.586266,-10.259030
25.606055,-10.089362
25.626143,-9.740041
25.646040,-11.874071
25.666106,-9.426549
25.686005,-12.520573
25.706000,-9.365920
25.726056,-8.716732
25.745997,-7.759291
25.766026,-9.748773
25.786007,-9.765568
25.806628,-10.187247
25.826698,-9.054849
25.845927,-7.721841
25.866038,-10.691323
25.885838,-10.137422
25.905869,-11.662610
25.925915,-10.078078
25.945836,-10.055890
25.966833,-11.420624
25.986151,-7.294152
26.005802,-11.123131
26.026036,-9.183474
26.046775,-10.741647
26.066835,-9.875945
26.086828,-8.461532
26.106780,-9.447587
26.126745,-8.962915
26.146790,-10.507678
26.166955,-9.463275
26.186722,-8.996142
26.206676,-9.412607
26.226665,-9.216462
26.246693,-10.612086
26.266627,-9.299792
26.287421,-9.644455
26.308049,-9.465588
26.326681,-8.969431
26.346654,-10.108052
26.366808,-9.587880
26.386596,-10.103004
26.406599,-8.287454
26.426708,-9.468019
26.447208,-7.971263
26.466847,-7.781574
26.486585,-11.137081
26.506540,-8.188050
26.526620,-11.767420
26.546495,-8.457163
26.567333,-9.519546
26.587831,-11.305085
26.606723,-7.775498
26.626569,-13.460368
26.646478,-9.178702
26.667178,-10.209353
26.686642,-9.750837
26.706401,-8.432961
26.726862,-12.194934
26.746741,-9.791011
26.766452,-10.622012
26.786379,-9.703236
26.806331,-7.918146
26.826326,-10.398120
26.846263,-9.561149
26.867323,-9.725330
26.886597,-11.305439
26.906304,-9.441444
26.926308,-11.722094
26.946339,-8.986043
26.966199,-8.552605
26.986167,-10.143168
27.006250,-11.428959
27.026351,-11.702915
27.046232,-8.595922
27.066154,-8.978911
27.086118,-8.635667
27.106191,-10.768483
27.126075,-9.977295
27.146132,-10.361393
27.166088,-8.483809
27.186084,-9.331216
27.206102,-9.938603
27.226081,-10.494641
27.246192,-12.227734
27.266213,-8.979380
27.286171,-9.874796
27.306147,-9.105881
27.326040,-9.341532
27.346104,-9.312763
27.366015,-10.011462
27.386045,-9.690171
27.406381,-10.175683
27.426011,-10.625463
27.445971,-9.495164
27.465950,-10.425700
27.485978,-9.553840
27.505879,-11.742124
27.525895,-9.787243
27.546018,-10.878190
27.565894,-8.954789
27.585881,-10.055036
27.606131,-10.840669
27.626862,-10.799361
27.646816,-10.596276
27.665923,-8.364930
27.686808,-8.931020
27.706911,-10.058163
27.726928,-10.674815
27.746773,-10.279362
27.766879,-8.785864
27.787831,-9.032095
27.807565,-9.882497
27.826815,-10.404495
27.847126,-9.986496
27.867206,-10.713087
27.886692,-8.384380
27.906804,-11.647524
27.926697,-7.809922
27.946702,-8.738295
27.966702,-10.206636
27.986596,-8.235714
28.007331,-11.972519
28.027457,-10.016067
28.046765,-8.470975
28.066638,-11.553104
28.086601,-7.800425
28.106592,-6.377818
28.126594,-10.969629
28.146502,-10.281427
28.166557,-7.803917
28.186491,-9.721108
28.206582,-10.494845
28.226525,-11.626505
28.246748,-11.169959
28.266746,-9.248797
28.286404,-9.005163
28.306472,-11.598308
28.326431,-12.238107
28.346481,-9.821094
28.366358,-7.084863
28.386394,-8.105430
28.406326,-10.506252
28.426378,-13.266163
28.446480,-13.537668
28.466448,-10.351561
28.486380,-7.408916
28.506275,-7.679349
28.526362,-8.348547
28.546407,-8.360977
28.566359,-9.514193
28.586369,-10.909018
28.606176,-9.899970
28.626367,-8.254881
28.646253,-9.410511
28.666525,-6.782074
28.687045,-6.656998
28.706803,-7.877714
28.726176,-8.468272
28.746142,-8.369964
28.766414,-8.862111
28.786081,-11.356339
28.806069,-11.179466
28.826064,-11.435863
28.846047,-11.221584
28.866151,-11.176319
28.886117,-8.785379
28.906023,-8.271436
28.926035,-6.931719
28.946013,-9.370101
28.966029,-9.241466
28.986096,-8.153381
29.005958,-8.684025
29.026596,-10.839862
29.046708,-11.252787
29.066056,-12.455870
29.085958,-12.973518
29.105967,-14.707707
29.126000,-10.598099
29.145937,-9.085073
29.165927,-9.988927
29.186090,-8.353938
29.205888,-9.089720
29.226924,-9.504322
29.246834,-8.081340
29.265849,-8.272850
29.285768,-7.988209
29.306813,-7.532049
29.326786,-7.357689
29.346820,-9.789793
29.366715,-10.614967
29.386767,-10.516824
29.406711,-10.863355
29.426733,-9.695537
29.446703,-9.145846
29.466743,-10.225293
29.487554,-11.115682
29.508322,-11.751874
29.526756,-9.409448
29.546837,-8.734446
29.566718,-7.434866
29.586737,-11.387303
29.606643,-9.810269
29.626588,-7.716676
29.646662,-9.110217
29.666615,-8.849969
29.686590,-7.205463
29.706599,-8.128937
29.726607,-11.230544
29.746608,-12.515018
29.767551,-12.178321
29.787010,-11.384258
29.806530,-10.430953
29.826620,-10.361197
29.846426,-11.493817
29.866446,-8.539658
29.886461,-9.370881
29.906404,-10.367423
29.926428,-7.433187
29.946417,-9.395450
29.966383,-7.955391
29.986368,-9.082951
30.006440,-7.148980
30.026486,-7.295893
30.046292,-8.691244
30.066437,-9.286386
30.086363,-11.346214
30.106503,-13.369417
30.126311,-12.321026
30.146463,-12.353449
30.166271,-11.570848
30.186366,-13.407730
30.206283,-10.631664
30.226360,-9.586768
30.246272,-11.005690
30.266351,-9.276628
30.286292,-8.611929
30.306227,-8.323660
30.326340,-8.940010
30.346372,-7.622135
30.366222,-9.063037
30.386445,-10.478915
30.406194,-10.598196
30.426196,-8.836362
30.447204,-9.285792
30.467020,-11.974976
30.486284,-9.270558
30.506103,-8.213474
30.526160,-9.922071
30.546357,-9.283865
30.566080,-9.684602
30.586081,-9.848893
30.606815,-7.786191
30.626398,-8.242290
30.646304,-8.924117
30.666119,-7.690346
30.686208,-7.500488
30.706007,-9.896676
30.726050,-10.296175
30.745971,-10.031478
30.766015,-13.514919
30.786048,-10.926778
30.806016,-11.826691
30.826082,-11.272580
30.845990,-9.619441
30.866284,-8.092528
30.885937,-9.111920
30.905908,-8.637093
30.925881,-7.836774
30.946865,-9.518792
30.965932,-9.077773
30.985896,-9.463422
31.006800,-9.154664
31.025878,-10.636787
31.046872,-11.804427
31.066857,-12.106590
31.086825,-11.223760
31.106913,-8.416217
31.126848,-10.265183
31.146799,-8.195592
31.166808,-10.919162
31.186789,-5.946906
31.206714,-7.611184
31.226734,-7.368244
31.246792,-8.030892
31.266742,-8.079625
31.286675,-9.787759
31.306706,-12.227542
31.326790,-11.494410
31.347197,-12.078039
31.366756,-9.922356
31.386702,-11.866562
31.406648,-11.904566
31.426762,-9.213318
31.446639,-9.996839
31.466717,-7.086264
31.486662,-7.215659
31.506650,-7.499921
31.526549,-5.060654
31.546714,-6.131918
31.566489,-7.205809
31.586468,-7.519133
31.606568,-10.171919
31.626519,-9.396448
31.646723,-10.503082
31.666547,-11.454025
31.686466,-9.816847
31.706459,-9.447495
31.726491,-8.243126
31.746525,-9.280110
31.766420,-7.002020
31.786373,-8.853512
31.806390,-7.637918
31.826406,-7.223822
31.846353,-6.759447
31.866513,-10.006387
31.886332,-11.821837
31.906250,-11.780989
31.926341,-8.633145
31.946307,-10.819836
31.966317,-8.353651
31.986302,-11.646393
32.006307,-8.523657
32.026313,-9.403872
32.046524,-9.978632
32.066310,-9.758764
32.086418,-8.908062
32.106122,-10.332226
32.126153,-9.783180
32.146155,-8.312079
32.166123,-12.744774
32.186118,-13.329087
32.206240,-9.979696
32.226173,-11.294407
32.246167,-10.786161
32.266176,-9.583830
32.286126,-9.434557
32.306988,-8.625940
32.326432,-8.202164
32.346019,-7.451383
32.366082,-8.030628
32.386122,-10.363653
32.405964,-9.386250
32.426070,-7.781013
32.445884,-11.202749
32.465945,-11.439602
32.485847,-9.633881
32.506017,-9.749199
32.525918,-10.230391
32.546860,-9.004478
32.565839,-9.692679
32.585930,-7.789556
32.606830,-11.020723
32.626841,-10.140570
32.646833,-7.717234
32.666846,-9.020749
32.686818,-10.359281
32.706934,-13.485540
32.726837,-12.018682
32.746809,-10.700695
32.766825,-10.764380
32.786789,-11.651344
32.806838,-7.395566
32.826717,-6.371476
32.846816,-6.810921
32.866714,-8.296443
32.886733,-7.756711
32.906763,-7.803965
32.926740,-8.678856
32.946801,-7.964534
32.966834,-9.611703
32.986670,-10.565056
33.006658,-11.463788
33.026726,-12.676896
33.046676,-10.393987
33.066687,-8.691669
33.086528,-12.259892
33.106652,-11.042201
33.126599,-10.212491
33.146581,-8.126940
33.166570,-8.337048
33.186645,-10.130511
33.206500,-10.098428
33.226568,-4.667511
33.246494,-7.826889
33.266663,-7.914144
33.286421,-8.938119
33.306432,-10.943123
33.326414,-14.079878
33.346569,-12.842969
33.366498,-11.957896
33.386471,-9.800837
33.406392,-7.375831
33.426434,-16.453436
33.446491,-10.400223
33.466352,-8.501424
33.486478,-8.245750
33.506320,1.122787
33.526353,-6.938635
33.546712,-13.912267
33.566332,-16.893723
33.586321,-22.558161
33.606330,-16.004053
33.626388,1.484786
33.646370,-5.936725
33.666521,-4.115186
33.687577,-12.537692
33.706384,-5.803417
33.726234,-13.009227
33.746397,-12.453603
33.766285,-10.535869
33.786271,-11.136253
33.806206,-8.479124
33.826276,-11.539066
33.846247,-10.441671
33.866183,-13.278463
33.886190,-12.055641
33.906199,-10.343218
33.926156,-10.536963
33.946140,-8.893665
33.966087,-10.574769
33.986283,-3.595752
34.006281,-5.361201
34.026084,-8.634354
34.046043,-8.088332
34.066119,-6.350925
34.086062,-8.727270
34.106029,-6.865700
34.126046,-9.207492
34.146062,-10.711464
34.166032,-10.901628
34.186070,-8.204771
34.205913,-9.679262
34.226002,-6.896060
34.245893,-10.877745
34.265923,-9.969036
34.285922,-7.175987
34.306003,-7.848955
34.326885,-8.747846
34.345952,-9.309302
34.365896,-9.010259
34.386821,-10.831743
34.406793,-9.783427
34.426876,-12.041449
34.446790,-12.086498
34.466823,-12.926622
34.486826,-12.500406
34.507677,-12.151266
34.527283,-7.802311
34.546788,-9.183578
34.566832,-9.384398
34.586944,-10.738045
34.606775,-9.904230
34.626873,-9.777909
34.647844,-6.832232
34.667022,-9.548229
34.686796,-9.475973
34.706683,-11.212767
34.726601,-10.799614
34.746690,-10.582611
34.766670,-10.764096
34.786674,-8.959498
34.806632,-11.626089
34.826633,-10.225058
34.846620,-6.638207
34.867200,-9.143993
34.887243,-8.001633
34.906584,-8.806232
34.926571,-12.024352
34.946700,-10.757597
34.966518,-11.721052
34.986533,-12.687759
35.006618,-11.521423
35.026621,-10.608205
35.046501,-10.487083
35.066540,-3.267467
35.086511,-7.648390
35.106484,-3.809401
35.126453,-8.347553
35.146486,-8.609278
35.166656,-6.445685
35.186452,-8.088497
35.206454,-10.426068
35.226348,-12.297516
35.246369,-14.071731
35.266455,-11.001726
35.286364,-13.093040
35.306352,-12.803755
35.326402,-9.481266
35.346323,-9.173117
35.366315,-8.640854
35.386322,-10.484172
35.406382,-8.413402
35.426346,-7.664397
35.446367,-7.251156
35.466201,-7.811828
35.486138,-9.415778
35.506140,-11.349200
35.526178,-9.355702
35.546243,-9.406580
35.566275,-9.175875
35.586229,-7.240717
35.606128,-8.632075
35.626096,-5.808259
35.646073,-7.173533
35.666142,-7.197731
35.686078,-5.778034
35.706116,-7.513466
35.726100,-10.742271
35.746123,-8.588902
35.766142,-11.429154
35.786041,-13.156728
35.806081,-11.407437
35.826063,-11.249253
35.846208,-9.817764
35.866012,-9.473285
35.886022,-12.364200
35.906007,-10.067903
35.925945,-10.712497
35.945982,-11.627240
35.966006,-11.970687
35.985912,-11.578528
36.007752,-12.030290
36.027944,-11.547099
36.046988,-12.483020
36.066853,-10.354454
36.086900,-7.391747
36.106811,-6.266550
36.126833,-7.718264
36.146863,-5.155616
36.166767,-5.236924
36.186874,-7.051407
36.206814,-6.509106
36.226866,-5.799434
36.246806,-9.434640
36.266798,-11.888714
36.286831,-12.560130
36.307428,-12.180250
36.327035,-11.648015
36.346774,-11.948445
36.366704,-8.409606
36.386767,-8.690080
36.406692,-9.561483
36.426725,-11.144362
36.446720,-10.391543
36.466673,-11.025178
36.486649,-9.525702
36.506668,-11.895328
36.526626,-10.249609
36.546722,-9.887187
36.566597,-11.044047
36.587033,-10.452746
36.606570,-11.226405
36.626516,-10.860377
36.646487,-11.154195
36.666538,-10.763770
36.687250,-8.924439
36.707800,-11.306258
36.726569,-9.585195
36.746504,-9.501472
36.766453,-11.122324
36.786459,-11.432104
36.806408,-10.218020
36.826454,-9.275993
36.847261,-12.486305
36.867059,-10.235781
36.886723,-9.389835
36.906400,-10.719574
36.926437,-9.799574
36.946449,-9.484292
36.966647,-7.700250
36.986273,-11.571015
37.006325,-11.873042
37.026360,-10.153527
37.046257,-10.981842
37.066283,-10.526068
37.086267,-11.828304
37.106191,-10.548151
37.126326,-7.232667
37.146271,-6.601643
37.166140,-7.594815
37.186283,-9.956379
37.206680,-6.048070
37.226592,-6.115637
37.246196,-9.672312
37.266169,-8.184347
37.286104,-8.920545
37.306152,-10.682522
37.326139,-9.155327
37.346128,-8.448840
37.366187,-7.068590
37.386089,-6.162267
37.406025,-8.071592
37.426096,-8.135110
37.446002,-9.944307
37.465987,-8.844885
37.485960,-9.252837
37.506034,-11.008885
37.525980,-12.293505
37.546117,-12.767489
37.566298,-13.052673
37.586001,-12.869683
37.606871,-9.010878
37.625944,-7.010413
37.645897,-12.976093
37.666876,-8.189047
37.686863,-10.387157
37.706838,-6.866166
37.726968,-6.196299
37.746855,-11.388187
37.766905,-10.910151
37.786836,-11.586292
37.807461,-10.385227
37.827268,-9.215124
37.846790,-10.591176
37.867014,-9.067753
37.886739,-10.343177
37.906744,-10.295033
37.926795,-10.654575
37.946710,-9.617424
37.966643,-9.655128
37.986661,-7.780554
38.006653,-11.430373
38.026604,-10.281586
38.046616,-17.337177
38.066709,-16.441719
38.086571,-17.515715
38.106616,-10.818719
38.126590,-10.164972
38.146784,-9.961674
38.166580,-9.299218
38.186591,-7.157963
38.206494,-7.670826
38.226589,-6.411916
38.246596,-6.279950
38.266608,-9.932362
38.286606,-7.277758
38.306459,-12.004167
38.326438,-8.030235
38.346537,-8.512897
38.366488,-7.819052
38.386433,-7.481163
38.406384,-9.158292
38.426375,-6.312342
38.446398,-8.236303
38.466480,-8.575566
38.486324,-8.044156
38.506450,-11.129531
38.526417,-9.609433
38.546306,-9.164077
38.566275,-12.422733
38.586411,-11.684215
38.606357,-10.672181
38.626316,-10.733487
38.646507,-11.658473
38.666350,-8.060755
38.686337,-9.839966
38.706290,-11.267838
38.726278,-11.493989
38.746201,-13.790352
38.766199,-8.380429
38.786238,-16.073545
38.806184,-8.833661
38.826151,-11.149558
38.846196,-9.832160
38.866204,-7.727337
38.886163,-8.141686
38.906163,-4.435374
38.926116,-9.878980
38.946081,-9.160743
38.966180,-8.931004
38.986053,-10.680726
39.006173,-9.096263
39.026056,-11.004619
39.046068,-14.648482
39.066020,-9.752213
39.086003,-10.316936
39.106184,-9.351088
39.126218,-9.069896
39.146064,-8.999166
39.166082,-8.913204
39.185946,-12.173555
39.206914,-12.852741
39.226008,-15.210693
39.245957,-12.840786
39.268225,-12.381889
39.288146,-12.344637
39.307157,-11.943542
39.327011,-11.641727
39.346962,-12.546461
39.366881,-10.416241
39.386833,-11.467485
39.406804,-11.483492
39.426801,-13.314438
39.446821,-12.709131
39.467203,-10.680197
39.486808,-11.986698
39.506826,-8.179532
39.526722,-7.994484
39.546831,-7.264257
39.566779,-6.273081
39.586672,-7.161297
39.606735,-6.745279
39.627420,-9.370283
39.647488,-5.662693
39.666812,-7.200304
39.686647,-7.008870
39.706678,-5.028049
39.726607,-6.971375
39.746811,-6.544001
39.766662,-5.992116
39.786637,-6.071652
39.806597,-6.154714
39.826584,-9.018817
39.846541,-11.274509
39.866485,-16.686640
39.886613,-16.486853
39.906552,-13.454950
39.926671,-9.877558
39.946607,-12.331921
39.966597,-10.913368
39.986556,-13.255129
40.006537,-9.034513
40.026458,-10.084346
40.046430,-10.634695
40.066493,-8.706817
40.086443,-7.099761
40.106444,-9.345361
40.126490,-9.530619
40.146485,-10.414238
40.166325,-6.788710
40.186441,-10.285757
40.206413,-8.483510
40.226319,-9.117453
40.246315,-11.606928
40.266321,-11.086119
40.286304,-9.391899
40.306286,-14.563610
40.327235,-13.463341
40.347002,-10.370269
40.366302,-10.175995
40.386281,-8.362163
40.406206,-10.319541
40.426207,-9.934002
40.446347,-7.766432
40.466192,-8.042772
40.486191,-4.032492
40.506270,-6.142104
40.526193,-4.661697
40.546167,-4.643059
40.566071,-7.720316
40.586188,-6.483961
40.606241,-7.123546
40.626339,-9.837605
40.646822,-11.523853
40.666722,-13.769602
40.686258,-14.500355
40.706081,-16.228052
40.726001,-14.187069
40.746049,-15.641047
40.766211,-15.926697
40.786742,-15.616930
40.807229,-13.908676
40.826003,-11.951174
40.846053,-9.206488
40.865943,-9.656919
40.886908,-11.203638
40.906904,-9.517151
40.926877,-7.601194
40.946901,-7.838665
40.966893,-10.811667
40.986985,-10.799768
41.006828,-10.608671
41.026939,-10.298786
41.046806,-11.694494
41.066888,-10.899282
41.086817,-11.882599
41.106802,-9.111651
41.126786,-6.827135
41.146830,-9.061169
41.166738,-8.204426
41.186728,-8.747935
41.207807,-8.649565
41.227168,-8.431263
41.246711,-10.098015
41.266697,-10.836929
41.286714,-10.406080
41.306782,-9.032986
41.326762,-9.073087
41.346822,-8.938259
41.367484,-9.946281
41.386922,-11.171735
41.406642,-8.170045
41.426697,-12.163233
41.446651,-9.892414
41.466687,-11.880737
41.486661,-9.462231
41.506602,-9.311489
41.526651,-11.236753
41.546722,-11.408134
41.566630,-12.462728
41.586542,-8.762298
41.606667,-10.403340
41.626593,-8.362132
41.646593,-10.989375
41.666752,-8.838352
41.686558,-9.070045
41.706493,-9.610589
41.726463,-8.641150
41.746564,-8.800609
41.766495,-11.006626
41.786475,-12.386162
41.806398,-8.467572
41.826421,-8.386490
41.846406,-11.604877
41.866375,-11.017420
41.886374,-6.401424
41.906429,-6.677072
41.926337,-7.105602
41.946470,-8.591825
41.966390,-6.605730
41.986414,-8.174055
42.006330,-8.458776
42.026245,-5.490930
42.046231,-8.987979
42.066266,-7.548001
42.086254,-9.296106
42.106220,-10.682642
42.126236,-13.971118
42.146231,-9.870870
42.166156,-8.097084
42.186152,-12.507922
42.206124,-11.657205
42.226138,-10.215208
42.246372,-6.134823
42.266134,-9.231217
42.286083,-9.898432
42.306284,-8.739770
42.326090,-7.592464
42.346032,-10.779773
42.366090,-9.826514
42.386268,-10.147708
42.406051,-12.214805
42.426201,-9.688824
42.446081,-11.237687
42.466272,-12.735486
42.486102,-8.664883
42.506975,-9.408549
42.525930,-11.504896
42.546116,-7.845136
42.566974,-5.334944
42.586896,-9.010252
42.606911,-7.895981
42.626958,-8.522483
42.646915,-10.916449
42.666863,-6.625385
42.686901,-9.648003
42.706911,-9.437094
42.726908,-9.106922
42.746880,-10.306882
42.767003,-7.299759
42.786893,-10.407885
42.806920,-10.712667
42.826804,-10.232956
42.846799,-4.653166
42.866804,-7.864656
42.886992,-8.881134
42.906786,-9.659737
42.926785,-12.330655
42.946914,-10.837683
42.966794,-12.634659
42.986645,-13.082802
43.006708,-11.127888
43.026828,-11.748224
43.046628,-11.682054
43.066704,-11.522324
43.086620,-11.201238
43.106713,-10.089881
43.126684,-10.268566
43.146630,-11.160898
43.166588,-10.184131
43.186707,-8.882812
43.206522,-9.605546
43.226512,-9.702818
43.246724,-9.159389
43.266588,-13.425504
43.286483,-14.128075
43.306497,-9.407256
43.326510,-12.517957
43.346493,-10.808918
43.366488,-8.913754
43.386497,-9.089681
43.406453,-10.400396
43.426475,-6.324035
43.446506,-8.622911
43.466723,-9.005067
43.486329,-6.323785
43.506415,-6.834490
43.526387,-7.829183
43.546513,-5.592300
43.566319,-9.271211
43.586340,-5.615367
43.606354,-7.649256
43.626415,-7.151998
43.646347,-8.726176
43.666352,-8.943438
43.686364,-4.663028
43.706351,-7.420919
43.726168,-8.315234
43.746387,-11.421988
43.766235,-6.492835
43.786191,-8.462731
43.806210,-8.449737
43.826173,-6.483438
43.846246,-9.205439
43.866183,-8.280774
43.886275,-9.533597
43.906343,-7.556211
43.926822,-12.058187
43.946823,-9.728648
43.966213,-11.058269
43.987001,-8.248119
44.007230,-9.592708
44.026082,-12.071095
44.046136,-11.244248
44.066171,-8.478200
44.086051,-12.581332
44.106066,-11.808152
44.126054,-7.927299
44.146022,-10.294271
44.166067,-9.689591
44.186030,-10.660950
44.206946,-10.820972
44.226067,-11.742268
44.246048,-10.432537
44.267003,-11.133980
44.286883,-12.749677
44.306961,-13.088601
44.326938,-10.161898
44.346955,-7.582714
44.366968,-8.316324
44.386898,-10.299573
44.406834,-7.804278
44.426866,-8.213499
44.446841,-8.108727
44.466873,-10.491016
44.486799,-8.278943
44.506872,-7.342530
44.526803,-7.807039
44.546856,-6.206381
44.566810,-8.855175
44.586786,-9.014706
44.606765,-10.103745
44.626799,-9.920919
44.646773,-8.119685
44.666806,-10.127123
44.686738,-9.397131
44.706820,-13.427266
44.726742,-10.563706
44.746662,-9.878218
44.766712,-14.034385
44.786701,-10.753673
44.806681,-10.126125
44.826580,-7.127932
44.846577,-8.856448
44.866639,-8.199182
44.886596,-9.232763
44.906693,-6.862947
44.926660,-3.992295
44.946652,-5.626952
44.966646,-10.209391
44.986561,-11.183974
45.006536,-10.634301
45.026627,-7.356374
45.046553,-10.094806
45.066626,-11.588099
45.086436,-9.248694
45.106503,-10.914639
45.126433,-8.192851
45.146506,-9.680804
45.166496,-9.898818
45.186521,-9.373113
45.206510,-10.532651
45.226479,-10.689589
45.246548,-8.686782
45.266429,-6.811646
45.286330,-8.441723
45.306422,-10.141128
45.326307,-9.094165
45.346409,-4.453195
45.366471,-4.760441
45.386393,-7.597054
45.406388,-12.005198
45.426344,-8.811909
45.446373,-8.434361
45.466221,-7.383163
45.487033,-10.050688
45.507741,-10.559246
45.526220,-11.651242
45.546478,-11.353593
45.566193,-11.722713
45.586192,-14.493170
45.606190,-11.252460
45.626093,-10.419835
45.646142,-13.892743
45.666196,-13.302968
45.686134,-10.107942
45.706060,-9.674301
45.726083,-8.615479
45.746079,-11.237720
45.766172,-8.971883
45.786003,-12.788413
45.806065,-9.651906
45.826090,-10.033653
45.846073,-5.662412
45.866063,-3.726008
45.886994,-7.252646
45.905996,-8.923934
45.925926,-7.499709
45.947028,-7.043024
45.966971,-8.540086
45.986896,-11.462877
46.006926,-7.676777
46.026884,-10.247958
46.046853,-7.128033
46.066903,-9.594320
46.086895,-11.674295
46.106838,-10.696532
46.126885,-8.607398
46.146870,-10.520346
46.166939,-9.411891
46.186841,-10.170918
46.206813,-11.200820
46.226919,-8.846531
46.246843,-10.388433
46.266839,-12.842377
46.286807,-10.940757
46.306769,-10.250625
46.326747,-8.880885
46.347691,-10.475661
46.367031,-8.374759
46.386782,-9.423422
46.406690,-10.538091
46.426723,-8.385162
46.446889,-7.074445
46.466740,-7.596141
46.486676,-7.221054
46.506679,-7.977969
46.526682,-8.293229
46.546640,-10.021405
46.566656,-7.301168
46.586721,-9.006827
46.606620,-10.404322
46.626570,-9.422123
46.646556,-9.870048
46.666609,-10.523236
46.686551,-9.482175
46.706550,-15.920604
46.726468,-12.357699
46.746517,-9.811913
46.766584,-8.951096
46.786473,-10.548905
46.806555,-9.415803
46.826516,-12.825109
46.846628,-8.695671
46.866414,-12.547671
46.886361,-9.631917
46.906402,-10.484632
46.926405,-8.325688
46.946483,-13.454728
46.966421,-10.850170
46.986393,-11.324774
47.006346,-10.419729
47.026312,-10.792735
47.046442,-9.493821
47.066384,-8.668859
47.086311,-10.931801
47.106446,-9.372771
47.126376,-10.555390
47.146308,-10.362597
47.166284,-9.631179
47.186245,-10.736544
47.206330,-10.854746
47.226192,-7.717058
47.246156,-9.409623
47.266212,-8.348376
47.286186,-9.880518
47.306133,-10.490860
47.326156,-8.941289
47.346330,-11.760673
47.366128,-10.452930
47.386112,-9.481868
47.406148,-9.596359
47.426173,-6.259243
47.446074,-6.818439
47.466089,-11.633775
47.487045,-10.930717
47.506037,-9.538280
47.526134,-9.383708
47.546139,-12.776334
47.566018,-10.382607
47.586933,-8.860631
47.605941,-8.611926
47.626945,-9.069837
47.646984,-7.708371
47.666929,-8.459683
47.686902,-10.010718
47.706884,-10.573615
47.726959,-7.916695
47.746960,-11.011914
47.766884,-11.879268
47.786904,-9.486041
47.806858,-10.952665
47.826879,-10.539128
47.846935,-9.686047
47.866812,-9.504622
47.887029,-9.419654
47.906887,-7.014010
47.926911,-7.850861
47.946929,-8.762102
47.966877,-9.421103
47.986860,-9.485229
48.006852,-10.117760
48.026872,-9.432315
48.046812,-13.584908
48.066969,-10.285016
48.086831,-11.444250
48.106773,-9.878459
48.126699,-10.595055
48.146862,-10.549421
48.166756,-7.694926
48.186680,-9.508926
48.206794,-8.653562
48.226686,-9.086968
48.246614,-6.678957
48.266898,-7.820519
48.286891,-9.951355
48.306602,-8.938748
48.327642,-9.305211
48.347763,-11.137366
48.366693,-9.038622
48.386629,-10.087381
48.406562,-8.834192
48.426584,-11.024443
48.446589,-9.599634
48.466524,-12.909496
48.486408,-12.723154
48.506604,-10.446115
48.526491,-14.434612
48.546561,-13.455898
48.566387,-9.728791
48.586454,-15.369194
48.606509,-14.251400
48.626408,-10.435634
48.647242,-10.683965
48.667517,-11.404866
48.686413,-14.289500
48.706458,-13.038373
48.726348,-9.282166
48.746295,-14.657384
48.766483,-12.476176
48.786330,-11.517713
48.806245,-12.356620
48.826235,-11.658610
48.846256,-9.813160
48.866219,-9.616743
48.886270,-9.187965
48.906265,-11.130468
48.926154,-7.612058
48.946192,-10.143860
48.966159,-8.938789
48.986187,-9.549707
49.006107,-7.342701
49.026261,-8.062144
49.046105,-7.612177
49.066159,-7.849761
49.087147,-9.299070
49.106681,-9.863137
49.126510,-6.559116
49.146126,-9.367773
49.166043,-8.687547
49.186921,-9.411698
49.207021,-6.405743
49.226954,-8.708069
49.246886,-7.050555
49.266917,-9.676791
49.286917,-8.677268
49.306987,-9.244396
49.326918,-8.335500
49.347917,-9.303840
49.367697,-8.235076
49.387345,-9.991410
49.406846,-9.487847
49.426859,-10.065377
49.446907,-9.906579
49.466827,-5.968711
49.486843,-7.399946
49.506823,-5.865341
49.526906,-8.470784
49.546874,-8.502126
49.566742,-8.570017
49.586793,-9.789409
49.606767,-8.679077
49.626735,-9.588680
49.646814,-8.420848
49.666820,-9.591516
49.686773,-9.569583
49.706677,-13.070249
49.726594,-10.867020
49.746809,-8.576671
49.766664,-9.109076
49.786747,-10.280420
49.806654,-10.307829
49.826592,-10.348461
49.846604,-10.041533
49.866613,-9.278841
49.886596,-9.709009
49.906582,-11.117992
49.926573,-11.271067
49.946569,-8.474628
49.966543,-9.787564
49.986642,-10.474018
50.007354,-8.767953
50.026838,-10.756564
50.046515,-10.056647
50.067016,-8.589725
50.086470,-8.305973
50.106439,-7.107814
50.126512,-8.301169
50.146416,-5.467277
50.166357,-7.317877
50.186398,-8.711814
50.206428,-7.744233
50.226331,-11.614846
50.246399,-10.076776
50.266407,-11.290379
50.286317,-11.597373
50.306504,-15.318611
50.326349,-12.046442
50.347118,-11.225684
50.366970,-12.850375
50.386502,-11.053424
50.406284,-11.627154
50.426146,-8.677994
50.446230,-10.801834
50.466273,-12.732341
50.486176,-10.145981
50.506172,-8.558814
50.526153,-9.303416
50.546170,-8.131024
50.566118,-8.137589
50.586219,-8.205020
50.606884,-6.797636
50.627054,-8.418180
50.646156,-9.494749
50.666085,-11.891426
50.686163,-9.813816
50.706080,-9.121154
50.726091,-12.052400
50.746081,-10.724849
50.767069,-8.904305
50.786081,-7.887661
50.807093,-8.730304
50.826092,-9.842736
50.846239,-11.258026
50.866968,-9.463990
50.887091,-11.598795
50.906986,-12.190274
50.926993,-9.934317
50.947035,-8.248359
50.966989,-9.291168
50.986979,-7.033967
51.006929,-7.878908
51.026906,-7.550893
51.046838,-6.518326
51.066831,-7.505757
51.088258,-8.838434
51.107817,-9.230519
51.126915,-9.653814
51.146834,-8.259581
51.166902,-9.259796
51.186811,-10.815180
51.206785,-9.980878
51.226774,-13.008494
51.246793,-9.272127
51.266848,-7.848141
51.286773,-9.672354
51.306780,-9.494002
51.326712,-10.003595
51.346738,-9.327412
51.366961,-7.931086
51.386735,-10.465356
51.406696,-7.933326
51.426700,-5.922760
51.446646,-8.004251
51.466672,-10.623050
51.486608,-11.337998
51.506572,-11.503278
51.526569,-13.057068
51.546780,-11.438972
51.566835,-10.720143
51.586633,-8.209653
51.606549,-8.903562
51.626601,-9.091162
51.646609,-8.291479
51.668039,-9.656904
51.686697,-11.722461
51.706490,-7.293364
51.726510,-6.919279
51.746531,-6.886975
51.766540,-5.438368
51.786529,-12.548767
51.806471,-12.748905
51.826463,-14.343779
51.846531,-10.408214
51.866402,-9.045982
51.886337,-12.976404
51.906506,-8.955036
51.926375,-7.506879
51.946369,-10.874907
51.966333,-12.726726
51.986358,-11.089732
52.006387,-8.567729
52.026477,-12.122005
52.046435,-7.667350
52.066365,-8.330452
52.086316,-6.888515
52.106167,-10.260610
52.126416,-13.445945
52.146266,-10.450595
52.166224,-14.005350
52.186743,-10.991757
52.206174,-12.281461
52.226350,-10.776082
52.246098,-13.079643
52.266227,-12.233562
52.286162,-9.426417
52.306322,-10.452906
52.326089,-7.852367
52.346216,-7.228340
52.367136,-8.305848
52.386056,-8.950704
52.406154,-5.834031
52.426104,-4.762375
52.446194,-6.836190
52.467074,-6.242409
52.486045,-6.841383
52.506135,-9.553188
52.527027,-5.963618
52.547113,-8.848948
52.567094,-7.831789
52.588083,-9.520870
52.607928,-11.189457
52.627138,-11.476223
52.646906,-13.273069
52.666935,-13.004643
52.686890,-11.159920
52.706903,-9.429948
52.726880,-11.090145
52.746872,-11.252209
52.766831,-10.022511
52.786813,-10.380424
52.806849,-10.813873
52.826937,-10.130622
52.846833,-13.017158
52.866886,-12.106538
52.886796,-11.309639
52.906798,-7.107359
52.926786,-9.202483
52.946733,-9.098598
52.966799,-9.299033
52.986737,-7.068858
53.006701,-9.413060
53.026810,-8.066233
53.046671,-9.040154
53.067420,-11.237901
53.087723,-12.148847
53.106566,-11.582092
53.126554,-11.798071
53.146570,-9.326995
53.166549,-11.098378
53.186634,-10.797169
53.206558,-6.559782
53.226579,-7.483054
53.246669,-8.830426
53.266455,-8.096750
53.286567,-11.223300
53.306454,-10.371619
53.326468,-9.650636
53.346573,-8.573813
53.366432,-9.519206
53.386448,-10.606871
53.406417,-10.755602
53.426499,-9.967282
53.446477,-9.932931
53.466413,-11.148377
53.487122,-10.893000
53.507478,-9.818295
53.526545,-8.902666
53.546371,-10.149901
53.566382,-9.086426
53.586990,-8.346806
53.606557,-10.266979
53.626271,-11.083540
53.646200,-9.999408
53.666225,-9.898420
53.686182,-8.451780
53.706110,-9.080052
53.726245,-8.405817
53.746315,-14.678076
53.766189,-13.165648
53.786275,-13.145385
53.806184,-9.667300
53.826277,-10.176865
53.846142,-9.752586
53.867161,-12.063635
53.886097,-9.542949
53.906138,-10.388137
53.926017,-9.438431
53.946127,-9.107146
53.967069,-7.538284
53.986116,-8.748341
54.006994,-10.329412
54.027039,-9.974199
54.046973,-12.287880
54.066948,-8.295397
54.086929,-12.822998
54.106943,-11.310579
54.126907,-9.490930
54.146988,-8.807363
54.166982,-11.846037
54.186904,-9.610950
54.206954,-10.057697
54.226892,-9.273944
54.246879,-9.545871
54.266939,-8.411321
54.286881,-9.714882
54.306829,-10.802810
54.326891,-9.176749
54.346809,-9.949769
54.366771,-8.691563
54.386803,-6.921998
54.406806,-9.427159
54.426775,-10.372046
54.446783,-9.637800
54.466987,-10.261152
54.486815,-11.274204
54.506801,-11.011769
54.526704,-11.402670
54.546772,-9.831190
54.566779,-10.284167
54.586625,-7.007311
54.606677,-8.180484
54.626658,-6.990313
54.646601,-8.848212
54.666694,-10.370017
54.686625,-10.951023
54.706605,-9.780722
54.726636,-10.773370
54.746716,-11.905614
54.766571,-9.306032
54.786606,-11.541339
54.806611,-11.066335
54.826598,-13.112904
54.846711,-6.676488
54.866475,-9.213308
54.886501,-10.156684
54.906572,-10.749558
54.926475,-10.698976
54.946454,-8.720473
54.966461,-8.910135
54.986460,-10.479143
55.006531,-11.249239
55.026422,-11.036436
55.046564,-9.451317
55.066314,-8.912838
55.086372,-8.972544
55.106444,-10.521358
55.126459,-9.351955
55.146472,-11.069897
55.166409,-8.634269
55.186539,-12.368464
55.206479,-12.525885
55.226421,-11.466720
55.246243,-14.089983
55.266359,-11.419841
55.286246,-7.699885
55.306191,-8.202991
55.326354,-8.173986
55.346181,-11.326364
55.366184,-11.280111
55.386172,-11.637751
55.406135,-8.185596
55.426238,-9.532207
55.446126,-10.456621
55.467176,-9.213637
55.486104,-10.579212
55.506087,-10.261773
55.526153,-11.309197
55.546361,-10.718543
55.567074,-13.905472
55.586003,-13.494025
55.607077,-12.881160
55.626936,-8.564500
55.646969,-7.982687
55.666971,-9.857917
55.686917,-9.984317
55.706949,-8.451585
55.726996,-8.104608
55.746960,-7.564170
55.766929,-10.131440
55.786910,-8.730087
55.806934,-9.910478
55.826871,-7.761257
55.846875,-7.918108
55.866883,-10.393234
55.886911,-9.099896
55.906832,-7.919437
55.926807,-9.983167
55.946853,-4.828966
55.966971,-8.351851
55.986850,-10.268197
56.006713,-9.837899
56.026791,-8.931178
56.046727,-11.758925
56.066818,-8.980912
56.086733,-7.924767
56.106780,-12.276795
56.126746,-11.610974
56.146744,-9.816337
56.166624,-9.717496
56.186697,-8.080484
56.206708,-9.757609
56.226617,-12.201591
56.246627,-7.825190
56.266686,-8.546838
56.286630,-10.466021
56.306617,-9.050934
56.326570,-11.365828
56.346598,-9.018002
56.366557,-7.854942
56.386606,-9.593958
56.406531,-9.200006
56.426563,-10.563252
56.446551,-8.310342
56.466536,-5.680748
56.486504,-10.730191
56.506414,-8.154343
56.526457,-8.787113
56.546492,-8.578752
56.566552,-6.866947
56.586408,-12.318832
56.606382,-11.636104
56.626355,-11.548800
56.646562,-11.912548
56.666379,-10.546564
56.686312,-9.303968
56.706465,-9.743218
56.726436,-8.420269
56.746334,-8.410336
56.766311,-8.898537
56.786474,-10.254856
56.806440,-15.191158
56.826372,-10.920496
56.847089,-11.803949
56.866866,-12.545311
56.886311,-12.278529
56.906314,-9.995274
56.926297,-9.598711
56.946120,-8.777188
56.967135,-10.661281
56.986159,-8.402970
57.006141,-11.538744
57.026412,-9.428171
57.046205,-6.594830
57.067106,-11.654365
57.086082,-11.919321
57.106274,-8.326393
57.126052,-9.633099
57.147025,-7.964898
57.167149,-11.341731
57.187042,-10.458510
57.207058,-7.222810
57.226994,-11.062761
57.247014,-8.576152
57.266957,-5.951168
57.287002,-10.299658
57.306877,-10.846054
57.326969,-13.101780
57.347010,-7.501629
57.366945,-8.588130
57.386957,-11.727166
57.406898,-9.683483
57.427013,-11.223156
57.446928,-8.794119
57.466890,-9.199842
57.486874,-10.697702
57.506916,-10.818903
57.526918,-11.248471
57.546854,-9.594170
57.566899,-10.708919
57.586918,-10.552245
57.606806,-8.546445
57.626795,-8.926585
57.646769,-11.189101
57.666849,-13.157578
57.686816,-12.958902
57.706713,-12.004053
57.726735,-10.414523
57.746776,-12.687528
57.766823,-11.464931
57.786753,-10.318127
57.806687,-7.518342
57.826707,-8.714432
57.846777,-9.041090
57.866723,-9.929590
57.886588,-8.874739
57.906682,-7.751892
57.927458,-8.812842
57.946951,-8.524474
57.966637,-8.443432
57.986607,-12.024681
58.006694,-9.632777
58.026576,-9.936950
58.046616,-10.536946
58.066538,-8.437849
58.086475,-7.375377
58.106479,-8.519949
58.126428,-8.346906
58.146566,-10.751120
58.166528,-9.293074
58.186522,-10.892157
58.206427,-10.442959
58.226448,-10.452272
58.246360,-8.978740
58.266412,-11.570383
58.286334,-10.173683
58.306506,-10.933194
58.326401,-11.253865
58.346286,-10.519780
58.366332,-9.118682
58.386355,-11.148884
58.406353,-11.724604
58.426387,-11.107651
58.446341,-10.966747
58.466408,-10.932749
58.486231,-9.107323
58.506263,-9.304096
58.526189,-10.698810
58.546241,-9.721717
58.566382,-9.214176
58.586288,-7.989861
58.606176,-14.170397
58.626287,-13.596848
58.646317,-14.357525
58.667194,-10.686359
58.686131,-8.968137
58.706221,-10.492729
58.726114,-8.759151
58.746136,-7.668473
58.767087,-9.305572
58.786026,-11.550806
58.807006,-8.133717
58.827031,-7.762631
58.847037,-9.407366
58.867036,-10.645937
58.886970,-11.077117
58.906962,-11.540594
58.927106,-11.911873
58.947024,-11.785885
58.967909,-10.508409
58.987290,-8.282389
59.007009,-7.307347
59.026964,-10.531203
59.046905,-9.126693
59.066988,-8.905765
59.086918,-10.649045
59.106856,-11.555939
59.126927,-10.647265
59.146964,-9.402379
59.166832,-12.811919
59.186958,-9.640817
59.206833,-9.374668
59.226812,-10.923182
59.246817,-11.030828
59.266948,-10.002151
59.286870,-10.697373
59.306762,-13.286633
59.326823,-11.415606
59.346797,-10.309098
59.366745,-12.634949
59.386739,-10.543164
59.406839,-9.556144
59.426739,-9.113578
59.446785,-10.796117
59.466768,-9.485794
59.486648,-9.212392
59.506693,-10.757270
59.526670,-10.847774
59.546762,-9.282971
59.566611,-9.401367
59.586750,-10.202459
59.606649,-9.121917
59.626648,-8.741551
59.646688,-8.632461
59.666606,-8.986627
59.686557,-10.572630
59.706521,-9.537617
59.726614,-9.477408
59.746596,-8.780368
59.766501,-11.697826
59.786519,-9.529157
59.806481,-9.566046
59.826483,-10.629799
59.846489,-10.819008
59.866615,-8.569083
59.886506,-10.186481
59.906604,-10.359509
59.926549,-8.890534
59.946484,-7.603572
59.966440,-9.848007
59.986452,-9.500540
60.006403,-11.699530
60.026495,-9.483847
60.046410,-10.488230
60.066425,-9.698985
60.086388,-10.825155
60.106397,-10.656179
60.126341,-9.297977
60.146512,-10.397736
60.166479,-8.387077
60.186355,-6.709326
60.206310,-7.717964
60.226371,-8.339582
60.246364,-9.344917
60.266276,-10.488583
60.286290,-9.734962
60.306264,-8.993507
60.326218,-12.923840
60.346259,-10.853846
60.366271,-8.977697
60.386326,-8.553175
60.406222,-10.129784
60.426215,-9.644975
60.446350,-10.900558
60.467162,-10.141864
60.486253,-9.446370
60.506137,-10.382181
60.526148,-10.379619
60.546299,-8.654930
60.567164,-9.886024
60.586091,-11.461805
60.607027,-11.111404
60.627063,-11.164025
60.647044,-9.900970
60.667013,-8.919828
60.687005,-9.560936
60.706975,-9.078219
60.727030,-8.504454
60.747706,-8.555474
60.767852,-9.111341
60.787065,-9.428638
60.806935,-11.888515
60.826894,-9.209444
60.847028,-10.080624
60.867046,-9.579953
60.886959,-7.586881
60.906867,-9.883768
60.926901,-10.824134
60.946997,-10.134661
60.966892,-8.838226
60.986827,-8.218693
61.006823,-8.914036
61.026829,-10.230961
61.046861,-8.826361
61.066852,-9.876894
61.086831,-11.331043
61.106815,-9.739571
61.126801,-11.497026
61.146758,-10.787658
61.166808,-9.431320
61.186853,-9.920853
61.206704,-9.574696
61.226726,-8.971533
61.246687,-11.782709
61.266795,-10.376019
61.286705,-9.590744
61.306724,-8.951364
61.326782,-8.476264
61.346649,-11.024832
61.366631,-8.452946
61.386657,-11.273772
61.406658,-9.208117
61.426617,-8.353497
61.446602,-9.912723
61.466664,-8.205882
61.486636,-8.526043
61.506680,-10.101657
61.526527,-9.307405
61.546722,-10.431676
61.566516,-9.872438
61.586473,-9.210470
61.606519,-8.785205
61.626487,-9.248275
61.646502,-11.637126
61.666441,-9.620637
61.686368,-8.391190
61.706361,-8.891269
61.726377,-7.387587
61.746463,-8.571966
61.766413,-11.445743
61.786377,-9.263302
61.806393,-9.884534
61.826523,-10.493309
61.846473,-9.610560
61.866325,-9.927742
61.886310,-8.027515
61.906351,-10.257237
61.926328,-9.000684
61.946461,-11.921117
61.967380,-9.302251
61.987316,-9.850928
62.006338,-10.957678
62.026376,-8.687874
62.046376,-9.668655
62.066270,-8.014751
62.086233,-10.280844
62.106195,-11.491885
62.126161,-9.916567
62.146297,-10.993307
62.167078,-10.420998
62.186137,-10.590702
62.206128,-9.155212
62.226183,-7.612679
62.246102,-10.677879
62.267040,-8.476959
62.287107,-12.598637
62.307019,-9.439796
62.327072,-14.453766
62.347078,-10.699581
62.367023,-10.955781
62.387056,-11.055206
62.407005,-8.605410
62.427029,-10.846703
62.446947,-7.259730
62.467109,-10.796380
62.486989,-7.423918
62.507798,-9.524545
62.527939,-10.188148
62.546972,-7.499184
62.566961,-10.275854
62.586921,-8.582565
62.606988,-10.666384
62.626926,-9.902610
62.646873,-9.540676
62.666930,-12.045935
62.686884,-10.478014
62.706910,-9.934961
62.726917,-11.162066
62.746824,-9.414778
62.766999,-8.158048
62.786891,-11.187970
62.806889,-8.549178
62.826881,-9.240432
62.846834,-8.131427
62.866827,-11.246609
62.886772,-6.921138
62.906849,-11.384673
62.926776,-7.924274
62.946763,-10.367141
62.966746,-9.902875
62.986779,-10.647986
63.006770,-8.895188
63.026691,-10.005814
63.046718,-9.349956
63.066693,-10.070960
63.086677,-10.081849
63.106785,-8.412986
63.126726,-11.342124
63.146692,-8.561993
63.166718,-10.849742
63.186700,-9.571548
63.206634,-10.422176
63.226661,-8.838492
63.246648,-11.260815
63.266964,-9.888079
63.286637,-10.870013
63.306652,-9.077221
63.326612,-11.659113
63.346583,-9.763796
63.366541,-10.210582
63.386582,-9.541576
63.406497,-10.231024
63.426672,-9.438589
63.446498,-11.279408
63.467319,-9.135092
63.487113,-9.676035
63.506527,-8.844736
63.526481,-11.151726
63.546620,-10.439296
63.566463,-11.098901
63.586418,-9.974784
63.606409,-9.458414
63.626435,-10.200579
63.646397,-10.515690
63.666481,-10.786109
63.686478,-9.430598
63.706353,-9.148201
63.726382,-7.456291
63.746484,-7.309176
63.766412,-6.896499
63.786290,-10.127909
63.806376,-10.717256
63.826473,-11.568552
63.846265,-12.323151
63.866292,-12.614237
63.886379,-10.996809
63.906400,-9.494267
63.927120,-7.712717
63.946327,-7.010166
63.967238,-7.184693
63.986207,-7.436709
64.007126,-7.914979
64.026269,-8.336600
64.047129,-8.955009
64.067220,-11.947248
64.087056,-13.010613
64.107066,-16.122778
64.127048,-15.544412
64.147014,-15.608630
64.167023,-14.515969
64.187079,-12.017393
64.207009,-11.522142
64.227298,-9.178947
64.247071,-9.917472
64.266984,-10.602592
64.286946,-11.417082
64.306959,-12.621176
64.326954,-10.040922
64.346983,-9.519869
64.366924,-8.879995
64.387007,-9.381659
64.406894,-12.578884
64.426915,-14.887892
64.446866,-14.274360
64.467017,-12.402554
64.486861,-9.811554
64.506838,-11.134212
64.526875,-11.377190
64.546914,-12.769334
64.566897,-10.363231
64.586914,-6.652703
64.606863,-5.165221
64.626827,-8.732340
64.646772,-10.406324
64.666816,-9.714203
64.686762,-8.555148
64.706841,-7.457544
64.726815,-12.644989
64.746699,-13.865481
64.766721,-9.092527
64.786791,-8.026543
64.806674,-10.439743
64.826681,-10.399871
64.846650,-8.082588
64.866634,-8.189907
64.886625,-7.239690
64.906589,-10.553986
64.926617,-10.222093
64.946619,-7.177837
64.966641,-9.261093
64.986616,-12.111146
65.006581,-8.728612
65.026611,-6.891510
65.046541,-11.476064
65.066547,-10.226014
65.086543,-8.288457
65.107072,-9.871808
65.126771,-12.573613
65.146708,-9.046634
65.166500,-8.644004
65.186495,-12.130736
65.206512,-9.209908
65.226454,-7.924013
65.246381,-10.282843
65.267104,-10.401389
65.286644,-8.235691
65.306339,-12.367221
65.326457,-9.146865
65.346506,-9.087635
65.366370,-13.433349
65.386366,-8.498425
65.406327,-9.519792
65.426337,-10.120160
65.446314,-7.718597
65.466342,-10.241662
65.486351,-7.654455
65.506389,-7.927435
65.526270,-10.405626
65.546289,-7.082461
65.567203,-11.831748
65.586222,-8.816572
65.606144,-7.199208
65.626199,-12.030424
65.646166,-7.074570
65.667182,-12.034649
65.687063,-8.628099
65.707149,-10.941212
65.727040,-9.276344
65.747122,-7.617014
65.767003,-8.161339
65.787030,-9.148855
65.807900,-13.478818
65.827894,-7.859760
65.847029,-10.719898
65.867031,-8.400164
65.886966,-12.646345
65.906980,-8.199645
65.926865,-13.351551
65.946950,-9.266613
65.966917,-11.284908
65.986962,-7.037172
66.006896,-10.873281
66.027647,-7.339879
66.048153,-10.192057
66.066900,-7.813684
66.086924,-10.015696
66.106847,-9.871075
66.126786,-8.433210
66.146827,-10.847348
66.166751,-9.450891
66.186791,-11.762677
66.206775,-11.272267
66.226789,-10.941357
66.246819,-12.822913
66.266680,-9.163893
66.286873,-11.438770
66.306786,-8.870880
66.326702,-7.619851
66.346682,-10.722967
66.366664,-6.794616
66.386796,-10.503839
66.406671,-11.049067
66.426721,-7.111255
66.446688,-12.536643
66.466642,-10.499059
66.487352,-8.043699
66.506660,-11.548762
66.526607,-9.346369
66.547323,-8.754999
66.566661,-11.590936
66.586603,-9.075115
66.606486,-7.239034
66.626627,-10.647261
66.646569,-9.838918
66.666542,-8.890267
66.686489,-9.489448
66.706652,-11.362229
66.726470,-11.201638
66.746466,-11.043468
66.766425,-10.097993
66.786486,-8.770162
66.806494,-9.179529
66.826388,-9.277671
66.846474,-9.805696
66.866390,-8.339997
66.886377,-9.734260
66.906348,-9.122297
66.926359,-8.604558
66.946670,-9.134416
66.966354,-9.646784
66.986313,-10.593830
67.006276,-10.628829
67.026286,-10.742064
67.046339,-9.676792
67.067410,-9.262100
67.086274,-8.956667
67.106220,-9.490290
67.126277,-9.293190
67.146220,-8.629084
67.167250,-9.310295
67.186166,-9.513132
67.206096,-10.710160
67.227193,-10.334434
67.247057,-10.938359
67.267125,-9.511388
67.287068,-11.278441
67.307137,-10.690491
67.327007,-10.859976
67.347109,-10.017543
67.367064,-11.112184
67.387013,-10.219619
67.407096,-10.481769
67.426989,-9.570016
67.446934,-10.173644
67.466937,-8.640660
67.486910,-8.830409
67.506919,-8.982895
67.526939,-9.303165
67.546924,-8.702470
67.566976,-9.980065
67.586924,-9.598456
67.606873,-10.114644
67.626878,-10.515943
67.646859,-9.589743
67.667152,-9.802077
67.686819,-9.493013
67.706883,-9.750917
67.726877,-9.432744
67.746911,-10.115560
67.766875,-10.135489
67.786810,-10.053636
67.806852,-11.073669
67.826802,-9.927305
67.846758,-9.377964
67.866749,-9.090803
67.886862,-9.519886
67.906841,-9.922906
67.926745,-10.781391
67.946723,-10.449394
67.966764,-10.095564
67.986641,-10.132927
68.006817,-8.990387
68.026609,-8.868143
68.046696,-9.769785
68.066635,-9.076855
68.087513,-9.961496
68.106874,-10.458570
68.126630,-9.601056
68.146613,-10.114567
68.166589,-10.087019
68.186574,-9.078070
68.206529,-9.302933
68.226617,-10.123078
68.246585,-9.847791
68.266518,-10.480597
68.286521,-9.907946
68.306506,-9.657056
68.327281,-9.928567
68.347212,-9.616643
68.366450,-9.409123
68.386412,-10.298068
68.406425,-10.332925
68.426442,-10.251382
68.446411,-10.052958
68.467371,-8.859513
68.486712,-8.721383
68.506319,-9.284022
68.526315,-9.362095
68.546516,-10.195437
68.566422,-10.431381
68.586306,-9.661455
68.606364,-10.440090
68.626378,-9.372097
68.646380,-9.307949
68.667647,-9.448019
68.686395,-9.992701
68.706241,-9.883694
68.726274,-10.123569
68.748070,-9.826473
68.767038,-9.538094
68.786249,-9.206816
68.807171,-9.378528
68.827098,-9.730333
68.847168,-10.768753
68.867162,-10.322734
68.887068,-9.821131
68.907150,-9.998112
68.927186,-9.384727
68.947697,-9.442799
68.967926,-9.749468
68.987066,-9.494055
69.007012,-10.053715
69.027020,-9.807522
69.047015,-9.693963
69.067014,-10.215637
69.086975,-9.734697
69.106941,-9.132585
69.126981,-9.679449
69.146902,-10.025719
69.166949,-9.950888
69.187001,-10.827435
69.207075,-9.847125
69.226990,-9.628059
69.246907,-9.189558
69.267017,-9.588548
69.286856,-9.937326
69.306809,-10.934973
69.326821,-9.653902
69.346798,-10.169941
69.366850,-9.789731
69.386939,-9.153357
69.406805,-9.185843
69.426839,-9.661609
69.446903,-9.424726
69.466787,-10.486682
69.486811,-9.218398
69.506839,-9.339456
69.526772,-9.362235
69.546832,-9.685969
69.566731,-9.706817
69.586668,-10.584197
69.606710,-9.410043
69.626750,-10.127923
69.646687,-9.790825
69.666738,-9.121381
69.686622,-9.349919
69.706624,-9.793439
69.726627,-9.597368
69.747575,-10.382171
69.767554,-9.437874
69.786679,-9.268274
69.806620,-9.379581
69.826649,-9.543453
69.846527,-9.984394
69.866492,-10.495029
69.886523,-9.498968
69.906502,-10.396350
69.926474,-9.427010
69.946414,-9.759752
69.966456,-10.479038
69.986433,-10.151567
70.006484,-10.219674
70.026442,-9.685947
70.046420,-9.387381
70.066548,-9.822935
70.086419,-9.897484
70.106450,-10.199121
70.126386,-10.435570
70.146496,-9.307005
70.166341,-9.236548
70.186294,-9.496986
70.206370,-9.509401
70.226439,-9.730919
70.247322,-9.549925
70.266354,-9.237226
70.286273,-9.640480
70.306298,-9.504841
70.326386,-10.007530
70.347298,-10.536694
70.366415,-9.704206
70.386312,-10.146432
70.406244,-9.842996
70.427211,-9.901984
70.447210,-10.887637
70.466271,-9.558587
70.487122,-10.039021
70.507190,-9.419887
70.527075,-9.823274
70.547124,-10.203287
70.567082,-10.108430
70.587065,-10.006174
70.607058,-9.575281
70.626998,-9.474092
70.647035,-10.467624
70.667136,-10.271586
70.687071,-10.282713
70.707031,-10.191306
70.727052,-9.096507
70.746932,-9.589471
70.767010,-9.744698
70.787037,-9.470898
70.807041,-10.729042
70.826910,-9.255201
70.846937,-8.991634
70.866956,-9.210621
70.886899,-9.258385
70.906922,-10.023187
70.927012,-10.316185
70.946916,-9.567419
70.966896,-10.525583
70.986855,-9.707190
71.006923,-9.954408
71.026913,-10.210266
71.047819,-10.402925
71.067855,-10.053804
71.086922,-10.138451
71.106961,-8.784279
71.126826,-9.023352
71.146823,-9.739412
71.166804,-9.300864
71.186865,-10.427433
71.206714,-9.614880
71.226786,-9.789096
71.246873,-9.710309
71.266677,-9.459723
71.286745,-9.999522
71.306753,-10.470714
71.326711,-9.465778
71.347490,-10.208365
71.367017,-9.837061
71.386600,-10.015326
71.406718,-10.844179
71.426700,-10.072830
71.446617,-10.140052
71.466862,-9.767547
71.486567,-9.811730
71.506542,-9.831801
71.526652,-10.060661
71.546636,-9.775663
71.566629,-9.857545
71.586726,-8.688535
71.606548,-9.485669
71.626506,-10.353504
71.646512,-9.888777
71.666578,-10.691742
71.686431,-8.824617
71.706461,-9.225338
71.726385,-9.437130
71.746577,-9.249383
71.766389,-10.440709
71.786367,-9.225291
