0.170427,30.634203
0.190592,30.634203
0.210530,30.634203
0.230594,30.634203
0.250469,30.634203
0.270463,30.634203
0.290486,30.634203
0.310477,30.634203
0.330355,30.634203
0.350356,30.634203
0.370351,30.634203
0.390317,30.634203
0.410326,30.634203
0.430346,30.634203
0.450281,30.634203
0.470378,30.634203
0.490223,30.634203
0.510300,30.634203
0.530191,30.634203
0.550215,30.634203
0.570257,30.634203
0.590247,30.634203
0.610087,30.634203
0.630132,30.634203
0.650131,30.634203
0.670099,30.634203
0.690073,30.634203
0.710045,30.634203
0.730181,30.634203
0.750201,30.634203
0.770077,30.634203
0.790089,30.634203
0.810072,30.634203
0.830046,30.634203
0.850038,30.634203
0.869990,30.634203
0.889945,30.634204
0.910056,30.634204
0.929878,30.634204
0.949895,30.634204
0.970049,30.634204
0.989854,30.634204
1.009815,30.634204
1.031090,30.634204
1.049807,30.634204
1.069841,30.634204
1.090832,30.634205
1.110854,30.634205
1.130785,30.634205
1.150756,30.634205
1.170905,30.634205
1.190784,30.634205
1.210702,30.634205
1.230841,30.634206
1.250659,30.634206
1.270698,30.634206
1.290742,30.634206
1.310647,30.634206
1.330678,30.634206
1.350614,30.634207
1.370586,30.634207
1.390596,30.634207
1.410566,30.634207
1.430619,30.634207
1.450596,30.634208
1.470553,30.634208
1.490505,30.634208
1.510521,30.634208
1.530506,30.634208
1.550649,30.634209
1.570575,30.634209
1.590777,30.634209
1.610740,30.634209
1.630395,30.634209
1.650417,30.634210
1.670510,30.634210
1.690453,30.634210
1.710347,30.634210
1.730324,30.634211
1.750337,30.634211
1.770300,30.634211
1.790382,30.634211
1.810382,30.634212
1.830306,30.634212
1.850283,30.634212
1.870285,30.634213
1.890280,30.634213
1.910218,30.634213
1.930254,30.634213
1.950210,30.634214
1.970270,30.634214
1.990300,30.634214
2.010244,30.634215
2.030203,30.634215
2.050157,30.634215
2.070212,30.634216
2.090161,30.634216
2.110178,30.634216
2.130122,30.634217
2.150126,30.634217
2.170286,30.634217
2.190108,30.634218
2.209995,30.634218
2.230015,30.634218
2.250047,30.634219
2.270003,30.634219
2.290074,30.634219
2.310003,30.634220
2.329982,30.634220
2.349924,30.634221
2.369959,30.634221
2.390891,30.634221
2.409947,30.634222
2.429993,30.634222
2.449947,30.634223
2.470027,30.634223
2.490852,30.634223
2.510083,30.634224
2.530889,30.634224
2.550922,30.634225
2.570889,30.634225
2.590763,30.634226
2.610779,30.634226
2.630774,30.634227
2.650773,30.634227
2.670838,30.634227
2.690752,30.634228
2.710735,30.634229
2.730778,30.634229
2.750744,30.634229
2.770823,30.634230
2.790776,30.634230
2.810700,30.634231
2.830744,30.634231
2.850636,30.634232
2.870633,30.634232
2.890684,30.634233
2.910583,30.634234
2.930595,30.634234
2.950572,30.634235
2.970608,30.634235
2.990583,30.634236
3.010557,30.634236
3.030528,30.634236
3.050607,30.634237
3.070594,30.634237
3.090666,30.634238
3.110527,30.634239
3.130572,30.634239
3.150671,30.634240
3.170393,30.634240
3.190472,30.634241
3.210402,30.634241
3.230360,30.634242
3.250340,30.634243
3.270382,30.634243
3.290388,30.634244
3.310357,30.634244
3.330422,30.634245
3.350281,30.634246
3.370373,30.634246
3.390351,30.634247
3.410275,30.634247
3.430310,30.634248
3.450314,30.634248
3.470315,30.634249
3.490227,30.634250
3.510232,30.634251
3.530190,30.634251
3.550210,30.634252
3.570211,30.634252
3.590236,30.634253
3.610172,30.634253
3.630088,30.634254
3.650132,30.634255
3.670231,30.634255
3.690233,30.634256
3.710197,30.634257
3.730067,30.634257
3.750007,30.634258
3.770078,30.634259
3.790247,30.634259
3.809960,30.634260
3.830078,30.634261
3.850033,30.634261
3.869971,30.634262
3.889956,30.634262
3.910482,30.634264
3.929912,30.634264
3.949963,30.634265
3.969934,30.634266
3.989883,30.634266
4.010960,30.634267
4.031051,30.634268
4.049912,30.634268
4.070894,30.634269
4.090870,30.634270
4.110838,30.634271
4.130784,30.634271
4.150749,30.634272
4.170763,30.634273
4.190682,30.634274
4.210707,30.634274
4.230752,30.634275
4.250710,30.634276
4.270710,30.634276
4.290709,30.634277
4.310655,30.634278
4.330644,30.634279
4.350683,30.634280
4.370687,30.634280
4.390657,30.634281
4.410671,30.634282
4.430664,30.634283
4.450576,30.634283
4.470600,30.634284
4.490496,30.634285
4.510583,30.634285
4.530579,30.634286
4.550584,30.634287
4.570631,30.634287
4.590546,30.634288
4.610488,30.634289
4.630535,30.634290
4.650491,30.634290
4.670438,30.634291
4.690354,30.634292
4.710429,30.634293
4.730417,30.634294
4.750381,30.634295
4.770372,30.634295
4.790327,30.634296
4.810392,30.634297
4.830373,30.634298
4.850317,30.634298
4.870240,30.634299
4.890223,30.634300
4.910277,30.634301
4.930282,30.634302
4.950215,30.634303
4.970187,30.634304
4.990206,30.634304
5.010239,30.634305
5.030350,30.634306
5.050219,30.634307
5.070296,30.634308
5.090170,30.634308
5.110243,30.634310
5.130151,30.634310
5.150131,30.634311
5.170077,30.634312
5.190022,30.634313
5.210023,30.634314
5.229995,30.634314
5.249936,30.634315
5.269995,30.634316
5.290021,30.634317
5.310003,30.634318
5.329918,30.634318
5.350055,30.634319
5.370967,30.634320
5.390108,30.634321
5.409856,30.634322
5.429921,30.634322
5.450917,30.634323
5.470821,30.634324
5.490794,30.634325
5.510877,30.634326
5.530892,30.634327
5.551062,30.634328
5.570843,30.634329
5.590799,30.634330
5.610755,30.634331
5.630689,30.634331
5.650717,30.634332
5.670891,30.634333
5.690639,30.634334
5.710784,30.634335
5.730672,30.634336
5.750707,30.634337
5.770626,30.634338
5.790626,30.634339
5.810644,30.634339
5.830624,30.634340
5.850533,30.634341
5.870649,30.634342
5.890495,30.634343
5.910513,30.634344
5.930555,30.634345
5.950541,30.634346
5.970596,30.634347
5.990530,30.634348
6.010533,30.634348
6.030517,30.634349
6.050480,30.634350
6.070442,30.634351
6.090416,30.634352
6.110504,30.634353
6.130352,30.634354
6.154583,30.634355
6.170331,30.634356
6.190381,30.634357
6.210318,30.634358
6.230258,30.634359
6.250353,30.634360
6.270349,30.634361
6.290317,30.634361
6.310192,30.634362
6.330219,30.634363
6.350302,30.634364
6.370197,30.634365
6.390156,30.634366
6.410128,30.634367
6.430138,30.634368
6.450149,30.634369
6.470100,30.634369
6.490166,30.634370
6.510202,30.634372
6.530129,30.634373
6.550121,30.634374
6.570256,30.634375
6.590077,30.634376
6.610055,30.634377
6.630039,30.634377
6.649999,30.634378
6.670109,30.634379
6.690020,30.634380
6.710312,30.634381
6.729969,30.634382
6.750009,30.634383
6.769993,30.634384
6.790206,30.634385
6.809920,30.634386
6.829933,30.634387
6.850870,30.634388
6.869863,30.634389
6.889987,30.634390
6.910887,30.634391
6.930933,30.634392
6.950781,30.634393
6.971047,30.634394
6.990919,30.634395
7.010831,30.634396
7.030818,30.634397
7.050761,30.634398
7.070766,30.634398
7.090810,30.634399
7.110745,30.634400
7.130700,30.634401
7.150688,30.634402
7.170662,30.634403
7.190707,30.634404
7.210667,30.634405
7.230825,30.634406
7.250656,30.634407
7.270602,30.634407
7.290667,30.634408
7.310710,30.634409
7.330580,30.634410
7.350682,30.634411
7.370507,30.634412
7.390525,30.634413
7.410572,30.634414
7.430512,30.634415
7.450563,30.634416
7.470614,30.634417
7.490457,30.634418
7.510411,30.634419
7.530344,30.634420
7.550391,30.634421
7.570331,30.634422
7.590423,30.634423
7.610267,30.634424
7.630507,30.634425
7.650286,30.634426
7.670283,30.634427
7.690360,30.634428
7.710292,30.634429
7.730225,30.634430
7.750265,30.634431
7.770207,30.634432
7.790304,30.634433
7.810654,30.634434
7.830186,30.634435
7.850203,30.634436
7.870099,30.634437
7.890067,30.634438
7.910397,30.634439
7.930141,30.634440
7.950313,30.634441
7.970189,30.634442
7.990162,30.634443
8.010092,30.634444
8.030044,30.634445
8.050039,30.634446
8.070107,30.634447
8.091125,30.634448
8.110154,30.634448
8.129993,30.634449
8.149933,30.634450
8.169953,30.634451
8.190855,30.634452
8.211002,30.634453
8.230929,30.634454
8.250931,30.634455
8.270931,30.634456
8.290879,30.634457
8.310783,30.634458
8.330936,30.634459
8.350936,30.634460
8.370820,30.634461
8.390718,30.634462
8.410741,30.634463
8.430729,30.634464
8.450852,30.634465
8.470747,30.634466
8.490762,30.634467
8.510702,30.634468
8.530683,30.634469
8.550628,30.634470
8.570659,30.634471
8.590711,30.634472
8.610585,30.634473
8.630600,30.634474
8.650533,30.634475
8.670578,30.634476
8.690505,30.634477
8.710469,30.634478
8.730654,30.634479
8.750484,30.634480
8.770617,30.634481
8.790590,30.634482
8.810575,30.634483
8.830432,30.634484
8.850437,30.634485
8.870503,30.634486
8.890371,30.634487
8.910449,30.634489
8.930478,30.634490
8.950316,30.634491
8.970556,30.634492
8.990358,30.634493
9.010357,30.634494
9.030391,30.634495
9.050470,30.634496
9.070303,30.634497
9.090298,30.634498
9.110297,30.634499
9.130291,30.634500
9.150234,30.634501
9.170222,30.634502
9.190302,30.634503
9.210276,30.634504
9.230289,30.634505
9.250164,30.634506
9.270131,30.634507
9.290207,30.634508
9.310115,30.634509
9.330239,30.634511
9.350225,30.634512
9.370139,30.634513
9.390156,30.634514
9.410065,30.634515
9.430058,30.634516
9.450171,30.634517
9.470028,30.634518
9.489974,30.634519
9.509971,30.634521
9.530019,30.634521
9.550094,30.634522
9.570932,30.634523
9.589900,30.634524
9.609869,30.634525
9.629908,30.634526
9.651083,30.634527
9.670979,30.634528
9.690861,30.634529
9.710928,30.634531
9.730826,30.634532
9.750872,30.634533
9.770799,30.634534
9.790871,30.634535
9.810793,30.634536
9.830766,30.634537
9.850818,30.634538
9.870803,30.634539
9.890719,30.634540
9.910707,30.634541
9.930678,30.634542
9.950653,30.634543
9.970829,30.634544
9.990715,30.634545
10.010618,30.634546
10.030595,30.634546
10.050695,30.634547
10.070606,30.634548
10.090522,30.634549
10.110602,30.634551
10.130487,30.634552
10.150497,30.634553
10.170518,30.634554
10.190787,30.634555
10.210541,30.634556
10.230613,30.634557
10.250593,30.634558
10.270377,30.634559
10.290447,30.634560
10.310407,30.634561
10.330479,30.634563
10.350493,30.634564
10.370306,30.634565
10.390353,30.634566
10.410324,30.634567
10.430304,30.634568
10.450300,30.634569
10.470504,30.634570
10.490298,30.634571
10.510478,30.634572
10.530251,30.634573
10.550284,30.634574
10.570215,30.634575
10.590190,30.634576
10.610190,30.634577
10.630230,30.634578
10.650148,30.634579
10.670174,30.634580
10.690133,30.634581
10.710144,30.634583
10.730148,30.634584
10.750143,30.634585
10.770061,30.634586
10.790172,30.634587
10.810095,30.634588
10.830155,30.634589
10.850047,30.634590
10.870050,30.634591
10.890054,30.634592
10.910108,30.634594
10.931121,30.634595
10.949958,30.634596
10.969964,30.634597
10.989923,30.634598
11.009963,30.634599
11.030961,30.634600
11.051064,30.634601
11.070997,30.634602
11.090917,30.634603
11.110976,30.634604
11.130938,30.634605
11.150967,30.634606
11.170846,30.634607
11.190824,30.634608
11.210864,30.634609
11.231043,30.634610
11.250827,30.634611
11.270807,30.634613
11.290837,30.634614
11.310987,30.634615
11.330758,30.634615
11.350763,30.634616
11.370770,30.634617
11.390724,30.634619
11.410743,30.634620
11.430804,30.634621
11.450696,30.634622
11.470752,30.634623
11.490618,30.634624
11.510679,30.634625
11.530572,30.634626
11.550532,30.634627
11.570847,30.634629
11.590719,30.634630
11.610555,30.634631
11.631290,30.634632
11.653465,30.634633
11.670583,30.634634
11.690605,30.634635
11.710489,30.634636
11.730475,30.634637
11.750508,30.634638
11.770996,30.634639
11.792012,30.634640
11.810639,30.634641
11.830414,30.634642
11.850465,30.634643
11.870374,30.634644
11.890432,30.634645
11.910342,30.634646
11.930326,30.634647
11.950353,30.634648
11.970312,30.634649
11.990329,30.634650
12.010351,30.634651
12.030249,30.634652
12.050253,30.634653
12.070232,30.634654
12.090217,30.634655
12.110289,30.634656
12.130205,30.634657
12.150272,30.634658
12.170245,30.634659
12.190169,30.634660
12.210197,30.634661
12.230164,30.634662
12.250142,30.634663
12.270119,30.634664
12.290121,30.634665
12.310174,30.634666
12.330075,30.634667
12.350133,30.634668
12.370096,30.634669
12.390043,30.634670
12.409998,30.634671
12.430303,30.634672
12.450155,30.634673
12.470047,30.634674
12.491021,30.634675
12.509976,30.634677
12.530946,30.634678
12.550921,30.634679
12.570889,30.634680
12.590862,30.634681
12.610856,30.634682
12.630851,30.634683
12.650884,30.634684
12.670842,30.634685
12.690825,30.634686
12.710878,30.634687
12.730820,30.634688
12.750948,30.634689
12.770751,30.634690
12.790792,30.634691
12.810771,30.634692
12.830721,30.634693
12.850755,30.634694
12.870760,30.634695
12.890738,30.634696
12.910700,30.634697
12.930697,30.634698
12.950703,30.634699
12.970784,30.634700
12.990592,30.634701
13.010628,30.634702
13.030696,30.634703
13.050627,30.634704
13.072925,30.634705
13.090551,30.634706
13.110574,30.634707
13.130600,30.634708
13.150515,30.634709
13.170538,30.634710
13.190660,30.634710
13.210506,30.634711
13.230461,30.634712
13.250573,30.634713
13.270531,30.634714
13.290497,30.634715
13.310422,30.634716
13.330433,30.634717
13.350486,30.634718
13.370399,30.634719
13.390479,30.634720
13.410349,30.634721
13.430354,30.634722
13.450374,30.634723
13.470410,30.634724
13.490358,30.634725
13.510324,30.634725
13.530319,30.634727
13.550323,30.634728
13.570278,30.634729
13.590233,30.634729
13.610214,30.634730
13.630224,30.634731
13.650195,30.634732
13.670214,30.634733
13.690189,30.634734
13.710246,30.634735
13.730180,30.634736
13.750110,30.634736
13.770133,30.634737
13.790123,30.634738
13.810108,30.634739
13.831154,30.634740
13.850221,30.634741
13.870053,30.634742
13.890070,30.634742
13.910069,30.634743
13.931035,30.634744
13.949964,30.634745
13.970026,30.634746
13.990933,30.634746
14.011019,30.634747
14.031033,30.634748
14.051024,30.634749
14.070896,30.634750
14.090897,30.634750
14.110920,30.634751
14.130901,30.634752
14.150867,30.634753
14.170800,30.634754
14.190798,30.634755
14.210852,30.634755
14.230777,30.634756
14.250754,30.634757
14.270783,30.634758
14.290810,30.634759
14.310747,30.634759
14.330690,30.634760
14.350787,30.634761
14.370667,30.634762
14.390622,30.634763
14.410671,30.634763
14.430640,30.634764
14.450644,30.634765
14.470628,30.634766
14.490589,30.634766
14.510630,30.634767
14.530567,30.634768
14.550517,30.634769
14.570508,30.634769
14.590593,30.634770
14.610477,30.634771
14.630632,30.634771
14.650500,30.634772
14.670582,30.634773
14.690565,30.634774
14.710546,30.634775
14.730463,30.634775
14.750426,30.634776
14.770457,30.634777
14.790474,30.634777
14.810399,30.634778
14.830381,30.634779
14.850424,30.634779
14.870342,30.634780
14.890323,30.634781
14.910285,30.634782
14.930290,30.634782
14.950257,30.634783
14.970323,30.634784
14.990371,30.634784
15.010280,30.634785
15.030251,30.634786
15.050300,30.634786
15.070208,30.634787
15.090204,30.634787
15.110161,30.634788
15.130179,30.634789
15.150141,30.634789
15.170209,30.634790
15.190124,30.634790
15.210116,30.634791
15.230136,30.634792
15.250083,30.634792
15.270113,30.634793
15.290075,30.634793
15.310218,30.634794
15.330057,30.634795
15.350969,30.634795
15.369976,30.634796
15.390999,30.634797
15.410993,30.634797
15.431093,30.634798
15.451029,30.634798
15.471065,30.634799
15.490969,30.634799
15.510939,30.634800
15.530982,30.634801
15.550923,30.634801
15.570853,30.634802
15.590872,30.634802
15.610803,30.634803
15.630896,30.634803
15.650774,30.634804
15.670747,30.634804
15.690863,30.634805
15.710802,30.634805
15.730735,30.634806
15.750714,30.634806
15.770795,30.634807
15.790763,30.634807
15.810867,30.634807
15.830785,30.634808
15.850696,30.634808
15.870631,30.634809
15.890677,30.634809
15.910684,30.634810
15.930602,30.634811
15.950691,30.634811
15.970605,30.634811
15.990619,30.634812
16.010589,30.634812
16.030538,30.634813
16.050796,30.634813
16.070606,30.634814
16.090581,30.634814
16.110563,30.634814
16.130557,30.634815
16.150404,30.634815
16.170411,30.634815
16.190387,30.634816
16.210398,30.634816
16.230375,30.634817
16.250485,30.634817
16.270486,30.634817
16.290441,30.634818
16.310267,30.634818
16.330310,30.634819
16.350373,30.634819
16.370257,30.634820
16.390290,30.634820
16.410460,30.634820
16.430270,30.634821
16.450171,30.634821
16.470265,30.634821
16.490216,30.634822
16.510226,30.634822
16.530171,30.634822
16.550143,30.634822
16.570204,30.634823
16.590178,30.634823
16.610047,30.634823
16.630085,30.634824
16.650059,30.634824
16.669987,30.634824
16.690101,30.634825
16.709972,30.634825
16.730018,30.634825
16.751018,30.634825
16.770992,30.634825
16.791006,30.634826
16.810945,30.634826
16.830894,30.634826
16.850984,30.634826
16.870886,30.634827
16.890869,30.634827
16.910970,30.634827
16.930921,30.634827
16.950901,30.634827
16.970831,30.634827
16.990877,30.634828
17.010764,30.634828
17.030824,30.634828
17.050823,30.634828
17.070822,30.634828
17.090812,30.634829
17.110823,30.634829
17.130733,30.634829
17.150694,30.634829
17.170669,30.634829
17.190644,30.634829
17.210696,30.634829
17.230898,30.634830
17.250725,30.634830
17.270627,30.634830
17.290702,30.634830
17.310775,30.634830
17.330588,30.634830
17.350726,30.634830
17.370566,30.634830
17.390571,30.634830
17.410550,30.634831
17.430579,30.634831
17.450614,30.634831
17.470557,30.634831
17.491524,30.634831
17.510959,30.634831
17.530606,30.634831
17.550698,30.634831
17.570560,30.634831
17.590644,30.634831
17.610479,30.634831
17.630387,30.634832
17.650456,30.634832
17.670394,30.634832
17.690471,30.634832
17.710465,30.634832
17.730469,30.634832
17.750516,30.634832
17.770369,30.634832
17.790460,30.634832
17.810486,30.634832
17.830388,30.634832
17.850360,30.634832
17.870490,30.634832
17.890296,30.634832
17.910196,30.634832
17.930221,30.634832
17.950257,30.634832
17.970249,30.634832
17.990156,30.634832
18.010278,30.634832
18.030208,30.634833
18.050102,30.634833
18.070298,30.634833
18.090183,30.634833
18.110186,30.634832
18.130094,30.634832
18.150102,30.634832
18.170077,30.634832
18.190132,30.634832
18.210079,30.634832
18.231040,30.634832
18.250996,30.634833
18.271087,30.634833
18.291053,30.634833
18.310979,30.634832
18.330974,30.634832
18.350963,30.634832
18.371109,30.634832
18.390903,30.634832
18.410914,30.634832
18.430857,30.634832
18.450856,30.634832
18.470906,30.634833
18.490894,30.634833
18.510967,30.634832
18.530866,30.634832
18.550826,30.634832
18.570860,30.634832
18.590729,30.634832
18.610732,30.634832
18.630753,30.634832
18.650789,30.634832
18.670739,30.634832
18.690748,30.634832
18.710636,30.634832
18.730657,30.634832
18.750651,30.634832
18.770629,30.634832
18.790814,30.634832
18.810868,30.634832
18.830719,30.634832
18.850636,30.634832
18.870595,30.634832
18.890621,30.634832
18.910607,30.634832
18.930624,30.634832
18.950572,30.634832
18.970556,30.634832
18.990492,30.634832
19.010542,30.634832
19.030417,30.634832
19.050546,30.634832
19.070391,30.634832
19.090417,30.634832
19.110404,30.634832
19.130469,30.634832
19.150450,30.634832
19.170393,30.634832
19.190329,30.634832
19.210352,30.634832
19.230299,30.634832
19.250361,30.634832
19.270284,30.634832
19.290559,30.634832
19.310240,30.634832
19.330197,30.634832
19.350291,30.634832
19.370273,30.634832
19.390194,30.634832
19.410150,30.634832
19.430193,30.634832
19.450196,30.634832
19.470354,30.634832
19.490176,30.634832
19.510298,30.634832
19.531094,30.634832
19.550217,30.634832
19.570264,30.634832
19.591114,30.634832
19.611011,30.634832
19.630991,30.634832
19.651042,30.634832
19.671148,30.634832
19.690018,30.634832
19.710986,30.634832
19.730969,30.634832
19.751001,30.634832
19.770969,30.634832
19.791098,30.634832
19.810927,30.634832
19.831127,30.634832
19.850892,30.634832
19.870873,30.634832
19.890941,30.634832
19.910865,30.634832
19.930805,30.634832
19.950796,30.634832
19.970814,30.634832
19.990893,30.634832
20.010805,30.634832
20.030801,30.634832
20.050783,30.634832
20.070767,30.634832
20.090742,30.634833
20.110828,30.634833
20.130660,30.634833
20.150641,30.634833
20.170660,30.634833
20.190674,30.634833
20.210596,30.634833
20.230607,30.634833
20.250654,30.634833
20.270650,30.634833
20.290600,30.634833
20.310627,30.634833
20.330549,30.634833
20.350648,30.634833
20.370502,30.634833
20.390594,30.634833
20.410536,30.634833
20.430590,30.634833
20.450505,30.634833
20.470451,30.634833
20.490433,30.634833
20.510495,30.634833
20.530411,30.634833
20.550498,30.634833
20.570324,30.634833
20.590348,30.634833
20.610403,30.634833
20.630410,30.634833
20.650309,30.634833
20.670349,30.634833
20.690315,30.634833
20.710255,30.634833
20.730227,30.634833
20.750330,30.634833
20.770277,30.634833
20.790312,30.634833
20.810303,30.634833
20.830172,30.634833
20.850174,30.634833
20.870200,30.634833
20.890196,30.634833
20.910274,30.634833
20.930127,30.634833
20.951149,30.634833
20.971037,30.634833
20.991067,30.634833
21.010043,30.634833
21.030170,30.634833
21.051054,30.634833
21.071055,30.634833
21.091033,30.634833
21.111227,30.634832
21.131047,30.634832
