0.278368,0.297000
0.310800,0.297000
0.377828,0.297000
0.544689,0.297000
0.643629,0.297000
0.809563,0.297000
0.876497,0.297000
0.909805,0.297000
1.042667,0.297000
1.141988,0.297000
1.177321,0.297000
1.342535,0.297000
1.376904,0.297000
1.543487,0.297000
1.577537,0.297000
1.612112,0.297000
1.810650,0.297000
1.909918,0.297000
2.043607,0.297000
2.078304,0.297000
2.177434,0.297000
2.210959,0.297000
2.276825,0.297000
2.309227,0.297000
2.410699,0.297000
2.509912,0.297000
2.544420,0.297000
2.578701,0.297000
2.712511,0.297000
2.779477,0.297000
2.814237,0.297000
2.846382,0.297000
2.885052,0.297000
2.913185,0.297000
2.986313,0.297000
3.017632,0.297000
3.046998,0.297000
3.081740,0.297000
3.116012,0.297000
3.148444,0.297000
3.180859,0.297000
3.216246,0.297000
3.284152,0.297000
3.314611,0.297000
3.346018,0.297000
3.379311,0.297000
3.414877,0.297000
3.446298,0.297000
3.484786,0.297000
3.513111,0.297000
3.545474,0.297000
3.581971,0.297000
3.616399,0.297000
3.646755,0.297000
3.683360,0.297000
3.715867,0.297000
3.780580,0.297000
3.812908,0.297000
3.881902,0.297000
3.945765,0.297000
4.046062,0.297000
4.345950,0.297000
4.378441,0.297000
4.544858,0.297000
4.646083,0.297000
4.711629,0.297000
4.812054,0.297000
4.876918,0.297000
5.212303,0.297000
5.377458,0.297000
5.511795,0.297000
5.577279,0.297000
5.776730,0.297000
5.912425,0.297000
6.077841,0.297000
6.145697,0.297000
6.311619,0.297000
6.411916,0.297000
6.480831,0.297000
6.548774,0.297000
6.615525,0.297000
6.650098,0.297000
6.721205,0.297000
6.754646,0.297000
6.816401,0.297000
6.848694,0.297000
6.915527,0.297000
6.950184,0.297000
7.017174,0.297000
7.049337,0.297000
7.082071,0.297000
7.116263,0.297000
7.148647,0.297000
7.254097,0.297000
7.283507,0.297000
7.314790,0.297000
7.349461,0.297000
7.448590,0.297000
7.515504,0.297000
7.582464,0.297000
7.614840,0.297000
7.649281,0.297000
7.783314,0.297000
7.815562,0.297000
7.882778,0.297000
7.914846,0.297000
8.012087,0.297000
8.081000,0.297000
8.147872,0.297000
8.579688,0.297000
8.647343,0.297000
8.712337,0.297000
8.847014,0.297000
9.047667,0.297000
9.080094,0.297000
9.112545,0.297000
9.212896,0.297000
9.313222,0.297000
9.380483,0.297000
9.413521,0.297000
9.447934,0.297000
9.481402,0.297000
9.713356,0.297000
9.747906,0.297000
9.781196,0.297000
9.813566,0.297000
9.848083,0.297000
10.081178,0.297000
10.113634,0.297000
10.148262,0.297000
10.248534,0.297000
10.352959,0.297000
10.387413,0.297000
10.415756,0.297000
10.453263,0.297000
10.484909,0.297000
10.517333,0.297000
10.554598,0.297000
10.586421,0.297000
10.652777,0.297000
10.685245,0.297000
10.787548,0.297000
10.851359,0.297000
10.887789,0.297000
10.986235,0.297000
11.019701,0.297000
11.086517,0.297000
11.119389,0.297000
11.151537,0.297000
11.183945,0.297000
11.220405,0.297000
11.250640,0.297000
11.319557,0.297000
11.352899,0.297000
11.550510,0.297000
11.584973,0.297000
12.049180,0.297000
12.115954,0.297000
12.316517,0.297000
12.348039,0.297000
12.417982,0.297000
12.548449,0.297000
12.615374,0.297000
12.749114,0.297000
12.816035,0.297000
12.882867,0.297000
12.917326,0.297000
12.948726,0.297000
13.083626,0.297000
13.216479,0.297000
13.316454,0.297000
13.348878,0.297000
13.383352,0.297000
13.484875,0.297000
13.517379,0.297000
13.616356,0.297000
13.648813,0.297000
13.684296,0.297000
13.816868,0.297000
13.849313,0.297000
13.950748,0.297000
14.119004,0.297000
14.221408,0.453000
14.319591,0.596000
14.354038,0.597000
14.386381,0.597000
14.422920,0.597000
14.455199,0.609000
14.488657,0.609000
14.524059,0.609000
14.586901,0.618000
14.621460,0.618000
14.654815,0.619000
14.686332,0.619000
14.722824,0.619000
14.757173,0.619000
14.854408,0.619000
14.886786,0.619000
14.921323,0.619000
14.988075,0.619000
15.057054,0.619000
15.121973,0.619000
15.154805,0.619000
15.186754,0.619000
15.355030,0.619000
15.486645,0.619000
15.853263,0.619000
16.152160,0.619000
16.252542,0.619000
16.386343,0.619000
16.686203,0.619000
16.885804,0.619000
17.120855,0.619000
17.155253,0.619000
17.186113,0.619000
17.320320,0.619000
17.386214,0.619000
17.454591,0.619000
17.654578,0.619000
17.719595,0.619000
17.924284,0.619000
17.958653,0.619000
18.024634,0.619000
18.062255,0.619000
18.124907,0.619000
18.162460,0.619000
18.191652,0.619000
18.262609,0.619000
18.294021,0.619000
18.358487,0.619000
18.392293,0.619000
18.424723,0.619000
18.459255,0.619000
18.493689,0.619000
18.625362,0.619000
18.659767,0.619000
18.693210,0.619000
18.759091,0.619000
18.792493,0.619000
18.824925,0.619000
18.860560,0.619000
18.892747,0.619000
18.925235,0.619000
18.957821,0.619000
18.992085,0.619000
19.024558,0.619000
