0.238654,0.063807
0.258579,-0.201170
0.278565,0.401833
0.298554,0.264223
0.318428,0.486701
0.338560,0.886910
0.358608,-0.073111
0.378443,0.379151
0.398426,0.050871
0.418517,-0.476717
0.438595,-0.541754
0.458595,-0.184846
0.478668,-0.161838
0.498509,-0.487727
0.518446,-0.587938
0.538376,0.470013
0.558333,-0.046627
0.578384,-0.571542
0.598345,0.405732
0.618308,0.560958
0.638337,-0.821741
0.658327,0.190670
0.678270,0.238877
0.698251,-1.075744
0.718301,-0.332932
0.738354,-0.130182
0.758366,-1.048286
0.778286,-0.888767
0.798274,-0.303003
0.818261,-0.529272
0.838295,-0.927797
0.858214,-0.790434
0.878235,-0.061378
0.898255,-1.310314
0.918262,-0.019565
0.938741,-0.493548
0.958238,-0.747848
0.978281,0.085816
0.998109,-0.365262
1.018179,0.090333
1.038167,-0.870710
1.058163,-0.737565
1.078107,0.637195
1.098045,-0.042029
1.118287,0.295011
1.138127,-1.365579
1.158208,-0.279918
1.178091,-0.313526
1.198072,1.219340
1.218208,0.331280
1.238089,-0.593913
1.258228,-0.460252
1.278205,-1.090751
1.298172,0.912461
1.318028,-0.029295
1.338059,0.421741
1.357958,-0.228726
1.377979,-1.034357
1.398013,-0.590824
1.417990,-1.357207
1.438048,0.157652
1.457942,-0.601725
1.478209,0.692207
1.497954,-1.036763
1.517973,0.370915
1.537954,-0.654264
1.557914,-0.555332
1.577972,-0.112711
1.597912,0.015043
1.617885,0.002653
1.637817,0.666895
1.657933,0.070098
1.677931,0.096791
1.697857,-0.035703
1.717887,-0.089783
1.737984,-0.693768
1.757840,-0.446510
1.778783,0.113270
1.797920,0.646364
1.817875,-0.692106
1.838822,0.022688
1.857748,-0.349575
1.878816,1.044738
1.897733,-1.168345
1.917765,-0.836941
1.938894,0.301217
1.957788,-0.081028
1.978895,-0.204691
1.997826,0.588307
2.018830,-1.908942
2.038841,-0.339194
2.057761,0.676852
2.078813,-1.073313
2.098787,-0.108541
2.118792,0.809076
2.138779,-0.998408
2.158712,-0.921242
2.178783,-0.033611
2.198735,0.028498
2.218741,0.041691
2.238687,-0.293042
2.258684,-0.596307
2.278593,-0.146808
2.298635,0.039869
2.318620,2.187405
2.338720,1.113591
2.358680,-0.502954
2.378564,-1.176830
2.398631,-0.537052
2.418763,0.458474
2.438689,1.277032
2.458616,0.842982
2.478714,0.543665
2.498558,-0.596875
2.518542,-0.697347
2.538611,0.208580
2.558692,-0.040752
2.578546,0.467861
2.598742,-0.835743
2.618577,-1.884974
2.638638,-1.682163
2.658539,-0.265073
2.678526,1.823497
2.698561,0.133379
2.718544,0.266079
2.738475,-0.806598
2.758641,0.570327
2.778938,0.852351
2.798555,0.177275
2.818508,-0.836611
2.838531,-1.652323
2.858636,-1.440227
2.878533,0.828731
2.898455,0.329275
2.918402,0.599065
2.938485,-0.184394
2.958456,-0.840390
2.978483,-0.166502
2.998406,0.167067
3.018476,1.142724
3.038366,-0.190344
3.058630,-0.799219
3.078438,-1.442448
3.098350,0.236321
3.118394,-0.396737
3.138404,-0.095378
3.158353,-0.368147
3.178335,0.135660
3.198483,-0.627055
3.218425,-0.188023
3.238302,-1.105709
3.258315,0.281224
3.278386,1.556879
3.298386,-0.391879
3.318349,-1.268525
3.338371,-0.587387
3.358329,0.122678
3.378404,0.304546
3.398345,0.179618
3.418252,-0.629317
3.438231,-0.710486
3.458276,1.543195
3.478223,-0.028206
3.498346,-0.428697
3.518253,-1.660123
3.538480,-0.024059
3.558241,1.459716
3.578215,-0.728589
3.598230,-0.341345
3.618273,-1.614367
3.638324,1.140846
3.658204,0.122987
3.678298,0.908562
3.698223,0.233661
3.718314,-0.101116
3.738217,-0.475701
3.758173,0.410390
3.778220,-0.379391
3.798161,1.872452
3.818118,-0.795969
3.838219,0.024148
3.858169,0.242965
3.878117,1.146880
3.898147,-0.130431
3.918050,-0.411776
3.938262,-1.776907
3.958078,0.324115
3.978207,0.957620
3.998127,-0.024586
4.018149,-0.424688
4.038157,-2.546489
4.058055,0.618135
4.078145,-0.525895
4.098039,0.836109
4.118187,-0.166629
4.137995,-1.587692
4.158051,1.389737
4.178085,0.269087
4.198001,-0.260566
4.218005,0.369105
4.238026,-0.560419
4.258021,-0.552961
4.278007,0.105876
4.297931,-0.872279
4.317921,-0.068278
4.338029,0.143132
4.358090,-0.096102
4.377900,-1.026194
4.397878,0.206677
4.417866,-0.093543
4.437968,-1.621593
4.457906,-1.899461
4.477939,1.184090
4.497909,0.201016
4.517984,0.269563
4.537891,0.226277
4.557964,0.349489
4.577830,0.369986
4.597893,-1.750653
4.617795,-0.678629
4.637784,-0.716762
4.657818,-0.753878
4.677992,-1.898594
4.697764,1.121543
4.717822,0.401089
4.737823,0.792241
4.757899,0.970000
4.778751,-0.047008
4.797834,-0.000648
4.818815,0.457141
4.837791,0.431086
4.859213,-1.146465
4.878727,-1.344317
4.898836,-1.027845
4.918733,-0.249893
4.937678,0.306723
4.958807,0.389967
4.978713,-1.284226
4.998856,-0.816563
5.018712,-0.850882
5.038780,-0.297587
5.058682,0.512342
5.078669,-0.131697
5.098709,-0.581195
5.118703,-1.450499
5.138675,-0.722649
5.158587,-0.915925
5.178692,-0.250972
5.198882,0.569834
5.218837,-0.647410
5.238647,-1.348802
5.258601,-1.216107
5.278617,-1.105378
5.298599,-0.877956
5.318856,0.139091
5.338741,0.070631
5.358711,-0.552820
5.378552,-0.955696
5.398604,0.073932
5.418548,-0.416857
5.438512,0.131379
5.458529,-0.007964
5.478593,-0.776828
5.498534,-0.717023
5.518615,-0.012401
5.538568,0.150033
5.558481,1.369966
5.578641,0.093884
5.598519,-0.815839
5.618392,-1.625707
5.638606,-0.498240
5.658531,-0.659931
5.678601,0.322441
5.698513,0.291633
5.718500,-0.514793
5.738495,-1.333953
5.758574,-0.598483
5.778486,0.243889
5.798458,0.317816
5.818600,0.168203
5.838454,0.131918
5.858463,-1.237198
5.878390,0.068679
5.898447,0.179128
5.918372,-0.612883
5.938371,-0.008711
5.958478,-1.142961
5.978608,-0.524290
5.998440,-0.662595
6.018383,-0.691910
6.038395,-0.579484
6.058374,0.593845
6.078278,1.099826
6.098401,-0.405019
6.118364,-0.815178
6.138314,-0.265912
6.158275,-0.898175
6.178301,0.080933
6.198371,0.305949
6.218274,-0.140341
6.238317,0.759742
6.258295,-0.226917
6.278277,-0.050479
6.298289,-0.969863
6.318300,-0.140077
6.338179,-0.775071
6.358335,-0.341441
6.378267,-0.034341
6.398287,0.490353
6.418192,0.040335
6.438184,-0.519306
6.458194,-0.848608
6.478192,1.306084
6.498256,1.256402
6.518091,1.385870
6.538286,-0.428700
6.558212,-0.130218
6.578202,-0.781381
6.598293,-1.241496
6.618146,-0.043118
6.638148,0.194498
6.658071,1.159751
6.678087,0.748180
6.698058,-0.789389
6.718088,-1.999909
6.738055,-0.066824
6.758158,1.623490
6.778082,1.715268
6.798026,0.247204
6.818056,0.367938
6.838001,-0.563689
6.857940,-0.358229
6.878022,-0.696253
6.897937,-0.335483
6.918009,1.450310
6.937970,0.868928
6.957921,-0.208438
6.977998,-0.204239
6.997922,-2.128362
7.017952,-1.013711
7.037870,-0.642374
7.057950,1.290670
7.077837,-0.122521
7.097826,0.033226
7.117847,-0.277118
7.137926,-0.328741
7.157880,-0.922159
7.177889,-1.084917
7.197920,0.243646
7.217782,0.790023
7.237853,0.820611
7.257919,0.617515
7.278828,0.226506
7.297707,-0.269129
7.317740,0.204389
7.337748,-0.812945
7.357788,1.448986
7.378729,1.585128
7.398774,0.072538
7.417761,-0.803168
7.438842,-0.865205
7.458697,-1.222035
7.478685,-0.860278
7.498835,0.784086
7.518632,0.791590
7.538970,1.199895
7.558948,0.286377
7.578726,-0.824877
7.598706,-0.188809
7.618726,-2.163913
7.638913,-0.869718
7.658648,2.223583
7.678640,1.291166
7.698639,0.384627
7.718759,-0.453511
7.738630,-0.535038
7.758631,-1.471134
7.778817,0.074021
7.798686,0.396941
7.818552,0.469647
7.838733,-0.181962
7.858694,0.311421
7.878731,-1.985536
7.898575,-1.305371
7.918545,-1.277938
7.938575,-0.407527
7.958523,1.005707
7.978634,1.313144
7.998733,-0.031073
8.018701,0.158241
8.038620,0.650639
8.058471,-0.549833
8.078593,-0.050540
8.098539,-0.018659
8.118488,1.233295
8.138540,-0.048029
8.158546,0.048253
8.178477,-1.562822
8.198639,-1.585758
8.218483,-1.240297
8.238612,-0.588478
8.258495,1.064997
8.278514,0.426574
8.298589,0.209600
8.318599,-0.224934
8.338491,-1.068054
8.358441,-0.929608
8.378347,1.202215
8.398313,1.551357
8.418442,-0.344142
8.438380,-2.332539
8.458395,-1.520712
8.478376,-0.271553
8.498397,-0.193447
8.518512,1.156230
8.538399,0.857826
8.558407,0.301232
8.578302,0.252675
8.598256,-2.595516
8.618322,-1.010599
8.638344,0.940966
8.658298,1.206974
8.678391,0.246273
8.698306,1.075333
8.718345,0.086055
8.738296,-0.215973
8.758223,-0.812587
8.778221,-0.321027
8.798307,0.708146
8.818254,0.806084
8.838235,0.573611
8.858152,1.457546
8.878148,-0.056284
8.898212,-1.875238
8.918159,-1.200337
8.938175,0.073583
8.958334,0.930903
8.978116,0.976075
8.998094,1.032182
9.018137,0.673979
9.038122,0.479098
9.058069,-2.114516
9.078060,-1.053617
9.098106,0.076840
9.118057,1.112395
9.138149,1.468987
9.158212,-0.023057
9.178138,0.068101
9.198064,-1.042192
9.218093,-0.812514
9.237996,-0.807235
9.258024,-0.582581
9.277977,1.334698
9.298101,1.448747
9.318026,0.989941
9.338099,-1.179747
9.358095,-1.269392
9.377987,-1.078756
9.398045,-1.013520
9.417974,-0.761848
9.438101,0.225498
9.457979,1.047793
9.478070,1.595505
9.497931,-0.618799
9.517896,-1.068227
9.537948,-0.454809
9.557894,-0.737064
9.578002,-1.189064
9.597932,-0.380495
9.617898,0.625395
9.637924,0.229429
9.657986,-1.372851
9.677844,-0.967912
9.697973,-0.240501
9.717874,-0.638863
9.737818,-0.103003
9.757830,0.157452
9.777890,1.438015
9.798025,0.239808
9.817879,0.349548
9.837840,-1.561974
9.857940,-0.312129
9.877858,-1.126954
9.897937,-0.337426
9.917812,0.671199
9.937912,0.653696
9.957862,0.135287
9.977968,0.150478
9.997737,-0.536051
10.017761,-2.461844
10.037822,-0.062071
10.057695,0.602172
10.078685,0.736009
10.098809,0.267954
10.118963,2.073658
10.138899,-0.153357
10.158747,2.297040
10.178824,-0.107888
10.198722,-0.973790
10.218807,-1.216239
10.238685,-1.518667
10.258705,0.230546
10.278732,0.832702
10.298588,1.725929
10.318678,0.331351
10.338608,0.900240
10.358585,-1.025510
10.378631,-0.118784
10.398636,-1.026994
10.418551,-0.053341
10.438599,-0.205196
10.458714,-0.700111
10.478580,0.694383
10.498599,0.127580
10.518520,0.406403
10.538567,-0.467836
10.558490,-1.686368
10.578562,-2.159538
10.598518,-0.031598
10.618553,0.801096
10.638534,1.115776
10.658581,0.799108
10.678530,0.364474
10.698406,0.000353
10.718514,-1.197341
10.738426,-2.602654
10.758569,-0.823856
10.778433,-1.147957
10.798455,-0.084362
10.818395,0.566011
10.838473,0.244067
10.858435,0.709359
10.878431,-1.173149
10.898367,-0.077557
10.918373,-1.450406
10.938463,-1.595102
10.958395,0.781013
10.978455,1.227085
10.998349,0.316691
11.018364,-0.929852
11.038390,0.196578
11.058618,0.956369
11.078390,-0.548405
11.098319,-0.920355
11.118430,-0.229242
11.138393,-2.045655
11.158386,-3.092012
11.178350,-1.127610
11.198380,0.641691
11.218337,2.484495
11.238348,3.210814
11.258276,1.952880
11.278234,-0.981318
11.298271,-3.174093
11.318355,-1.946870
11.338288,-0.557549
11.358288,0.896220
11.378345,1.670221
11.398475,0.510637
11.418304,1.240137
11.438251,-1.129641
11.458315,-2.492590
11.478320,-2.123013
11.498177,-1.527260
11.518265,0.635492
11.538247,1.168941
11.558095,2.396060
11.578169,0.830734
11.598088,0.213479
11.618257,-1.162884
11.638193,-1.302527
11.658162,-0.671670
11.678149,-0.004696
11.698089,0.561722
11.718100,2.094009
11.738179,2.394537
11.758164,1.223385
11.778147,-1.595463
11.798072,-1.145305
11.818065,-1.926393
11.838139,-2.325274
11.858081,0.485317
11.878113,0.323204
11.898090,0.907769
11.918109,-0.207239
11.938073,-1.461432
11.958049,-0.310030
11.978041,-0.046687
11.997995,-0.208641
12.017948,0.789086
12.038265,0.173031
12.057928,-1.606607
12.078010,-0.594679
12.097981,0.695581
12.117962,-0.648265
12.137986,0.109841
12.157961,0.250698
12.177899,1.158155
12.197924,0.619030
12.218201,-0.065917
12.237938,-1.694698
12.257876,-1.981291
12.278137,-2.305651
12.297898,-0.839947
12.317977,0.384146
12.337901,1.265300
12.357856,3.284132
12.377783,1.162351
12.397835,-1.207645
12.417871,-2.879182
12.437814,-0.984886
12.457914,-0.614935
12.477843,-0.405826
12.497856,0.555084
12.517845,5.594077
12.537859,1.344502
12.557787,0.519502
12.577811,-0.735221
12.597780,-0.314911
12.617906,-0.130930
12.638772,-2.894955
12.658721,-1.786311
12.678000,-0.011561
12.698794,0.964072
12.718741,1.094844
12.738865,-0.663529
12.758772,-0.061399
12.778675,-1.432029
12.798745,-1.053167
12.818698,-1.944709
12.838644,-0.683360
12.858749,-2.331918
12.878711,-0.644170
12.898657,0.754932
12.918633,0.584484
12.938701,-1.073357
12.958719,-0.609751
12.978673,-1.145219
12.998712,-1.103908
13.018628,-0.368223
13.038644,-2.788051
13.058635,1.014405
13.078687,0.851064
13.098558,0.524439
13.118654,-1.082758
13.138637,-1.766739
13.158715,0.188919
13.178596,-0.680931
13.198574,-0.551023
13.218547,-0.918585
13.238527,-1.378928
13.258599,0.404438
13.278509,-0.204191
13.298523,1.042316
13.318547,0.075373
13.338625,-0.387240
13.358577,0.240924
13.378522,0.400066
13.398487,-0.027346
13.418442,-0.907248
13.438430,-3.010071
13.458502,-1.162879
13.478448,0.420886
13.498544,-0.509353
13.518523,0.040753
13.538473,1.230198
13.558479,0.958319
13.578534,-0.670162
13.598379,-0.166624
13.618425,-1.754960
13.638581,-1.733588
13.658453,-0.649679
13.678719,0.471447
13.698414,1.438129
13.718454,0.697014
13.738353,0.558057
13.758355,-0.915996
13.778395,1.761303
13.798352,-0.060592
13.818300,-0.488608
13.838279,-2.664223
13.858775,-0.239005
13.878351,-0.756112
13.898308,1.275607
13.918264,0.038311
13.938346,1.227675
13.958573,0.182891
13.978270,0.522339
13.998268,-0.388316
14.018431,-2.043417
14.038338,0.475317
14.058181,-0.455685
14.078246,-1.114908
14.098244,-0.598391
14.118204,1.576222
14.138249,1.104529
14.158269,-0.058946
14.178231,-0.831303
14.198140,-0.505627
14.218180,0.300498
14.238197,0.785728
14.258119,-1.158043
14.278274,-1.461959
14.298117,-1.020668
14.318112,1.075400
14.338175,-0.592023
14.358027,-0.845171
14.378072,0.113726
14.398135,0.535701
14.418039,0.316462
14.438045,-0.012237
14.458064,0.709566
14.478060,1.406978
14.497999,-1.434191
14.517973,-1.995651
14.538054,-2.040610
14.558299,0.069412
14.577984,-0.356217
14.598017,-1.025692
14.617993,0.033259
14.637956,1.649817
14.658019,1.066796
14.677944,0.035550
14.698081,0.056138
14.717901,0.689780
14.738017,2.048775
14.757931,-0.934356
14.777972,-0.361190
14.797920,-1.372676
14.817897,-1.627049
14.837923,0.025983
14.858004,-0.951850
14.877811,3.057957
14.897946,1.892278
14.917952,1.124828
14.937864,1.714012
14.957853,-0.200301
14.977834,-0.832643
14.997921,-1.353066
15.017787,-3.184631
15.037768,-1.279474
15.057799,-0.298898
15.077821,0.900633
15.097829,0.704388
15.117813,-0.223618
15.137844,0.328693
15.157819,1.307968
15.178928,1.504986
15.197861,-0.159947
15.217821,-0.406059
15.238843,0.186155
15.258929,-0.871209
15.278720,-1.342483
15.298705,-0.623449
15.317729,0.929305
15.338756,1.343263
15.358671,-0.168572
15.378648,-0.864174
15.398636,-1.304194
15.418751,0.590099
15.438744,1.317425
15.458670,1.018804
15.478660,0.388612
15.498597,-0.348323
15.518613,0.052728
15.538652,-1.250884
15.558744,-1.461559
15.578707,-0.150387
15.598565,0.262897
15.618645,0.876790
15.638681,0.604116
15.658614,-1.405325
15.678637,-0.162198
15.698589,0.856629
15.718521,0.195876
15.738578,0.505295
15.758523,-1.154947
15.778559,-0.335465
15.798553,-1.615200
15.818490,-1.335459
15.838482,0.913375
15.858721,1.157993
15.878494,1.369886
15.898448,1.825420
15.918464,1.424187
15.938454,-0.793766
15.958441,-1.487493
15.978509,-1.469436
15.998602,-0.081370
16.018456,-1.546610
16.038633,-1.185533
16.058441,-3.173909
16.078469,-0.691270
16.098420,1.230409
16.118379,0.843811
16.138401,0.947303
16.158308,0.856764
16.178367,1.086803
16.198434,-2.041414
16.218316,-0.001920
16.238368,-1.956589
16.258299,1.410379
16.278511,3.066699
16.298325,7.604442
16.318322,-3.864377
16.338269,-7.281028
16.358226,0.616745
16.378378,5.782100
16.398375,0.260808
16.418200,-2.113956
16.438262,3.024468
16.458277,4.667694
16.478234,-5.812889
16.498243,-0.918986
16.518387,0.620112
16.538263,2.523450
16.558359,0.717051
16.578291,-0.397305
16.598252,1.363128
16.618262,-0.859503
16.638119,0.021913
16.658162,-1.213684
16.678267,1.241213
16.698142,1.979757
16.718132,0.102493
16.738143,0.142419
16.758213,0.027959
16.778168,-0.932738
16.798140,-1.462537
16.818089,-1.688460
16.838209,0.674595
16.858178,0.110195
16.878130,0.548979
16.898138,0.126787
16.918120,-0.020506
16.938045,-0.346219
16.958057,-0.390882
16.978071,-1.005266
16.998084,-0.091994
17.018044,-2.433441
17.038025,-1.189383
17.058109,-0.394496
17.078074,1.355611
17.098129,1.271461
17.118042,1.724654
17.138256,0.547866
17.158136,-0.575865
17.178095,0.249157
17.198102,-1.742801
17.218106,-1.122552
17.237989,-1.238151
17.257941,-0.364899
17.277881,-0.241930
17.298023,-0.687625
17.317923,0.068278
17.337867,0.479083
17.357892,1.633790
17.378286,0.052722
17.397868,-1.509361
17.417871,-0.704278
17.438025,0.073331
17.458049,1.320012
17.478216,0.667448
17.497913,-2.533526
17.518023,-0.329519
17.537915,-0.691338
17.557923,0.800300
17.577804,-0.516034
17.597853,-1.007578
17.617872,-1.087253
17.637835,-0.522281
17.657788,0.496282
17.677767,-0.142624
17.697828,1.133010
17.717855,-0.861291
17.737865,-1.071072
17.757731,-2.646086
17.778826,-2.271870
17.797946,-0.705529
17.817806,0.950850
17.837986,0.313489
17.857752,-1.669646
17.878805,0.710316
17.898700,1.694846
17.918808,-0.064423
17.938672,0.176029
17.958702,-0.721308
17.978888,-1.550287
17.998718,-1.125228
18.018706,-3.660530
18.038635,-0.812227
18.058727,1.309252
18.078717,-0.037184
18.098779,0.551512
18.118683,-1.084678
18.138638,1.454818
18.158628,1.277998
18.178706,0.516496
18.198706,-0.237443
18.218547,0.681259
18.238652,-1.307115
18.258759,-1.400859
18.278638,-1.687654
18.298537,0.017569
18.318595,-0.653313
18.338558,-0.242169
18.358486,0.610619
18.378534,-1.557636
18.398600,1.605109
18.418491,1.584172
18.438613,2.052954
18.458547,1.214885
18.478595,-0.713833
18.498460,-2.382807
18.518518,-0.060766
18.538439,1.188629
18.558422,0.237453
18.578437,-0.346875
18.598383,-1.069001
18.618490,-1.185574
18.638343,-1.995324
18.658345,-0.373654
18.678436,0.359677
18.698406,0.614909
18.718437,-0.926800
18.738365,-1.566246
18.758466,-0.660077
18.778406,0.565202
18.798347,1.360249
18.818295,0.615409
18.838312,1.187315
18.858274,0.576019
18.878373,0.535472
18.898346,0.154360
18.918273,0.143325
18.938294,-0.813970
18.958341,-1.042188
18.978212,-0.501877
18.998281,0.679023
19.018235,-0.180087
19.038239,-2.399811
19.058251,-1.573561
19.078402,0.032377
19.098383,1.243463
19.118292,0.470219
19.138330,1.813585
19.158348,-0.576813
19.178321,1.397004
19.198127,0.231826
19.218291,0.548164
19.238108,-0.615614
19.258242,-0.424266
19.278203,-0.044667
19.298132,-0.859144
19.318197,-1.912852
19.338242,-1.038272
19.358087,0.639916
19.378052,-0.300787
19.398284,-0.419860
19.418085,-2.374762
19.438047,0.204701
19.458111,1.460306
19.478039,1.683552
19.498059,0.267715
19.518158,-0.576582
19.538085,-0.014901
19.558005,1.303959
19.578004,0.546742
19.597971,-0.004732
19.618034,0.428317
19.638041,-0.833545
19.657958,2.371948
19.678007,0.444411
19.697926,-0.163369
19.718163,-2.424585
19.737956,-0.023454
19.757944,1.043801
19.777906,1.210022
19.797943,-1.848628
19.817974,-0.337984
19.837967,-0.625534
19.857967,-0.834333
19.877870,-1.515870
19.897894,-0.083812
19.918057,-0.641014
19.937884,0.643723
19.957945,1.779795
19.977926,1.185848
19.997917,0.018538
20.017928,0.813191
20.037964,0.687303
20.057904,1.191418
20.077858,0.892074
20.097737,-3.779997
20.117821,-0.812088
20.137771,-1.410414
20.157782,1.672258
20.177801,-0.255009
20.197760,1.046906
20.217862,0.699655
20.237802,-0.894462
20.258721,0.899692
20.277659,-0.499692
20.298692,1.455679
20.318804,0.472148
20.338815,0.227531
20.358799,-1.750279
20.378763,-0.325864
20.398820,-1.713674
20.418637,0.109792
20.438694,-0.180555
20.458623,0.513631
20.478807,-1.233107
20.498568,-0.203933
20.518649,-2.624341
20.538628,-0.242597
20.558738,-0.089945
20.578709,-0.327389
20.598562,-1.454874
20.618576,-1.762199
20.638654,0.163115
20.658738,-1.630273
20.678709,-0.258932
20.698624,-1.336116
20.718630,0.089167
20.738489,-0.960607
20.758620,1.269300
20.778690,-0.727214
20.798707,-0.516083
20.818568,0.142301
20.838506,0.380677
20.858451,-0.043274
20.878633,1.537385
20.898499,0.102022
20.918634,0.127428
20.938490,-0.760059
20.958573,-0.711827
20.978515,-0.573641
20.998739,-0.882713
21.018466,-0.598944
21.038435,-1.890518
21.058601,-1.318586
21.078491,0.393266
21.098409,1.403413
21.118400,-0.985325
21.138547,-0.522657
21.158454,-0.254995
21.178514,0.790518
21.198327,0.929131
21.218412,1.135937
21.238374,0.212521
21.258527,-0.233457
21.278334,0.111938
21.298420,-1.216562
21.318525,-0.986162
21.338445,-0.520160
21.358302,-0.463896
21.378323,-0.220259
21.398311,2.217347
21.418318,1.124312
21.438250,2.743090
21.458393,1.779458
21.478406,1.131414
21.498303,0.807675
21.518253,-1.811548
21.538201,-0.840392
21.558260,-1.450289
21.578298,-2.035304
21.598318,0.658440
21.618209,-0.736307
21.638304,-0.400761
21.658182,0.326339
21.678191,-2.231340
21.698208,-1.882647
21.718274,-0.557503
21.738204,-1.540418
21.758244,-0.237961
21.778175,0.358198
21.798200,-0.956314
21.818118,-0.411884
21.838124,0.029176
21.858111,0.163678
21.878217,0.674266
21.898118,0.262460
21.918014,0.136463
21.938163,0.315662
21.958158,0.393230
21.978173,0.086267
21.997982,0.028500
22.018054,-0.468717
22.038051,-0.509427
22.058132,-0.831449
22.078011,-0.027660
22.098027,-0.091634
22.118014,2.187733
22.138041,2.423764
22.158058,-0.564578
22.177951,0.125612
22.197974,-1.546762
22.218053,-0.823117
22.238005,1.214812
22.257957,1.083977
22.278171,1.777324
22.298054,-0.548396
22.317886,-1.693207
22.337891,-0.385832
22.357866,-0.592249
22.377900,0.209397
22.397903,2.223106
22.417935,0.584933
22.437938,-1.430365
22.457897,-2.196007
22.477920,-1.419980
22.497849,-1.315460
22.517861,-0.790330
22.537838,0.884307
22.557867,-0.009448
22.577912,-0.430481
22.597902,-1.451701
22.617835,-1.138804
22.637941,0.194916
22.657890,0.631114
22.677708,1.649276
22.697713,1.044929
22.717812,-2.679190
22.738788,-1.688454
22.758973,-0.971416
22.777767,0.872406
22.798900,4.222659
22.818754,0.090749
22.838711,0.070885
22.858704,-0.121926
22.878770,-0.129711
22.898752,0.859606
22.919017,0.043114
22.938708,-0.986297
22.958739,-2.460751
22.978698,-1.259974
22.998727,0.048763
23.018739,1.436145
23.038709,0.847489
23.058652,-1.099410
23.078777,-0.885042
23.098618,-1.245887
23.118672,1.092431
23.138581,-0.109915
23.158659,0.161957
23.178759,-0.143158
23.198632,-0.712546
23.218598,-1.468436
23.238709,0.424395
23.258715,-1.894636
23.278617,-1.212587
23.298589,-1.473779
23.318594,1.302884
23.338581,1.147418
23.358588,-0.809313
23.378498,-1.428030
23.398650,-0.590994
23.418569,-0.629039
23.438629,1.127953
23.458551,-1.518302
23.478515,-1.257693
23.498544,2.335916
23.518536,0.900240
23.538557,-0.120027
23.558519,-2.083233
23.578515,-1.228233
23.598525,0.408470
23.618600,0.547846
23.638542,-2.211763
23.658558,0.131150
23.678412,0.813592
23.698406,2.392470
23.718435,-1.210280
23.738408,-2.645298
23.758384,0.151506
23.778461,2.509471
23.798404,-1.010800
23.818311,-0.244280
23.838434,0.047179
23.858406,1.113665
23.878487,-1.619232
23.898407,-2.562100
23.918429,1.077608
23.938323,0.438193
23.958453,-1.164779
23.978469,-0.537716
23.998293,0.349237
24.018273,0.056110
24.038289,-1.658592
24.058343,-0.850590
24.078314,1.141127
24.098220,-0.693690
24.118370,-0.338624
24.138361,1.228730
24.158370,1.144660
24.178267,-1.045192
24.198366,-0.885368
24.218197,0.645229
24.238290,0.563389
24.258467,-0.804881
24.278208,0.384527
24.298196,0.674000
24.318333,-0.038131
24.338228,0.330817
24.358209,1.027304
24.378276,0.334229
24.398201,-1.432387
24.418255,-0.512714
24.438195,-0.134752
24.458185,-1.593911
24.478116,-0.478683
24.498144,0.479774
24.518239,-0.401541
24.538204,-0.016765
24.558181,-0.224386
24.578328,-0.711172
24.598137,-0.553178
24.618096,0.391931
24.638199,1.261398
24.658151,0.203417
24.678218,0.100195
24.698085,-1.564925
24.718097,-0.558705
24.738043,-0.189061
24.758017,-0.773994
24.778044,0.191759
24.798153,-0.843392
24.818111,0.085455
24.838203,0.808557
24.857999,1.347342
24.877998,-0.014825
24.897987,-2.753393
24.918132,-0.102700
24.937958,-0.012579
24.957942,-0.872740
24.977993,0.376194
24.997890,0.374194
25.017985,0.044147
25.037946,0.409278
25.057935,-0.190032
25.078054,-2.230875
25.097941,-0.334870
25.117925,-0.062791
25.137953,0.345512
25.157953,-0.108408
25.177948,-0.559328
25.197907,-0.234376
25.217964,-0.432003
25.237843,0.158374
25.257877,0.479855
25.277827,-0.507074
25.299052,-0.237586
25.317778,0.578443
25.337888,0.107117
25.357751,-0.287274
25.377839,0.016163
25.397752,0.291409
25.417824,0.520180
25.437809,0.289798
25.457752,-1.169654
25.477835,1.325896
25.497756,-0.337776
25.517810,-0.289081
25.537764,-0.811425
25.557826,0.172499
25.577749,1.315063
25.597861,-1.075459
25.617788,0.967571
25.637694,-1.137487
25.658962,-0.477343
25.677838,0.492584
25.697719,-1.508124
25.718914,0.505686
25.738760,-1.656141
25.758727,-0.443076
25.777711,2.025294
25.798795,0.045602
25.818764,2.169231
25.838858,0.288643
25.858811,-1.241903
25.878755,-0.842074
25.898732,0.222930
25.918746,0.031917
25.938643,-1.864089
25.958808,1.380339
25.978770,-0.467279
25.998751,-0.226327
26.018633,-0.402699
26.038669,-0.374419
26.058585,0.554911
26.078607,-1.387114
26.098580,0.106208
26.118783,-0.388817
26.138625,-0.515577
26.158499,-0.880973
26.178496,0.152124
26.198683,-0.404805
26.218503,-0.857799
26.238444,0.514706
26.258647,-2.095258
26.278632,-0.959190
26.298493,-0.282094
26.318472,1.400048
26.338601,0.557194
26.358578,-1.374612
26.378498,-1.232497
26.398503,-1.709058
26.418477,0.279330
26.438584,0.452208
26.458421,1.273770
26.478503,-0.124648
26.498433,0.849949
26.518466,-0.218147
26.538424,-0.791993
26.558394,0.183184
26.578461,0.294574
26.598366,-0.200890
26.618438,0.923209
26.638310,0.584156
26.658422,0.709516
26.678423,-0.099542
26.698327,0.362380
26.718478,0.476155
26.738338,1.573600
26.758382,0.686293
26.778457,0.786556
26.798359,0.850195
26.818312,0.046055
26.838240,0.337707
26.858349,1.006037
26.878313,0.340798
26.898399,-0.148619
26.918352,0.232899
26.938256,0.535409
26.958238,0.152157
26.978327,0.247022
26.998248,-2.115157
27.018276,-1.573161
27.038183,-1.006615
27.058150,-0.378679
27.078274,-0.950960
27.098172,-1.679686
27.118272,-0.300174
27.138176,0.965444
27.158211,0.485743
27.178151,0.408376
27.198186,1.343944
27.218155,0.164494
27.238197,0.508131
27.258119,-0.170340
27.278213,-0.555715
27.298328,-0.803115
27.318134,0.149150
27.338175,-0.039443
27.358193,-0.858699
27.378212,0.738752
27.398213,1.389048
27.418038,0.004979
27.438075,-1.210112
27.458022,-0.588894
27.478058,0.164405
27.497992,0.106472
27.517990,0.014912
27.538014,0.866468
27.558073,1.335439
27.578044,-0.094778
27.598089,-1.568150
27.618098,-0.548746
27.638111,0.253280
27.657890,-0.517116
27.677981,-0.206587
27.697925,-1.585890
27.718137,-2.515391
27.737973,0.198586
27.757926,-0.872033
27.777855,0.627010
27.797989,0.191026
27.817892,-0.564589
27.837910,-0.015263
27.857954,0.226677
27.877841,-0.388073
27.897908,-0.152372
27.917820,-1.108065
27.937930,0.340708
27.958047,1.365834
27.978040,0.096143
27.997822,-1.459454
28.017895,-0.582955
28.037928,1.257626
28.058064,0.925635
28.077936,-2.160029
28.097900,-1.459427
28.117729,-1.473692
28.137746,-0.366695
28.157842,-1.091727
28.177889,0.734166
28.197795,-0.846963
28.217804,0.214366
28.237817,-1.381615
28.258777,-0.859233
28.277716,0.509376
28.297775,-0.506173
28.317699,0.663170
28.338715,-0.946049
28.359140,0.015671
28.377761,-1.448249
28.398738,-0.191546
28.417763,0.855313
28.438699,-2.553285
28.458849,1.377782
28.478691,-1.392914
28.498712,-1.350802
28.518863,1.849920
28.538662,-2.886178
28.558648,-0.759019
28.578769,1.167472
28.598670,-2.702182
28.618671,0.609853
28.638666,0.140080
28.658642,-2.348173
28.678807,-0.556931
28.698586,-0.016903
28.718637,-0.079202
28.738672,-0.682400
28.758634,1.367433
28.778571,-0.621301
28.798594,0.337161
28.818532,-1.266104
28.838539,-0.860604
28.858542,0.673220
28.878614,-0.602923
28.898517,-1.247907
28.918564,-0.695331
28.938599,1.143359
28.958453,0.404722
28.978467,0.088155
28.998511,-1.583543
29.018488,-0.736639
29.038488,-0.464016
29.058480,0.359800
29.078514,1.616848
29.098448,0.858007
29.118376,-0.741020
29.138504,-0.871476
29.158472,-1.882541
29.178455,-0.756848
29.198366,-1.111845
29.218345,-0.219770
29.238487,1.415632
29.258523,0.156602
29.278283,1.192732
29.298275,1.673763
29.318487,2.224072
29.338301,2.102209
29.358396,1.438992
29.378359,0.413839
29.398290,0.682473
29.418441,0.380016
29.438329,0.694786
29.458440,0.689148
29.478287,0.466895
29.498282,0.925289
29.518260,1.670046
29.538361,1.195057
29.558399,2.351906
29.578330,3.451145
29.598270,3.568962
29.618340,1.410637
29.638431,-0.190620
29.658252,-1.766681
29.678416,-3.143462
29.698215,-2.784878
29.718304,-0.866686
29.738219,2.165691
29.758308,1.891135
29.778113,1.959060
29.798116,1.214107
29.818259,-1.766608
29.838209,-3.153599
29.858100,-2.131874
29.878130,0.536064
29.898191,1.394040
29.918097,-0.614818
29.938219,-2.499243
29.958179,-0.583412
29.978202,1.759209
29.998092,0.850151
30.018095,-1.517658
30.038135,-2.561606
30.058162,1.682700
30.077989,0.590186
30.098108,-0.635807
30.118018,-0.942146
30.138149,0.238710
30.158001,-0.680677
30.178081,-0.882397
30.198081,1.373566
30.218166,-1.126979
30.238133,0.153630
30.257973,0.147617
30.278172,-0.154064
30.297923,-0.863600
30.317947,1.197383
30.337986,-0.912922
30.358160,1.306561
30.377885,-0.475175
30.397957,0.167238
30.417916,0.591928
30.437999,-0.880117
30.457849,-0.076455
30.477962,-1.085463
30.497884,0.188728
30.517898,-0.965440
30.537878,0.116192
30.557923,0.385183
30.577882,-1.489046
30.597977,0.512421
30.617832,-1.395050
30.637872,0.249938
30.657845,0.270905
30.677926,-1.414823
30.697843,-0.007247
30.717880,-0.730928
30.737829,-1.315677
30.757833,0.697739
30.777961,-0.441882
30.797879,-1.458284
30.817831,-0.062312
30.837855,-0.883030
30.857805,-1.330174
30.877831,-0.521032
30.897749,0.323721
30.917901,0.128089
30.937677,0.152641
30.958801,0.492786
30.977796,0.158365
30.997739,0.133719
31.017789,-0.269499
31.037757,-0.821794
31.058793,-0.918678
31.078806,-0.899555
31.097904,0.248364
31.118663,0.102354
31.138702,-0.244228
31.158683,0.207716
31.178907,-0.505908
31.198650,0.352739
31.218676,0.041650
31.238784,-0.120070
31.258584,-0.067650
31.278695,-0.367520
31.298727,-0.484729
31.318613,-0.984906
31.338593,0.024146
31.358611,-0.269502
31.378615,0.576485
31.398681,0.195828
31.418577,0.210769
31.438601,0.144090
31.458640,0.701849
31.478524,0.047937
31.498562,0.073315
31.518564,-0.019180
31.538534,-0.741009
31.558635,-0.816695
31.578451,-0.513924
31.598529,-0.159210
31.618588,-0.052866
31.638637,-0.145440
31.658575,-0.020150
31.678490,-0.019625
31.698554,0.288968
31.718426,-0.060665
31.738453,-0.402947
31.758460,-0.440809
31.778575,-0.603830
31.798415,-0.434924
31.818456,-0.121706
31.838467,-0.313300
31.858454,-0.015994
31.878515,-0.042637
31.898459,-0.658946
31.918427,-0.476985
31.938554,-0.420869
31.958541,-0.426865
31.978558,-0.132920
31.998416,-0.156396
32.018416,-0.480078
32.038368,-0.241504
32.058416,-0.729502
32.078436,-0.074170
32.098316,-0.111044
32.118342,0.007929
32.138374,0.080003
32.158350,0.018897
32.178378,-0.353802
32.198404,-0.352464
32.218330,-0.028938
32.238368,-0.302297
32.258326,-0.007417
32.278322,-0.277813
32.298290,-0.606672
32.318239,0.096642
32.338311,-0.309642
32.358364,-0.107692
32.378257,-0.219461
32.398215,-0.521447
32.418261,0.121451
32.438381,-0.386702
32.458252,-0.179128
32.478259,-0.509598
32.498227,-0.494203
32.518349,0.165214
32.538174,-0.237449
32.558426,-0.335630
32.578167,-0.425834
32.598249,-0.170048
32.618181,0.082216
32.638206,-0.263453
32.658215,0.053436
32.678170,-0.555457
32.698336,-0.178704
32.718133,-0.198789
32.738081,-0.445999
32.758197,-0.049629
32.778089,-0.496362
32.798087,-0.390949
32.818115,-0.260203
32.838215,-0.451534
32.858109,-0.030309
32.878190,-0.484669
32.898145,-0.318548
32.918233,-0.089468
32.938140,-0.249706
32.958114,0.035759
32.978290,-0.246594
32.998090,-0.504704
33.018100,-0.148402
33.038046,-0.523243
33.058017,-0.008354
33.077966,-0.223136
33.098039,-0.353210
33.118011,-0.205260
33.137995,-0.355198
33.157986,-0.126576
33.178030,-0.255701
33.197955,-0.362737
33.217980,-0.265675
33.238014,-0.506232
33.258009,-0.103600
33.277918,-0.125149
33.297916,-0.256433
33.317896,-0.227977
33.337906,-0.443323
33.357852,-0.204498
33.377867,-0.026000
33.397835,-0.110289
33.417766,-0.396821
33.437777,-0.277865
33.457866,-0.142725
33.477912,0.000665
33.497892,0.014656
33.517810,-0.192406
33.537874,-0.382480
33.557756,-0.085847
33.577862,0.137004
33.597835,0.172333
33.617864,-0.176831
33.637743,-0.196347
33.658787,-0.146688
33.677736,-0.200856
33.698851,-0.053657
33.718770,-0.101982
33.738708,-0.217277
33.758686,-0.243569
33.778797,-0.144625
33.798810,0.083354
33.818720,-0.093591
33.838640,-0.269334
33.858703,-0.184493
33.878638,-0.181335
33.898710,-0.083750
33.918605,-0.197105
33.938610,-0.319767
33.958560,-0.198247
33.978749,-0.168839
33.998607,-0.051118
34.018661,-0.072428
34.038563,-0.207918
34.058625,-0.270684
34.078621,-0.106890
34.098625,-0.185486
34.118655,-0.044882
34.138468,-0.093166
34.158620,-0.354995
34.178570,-0.312381
34.198504,-0.205925
34.218543,-0.243152
34.238504,-0.012241
34.258542,-0.422141
34.278551,-0.472951
34.298497,-0.152366
34.318492,-0.242882
34.338490,0.021205
34.358459,-0.278522
34.378372,-0.803175
34.398512,-0.354953
34.418513,-0.650236
34.438612,-0.076691
34.458456,-0.151151
34.478453,-0.496888
34.498418,-0.241987
34.518377,-0.528404
34.538408,-0.234697
34.558421,-0.049645
34.578450,0.064413
34.598404,-0.197774
34.618327,-0.282552
34.638371,-0.183042
34.658454,-0.137802
34.678385,0.240442
34.698317,-0.008052
34.718286,0.043732
34.738342,-0.381253
34.758364,-0.464924
34.778214,-0.293141
34.798257,-0.280721
34.818218,0.027807
34.838269,-0.078810
34.858664,-0.524868
34.878168,-0.203056
34.898301,-0.512811
34.918288,-0.307377
34.938306,-0.287250
34.958222,-0.342826
34.978291,-0.085508
34.998324,-0.268596
35.018320,-0.234678
35.038160,-0.221450
35.058209,-0.397850
35.078270,-0.280893
35.098251,-0.287237
35.118294,-0.134464
35.138156,-0.078335
35.158122,-0.481500
35.178104,-0.274139
35.198063,-0.389251
35.218109,-0.073638
35.238126,-0.034875
35.258127,-0.455314
35.278044,-0.357299
35.298102,-0.470444
35.318115,-0.120808
35.338173,0.275433
35.358043,-0.038617
35.378124,-0.297745
35.398257,-0.595625
35.418099,-0.241248
35.438129,-0.078915
35.458077,0.212578
35.478076,0.105396
35.498081,-0.044390
35.518051,-0.396836
35.538220,-0.311440
35.558132,-0.215120
35.578074,-0.082327
35.598161,0.020905
35.618120,-0.395822
35.638227,-0.843968
35.657977,-0.305843
35.678019,-0.405926
35.698066,0.029410
35.718086,-0.004432
35.737962,-0.427273
35.758002,-0.286339
35.777915,-0.727194
35.797867,-0.150853
35.817834,-0.222168
35.837976,0.102178
35.857982,0.016152
35.877895,0.015971
35.897904,-0.415807
35.918054,-0.287778
35.937822,-0.216007
35.957868,-0.157318
35.978032,0.114489
35.997827,-0.318057
36.018002,-0.683783
36.037913,-0.162412
36.057928,-0.329957
36.077787,-0.011227
36.097869,-0.227524
36.117818,-0.632550
36.137828,-0.360033
36.157774,-0.734962
36.177844,-0.313535
36.197756,0.162307
36.217827,-0.037316
36.237801,-0.190248
36.258829,-0.327399
36.277757,-0.355647
36.297731,-0.159112
36.317724,0.117300
36.337777,-0.039373
36.358779,0.143423
36.377779,-0.499036
36.398899,-0.456776
36.417753,-0.224144
36.438709,-0.223253
36.458765,0.029270
36.478670,-0.247587
36.498712,-0.584962
36.518649,-0.343799
36.538732,-0.575421
36.558659,-0.198677
36.578760,-0.172082
36.598652,-0.493893
36.618772,-0.178504
36.638763,-0.439105
36.658735,-0.244362
36.678934,0.360503
36.698564,0.138080
36.718694,-0.112185
36.738841,-0.255169
36.758626,-0.543645
36.778648,-0.296631
36.798728,-0.063649
36.818720,0.014698
36.838594,0.231006
36.858671,-0.070146
36.878601,-0.460625
36.898609,-0.402693
36.918538,-0.795310
36.938562,-0.329769
36.958713,-0.069197
36.978523,0.120533
36.998661,0.106679
37.018546,0.207242
37.038605,-0.381231
37.058609,-0.583397
37.078592,-0.216077
37.098695,-0.311822
37.118647,-0.141568
37.138489,-0.039011
37.158502,-0.584915
37.178492,-0.251997
37.198470,-0.647923
37.218562,-0.271933
37.238564,-0.017824
37.258631,-0.138283
37.278432,-0.201766
37.298369,-0.227898
37.318598,-0.133972
37.338508,-0.053213
37.358479,0.135873
37.378543,-0.180972
37.398443,-0.277867
37.418501,-0.155991
37.438377,-0.166382
37.458463,0.142561
37.478451,0.090714
37.498533,-0.017306
37.518390,-0.455252
37.538371,-0.363400
37.558442,-0.259603
37.578366,-0.194755
37.598476,0.154385
37.618484,-0.241167
37.638432,-0.583609
37.658366,-0.202927
37.678356,-0.283960
37.698466,-0.134372
37.718377,-0.187707
37.738324,-0.661113
37.758368,-0.238046
37.778298,-0.474747
37.798316,-0.122831
37.818422,0.190324
37.838278,-0.188510
37.858493,-0.163189
37.878261,-0.352362
37.898291,-0.198861
37.918306,-0.217656
37.938274,0.090392
37.958344,-0.020302
37.978340,-0.206103
37.998210,-0.320164
38.018201,-0.285678
38.038123,-0.151852
38.058158,-0.119280
38.078257,0.133134
38.098141,-0.395633
38.118260,-0.622095
38.138119,-0.481447
38.158193,-0.601965
38.178214,-0.142563
38.198145,0.138134
38.218186,-0.266508
38.238182,-0.160744
38.258162,-0.684027
38.278233,-0.307071
38.298091,-0.162060
38.318048,0.190649
38.338117,0.060864
38.358151,0.189350
38.378072,-0.190676
38.398112,-0.626526
38.418076,-0.470380
38.438124,-0.495813
38.458116,-0.270173
38.478127,-0.056941
38.498074,-0.540450
38.518044,-0.271448
38.538279,-0.579602
38.558195,-0.185270
38.577949,-0.188844
38.598015,0.248512
38.617920,0.054133
38.637954,-0.056382
38.657929,-0.200111
38.677884,-0.086345
38.698092,-0.126945
38.717812,-0.122173
38.737816,-0.153841
38.757962,-0.508717
38.777817,-0.402457
38.797812,-0.184338
38.817863,-0.163128
38.837829,0.034394
38.857808,-0.407509
38.877917,-0.447614
38.897830,-0.167229
38.917873,-0.337715
38.937811,0.108339
38.957839,-0.177226
38.977782,-0.630903
38.997827,-0.210373
39.017704,-0.466008
39.037802,0.012315
39.058953,-0.238061
39.077731,-0.554164
39.097678,-0.371374
39.117699,-0.605187
39.138838,-0.247012
39.158679,-0.071588
39.178670,-0.391645
39.198637,-0.180678
39.218688,-0.473958
39.238702,-0.314368
39.258770,0.134531
39.278640,0.165355
39.298599,-0.188514
39.318775,-0.390067
39.338731,-0.240463
39.358624,-0.205557
39.378688,0.224617
39.398597,0.082417
39.418793,0.272211
39.438581,-0.070761
39.458529,-0.664791
39.478579,-0.628677
39.498552,-0.694013
39.518500,-0.359903
39.538661,0.153899
39.559013,0.046694
39.578585,-0.053669
39.598613,-0.191584
39.618581,-0.528337
39.638452,-0.226249
39.658530,-0.010070
39.678548,-0.031156
39.698434,0.124011
39.718448,-0.307299
39.738500,-0.867639
39.758509,-0.401643
39.778454,-0.486352
39.798462,-0.136283
39.818513,-0.140192
39.838542,-0.558402
39.858445,-0.191117
39.878511,-0.368399
39.898457,-0.215045
39.918350,0.012145
39.938424,-0.189922
39.958502,-0.344072
39.978421,-0.168367
39.998389,-0.270592
40.018396,0.225241
40.038399,0.076673
40.058307,-0.427001
40.078446,-0.456318
40.098249,-0.205585
40.118305,-0.095270
40.138334,0.130297
40.158314,-0.075705
40.178307,-0.393871
40.198376,-0.240444
40.218317,-0.207521
40.238363,0.094899
40.258335,0.151863
40.278309,-0.060420
40.298370,-0.471688
40.318275,-0.316020
40.338245,-0.132709
40.358174,-0.140376
40.378263,0.219643
40.398207,-0.148869
40.418249,-0.580366
40.438229,-0.503131
40.458211,-0.751840
40.478267,-0.265429
40.498102,0.071650
40.518382,-0.034270
40.538128,0.061605
40.558159,-0.384091
40.578173,-0.342052
40.598178,-0.270076
40.618152,0.120068
40.638060,0.099061
40.658135,0.237412
40.678192,-0.147547
40.698048,-0.652819
40.718101,-0.477954
40.738176,-0.635784
40.758194,-0.279502
40.778112,-0.152212
40.798017,-0.563604
40.818029,-0.153621
40.838187,-0.268932
40.858183,-0.162395
40.878123,0.217727
40.898004,-0.071338
40.918023,-0.323736
40.938112,-0.256397
40.958062,-0.280031
40.978028,-0.074486
40.998006,0.153712
41.018050,-0.118077
41.037949,-0.163190
41.058186,-0.377682
