0.235746,-96.478719
0.255813,-96.478719
0.275723,-96.478719
0.295661,-96.478719
0.315818,-96.478719
0.335642,-96.478719
0.355661,-96.478719
0.375633,-96.478719
0.396612,-96.478719
0.416683,-96.478719
0.436648,-96.478719
0.456648,-96.478719
0.476738,-96.478719
0.496676,-96.478719
0.516734,-96.478719
0.536606,-96.478720
0.556525,-96.478720
0.576626,-96.478720
0.596561,-96.478720
0.616564,-96.478720
0.636461,-96.478720
0.656478,-96.478720
0.676417,-96.478720
0.696637,-96.478720
0.716431,-96.478720
0.736466,-96.478720
0.756415,-96.478720
0.776351,-96.478720
0.796451,-96.478720
0.816472,-96.478720
0.836354,-96.478720
0.856432,-96.478720
0.876471,-96.478720
0.896374,-96.478720
0.916312,-96.478720
0.936368,-96.478720
0.956347,-96.478720
0.976366,-96.478720
0.996305,-96.478720
1.016211,-96.478720
1.036365,-96.478720
1.056275,-96.478720
1.076312,-96.478720
1.096213,-96.478720
1.116218,-96.478720
1.136254,-96.478720
1.156182,-96.478720
1.176151,-96.478720
1.196190,-96.478720
1.216266,-96.478720
1.236135,-96.478720
1.256192,-96.478720
1.276146,-96.478720
1.296179,-96.478720
1.316187,-96.478720
1.336073,-96.478720
1.356079,-96.478720
1.376204,-96.478720
1.396165,-96.478720
1.416079,-96.478720
1.436130,-96.478720
1.456092,-96.478720
1.476126,-96.478720
1.496035,-96.478720
1.516097,-96.478720
1.536057,-96.478720
1.555977,-96.478720
1.575984,-96.478720
1.595941,-96.478720
1.615976,-96.478720
1.636003,-96.478720
1.655988,-96.478720
1.675957,-96.478720
1.696027,-96.478720
1.715931,-96.478720
1.735942,-96.478720
1.756047,-96.478720
1.775951,-96.478720
1.795931,-96.478720
1.815915,-96.478720
1.835989,-96.478720
1.855981,-96.478720
1.875827,-96.478720
1.895946,-96.478720
1.915807,-96.478720
1.935788,-96.478720
1.955784,-96.478720
1.975807,-96.478720
1.996784,-96.478720
2.016109,-96.478720
2.036034,-96.478720
2.055765,-96.478720
2.075828,-96.478720
2.096740,-96.478720
2.115719,-96.478720
2.135648,-96.478720
2.155652,-96.478720
2.176617,-96.478720
2.196672,-96.478720
2.216661,-96.478720
2.236603,-96.478720
2.256668,-96.478720
2.276781,-96.478720
2.296643,-96.478720
2.316622,-96.478720
2.336593,-96.478720
2.356598,-96.478720
2.376513,-96.478720
2.396575,-96.478720
2.416551,-96.478720
2.436682,-96.478720
2.456631,-96.478720
2.476495,-96.478720
2.496560,-96.478720
2.516443,-96.478720
2.536429,-96.478721
2.556431,-96.478721
2.576446,-96.478721
2.596499,-96.478721
2.616486,-96.478721
2.636833,-96.478721
2.656632,-96.478721
2.676368,-96.478721
2.696383,-96.478721
2.716419,-96.478721
2.736388,-96.478721
2.756316,-96.478721
2.776381,-96.478721
2.796686,-96.478721
2.816730,-96.478721
2.836305,-96.478721
2.856275,-96.478721
2.876509,-96.478721
2.896297,-96.478721
2.916342,-96.478721
2.936245,-96.478721
2.956266,-96.478721
2.976302,-96.478721
2.996253,-96.478721
3.016356,-96.478721
3.036268,-96.478721
3.056287,-96.478721
3.076239,-96.478721
3.096392,-96.478721
3.116209,-96.478721
3.136122,-96.478721
3.156169,-96.478721
3.176138,-96.478721
3.196254,-96.478721
3.216166,-96.478721
3.236092,-96.478721
3.256196,-96.478721
3.276130,-96.478721
3.296227,-96.478721
3.316056,-96.478721
3.336248,-96.478721
3.356238,-96.478721
3.376103,-96.478721
3.396106,-96.478721
3.416099,-96.478721
3.435937,-96.478721
3.455993,-96.478721
3.476069,-96.478721
3.496071,-96.478721
3.515996,-96.478721
3.535927,-96.478721
3.555995,-96.478721
3.575924,-96.478721
3.595935,-96.478721
3.616029,-96.478721
3.635829,-96.478721
3.655907,-96.478721
3.675889,-96.478721
3.695889,-96.478721
3.716300,-96.478721
3.736356,-96.478721
3.755880,-96.478721
3.775819,-96.478721
3.795808,-96.478721
3.815825,-96.478721
3.836024,-96.478721
3.855802,-96.478721
3.875780,-96.478721
3.895817,-96.478721
3.915830,-96.478721
3.935842,-96.478721
3.955813,-96.478721
3.976726,-96.478721
3.996788,-96.478721
4.015725,-96.478721
4.035764,-96.478721
4.055724,-96.478721
4.076703,-96.478721
4.096715,-96.478721
4.116704,-96.478721
4.136639,-96.478721
4.156662,-96.478721
4.176654,-96.478721
4.196641,-96.478721
4.216700,-96.478721
4.236678,-96.478721
4.256671,-96.478721
4.276533,-96.478721
4.296603,-96.478721
4.316774,-96.478721
4.336577,-96.478721
4.356578,-96.478721
4.376593,-96.478721
4.396601,-96.478721
4.416605,-96.478721
4.436497,-96.478721
4.456476,-96.478721
4.476566,-96.478721
4.496440,-96.478721
4.516609,-96.478721
4.536427,-96.478721
4.556441,-96.478721
4.576528,-96.478721
4.596407,-96.478721
4.616398,-96.478721
4.636477,-96.478721
4.656374,-96.478721
4.676468,-96.478721
4.696337,-96.478721
4.716301,-96.478721
4.736369,-96.478720
4.756267,-96.478720
4.776280,-96.478720
4.796330,-96.478720
4.816283,-96.478720
4.836357,-96.478720
4.856211,-96.478720
4.876259,-96.478720
4.896240,-96.478720
4.916230,-96.478720
4.936265,-96.478720
4.956223,-96.478720
4.976150,-96.478720
4.996171,-96.478720
5.016181,-96.478720
5.036226,-96.478720
5.056126,-96.478720
5.076136,-96.478720
5.096535,-96.478720
5.116478,-96.478720
5.136157,-96.478720
5.156079,-96.478720
5.176051,-96.478720
5.196010,-96.478720
5.216067,-96.478720
5.236063,-96.478720
5.256074,-96.478720
5.276042,-96.478720
5.296029,-96.478720
5.316165,-96.478720
5.336021,-96.478720
5.355975,-96.478720
5.375937,-96.478720
5.396008,-96.478720
5.416034,-96.478720
5.435947,-96.478720
5.456045,-96.478720
5.475916,-96.478720
5.496088,-96.478720
5.515897,-96.478720
5.536029,-96.478720
5.555936,-96.478720
5.575916,-96.478720
5.595850,-96.478720
5.615942,-96.478720
5.635947,-96.478720
5.655929,-96.478720
5.675833,-96.478720
5.696025,-96.478720
5.715804,-96.478720
5.735794,-96.478720
5.755798,-96.478720
5.775819,-96.478720
5.796013,-96.478720
5.815941,-96.478720
5.835651,-96.478720
5.855748,-96.478720
5.876706,-96.478720
5.896708,-96.478720
5.915826,-96.478720
5.935665,-96.478720
5.956635,-96.478720
5.976649,-96.478720
5.996627,-96.478720
6.016737,-96.478720
6.036541,-96.478720
6.056603,-96.478720
6.076664,-96.478720
6.096565,-96.478720
6.116584,-96.478720
6.136513,-96.478720
6.156525,-96.478720
6.176512,-96.478720
6.196509,-96.478720
6.216601,-96.478720
6.236497,-96.478720
6.256454,-96.478720
6.276489,-96.478720
6.296466,-96.478720
6.316509,-96.478720
6.336356,-96.478720
6.356412,-96.478720
6.376431,-96.478720
6.396466,-96.478720
6.416426,-96.478720
6.436324,-96.478720
6.456368,-96.478720
6.476393,-96.478720
6.496384,-96.478720
6.516383,-96.478720
6.536610,-96.478720
6.556633,-96.478720
6.576383,-96.478720
6.596427,-96.478720
6.616356,-96.478720
6.636225,-96.478720
6.656362,-96.478720
6.676332,-96.478720
6.696321,-96.478720
6.716317,-96.478720
6.736241,-96.478720
6.756292,-96.478720
6.776263,-96.478720
6.796252,-96.478720
6.816273,-96.478720
6.836216,-96.478720
6.856426,-96.478720
6.876292,-96.478720
6.896189,-96.478720
6.916155,-96.478720
6.936075,-96.478720
6.956153,-96.478720
6.976208,-96.478720
6.996121,-96.478720
7.016119,-96.478720
7.036191,-96.478720
7.056111,-96.478720
7.076113,-96.478720
7.096125,-96.478720
7.116100,-96.478720
7.136135,-96.478720
7.156067,-96.478720
7.176188,-96.478720
7.196062,-96.478720
7.216066,-96.478720
7.236031,-96.478720
7.256007,-96.478720
7.276003,-96.478720
7.296038,-96.478720
7.315981,-96.478720
7.335998,-96.478720
7.356015,-96.478720
7.375968,-96.478720
7.396009,-96.478720
7.416010,-96.478720
7.435964,-96.478720
7.455942,-96.478720
7.475943,-96.478720
7.496001,-96.478720
7.515934,-96.478720
7.535918,-96.478719
7.555957,-96.478719
7.575895,-96.478719
7.595853,-96.478719
7.615867,-96.478719
7.635794,-96.478719
7.656812,-96.478719
7.675751,-96.478719
7.696750,-96.478719
7.715890,-96.478719
7.735704,-96.478719
7.756757,-96.478719
7.775852,-96.478719
7.796735,-96.478719
7.815789,-96.478719
7.835785,-96.478719
7.856739,-96.478719
7.876657,-96.478719
7.896748,-96.478719
7.916608,-96.478719
7.937151,-96.478719
7.956934,-96.478719
7.976725,-96.478719
7.996652,-96.478719
8.016599,-96.478719
8.036685,-96.478719
8.056611,-96.478719
8.076593,-96.478719
8.096587,-96.478719
8.116966,-96.478719
8.136662,-96.478719
8.156578,-96.478719
8.176584,-96.478719
8.196574,-96.478719
8.216568,-96.478719
8.236523,-96.478719
8.256427,-96.478719
8.276523,-96.478719
8.296506,-96.478719
8.316505,-96.478719
8.336407,-96.478719
8.356450,-96.478719
8.376415,-96.478719
8.396390,-96.478719
8.416533,-96.478719
8.436435,-96.478719
8.456436,-96.478719
8.476367,-96.478719
8.496406,-96.478719
8.516539,-96.478719
8.536347,-96.478719
8.556349,-96.478719
8.576441,-96.478719
8.596333,-96.478719
8.616373,-96.478719
8.636290,-96.478719
8.656248,-96.478719
8.676431,-96.478719
8.696253,-96.478719
8.716282,-96.478719
8.736214,-96.478719
8.756249,-96.478719
8.776438,-96.478719
8.796481,-96.478719
8.816221,-96.478719
8.836488,-96.478719
8.856472,-96.478719
8.876200,-96.478719
8.896202,-96.478719
8.916157,-96.478719
8.936133,-96.478719
8.956173,-96.478719
8.976117,-96.478719
8.996102,-96.478719
9.016126,-96.478719
9.036104,-96.478719
9.056088,-96.478719
9.076089,-96.478719
9.096027,-96.478719
9.115992,-96.478719
9.135975,-96.478719
9.156028,-96.478719
9.175986,-96.478719
9.195946,-96.478719
9.216072,-96.478719
9.236000,-96.478719
9.255899,-96.478719
9.275928,-96.478719
9.295930,-96.478719
9.315947,-96.478719
9.335969,-96.478719
9.355933,-96.478719
9.375965,-96.478719
9.396912,-96.478719
9.415956,-96.478719
9.435945,-96.478719
9.455920,-96.478719
9.475868,-96.478719
9.495873,-96.478719
9.515754,-96.478719
9.535847,-96.478718
9.555845,-96.478718
9.575825,-96.478718
9.595761,-96.478718
9.615803,-96.478718
9.635867,-96.478718
9.656740,-96.478718
9.676780,-96.478718
9.696748,-96.478718
9.716685,-96.478718
9.735715,-96.478718
9.756731,-96.478718
9.776994,-96.478718
9.797038,-96.478718
9.816674,-96.478718
9.836654,-96.478718
9.856610,-96.478718
9.876609,-96.478718
9.896706,-96.478718
9.916563,-96.478718
9.936579,-96.478718
9.956576,-96.478718
9.976572,-96.478718
9.996608,-96.478718
10.016562,-96.478718
10.036469,-96.478718
10.056543,-96.478718
10.076491,-96.478718
10.096541,-96.478718
10.116528,-96.478718
10.136437,-96.478718
10.156384,-96.478718
10.176582,-96.478718
10.196505,-96.478718
10.216467,-96.478718
10.236408,-96.478718
10.256424,-96.478718
10.276370,-96.478718
10.296362,-96.478718
10.316390,-96.478718
10.336377,-96.478718
10.356318,-96.478718
10.376369,-96.478718
10.396418,-96.478718
10.416399,-96.478718
10.436517,-96.478718
10.456380,-96.478718
10.476399,-96.478718
10.496342,-96.478718
10.516329,-96.478718
10.536693,-96.478718
10.556681,-96.478718
10.576284,-96.478718
10.596328,-96.478718
10.616279,-96.478718
10.636267,-96.478718
10.656304,-96.478718
10.676212,-96.478718
10.696191,-96.478718
10.716354,-96.478718
10.736162,-96.478718
10.756206,-96.478718
10.776151,-96.478718
10.796136,-96.478718
10.816285,-96.478718
10.836202,-96.478718
10.856174,-96.478718
10.876244,-96.478718
10.896186,-96.478718
10.916110,-96.478718
10.936119,-96.478718
10.956084,-96.478718
10.976124,-96.478718
10.996086,-96.478718
11.016128,-96.478718
11.036161,-96.478718
11.056003,-96.478718
11.076111,-96.478718
11.096026,-96.478718
11.116066,-96.478718
11.136032,-96.478718
11.156005,-96.478718
11.175984,-96.478718
11.196007,-96.478718
11.216000,-96.478718
11.235998,-96.478718
11.256063,-96.478718
11.275912,-96.478718
11.296023,-96.478718
11.315991,-96.478718
11.335930,-96.478718
11.355904,-96.478718
11.375870,-96.478718
11.395994,-96.478718
11.415843,-96.478718
11.435898,-96.478718
11.455868,-96.478718
11.475908,-96.478718
11.495962,-96.478718
11.515947,-96.478718
11.535988,-96.478718
11.555849,-96.478718
11.575834,-96.478718
11.595917,-96.478718
11.615941,-96.478718
11.635841,-96.478718
11.655773,-96.478718
11.675741,-96.478718
11.695757,-96.478718
11.715820,-96.478718
11.735853,-96.478718
11.756796,-96.478718
11.776860,-96.478718
11.796748,-96.478718
11.816749,-96.478718
11.836741,-96.478718
11.856697,-96.478718
11.876806,-96.478718
11.896714,-96.478718
11.916716,-96.478718
11.936646,-96.478718
11.956648,-96.478718
11.976622,-96.478718
11.996676,-96.478718
12.016653,-96.478718
12.036674,-96.478718
12.056603,-96.478718
12.076635,-96.478718
12.096558,-96.478718
12.116550,-96.478718
12.136622,-96.478718
12.156451,-96.478718
12.176546,-96.478718
12.196604,-96.478718
12.216515,-96.478718
12.236463,-96.478718
12.256449,-96.478718
12.276386,-96.478718
12.296485,-96.478718
12.316417,-96.478718
12.336478,-96.478718
12.356476,-96.478718
12.376348,-96.478718
12.396459,-96.478718
12.416512,-96.478718
12.436369,-96.478718
12.456389,-96.478718
12.476409,-96.478718
12.496267,-96.478718
12.516296,-96.478718
12.536332,-96.478719
12.556310,-96.478719
12.576289,-96.478719
12.596275,-96.478719
12.616296,-96.478719
12.636339,-96.478719
12.656225,-96.478719
12.676134,-96.478719
12.696290,-96.478719
12.716191,-96.478719
12.736304,-96.478719
12.756129,-96.478719
12.776281,-96.478719
12.796231,-96.478719
12.816205,-96.478719
12.836177,-96.478719
12.856108,-96.478719
12.876126,-96.478719
12.896086,-96.478719
12.916101,-96.478719
12.936220,-96.478719
12.956097,-96.478719
12.976155,-96.478719
12.996041,-96.478719
13.016072,-96.478719
13.036056,-96.478719
13.056034,-96.478719
13.076390,-96.478719
13.096178,-96.478719
13.115940,-96.478719
13.135915,-96.478719
13.156020,-96.478719
13.175883,-96.478719
13.196244,-96.478719
13.216240,-96.478719
13.235913,-96.478719
13.255924,-96.478719
13.275878,-96.478719
13.296918,-96.478719
13.315861,-96.478719
13.335892,-96.478719
13.355953,-96.478719
13.375852,-96.478719
13.396842,-96.478719
13.415859,-96.478719
13.435916,-96.478719
13.456799,-96.478719
13.475722,-96.478719
13.496765,-96.478719
13.515831,-96.478719
13.536806,-96.478719
13.556761,-96.478719
13.576797,-96.478719
13.596713,-96.478719
13.616687,-96.478719
13.636754,-96.478719
13.656740,-96.478719
13.676609,-96.478719
13.696769,-96.478719
13.716677,-96.478719
13.736645,-96.478719
13.756607,-96.478719
13.776665,-96.478719
13.796621,-96.478719
13.816594,-96.478719
13.836615,-96.478719
13.856577,-96.478719
13.876593,-96.478719
13.896669,-96.478719
13.916496,-96.478719
13.936586,-96.478719
13.956570,-96.478719
13.976616,-96.478719
13.996526,-96.478719
14.016669,-96.478719
14.036479,-96.478719
14.056456,-96.478719
14.076467,-96.478719
14.096451,-96.478719
14.116549,-96.478719
14.136487,-96.478719
14.156510,-96.478719
14.176365,-96.478719
14.196428,-96.478719
14.216388,-96.478719
14.236470,-96.478719
14.256418,-96.478719
14.276405,-96.478719
14.296416,-96.478719
14.316324,-96.478719
14.336430,-96.478719
14.356322,-96.478719
14.376249,-96.478719
14.396504,-96.478719
14.416361,-96.478719
14.436363,-96.478719
14.456295,-96.478719
14.476381,-96.478719
14.496313,-96.478719
14.516214,-96.478719
14.536420,-96.478720
14.556398,-96.478720
14.576292,-96.478720
14.596375,-96.478720
14.616288,-96.478720
14.636301,-96.478720
14.656305,-96.478720
14.676265,-96.478720
14.696299,-96.478720
14.716122,-96.478720
14.736160,-96.478720
14.756271,-96.478720
14.776188,-96.478720
14.796175,-96.478720
14.816291,-96.478720
14.836116,-96.478720
14.856179,-96.478720
14.876176,-96.478720
14.896064,-96.478720
14.916132,-96.478720
14.936156,-96.478720
14.956134,-96.478720
14.976080,-96.478720
14.996062,-96.478720
15.016103,-96.478720
15.036152,-96.478720
15.056057,-96.478720
15.076086,-96.478720
15.096095,-96.478720
15.115994,-96.478720
15.136079,-96.478720
15.156063,-96.478720
15.176133,-96.478720
15.195971,-96.478720
15.215988,-96.478720
15.236000,-96.478720
15.255997,-96.478720
15.275939,-96.478720
15.295986,-96.478720
15.315970,-96.478720
15.335939,-96.478720
15.356934,-96.478720
15.375860,-96.478720
15.397040,-96.478720
15.415884,-96.478720
15.435772,-96.478720
15.455862,-96.478720
15.476777,-96.478720
15.496765,-96.478720
15.515815,-96.478720
15.535781,-96.478720
15.556795,-96.478720
15.576803,-96.478720
15.596805,-96.478720
15.616746,-96.478720
15.636683,-96.478720
15.656719,-96.478720
15.676726,-96.478720
15.696688,-96.478720
15.716691,-96.478720
15.736633,-96.478720
15.756701,-96.478720
15.776659,-96.478720
15.796631,-96.478720
15.816587,-96.478720
15.836771,-96.478720
15.856616,-96.478720
15.876602,-96.478720
15.896849,-96.478720
15.916585,-96.478720
15.936617,-96.478721
15.956565,-96.478721
15.976649,-96.478721
15.996564,-96.478721
16.016625,-96.478721
16.036700,-96.478721
16.056539,-96.478721
16.076523,-96.478721
16.096608,-96.478721
16.116501,-96.478721
16.136478,-96.478721
16.156549,-96.478721
16.176497,-96.478721
16.196796,-96.478721
16.216455,-96.478721
16.236477,-96.478721
16.256372,-96.478721
16.276506,-96.478721
16.296444,-96.478721
16.316321,-96.478721
16.336370,-96.478721
16.356388,-96.478721
16.376276,-96.478721
16.396311,-96.478721
16.416442,-96.478721
16.436338,-96.478721
16.456274,-96.478721
16.476278,-96.478721
16.496309,-96.478721
16.516262,-96.478721
16.536205,-96.478721
16.556252,-96.478721
16.576290,-96.478721
16.596142,-96.478721
16.616284,-96.478721
16.636280,-96.478721
16.656171,-96.478721
16.676184,-96.478721
16.696219,-96.478721
16.716198,-96.478721
16.736197,-96.478721
16.756549,-96.478721
16.776124,-96.478721
16.796115,-96.478721
16.816088,-96.478721
16.836301,-96.478721
16.856092,-96.478721
16.876103,-96.478721
16.896212,-96.478721
16.916099,-96.478721
16.936152,-96.478721
16.956110,-96.478721
16.976159,-96.478721
16.996162,-96.478721
17.016043,-96.478721
17.036066,-96.478721
17.056074,-96.478721
17.076012,-96.478721
17.096008,-96.478721
17.116037,-96.478721
17.136045,-96.478721
17.156031,-96.478721
17.176025,-96.478721
17.196007,-96.478721
17.216033,-96.478721
17.236013,-96.478721
17.255872,-96.478721
17.275932,-96.478721
17.296932,-96.478721
17.316019,-96.478721
17.335900,-96.478721
17.355986,-96.478721
17.376009,-96.478721
17.396957,-96.478721
17.415930,-96.478721
17.435998,-96.478721
17.455762,-96.478721
17.476875,-96.478721
17.496892,-96.478721
17.516842,-96.478721
17.536715,-96.478721
17.556785,-96.478721
17.576754,-96.478721
17.596728,-96.478721
17.616807,-96.478721
17.636739,-96.478721
17.656707,-96.478721
17.676709,-96.478721
17.696746,-96.478721
17.716721,-96.478721
17.736655,-96.478721
17.756623,-96.478721
17.776590,-96.478721
17.796803,-96.478721
17.816581,-96.478721
17.836634,-96.478721
17.856699,-96.478721
17.876606,-96.478721
17.896639,-96.478721
17.916581,-96.478721
17.936633,-96.478721
17.956586,-96.478721
17.976565,-96.478721
17.996567,-96.478721
18.016679,-96.478721
18.036462,-96.478721
18.056520,-96.478721
18.076487,-96.478721
18.096502,-96.478721
18.116504,-96.478721
18.136393,-96.478721
18.156402,-96.478721
18.176705,-96.478721
18.196453,-96.478721
18.216424,-96.478721
18.236326,-96.478721
18.256449,-96.478721
18.276367,-96.478721
18.296314,-96.478721
18.316393,-96.478721
18.336375,-96.478721
18.356360,-96.478721
18.376424,-96.478721
18.396323,-96.478721
18.416344,-96.478721
18.436224,-96.478721
18.456214,-96.478721
18.476365,-96.478721
18.496568,-96.478721
18.516638,-96.478721
18.536346,-96.478721
18.556304,-96.478721
18.576265,-96.478721
18.596234,-96.478721
18.616224,-96.478721
18.636153,-96.478721
18.656153,-96.478721
18.676220,-96.478721
18.696219,-96.478721
18.716196,-96.478721
18.736115,-96.478720
18.756183,-96.478720
18.776208,-96.478720
18.796131,-96.478720
18.816123,-96.478720
18.836082,-96.478720
18.856408,-96.478720
18.876448,-96.478720
18.896088,-96.478720
18.916020,-96.478720
18.935971,-96.478720
18.956042,-96.478720
18.976189,-96.478720
18.995985,-96.478720
19.016086,-96.478720
19.035995,-96.478720
19.055886,-96.478720
19.075928,-96.478720
19.095929,-96.478720
19.115962,-96.478720
19.136983,-96.478720
19.156915,-96.478720
19.175988,-96.478720
19.196973,-96.478720
19.215888,-96.478720
19.235987,-96.478720
19.256850,-96.478720
19.275892,-96.478720
19.296914,-96.478720
19.315841,-96.478720
19.335913,-96.478720
19.356838,-96.478720
19.376839,-96.478720
19.396811,-96.478720
19.416812,-96.478720
19.436681,-96.478720
19.456755,-96.478720
19.476741,-96.478720
19.496799,-96.478720
19.516861,-96.478720
19.536693,-96.478720
19.556672,-96.478720
19.576708,-96.478720
19.597049,-96.478720
19.617000,-96.478720
19.636712,-96.478720
19.656616,-96.478720
19.676760,-96.478720
19.696630,-96.478720
19.716765,-96.478720
19.736565,-96.478719
19.756503,-96.478719
19.776580,-96.478719
19.796597,-96.478719
19.816590,-96.478719
19.836500,-96.478719
19.856509,-96.478719
19.876649,-96.478719
19.896516,-96.478719
19.916469,-96.478719
19.936476,-96.478719
19.956533,-96.478719
19.976392,-96.478719
19.996453,-96.478719
20.016449,-96.478719
20.036541,-96.478719
20.056431,-96.478719
20.076394,-96.478719
20.096456,-96.478719
20.116413,-96.478719
20.136419,-96.478719
20.156402,-96.478719
20.176576,-96.478719
20.196476,-96.478719
20.216332,-96.478719
20.236364,-96.478719
20.256309,-96.478719
20.276326,-96.478719
20.296388,-96.478719
20.316485,-96.478719
20.336300,-96.478719
20.356304,-96.478719
20.376356,-96.478719
20.396217,-96.478719
20.416263,-96.478719
20.436211,-96.478719
20.456205,-96.478719
20.476334,-96.478719
20.496219,-96.478719
20.516236,-96.478719
20.536236,-96.478719
20.556131,-96.478719
20.576266,-96.478719
20.596128,-96.478719
20.616143,-96.478719
20.636054,-96.478719
20.656142,-96.478719
20.676153,-96.478719
20.696178,-96.478719
20.716117,-96.478719
20.736096,-96.478719
20.756137,-96.478719
20.776193,-96.478719
20.796071,-96.478719
20.816099,-96.478719
20.835976,-96.478719
20.856053,-96.478719
20.876045,-96.478719
20.896111,-96.478719
20.915952,-96.478719
20.935940,-96.478719
20.955966,-96.478719
20.975995,-96.478719
20.995974,-96.478719
21.015962,-96.478719
21.035958,-96.478719
21.056899,-96.478719
21.075969,-96.478719
21.096836,-96.478719
21.115985,-96.478719
21.136930,-96.478719
21.155955,-96.478719
21.176871,-96.478719
21.196836,-96.478719
21.215943,-96.478719
21.235955,-96.478719
21.256774,-96.478719
21.276929,-96.478719
21.296741,-96.478719
21.316818,-96.478719
21.336835,-96.478719
21.356733,-96.478719
21.376752,-96.478719
21.396817,-96.478719
21.416789,-96.478719
21.436722,-96.478719
21.456723,-96.478719
21.476671,-96.478719
21.496766,-96.478719
21.516698,-96.478719
21.536711,-96.478719
21.556616,-96.478719
21.576727,-96.478719
21.596644,-96.478719
21.616616,-96.478719
21.636572,-96.478719
21.656627,-96.478719
21.676635,-96.478719
21.696604,-96.478719
21.716583,-96.478719
21.736643,-96.478719
21.756602,-96.478719
21.776555,-96.478719
21.796685,-96.478719
21.816570,-96.478719
21.836528,-96.478719
21.856590,-96.478719
21.876556,-96.478719
21.896523,-96.478719
21.916536,-96.478719
21.936464,-96.478719
21.956499,-96.478719
21.976493,-96.478719
21.996466,-96.478719
22.016541,-96.478719
22.036444,-96.478719
22.056705,-96.478719
22.076581,-96.478719
22.096409,-96.478719
22.116440,-96.478719
22.136349,-96.478719
22.156344,-96.478719
22.176303,-96.478719
22.196231,-96.478719
22.216322,-96.478719
22.236288,-96.478719
22.256286,-96.478719
22.276264,-96.478719
22.296276,-96.478719
22.316321,-96.478719
22.336262,-96.478719
22.356308,-96.478719
22.376280,-96.478719
22.396238,-96.478719
22.416156,-96.478719
22.436191,-96.478719
22.456235,-96.478719
22.476247,-96.478719
22.496189,-96.478719
22.516133,-96.478719
22.536152,-96.478719
22.556074,-96.478719
22.576149,-96.478719
22.596147,-96.478719
22.616061,-96.478719
22.636079,-96.478719
22.656169,-96.478719
22.676382,-96.478719
22.696148,-96.478719
22.716226,-96.478719
22.736053,-96.478719
22.756066,-96.478719
22.776035,-96.478719
22.796022,-96.478719
22.816181,-96.478719
22.836074,-96.478719
22.856366,-96.478719
22.876308,-96.478719
22.896043,-96.478719
22.915944,-96.478719
22.936002,-96.478719
22.955915,-96.478719
22.975972,-96.478719
22.995952,-96.478719
23.016010,-96.478719
23.035905,-96.478719
23.056873,-96.478719
23.077100,-96.478719
23.096951,-96.478719
23.116935,-96.478719
23.136965,-96.478718
23.156825,-96.478718
23.176844,-96.478718
23.196796,-96.478718
23.216819,-96.478718
23.236984,-96.478718
23.256850,-96.478718
23.276793,-96.478718
23.296805,-96.478718
23.316807,-96.478718
23.336849,-96.478718
23.356753,-96.478718
23.376776,-96.478718
23.396803,-96.478718
23.416699,-96.478718
23.436733,-96.478718
23.456734,-96.478718
23.476684,-96.478718
23.496706,-96.478718
23.516694,-96.478718
23.536588,-96.478718
23.556638,-96.478718
23.576633,-96.478718
23.596620,-96.478718
23.616619,-96.478718
23.636581,-96.478718
23.656511,-96.478718
23.676614,-96.478718
23.696539,-96.478718
23.716545,-96.478718
23.736506,-96.478718
23.756452,-96.478718
23.776538,-96.478718
23.796512,-96.478718
23.816517,-96.478718
23.836514,-96.478718
23.856431,-96.478718
23.876451,-96.478718
23.896508,-96.478718
23.916446,-96.478718
23.936439,-96.478718
23.956463,-96.478718
23.976406,-96.478718
23.996388,-96.478718
24.016334,-96.478718
24.036326,-96.478718
24.056408,-96.478718
24.076378,-96.478718
24.096358,-96.478718
24.116355,-96.478718
24.136342,-96.478718
24.156282,-96.478718
24.176231,-96.478718
24.196315,-96.478718
24.216250,-96.478718
24.236282,-96.478718
24.256249,-96.478718
24.276218,-96.478718
24.296266,-96.478718
24.316257,-96.478718
24.336264,-96.478718
24.356154,-96.478718
24.376175,-96.478718
24.396174,-96.478718
24.416195,-96.478718
24.436239,-96.478718
24.456181,-96.478718
24.476219,-96.478718
24.496129,-96.478718
24.516120,-96.478718
24.536209,-96.478718
24.556117,-96.478718
24.576048,-96.478718
24.596068,-96.478718
24.616072,-96.478718
24.636179,-96.478718
24.656002,-96.478718
24.676148,-96.478718
24.695995,-96.478718
24.715997,-96.478718
24.736083,-96.478718
24.755984,-96.478718
24.775947,-96.478718
24.795888,-96.478718
24.816005,-96.478718
24.835912,-96.478718
24.855928,-96.478718
24.875926,-96.478718
24.897020,-96.478718
24.916888,-96.478718
24.935923,-96.478718
24.957028,-96.478718
24.976968,-96.478718
24.997228,-96.478718
25.017256,-96.478718
25.036970,-96.478718
25.056800,-96.478718
25.076821,-96.478718
25.096900,-96.478718
25.116809,-96.478718
25.136765,-96.478718
25.156750,-96.478718
25.176757,-96.478718
25.196716,-96.478718
25.216680,-96.478718
25.236712,-96.478718
25.256702,-96.478718
25.276732,-96.478718
25.296654,-96.478718
25.316622,-96.478718
25.336599,-96.478718
25.356631,-96.478718
25.376629,-96.478718
25.396640,-96.478718
25.416634,-96.478718
25.436604,-96.478718
25.456605,-96.478718
25.476665,-96.478718
25.496576,-96.478718
25.516542,-96.478718
25.536651,-96.478718
25.556594,-96.478718
25.576617,-96.478718
25.596542,-96.478718
25.616691,-96.478718
25.636503,-96.478718
25.656464,-96.478718
25.676510,-96.478718
25.696431,-96.478718
25.716451,-96.478718
25.736467,-96.478718
25.756400,-96.478718
25.776374,-96.478718
25.796459,-96.478718
25.816471,-96.478718
25.836339,-96.478718
25.856350,-96.478718
25.876326,-96.478718
25.896283,-96.478718
25.916351,-96.478718
25.936287,-96.478718
25.956319,-96.478718
25.976311,-96.478718
25.996222,-96.478718
26.016209,-96.478718
26.036273,-96.478718
26.056227,-96.478718
26.076331,-96.478718
26.096182,-96.478718
26.116286,-96.478718
