0.268924,30.633553
0.288981,30.633553
0.308921,30.633553
0.328943,30.633553
0.348935,30.633553
0.368989,30.633553
0.388907,30.633553
0.409002,30.633553
0.428908,30.633553
0.448918,30.633553
0.468944,30.633553
0.488906,30.633553
0.508900,30.633553
0.528949,30.633553
0.548867,30.633553
0.569055,30.633553
0.588818,30.633553
0.608887,30.633553
0.628863,30.633553
0.648849,30.633553
0.668822,30.633553
0.688720,30.633553
0.708793,30.633553
0.728841,30.633553
0.748715,30.633553
0.768685,30.633553
0.788725,30.633553
0.808768,30.633553
0.828747,30.633553
0.848701,30.633553
0.868717,30.633553
0.888769,30.633553
0.908679,30.633553
0.928657,30.633553
0.948613,30.633553
0.968624,30.633553
0.988626,30.633553
1.008590,30.633553
1.028750,30.633553
1.048751,30.633553
1.068571,30.633553
1.088601,30.633553
1.108504,30.633553
1.128515,30.633553
1.148532,30.633553
1.168445,30.633553
1.188509,30.633553
1.208488,30.633553
1.228551,30.633553
1.248444,30.633553
1.268405,30.633553
1.288433,30.633553
1.308428,30.633553
1.328380,30.633553
1.348395,30.633553
1.368420,30.633553
1.388417,30.633553
1.408387,30.633553
1.428403,30.633553
1.448342,30.633553
1.468344,30.633553
1.488373,30.633553
1.508309,30.633552
1.528289,30.633552
1.548332,30.633552
1.568324,30.633552
1.588288,30.633552
1.608258,30.633552
1.628235,30.633552
1.648199,30.633552
1.668239,30.633552
1.688228,30.633551
1.708163,30.633551
1.728179,30.633551
1.748180,30.633551
1.768135,30.633551
1.788228,30.633551
1.808127,30.633551
1.828141,30.633551
1.848177,30.633551
1.868163,30.633551
1.888250,30.633550
1.908057,30.633550
1.928070,30.633550
1.948085,30.633550
1.968071,30.633550
1.988108,30.633550
2.008083,30.633550
2.029055,30.633550
2.049014,30.633550
2.069005,30.633550
2.089069,30.633550
2.109074,30.633548
2.129076,30.633548
2.148961,30.633548
2.168946,30.633548
2.188950,30.633548
2.209016,30.633548
2.228962,30.633548
2.248902,30.633548
2.268903,30.633548
2.288861,30.633546
2.308921,30.633546
2.328869,30.633546
2.348872,30.633546
2.368819,30.633546
2.388814,30.633546
2.408809,30.633546
2.428770,30.633546
2.448817,30.633546
2.468799,30.633546
2.488817,30.633544
2.508800,30.633544
2.528752,30.633544
2.548747,30.633544
2.568727,30.633544
2.588785,30.633544
2.608689,30.633544
2.628696,30.633544
2.648767,30.633544
2.668713,30.633544
2.688736,30.633541
2.708706,30.633541
2.728714,30.633541
2.748689,30.633541
2.768671,30.633541
2.788633,30.633541
2.808626,30.633541
2.828654,30.633541
2.848670,30.633541
2.868550,30.633541
2.888566,30.633537
2.908627,30.633537
2.928537,30.633537
2.948539,30.633537
2.968570,30.633537
2.988548,30.633537
3.008553,30.633537
3.028616,30.633537
3.048529,30.633537
3.068520,30.633537
3.088526,30.633537
3.108481,30.633534
3.128436,30.633534
3.148373,30.633534
3.168471,30.633534
3.188484,30.633534
3.208332,30.633534
3.228347,30.633534
3.248397,30.633534
3.268385,30.633534
3.288416,30.633530
3.308334,30.633530
3.328408,30.633530
3.348281,30.633530
3.368283,30.633530
3.388367,30.633530
3.408291,30.633530
3.428351,30.633530
3.448257,30.633530
3.468217,30.633530
3.488279,30.633530
3.508182,30.633526
3.528228,30.633526
3.548199,30.633526
3.568275,30.633526
3.588232,30.633526
3.608235,30.633526
3.628121,30.633526
3.649188,30.633526
3.668132,30.633526
3.688118,30.633521
3.708160,30.633521
3.728158,30.633521
3.749159,30.633521
3.768097,30.633521
3.788094,30.633521
3.808022,30.633521
3.829086,30.633521
3.849163,30.633521
3.869077,30.633521
3.889127,30.633516
3.909091,30.633516
3.929062,30.633516
3.949003,30.633516
3.968997,30.633516
3.988976,30.633516
4.009029,30.633516
4.029033,30.633516
4.048979,30.633516
4.068941,30.633516
4.088896,30.633516
4.108943,30.633516
4.128913,30.633511
4.148952,30.633511
4.168886,30.633511
4.188917,30.633511
4.208840,30.633511
4.228841,30.633511
4.248901,30.633511
4.268795,30.633511
4.288905,30.633511
4.308804,30.633506
4.328828,30.633506
4.348837,30.633506
4.368767,30.633506
4.388764,30.633506
4.408844,30.633506
4.428756,30.633506
4.448718,30.633506
4.468709,30.633506
4.488732,30.633506
4.508683,30.633500
4.528679,30.633500
4.548723,30.633500
4.568775,30.633500
4.588763,30.633500
4.608691,30.633500
4.628686,30.633500
4.648722,30.633500
4.668721,30.633500
4.688687,30.633494
4.708570,30.633494
4.728570,30.633494
4.748550,30.633494
4.768532,30.633494
4.788554,30.633494
4.808543,30.633494
4.828526,30.633494
4.848571,30.633494
4.868515,30.633494
4.888581,30.633488
4.908788,30.633488
4.928421,30.633488
4.948503,30.633488
4.968390,30.633488
4.988421,30.633488
5.008355,30.633488
5.028405,30.633488
5.048423,30.633488
5.068333,30.633488
5.088350,30.633488
5.108361,30.633481
5.128393,30.633481
5.148386,30.633481
5.168337,30.633481
5.188403,30.633481
5.208341,30.633481
5.228270,30.633481
5.248259,30.633481
5.268250,30.633481
5.288300,30.633474
5.308193,30.633474
5.328228,30.633474
5.348253,30.633474
5.368179,30.633474
5.388187,30.633474
5.408129,30.633474
5.428168,30.633474
5.449203,30.633474
5.468189,30.633474
5.488136,30.633467
5.508158,30.633467
5.528146,30.633467
5.549127,30.633467
5.568174,30.633467
5.588097,30.633467
5.608024,30.633467
5.629070,30.633467
5.649069,30.633467
5.669028,30.633467
5.689018,30.633460
5.708988,30.633460
5.729005,30.633460
5.749028,30.633460
5.768996,30.633460
5.789104,30.633460
5.809055,30.633460
5.828983,30.633460
5.849014,30.633460
5.869041,30.633460
5.889022,30.633453
5.908970,30.633453
5.928950,30.633453
5.949036,30.633453
5.968942,30.633453
5.988950,30.633453
6.008954,30.633453
6.028935,30.633453
6.048833,30.633453
6.068812,30.633453
6.088873,30.633453
6.108898,30.633453
6.128826,30.633445
6.148937,30.633445
6.168808,30.633445
6.188778,30.633445
6.208792,30.633445
6.228790,30.633445
6.248758,30.633445
6.268866,30.633445
6.288770,30.633437
6.308749,30.633437
6.328733,30.633437
6.348751,30.633437
6.368708,30.633437
6.388661,30.633437
6.408693,30.633437
6.428662,30.633437
6.448749,30.633437
6.468680,30.633437
6.488722,30.633428
6.508744,30.633428
6.528718,30.633428
6.548734,30.633428
6.568612,30.633428
6.588562,30.633428
6.608607,30.633428
6.628556,30.633428
6.648571,30.633428
6.668547,30.633428
6.688564,30.633428
6.708499,30.633419
6.728580,30.633419
6.748494,30.633419
6.768525,30.633419
6.788460,30.633419
6.808439,30.633419
6.828480,30.633419
6.848462,30.633419
6.868599,30.633419
6.888433,30.633419
6.908509,30.633410
6.928434,30.633410
6.948404,30.633410
6.968388,30.633410
6.988355,30.633410
7.008485,30.633410
7.028464,30.633410
7.048344,30.633410
7.068376,30.633410
7.088377,30.633410
7.108397,30.633400
7.128331,30.633400
7.148313,30.633400
7.168347,30.633400
7.188426,30.633400
7.208304,30.633400
7.228328,30.633400
7.248198,30.633400
7.268247,30.633400
7.288244,30.633400
7.308193,30.633390
7.328119,30.633390
7.349184,30.633390
7.368161,30.633390
7.388127,30.633390
7.408150,30.633390
7.429124,30.633390
7.449125,30.633390
7.469118,30.633390
7.488026,30.633380
7.509093,30.633380
7.529130,30.633380
7.549106,30.633380
7.569063,30.633380
7.589024,30.633380
7.609285,30.633380
7.629009,30.633380
7.649093,30.633380
7.668961,30.633380
7.688931,30.633370
7.708932,30.633370
7.728930,30.633370
7.748881,30.633370
7.768960,30.633370
7.788919,30.633370
7.808850,30.633370
7.828882,30.633370
7.848865,30.633370
7.868861,30.633370
7.888892,30.633359
7.908870,30.633359
7.928854,30.633359
7.948923,30.633359
7.968872,30.633359
7.988892,30.633359
8.008838,30.633359
8.028791,30.633359
8.048797,30.633359
8.068825,30.633359
8.088764,30.633359
8.108775,30.633348
8.128765,30.633348
8.148685,30.633348
8.168780,30.633348
8.188785,30.633348
8.208755,30.633348
8.228732,30.633348
8.248670,30.633348
8.268728,30.633348
8.288732,30.633337
8.308657,30.633337
8.328687,30.633337
8.348733,30.633337
8.368609,30.633337
8.388665,30.633337
8.408569,30.633337
8.428580,30.633337
8.448587,30.633337
8.468595,30.633337
8.488544,30.633326
8.508533,30.633326
8.528523,30.633326
8.548487,30.633326
8.568563,30.633326
8.588476,30.633326
8.608507,30.633326
8.628483,30.633326
8.648475,30.633326
8.668411,30.633326
8.688447,30.633314
8.708399,30.633314
8.728425,30.633314
8.748429,30.633314
8.768448,30.633314
8.788366,30.633314
8.808435,30.633314
8.828373,30.633314
8.848424,30.633314
8.868395,30.633314
8.888328,30.633302
8.908397,30.633302
8.928290,30.633302
8.948337,30.633302
8.968309,30.633302
8.988245,30.633302
9.008296,30.633302
9.028627,30.633302
9.048453,30.633302
9.068218,30.633302
9.088254,30.633302
9.108239,30.633290
9.128182,30.633290
9.149260,30.633290
9.168239,30.633290
9.188163,30.633290
9.208148,30.633290
9.228149,30.633290
9.249128,30.633290
9.268247,30.633290
9.288133,30.633290
9.309206,30.633277
9.329098,30.633277
9.349126,30.633277
9.369166,30.633277
9.389114,30.633277
9.409133,30.633277
9.429092,30.633277
9.449139,30.633277
9.469214,30.633277
9.489019,30.633265
9.509023,30.633265
9.529103,30.633265
9.549047,30.633265
9.569032,30.633265
9.588989,30.633265
9.609014,30.633265
9.628978,30.633265
9.648988,30.633265
9.668977,30.633265
9.688935,30.633265
9.708937,30.633252
9.728898,30.633252
9.748845,30.633252
9.768947,30.633252
9.788873,30.633252
9.808918,30.633252
9.828822,30.633252
9.848879,30.633252
9.868794,30.633252
9.888826,30.633252
9.908767,30.633239
9.928769,30.633239
9.948748,30.633239
9.968776,30.633239
9.988721,30.633239
10.008709,30.633239
10.028750,30.633239
10.048708,30.633239
10.068792,30.633239
10.088726,30.633239
10.108757,30.633226
10.128764,30.633226
10.148716,30.633226
10.168747,30.633226
10.188706,30.633226
10.208705,30.633226
10.228654,30.633226
10.248636,30.633226
10.268590,30.633226
10.288585,30.633212
10.308600,30.633212
10.328584,30.633212
10.348512,30.633212
10.368490,30.633212
10.388521,30.633212
10.408543,30.633212
10.428579,30.633212
10.448529,30.633212
10.468525,30.633212
10.488483,30.633199
10.508506,30.633199
10.528456,30.633199
10.548478,30.633199
10.568417,30.633199
10.588440,30.633199
10.608393,30.633199
10.628379,30.633199
10.648367,30.633199
10.668368,30.633199
10.688423,30.633185
10.708419,30.633185
10.728345,30.633185
10.748391,30.633185
10.768299,30.633185
10.788300,30.633185
10.808315,30.633185
10.828355,30.633185
10.848323,30.633185
10.868234,30.633185
10.888238,30.633171
10.908260,30.633171
10.928566,30.633171
10.948225,30.633171
10.968278,30.633171
10.988184,30.633171
11.008357,30.633171
11.028223,30.633171
11.049232,30.633171
11.068226,30.633171
11.088159,30.633171
11.109234,30.633156
11.129175,30.633156
11.149188,30.633156
11.168184,30.633156
11.189142,30.633156
11.209082,30.633156
11.229098,30.633156
11.249120,30.633156
11.269079,30.633156
11.289054,30.633142
11.309064,30.633142
11.328988,30.633142
11.349032,30.633142
11.369034,30.633142
11.388992,30.633142
11.409015,30.633142
11.429018,30.633142
11.449004,30.633142
11.468917,30.633142
11.489066,30.633127
11.508849,30.633127
11.528955,30.633127
11.548899,30.633127
11.568865,30.633127
11.588843,30.633127
11.608846,30.633127
11.628906,30.633127
11.648832,30.633127
11.668771,30.633127
11.688794,30.633127
11.708973,30.633112
11.728775,30.633112
11.748804,30.633112
11.768752,30.633112
11.788774,30.633112
11.808773,30.633112
11.828732,30.633112
11.848740,30.633112
11.868814,30.633112
11.888783,30.633112
11.908784,30.633097
11.928705,30.633097
11.948747,30.633097
11.968675,30.633097
11.988752,30.633097
12.008683,30.633097
12.028761,30.633097
12.048625,30.633097
12.068610,30.633097
12.088592,30.633097
12.108659,30.633097
12.128547,30.633097
12.148599,30.633082
12.168537,30.633082
12.188565,30.633082
12.208586,30.633082
12.228562,30.633082
12.248536,30.633082
12.268612,30.633082
12.288589,30.633082
12.308455,30.633067
12.328552,30.633067
12.348521,30.633067
12.368521,30.633067
12.388486,30.633067
12.408530,30.633067
12.428639,30.633067
12.448451,30.633067
12.468395,30.633067
12.488388,30.633067
12.508375,30.633052
12.528399,30.633052
12.548414,30.633052
12.568416,30.633052
12.588375,30.633052
12.608364,30.633052
12.628324,30.633052
12.648316,30.633052
12.668280,30.633052
12.688246,30.633052
12.708676,30.633036
12.728367,30.633036
12.749214,30.633036
12.768227,30.633036
12.788170,30.633036
12.808271,30.633036
12.828227,30.633036
12.849212,30.633036
12.868140,30.633036
12.888192,30.633036
12.909196,30.633020
12.928101,30.633020
12.949149,30.633020
12.968142,30.633020
12.989093,30.633020
13.009119,30.633020
13.029438,30.633020
13.049391,30.633020
13.069207,30.633020
13.089038,30.633020
13.109058,30.633005
13.129444,30.633005
13.149408,30.633005
13.169039,30.633005
13.189020,30.633005
13.208986,30.633005
13.228961,30.633005
13.248916,30.633005
13.268980,30.633005
13.288933,30.633005
13.308948,30.632989
13.328968,30.632989
13.348954,30.632989
13.368892,30.632989
13.388877,30.632989
13.408904,30.632989
13.428853,30.632989
13.448925,30.632989
13.468838,30.632989
13.488884,30.632989
13.508896,30.632972
13.528869,30.632972
13.548758,30.632972
13.568837,30.632972
13.588809,30.632972
13.608767,30.632972
13.628858,30.632972
13.648754,30.632972
13.668699,30.632972
13.688798,30.632956
13.708678,30.632956
13.728673,30.632956
13.748659,30.632956
13.768660,30.632956
13.788691,30.632956
13.808724,30.632956
13.828772,30.632956
13.848717,30.632956
13.868740,30.632956
13.888651,30.632940
13.908604,30.632940
13.928612,30.632940
13.948586,30.632940
13.968632,30.632940
13.988534,30.632940
14.008697,30.632940
14.028516,30.632940
14.048540,30.632940
14.068512,30.632940
14.088491,30.632940
14.108492,30.632924
14.128642,30.632924
14.148571,30.632924
14.168563,30.632924
14.188475,30.632924
14.208480,30.632924
14.228429,30.632924
14.248401,30.632924
14.268488,30.632924
14.288375,30.632908
14.308384,30.632908
14.328420,30.632908
14.348346,30.632908
14.368344,30.632908
14.388387,30.632908
14.408499,30.632908
14.428324,30.632908
14.448428,30.632908
14.468374,30.632908
14.488292,30.632908
14.508289,30.632893
14.528290,30.632893
14.548281,30.632893
14.568314,30.632893
14.588251,30.632893
14.608345,30.632893
14.628265,30.632893
14.649352,30.632893
14.668171,30.632893
14.688230,30.632893
14.708172,30.632879
14.728253,30.632879
14.749131,30.632879
14.768197,30.632879
14.788147,30.632879
14.809182,30.632879
14.829176,30.632879
14.849185,30.632879
14.869111,30.632879
14.889121,30.632865
14.909276,30.632865
14.929118,30.632865
14.949094,30.632865
14.969343,30.632865
14.989093,30.632865
15.009192,30.632865
15.029073,30.632865
15.049133,30.632865
15.069243,30.632865
15.088995,30.632865
15.109124,30.632852
15.129042,30.632852
15.149004,30.632852
15.168907,30.632852
15.188972,30.632852
15.209023,30.632852
15.228970,30.632852
15.248963,30.632852
15.268933,30.632852
15.288986,30.632852
15.308977,30.632840
15.329013,30.632840
15.348927,30.632840
15.368971,30.632840
15.388931,30.632840
15.408883,30.632840
15.428931,30.632840
15.448888,30.632840
15.468870,30.632840
15.488956,30.632840
15.508835,30.632828
15.529016,30.632828
15.548800,30.632828
15.568842,30.632828
15.588778,30.632828
15.608871,30.632828
15.628737,30.632828
15.648756,30.632828
15.668812,30.632828
15.688754,30.632828
15.708712,30.632817
15.728694,30.632817
15.748707,30.632817
15.768734,30.632817
15.788704,30.632817
15.808766,30.632817
15.828749,30.632817
15.848692,30.632817
15.868704,30.632817
15.888816,30.632806
15.908723,30.632806
15.928777,30.632806
15.948680,30.632806
15.968660,30.632806
15.988638,30.632806
16.008596,30.632806
16.028659,30.632806
16.048610,30.632806
16.068676,30.632806
16.088624,30.632806
16.108642,30.632797
16.128545,30.632797
16.148487,30.632797
16.168526,30.632797
16.188583,30.632797
16.208549,30.632797
16.228513,30.632797
16.248430,30.632797
16.268438,30.632797
16.288421,30.632788
16.308494,30.632788
16.328419,30.632788
16.348424,30.632788
16.368400,30.632788
16.388441,30.632788
16.408473,30.632788
16.428391,30.632788
16.448475,30.632788
16.468369,30.632788
16.488358,30.632779
16.508391,30.632779
16.528432,30.632779
16.548355,30.632779
16.568300,30.632779
16.588299,30.632779
16.608351,30.632779
16.628353,30.632779
16.648277,30.632779
16.668294,30.632779
16.688237,30.632771
16.708265,30.632771
16.728225,30.632771
16.749206,30.632771
16.768217,30.632771
16.788247,30.632771
16.809222,30.632771
16.829243,30.632771
16.849185,30.632771
16.869189,30.632771
16.889126,30.632764
16.909211,30.632764
16.929193,30.632764
16.949117,30.632764
16.969132,30.632764
16.989081,30.632764
17.009092,30.632764
17.029099,30.632764
17.049091,30.632764
17.069056,30.632764
17.088993,30.632764
17.109057,30.632758
17.129033,30.632758
17.149063,30.632758
17.168960,30.632758
17.189086,30.632758
17.209000,30.632758
17.228962,30.632758
17.249182,30.632758
17.269018,30.632758
17.288937,30.632758
17.308941,30.632752
17.328911,30.632752
17.348980,30.632752
17.368863,30.632752
17.388887,30.632752
17.408945,30.632752
17.428878,30.632752
17.448792,30.632752
17.468808,30.632752
17.488837,30.632752
17.508929,30.632747
17.528790,30.632747
17.548818,30.632747
17.568825,30.632747
17.588803,30.632747
17.608808,30.632747
17.628724,30.632747
17.648745,30.632747
17.668817,30.632747
17.688737,30.632743
17.708725,30.632743
17.728749,30.632743
17.748675,30.632743
17.768714,30.632743
17.788722,30.632743
17.808757,30.632743
17.828737,30.632743
17.848732,30.632743
17.868636,30.632743
17.888644,30.632740
17.908587,30.632740
17.928615,30.632740
17.948635,30.632740
17.968577,30.632740
17.988558,30.632740
18.008575,30.632740
18.028546,30.632740
18.048678,30.632740
18.068540,30.632740
18.088481,30.632740
18.108510,30.632740
18.128567,30.632737
18.148484,30.632737
18.168456,30.632737
18.188464,30.632737
18.208448,30.632737
18.228479,30.632737
18.248429,30.632737
18.268416,30.632737
18.288414,30.632737
18.308453,30.632734
18.328417,30.632734
18.348387,30.632734
18.368388,30.632734
18.388363,30.632734
18.408358,30.632734
18.428345,30.632734
18.449351,30.632734
18.468324,30.632734
18.488406,30.632733
18.508310,30.632733
18.528335,30.632733
18.549353,30.632733
18.568253,30.632733
18.588327,30.632733
18.608255,30.632733
18.628290,30.632733
18.649305,30.632733
18.668221,30.632733
18.688243,30.632731
18.708222,30.632731
18.729598,30.632731
18.749375,30.632731
18.769166,30.632731
18.789253,30.632731
18.809196,30.632731
18.829220,30.632731
18.849334,30.632731
18.869121,30.632731
18.889200,30.632730
18.909172,30.632730
18.929134,30.632730
18.949183,30.632730
18.969122,30.632730
18.989322,30.632730
19.009127,30.632730
19.029097,30.632730
19.049044,30.632730
19.069027,30.632730
19.088987,30.632730
19.109345,30.632729
19.129158,30.632729
19.149106,30.632729
19.168997,30.632729
19.188962,30.632729
19.208990,30.632729
19.229033,30.632729
19.248937,30.632729
19.269033,30.632729
19.289068,30.632729
19.308915,30.632729
19.328964,30.632729
19.348915,30.632729
19.368846,30.632729
19.388941,30.632729
19.408834,30.632729
19.428893,30.632729
19.448924,30.632729
19.468761,30.632729
19.488791,30.632729
19.508828,30.632729
19.528772,30.632729
19.548761,30.632729
19.568741,30.632729
19.588786,30.632729
19.608819,30.632729
19.628680,30.632729
19.648769,30.632729
19.668739,30.632729
19.688792,30.632729
19.708723,30.632729
19.728719,30.632729
19.748744,30.632729
19.768711,30.632729
19.788758,30.632729
19.808691,30.632729
19.828627,30.632729
19.848650,30.632729
19.868566,30.632729
19.888639,30.632729
19.908585,30.632729
19.928631,30.632729
19.948622,30.632729
19.968643,30.632729
19.988631,30.632729
20.008495,30.632729
20.028538,30.632729
20.048548,30.632729
20.068569,30.632729
20.088474,30.632729
20.108522,30.632729
20.128475,30.632729
20.148464,30.632729
20.168434,30.632729
20.188411,30.632729
20.208402,30.632729
20.228413,30.632729
20.248487,30.632729
20.268395,30.632729
20.288350,30.632729
20.308433,30.632729
20.328353,30.632729
20.348354,30.632729
20.368353,30.632729
20.388301,30.632729
20.408401,30.632729
20.428295,30.632729
20.449313,30.632729
20.468235,30.632729
20.488291,30.632729
20.508269,30.632729
20.529253,30.632729
20.549263,30.632729
20.569292,30.632729
20.589218,30.632729
20.609274,30.632729
20.629178,30.632729
20.649153,30.632729
20.669201,30.632729
20.689196,30.632729
20.709128,30.632729
20.729107,30.632729
20.749116,30.632729
20.769102,30.632729
20.789049,30.632729
20.809161,30.632729
20.829066,30.632729
20.849149,30.632729
20.869016,30.632729
20.889006,30.632729
20.909077,30.632729
20.929010,30.632729
20.948977,30.632729
20.969033,30.632729
20.989116,30.632729
21.009000,30.632729
