0.265248,55.078000
0.285213,55.078000
0.305169,55.078000
0.325128,55.078000
0.345182,55.078000
0.365119,55.078000
0.385128,55.078000
0.405137,55.078000
0.425150,55.078000
0.445077,55.061000
0.465070,55.061000
0.485065,55.061000
0.505096,55.061000
0.524972,55.061000
0.545016,55.061000
0.565061,55.061000
0.585012,55.061000
0.604986,55.061000
0.625322,55.061000
0.645139,55.063000
0.665046,55.063000
0.684989,55.063000
0.704990,55.063000
0.724884,55.063000
0.744918,55.063000
0.764856,55.063000
0.784916,55.063000
0.804809,55.063000
0.824877,55.063000
0.844844,55.061000
0.864891,55.061000
0.884803,55.061000
0.905164,55.061000
0.924765,55.061000
0.944968,55.061000
0.964790,55.061000
0.984816,55.061000
1.004900,55.061000
1.024831,55.061000
1.044915,55.041000
1.064876,55.041000
1.084851,55.041000
1.104825,55.041000
1.124918,55.041000
1.144710,55.041000
1.164753,55.041000
1.184725,55.041000
1.204739,55.041000
1.224652,55.041000
1.244698,55.029000
1.264683,55.029000
1.284670,55.029000
1.304730,55.029000
1.324781,55.029000
1.344677,55.029000
1.364726,55.029000
1.384723,55.029000
1.404589,55.029000
1.424644,55.029000
1.444622,55.019000
1.464590,55.019000
1.484593,55.019000
1.504654,55.019000
1.524570,55.019000
1.544537,55.019000
1.564585,55.019000
1.584526,55.019000
1.604505,55.019000
1.624617,55.019000
1.644492,55.005000
1.664585,55.005000
1.684459,55.005000
1.704486,55.005000
1.724531,55.005000
1.744464,55.005000
1.764450,55.005000
1.784364,55.005000
1.804506,55.005000
1.824395,55.005000
1.844367,55.005000
1.864479,55.005000
1.884353,55.005000
1.904387,55.005000
1.924354,55.005000
1.945405,55.005000
1.964445,55.005000
1.984350,55.005000
2.004300,55.005000
2.024316,55.005000
2.045284,54.986000
2.064265,54.986000
2.084243,54.986000
2.104340,54.986000
2.125285,54.986000
2.145212,54.986000
2.164216,54.986000
2.184266,54.986000
2.204190,54.986000
2.225219,54.986000
2.245175,54.973000
2.265237,54.973000
2.285132,54.973000
2.305151,54.973000
2.325171,54.973000
2.345199,54.973000
2.365082,54.973000
2.385128,54.973000
2.405097,54.973000
2.425093,54.973000
2.445095,54.966000
2.465051,54.966000
2.485079,54.966000
2.504995,54.966000
2.525001,54.966000
2.545019,54.966000
2.565001,54.966000
2.585031,54.966000
2.604997,54.966000
2.624944,54.966000
2.645046,54.942000
2.664923,54.942000
2.684992,54.942000
2.704915,54.942000
2.724871,54.942000
2.744859,54.942000
2.764829,54.942000
2.784791,54.942000
2.804846,54.942000
2.824913,54.942000
2.844862,54.936000
2.864790,54.936000
2.884785,54.936000
2.904829,54.936000
2.924839,54.936000
2.944799,54.936000
2.964729,54.936000
2.984799,54.936000
3.004793,54.936000
3.024815,54.936000
3.044816,54.948000
3.064825,54.948000
3.084773,54.948000
3.104763,54.948000
3.124782,54.948000
3.144770,54.948000
3.164693,54.948000
3.184675,54.948000
3.204788,54.948000
3.224632,54.948000
3.244750,54.932000
3.264657,54.932000
3.284609,54.932000
3.304643,54.932000
3.324620,54.932000
3.344562,54.932000
3.364694,54.932000
3.384516,54.932000
3.404622,54.932000
3.424735,54.932000
3.444541,54.921000
3.464520,54.921000
3.484506,54.921000
3.504476,54.921000
3.524522,54.921000
3.544457,54.921000
3.564590,54.921000
3.584517,54.921000
3.604445,54.921000
3.624468,54.921000
3.644475,54.904000
3.664412,54.904000
3.684395,54.904000
3.704464,54.904000
3.724333,54.904000
3.744309,54.904000
3.764347,54.904000
3.784344,54.904000
3.804321,54.904000
3.824634,54.904000
3.844694,54.905000
3.864511,54.905000
3.884343,54.905000
3.904285,54.905000
3.924351,54.905000
3.945409,54.905000
3.964312,54.905000
3.984321,54.905000
4.005330,54.905000
4.025330,54.905000
4.045273,54.894000
4.065251,54.894000
4.085206,54.894000
4.105265,54.894000
4.125255,54.894000
4.145243,54.894000
4.165150,54.894000
4.185173,54.894000
4.205063,54.894000
4.225055,54.894000
4.245104,54.904000
4.265145,54.904000
4.285088,54.904000
4.305156,54.904000
4.324983,54.904000
4.345070,54.904000
4.365444,54.904000
4.385294,54.904000
4.404979,54.904000
4.425067,54.904000
4.444961,54.903000
4.465065,54.903000
4.484984,54.903000
4.504923,54.903000
4.524878,54.903000
4.544921,54.903000
4.564910,54.903000
4.584938,54.903000
4.604926,54.903000
4.625145,54.903000
4.645054,54.907000
4.664938,54.907000
4.684849,54.907000
4.704858,54.907000
4.724878,54.907000
4.744878,54.907000
4.764760,54.907000
4.784773,54.907000
4.804872,54.907000
4.824808,54.907000
4.844800,54.917000
4.864824,54.917000
4.884850,54.917000
4.904806,54.917000
4.924781,54.917000
4.944868,54.917000
4.964858,54.917000
4.984782,54.917000
5.004801,54.917000
5.024703,54.917000
5.044734,54.933000
5.064645,54.933000
5.084701,54.933000
5.104756,54.933000
5.124640,54.933000
5.144650,54.933000
5.164593,54.933000
5.184697,54.933000
5.204639,54.933000
5.224596,54.933000
5.244608,54.920000
5.264612,54.920000
5.284641,54.920000
5.304598,54.920000
5.324569,54.920000
5.344566,54.920000
5.364550,54.920000
5.384538,54.920000
5.404532,54.920000
5.424519,54.920000
5.444505,54.912000
5.464457,54.912000
5.484778,54.912000
5.504690,54.912000
5.524747,54.912000
5.544455,54.912000
5.564493,54.912000
5.584464,54.912000
5.604470,54.912000
5.624768,54.912000
5.644651,54.918000
5.664384,54.918000
5.684396,54.918000
5.704367,54.918000
5.724325,54.918000
5.745329,54.918000
5.764315,54.918000
5.784373,54.918000
5.804338,54.918000
5.824331,54.918000
5.845295,54.925000
5.864459,54.925000
5.884290,54.925000
5.904393,54.925000
5.924294,54.925000
5.945246,54.925000
5.964288,54.925000
5.984271,54.925000
6.005337,54.925000
6.025205,54.925000
6.045224,54.925000
6.064156,54.931000
6.085210,54.931000
6.105217,54.931000
6.125173,54.931000
6.145215,54.931000
6.165165,54.931000
6.185260,54.931000
6.205133,54.931000
6.225109,54.931000
6.245108,54.914000
6.265131,54.914000
6.285122,54.914000
6.305121,54.914000
6.325110,54.914000
6.345097,54.914000
6.365083,54.914000
6.385119,54.914000
6.405205,54.914000
6.425043,54.914000
6.445007,54.920000
6.464996,54.920000
6.485076,54.920000
6.505043,54.920000
6.524962,54.920000
6.544919,54.920000
6.564961,54.920000
6.585026,54.920000
6.604915,54.920000
6.624939,54.920000
6.644920,54.926000
6.664871,54.926000
6.684863,54.926000
6.704840,54.926000
6.724907,54.926000
6.744834,54.926000
6.764825,54.926000
6.784865,54.926000
6.804797,54.926000
6.824845,54.926000
6.844816,54.920000
6.864787,54.920000
6.884799,54.920000
6.904769,54.920000
6.924856,54.920000
6.944875,54.920000
6.964769,54.920000
6.984782,54.920000
7.004679,54.920000
7.024686,54.920000
7.044700,54.906000
7.064899,54.906000
7.084742,54.906000
7.104660,54.906000
7.124566,54.906000
7.144640,54.906000
7.164677,54.906000
7.184642,54.906000
7.204599,54.906000
7.224571,54.906000
7.244581,54.894000
7.264624,54.894000
7.284655,54.894000
7.304630,54.894000
7.324442,54.894000
7.344557,54.894000
7.364517,54.894000
7.384502,54.894000
7.404475,54.894000
7.424510,54.894000
7.444468,54.903000
7.464422,54.903000
7.484438,54.903000
7.504445,54.903000
7.524427,54.903000
7.544352,54.903000
7.564404,54.903000
7.584423,54.903000
7.604428,54.903000
7.624354,54.903000
7.645339,54.923000
7.664325,54.923000
7.684308,54.923000
7.704270,54.923000
7.724344,54.923000
7.745315,54.923000
7.764316,54.923000
7.784286,54.923000
7.804281,54.923000
7.825171,54.923000
7.845220,54.923000
7.865287,54.923000
7.885289,54.923000
7.905283,54.923000
7.925307,54.923000
7.945311,54.923000
7.965232,54.923000
7.985224,54.923000
8.005255,54.923000
8.025214,54.923000
8.045177,54.921000
8.065186,54.921000
8.085180,54.921000
8.105257,54.921000
8.125233,54.921000
8.145077,54.921000
8.165210,54.921000
8.185071,54.921000
8.205034,54.921000
8.225033,54.921000
8.245112,54.930000
8.265146,54.930000
8.285034,54.930000
8.305055,54.930000
8.325049,54.930000
8.345041,54.930000
8.365096,54.930000
8.385139,54.930000
8.404990,54.930000
8.425044,54.930000
8.445057,54.933000
8.465027,54.933000
8.484918,54.933000
8.505000,54.933000
8.525040,54.933000
8.544917,54.933000
8.564941,54.933000
8.584933,54.933000
8.605003,54.933000
8.624861,54.933000
8.644989,54.922000
8.664886,54.922000
8.684849,54.922000
8.704850,54.922000
8.724862,54.922000
8.744786,54.922000
8.764791,54.922000
8.784851,54.922000
8.804837,54.922000
8.824834,54.922000
8.844887,54.918000
8.864853,54.918000
8.884764,54.918000
8.904852,54.918000
8.924787,54.918000
8.944852,54.918000
8.964894,54.918000
8.984744,54.918000
9.004739,54.918000
9.024807,54.918000
9.044725,54.915000
9.064804,54.915000
9.084701,54.915000
9.104710,54.915000
9.124638,54.915000
9.144685,54.915000
9.164683,54.915000
9.184683,54.915000
9.204706,54.915000
9.224660,54.915000
9.244632,54.895000
9.264651,54.895000
9.284612,54.895000
9.304635,54.895000
9.324530,54.895000
9.344524,54.895000
9.364480,54.895000
9.384631,54.895000
9.404571,54.895000
9.424450,54.895000
9.444523,54.894000
9.464504,54.894000
9.484422,54.894000
9.504471,54.894000
9.524451,54.894000
9.544493,54.894000
9.564424,54.894000
9.584411,54.894000
9.604363,54.894000
9.624395,54.894000
9.645390,54.890000
9.664496,54.890000
9.684423,54.890000
9.704355,54.890000
9.724349,54.890000
9.745386,54.890000
9.764332,54.890000
9.785380,54.890000
9.804626,54.890000
9.825406,54.890000
9.845269,54.886000
9.865251,54.886000
9.885347,54.886000
9.905251,54.886000
9.925261,54.886000
9.945234,54.886000
9.965237,54.886000
9.985199,54.886000
10.005358,54.886000
10.025206,54.886000
10.045142,54.880000
10.065188,54.880000
10.085135,54.880000
10.105126,54.880000
10.125156,54.880000
10.145241,54.880000
10.165132,54.880000
10.185230,54.880000
10.205103,54.880000
10.225118,54.880000
10.245125,54.882000
10.265080,54.882000
10.285108,54.882000
10.305135,54.882000
10.325042,54.882000
10.345092,54.882000
10.365031,54.882000
10.385007,54.882000
10.405063,54.882000
10.425049,54.882000
10.445038,54.909000
10.465141,54.909000
10.484979,54.909000
10.504961,54.909000
10.524928,54.909000
10.545107,54.909000
10.564927,54.909000
10.584981,54.909000
10.604997,54.909000
10.624991,54.909000
10.644912,54.918000
10.664892,54.918000
10.684887,54.918000
10.704937,54.918000
10.724867,54.918000
10.744915,54.918000
10.764949,54.918000
10.784848,54.918000
10.804839,54.918000
10.824875,54.918000
10.844814,54.925000
10.864731,54.925000
10.884806,54.925000
10.904709,54.925000
10.924651,54.925000
10.944705,54.925000
10.964765,54.925000
10.984692,54.925000
11.004663,54.925000
11.024652,54.925000
11.044630,54.941000
11.064650,54.941000
11.084658,54.941000
11.104571,54.941000
11.124651,54.941000
11.144673,54.941000
11.164557,54.941000
11.184549,54.941000
11.204615,54.941000
11.224509,54.941000
11.244572,54.947000
11.264540,54.947000
11.284475,54.947000
11.304570,54.947000
11.324409,54.947000
11.344486,54.947000
11.364526,54.947000
11.384456,54.947000
11.404393,54.947000
11.424423,54.947000
11.444396,54.954000
11.464383,54.954000
11.484426,54.954000
11.504618,54.954000
11.524356,54.954000
11.544345,54.954000
11.564510,54.954000
11.584369,54.954000
11.604314,54.954000
11.624347,54.954000
11.645372,54.956000
11.664325,54.956000
11.684379,54.956000
11.704298,54.956000
11.725329,54.956000
11.745295,54.956000
11.765306,54.956000
11.785298,54.956000
11.805213,54.956000
11.825271,54.956000
11.845179,54.957000
11.865195,54.957000
11.885252,54.957000
11.905215,54.957000
11.925269,54.957000
11.945198,54.957000
11.965199,54.957000
11.985190,54.957000
12.005172,54.957000
12.025246,54.957000
12.045130,54.957000
12.065178,54.958000
12.085113,54.958000
12.105184,54.958000
12.125202,54.958000
12.145106,54.958000
12.165521,54.958000
12.185408,54.958000
12.205096,54.958000
12.225089,54.958000
12.245087,54.979000
12.265060,54.979000
12.285023,54.979000
12.305000,54.979000
12.325105,54.979000
12.344989,54.979000
12.365099,54.979000
12.384950,54.979000
12.405022,54.979000
12.424917,54.979000
12.444950,54.987000
12.464931,54.987000
12.484923,54.987000
12.504882,54.987000
12.524895,54.987000
12.544869,54.987000
12.564900,54.987000
12.584910,54.987000
12.604900,54.987000
12.625234,54.987000
12.645117,54.999000
12.664862,54.999000
12.684964,54.999000
12.704907,54.999000
12.724841,54.999000
12.744994,54.999000
12.764792,54.999000
12.784815,54.999000
12.804722,54.999000
12.824672,54.999000
12.844771,55.019000
12.864722,55.019000
12.884708,55.019000
12.904710,55.019000
12.924917,55.019000
12.944682,55.019000
12.964649,55.019000
12.984609,55.019000
13.004705,55.019000
13.024696,55.019000
13.044757,55.021000
13.064627,55.021000
13.084576,55.021000
13.104587,55.021000
13.124599,55.021000
13.144630,55.021000
13.164559,55.021000
13.184505,55.021000
13.204591,55.021000
13.224568,55.021000
13.244517,55.034000
13.264578,55.034000
13.284476,55.034000
13.304459,55.034000
13.324498,55.034000
13.344540,55.034000
13.364464,55.034000
13.384524,55.034000
13.404434,55.034000
13.424438,55.034000
