0.235921,30.634547
0.255935,30.634547
0.275894,30.634547
0.295904,30.634547
0.315788,30.634547
0.335791,30.634547
0.355861,30.634547
0.375785,30.634547
0.396064,30.634547
0.415761,30.634547
0.435756,30.634547
0.455745,30.634547
0.475693,30.634547
0.495705,30.634547
0.515624,30.634547
0.535604,30.634547
0.555587,30.634547
0.575912,30.634547
0.595574,30.634547
0.615539,30.634547
0.635525,30.634547
0.655501,30.634547
0.675571,30.634547
0.695515,30.634547
0.715468,30.634547
0.735429,30.634547
0.755567,30.634547
0.775485,30.634547
0.795510,30.634547
0.815356,30.634547
0.835359,30.634547
0.855440,30.634547
0.875305,30.634547
0.895291,30.634547
0.915379,30.634547
0.935307,30.634547
0.955241,30.634547
0.975190,30.634547
0.995377,30.634547
1.015192,30.634547
1.035235,30.634547
1.055167,30.634547
1.075154,30.634547
1.095335,30.634547
1.115127,30.634547
1.135114,30.634547
1.156522,30.634547
1.176167,30.634547
1.195060,30.634547
1.216040,30.634547
1.236443,30.634547
1.255980,30.634547
1.276013,30.634547
1.295945,30.634547
1.316038,30.634547
1.335889,30.634547
1.355992,30.634547
1.375901,30.634547
1.395979,30.634547
1.416109,30.634547
1.435983,30.634547
1.455848,30.634547
1.475851,30.634547
1.495806,30.634547
1.515815,30.634547
1.535778,30.634547
1.555819,30.634547
1.575958,30.634547
1.595714,30.634547
1.615678,30.634547
1.635706,30.634547
1.656415,30.634547
1.675624,30.634547
1.695692,30.634547
1.715755,30.634547
1.735620,30.634547
1.755671,30.634547
1.775844,30.634547
1.795614,30.634547
1.815555,30.634547
1.835669,30.634547
1.856282,30.634547
1.875575,30.634547
1.895533,30.634547
1.915496,30.634547
1.935429,30.634547
1.955714,30.634546
1.975430,30.634546
1.995761,30.634546
2.016575,30.634546
2.035898,30.634546
2.056235,30.634546
2.076558,30.634546
2.096405,30.634546
2.115725,30.634546
2.135373,30.634546
2.157071,30.634546
2.175320,30.634546
2.195491,30.634546
2.215138,30.634546
2.235216,30.634546
2.256647,30.634546
2.276115,30.634546
2.296327,30.634546
2.316040,30.634546
2.336685,30.634546
2.356431,30.634546
2.376308,30.634546
2.396068,30.634546
2.416256,30.634546
2.436014,30.634546
2.456003,30.634546
2.476040,30.634546
2.495926,30.634546
2.516062,30.634546
2.536575,30.634546
2.556141,30.634546
2.575925,30.634546
2.595853,30.634546
2.615907,30.634546
2.635776,30.634546
2.655720,30.634546
2.675715,30.634546
2.695825,30.634546
2.715661,30.634546
2.735680,30.634546
2.755659,30.634546
2.775688,30.634546
2.795874,30.634546
2.815607,30.634546
2.835639,30.634546
2.855953,30.634546
2.875577,30.634546
2.895586,30.634546
2.915564,30.634546
2.935462,30.634546
2.955700,30.634546
2.975754,30.634546
2.995697,30.634546
3.015482,30.634546
3.035669,30.634546
3.055684,30.634546
3.075393,30.634546
3.095371,30.634546
3.115718,30.634546
3.135391,30.634546
3.155884,30.634547
3.175572,30.634547
3.195569,30.634547
3.215230,30.634547
3.235454,30.634547
3.255231,30.634547
3.275408,30.634547
3.295184,30.634547
3.316126,30.634547
3.336113,30.634547
3.355151,30.634546
3.376137,30.634547
3.396078,30.634547
3.416229,30.634547
3.436172,30.634547
3.455976,30.634547
3.476256,30.634547
3.495987,30.634547
3.516121,30.634547
3.535992,30.634547
3.556072,30.634547
3.576051,30.634547
3.595904,30.634547
3.615879,30.634547
3.635922,30.634547
3.656603,30.634547
3.676078,30.634547
3.695919,30.634547
3.716158,30.634547
3.736223,30.634547
3.755989,30.634547
3.775928,30.634547
3.795844,30.634547
3.815833,30.634547
3.835850,30.634547
3.855705,30.634547
3.875788,30.634547
3.895735,30.634547
3.915988,30.634547
3.936018,30.634547
3.955995,30.634547
3.975688,30.634547
3.995650,30.634547
4.015570,30.634547
4.035669,30.634547
4.055553,30.634547
4.075673,30.634547
4.095618,30.634547
4.115565,30.634547
4.135549,30.634547
4.155701,30.634547
4.175867,30.634547
4.195888,30.634547
4.215762,30.634547
4.235314,30.634547
4.255344,30.634547
4.275698,30.634547
4.295288,30.634547
4.315449,30.634547
4.335415,30.634547
4.355449,30.634547
4.375460,30.634547
4.395316,30.634547
4.416341,30.634547
4.435240,30.634547
4.455569,30.634547
4.475233,30.634547
4.495223,30.634547
4.516342,30.634547
4.536113,30.634547
4.556268,30.634547
4.576461,30.634547
4.596053,30.634547
4.616054,30.634547
4.636314,30.634547
4.656335,30.634547
4.675948,30.634547
4.696215,30.634547
4.716129,30.634547
4.735842,30.634547
4.755999,30.634547
4.775843,30.634547
4.795923,30.634547
4.815788,30.634547
4.836118,30.634547
4.855726,30.634547
4.875779,30.634547
4.895726,30.634547
4.915765,30.634547
4.935951,30.634547
4.955692,30.634547
4.975700,30.634547
4.995827,30.634547
5.015836,30.634547
5.035579,30.634547
5.055642,30.634547
5.075628,30.634547
5.095486,30.634547
5.115507,30.634547
5.135707,30.634547
5.155871,30.634547
5.175650,30.634547
5.195615,30.634547
5.215569,30.634547
5.235502,30.634547
5.255566,30.634547
5.275312,30.634547
5.295239,30.634547
5.315430,30.634547
5.335255,30.634547
5.355340,30.634547
5.375351,30.634547
5.396242,30.634547
5.415744,30.634547
5.435145,30.634547
5.456359,30.634547
5.476419,30.634547
5.496250,30.634547
5.516124,30.634547
5.536208,30.634547
5.556241,30.634547
5.576308,30.634547
5.595951,30.634547
5.616144,30.634547
5.636014,30.634547
5.656056,30.634547
5.676070,30.634547
5.695907,30.634547
5.716155,30.634548
5.735962,30.634548
5.755900,30.634548
5.775860,30.634548
5.795795,30.634548
5.815831,30.634548
5.835925,30.634548
5.855805,30.634548
5.875772,30.634548
5.895769,30.634548
5.916038,30.634548
5.935828,30.634548
5.955790,30.634548
5.975823,30.634548
5.995594,30.634549
6.015740,30.634549
6.036004,30.634549
6.055720,30.634549
6.075772,30.634549
6.095831,30.634549
6.115830,30.634549
6.135504,30.634549
6.155519,30.634549
6.175529,30.634549
6.195529,30.634549
6.215465,30.634550
6.235440,30.634550
6.255821,30.634550
6.275516,30.634550
6.295741,30.634550
6.315470,30.634550
6.335600,30.634550
6.355830,30.634550
6.375428,30.634550
6.395261,30.634551
6.415202,30.634551
6.435227,30.634551
6.455196,30.634551
6.476102,30.634551
6.496294,30.634551
6.516178,30.634551
6.536095,30.634551
6.556065,30.634551
6.576192,30.634552
6.596140,30.634552
6.616182,30.634552
6.636708,30.634552
6.656230,30.634552
6.676004,30.634552
6.695928,30.634552
6.715938,30.634552
6.736046,30.634553
6.756607,30.634553
6.776023,30.634553
6.795830,30.634553
6.815846,30.634553
6.836100,30.634553
6.855810,30.634553
6.875935,30.634554
6.895716,30.634554
6.915785,30.634554
6.935743,30.634554
6.955755,30.634554
6.975861,30.634555
6.995891,30.634555
7.015718,30.634555
7.035799,30.634555
7.055723,30.634555
7.075664,30.634555
7.095556,30.634555
7.115566,30.634556
7.135622,30.634556
7.155579,30.634556
7.175645,30.634556
7.195532,30.634556
7.215652,30.634557
7.235589,30.634557
7.255573,30.634557
7.275440,30.634557
7.295441,30.634557
7.315518,30.634557
7.335340,30.634558
7.355460,30.634558
7.375448,30.634558
7.395486,30.634558
7.415359,30.634558
7.435322,30.634558
7.455608,30.634559
7.475525,30.634559
7.495388,30.634559
7.515267,30.634559
7.535403,30.634559
7.556566,30.634559
7.575398,30.634560
7.595438,30.634560
7.615126,30.634560
7.636577,30.634560
7.656160,30.634560
7.676042,30.634561
7.696024,30.634561
7.718235,30.634561
7.736006,30.634561
7.756077,30.634561
7.775999,30.634562
7.795997,30.634562
7.816126,30.634562
7.835883,30.634562
7.855912,30.634562
7.875973,30.634563
7.895840,30.634563
7.915825,30.634563
7.936253,30.634563
7.955945,30.634563
7.976169,30.634564
7.995791,30.634564
8.015703,30.634564
8.035779,30.634564
8.055764,30.634564
8.075928,30.634565
8.095792,30.634565
8.115678,30.634565
8.135786,30.634565
8.155656,30.634566
8.175641,30.634566
8.195914,30.634566
8.215523,30.634566
8.235594,30.634566
8.255847,30.634567
8.275773,30.634567
8.295651,30.634567
8.315705,30.634567
8.335476,30.634567
8.355527,30.634568
8.375689,30.634568
8.395497,30.634568
8.415494,30.634568
8.435413,30.634568
8.455550,30.634569
8.475459,30.634569
8.495473,30.634569
8.515341,30.634569
8.535357,30.634570
8.555264,30.634570
8.575252,30.634570
8.595413,30.634570
8.615335,30.634570
8.636469,30.634571
8.655582,30.634571
8.675533,30.634571
8.695195,30.634571
8.715289,30.634571
8.736194,30.634572
8.756096,30.634572
8.776286,30.634572
8.796055,30.634573
8.816092,30.634573
8.836039,30.634573
8.856159,30.634573
8.876016,30.634574
8.896145,30.634574
8.916303,30.634574
8.935864,30.634574
8.955986,30.634575
8.975937,30.634575
8.995875,30.634575
9.016189,30.634575
9.035829,30.634575
9.055921,30.634576
9.075781,30.634576
9.095755,30.634576
9.116022,30.634576
9.135880,30.634577
9.155699,30.634577
9.175749,30.634577
9.195724,30.634577
9.215748,30.634578
9.235661,30.634578
9.255621,30.634578
9.275509,30.634578
9.295567,30.634579
9.315591,30.634579
9.335492,30.634579
9.355687,30.634579
9.375658,30.634580
9.395700,30.634580
9.415714,30.634580
9.435425,30.634580
9.455379,30.634581
9.475923,30.634581
9.495512,30.634581
9.515528,30.634581
9.535438,30.634582
9.555725,30.634582
9.575318,30.634582
9.595400,30.634582
9.616899,30.634583
9.635630,30.634583
9.655365,30.634583
9.675314,30.634583
9.696294,30.634584
9.716102,30.634584
9.736256,30.634584
9.756083,30.634584
9.776453,30.634584
9.796289,30.634585
9.816143,30.634585
9.836051,30.634585
9.855972,30.634585
9.876137,30.634586
9.896055,30.634586
9.915901,30.634586
9.935888,30.634587
9.956127,30.634587
9.976136,30.634587
9.996067,30.634587
10.016280,30.634587
10.036178,30.634588
10.055887,30.634588
10.075827,30.634588
10.095822,30.634588
10.115882,30.634589
10.135931,30.634589
10.156120,30.634589
10.175687,30.634590
10.196007,30.634590
10.215655,30.634590
10.235711,30.634591
10.255659,30.634591
10.275798,30.634591
10.295517,30.634591
10.315706,30.634592
10.335799,30.634592
10.355531,30.634592
10.376115,30.634592
10.395497,30.634593
10.415546,30.634593
10.435554,30.634593
10.455539,30.634594
10.475453,30.634594
10.495432,30.634594
10.515452,30.634595
10.535661,30.634595
10.555460,30.634595
10.575694,30.634596
10.595734,30.634596
10.615347,30.634596
10.635768,30.634596
10.655354,30.634597
10.676110,30.634597
10.696419,30.634597
10.715933,30.634597
10.735417,30.634598
10.756559,30.634598
10.776356,30.634598
10.796350,30.634599
10.816102,30.634599
10.836231,30.634599
10.856461,30.634600
10.876636,30.634600
10.896197,30.634600
10.916010,30.634601
10.936028,30.634601
10.956456,30.634601
10.975993,30.634601
10.995968,30.634602
11.016036,30.634602
11.036302,30.634602
11.056072,30.634603
11.076139,30.634603
11.095818,30.634603
11.115864,30.634604
11.135834,30.634604
11.155938,30.634604
11.175969,30.634604
11.195809,30.634605
11.215798,30.634605
11.235795,30.634605
11.255685,30.634605
11.275843,30.634606
11.295665,30.634606
11.315631,30.634606
11.335752,30.634607
11.355901,30.634607
11.375518,30.634607
11.395651,30.634607
11.415614,30.634608
11.435776,30.634608
11.455591,30.634608
11.475537,30.634609
11.495734,30.634609
11.515676,30.634609
11.535377,30.634610
11.555704,30.634610
11.575490,30.634610
11.595363,30.634611
11.615355,30.634611
11.635435,30.634611
11.655411,30.634611
11.675452,30.634612
11.695271,30.634612
11.715534,30.634612
11.735422,30.634613
11.755453,30.634613
11.776565,30.634613
11.795271,30.634614
11.816377,30.634614
11.836315,30.634614
11.856271,30.634615
11.876134,30.634615
11.896098,30.634615
11.916146,30.634616
11.936254,30.634616
11.956159,30.634616
11.976133,30.634617
11.996025,30.634617
12.016057,30.634617
12.035956,30.634618
12.056050,30.634618
12.076968,30.634618
12.095943,30.634619
12.116448,30.634619
12.136016,30.634619
12.156309,30.634620
12.175931,30.634620
12.196649,30.634620
12.215956,30.634621
12.235751,30.634621
12.255751,30.634621
12.275816,30.634622
12.296047,30.634622
12.315696,30.634622
12.335701,30.634623
12.356147,30.634623
12.375920,30.634623
12.395609,30.634624
12.415596,30.634624
12.435619,30.634624
12.455666,30.634625
12.475514,30.634625
12.495527,30.634625
12.515482,30.634626
12.535463,30.634626
12.555798,30.634626
12.575609,30.634626
12.595475,30.634627
12.615537,30.634627
12.635569,30.634627
12.655375,30.634628
12.675278,30.634628
12.695261,30.634628
12.715631,30.634629
12.735238,30.634629
12.756401,30.634629
12.775329,30.634630
12.795239,30.634630
12.815208,30.634630
12.836161,30.634631
12.856432,30.634631
12.876254,30.634631
12.896226,30.634632
12.916481,30.634632
12.936103,30.634632
12.956044,30.634633
12.976452,30.634633
12.996059,30.634634
13.016089,30.634634
13.036389,30.634634
13.056009,30.634635
13.076026,30.634635
13.095917,30.634635
13.115974,30.634636
13.135986,30.634636
13.155859,30.634636
13.175831,30.634637
13.195837,30.634637
13.215805,30.634637
13.235797,30.634638
13.255776,30.634638
13.276236,30.634638
13.295810,30.634639
13.315697,30.634639
13.335885,30.634639
13.355701,30.634640
13.375648,30.634640
13.395686,30.634641
13.415640,30.634641
13.435614,30.634641
13.455564,30.634642
13.475583,30.634642
13.495572,30.634642
13.515518,30.634643
13.535490,30.634643
13.555627,30.634643
13.575412,30.634644
13.595477,30.634644
13.615732,30.634644
13.635424,30.634645
13.655591,30.634645
13.675330,30.634645
13.695309,30.634646
13.715497,30.634646
13.735311,30.634646
13.755274,30.634647
13.775288,30.634647
13.795263,30.634648
13.815179,30.634648
13.836196,30.634648
13.855210,30.634649
13.876365,30.634649
13.896155,30.634649
13.916173,30.634650
13.936833,30.634650
13.956090,30.634651
13.976023,30.634651
13.996028,30.634651
14.015996,30.634652
14.036223,30.634652
14.056019,30.634652
14.075959,30.634653
14.095978,30.634653
14.116285,30.634654
14.135925,30.634654
14.156069,30.634654
14.175879,30.634654
14.195846,30.634655
14.215870,30.634655
14.235800,30.634656
14.255821,30.634656
14.275788,30.634656
14.295727,30.634657
14.315695,30.634657
14.335706,30.634657
14.355737,30.634658
14.375729,30.634658
14.395666,30.634658
14.415612,30.634659
14.435578,30.634659
14.455606,30.634659
14.475995,30.634660
14.495571,30.634660
14.515633,30.634660
14.535948,30.634661
14.555561,30.634661
14.575593,30.634661
14.595649,30.634662
14.615451,30.634662
14.635474,30.634662
14.655478,30.634663
14.675408,30.634663
14.695446,30.634663
14.715345,30.634664
14.735324,30.634664
14.755368,30.634664
14.775374,30.634664
14.795299,30.634665
14.815364,30.634665
14.835258,30.634665
14.856319,30.634665
14.875299,30.634666
14.896215,30.634666
14.916234,30.634666
14.936203,30.634667
14.956158,30.634667
14.976142,30.634668
14.996161,30.634668
15.016109,30.634668
15.036844,30.634668
15.056015,30.634669
15.075979,30.634669
15.095971,30.634669
15.116025,30.634670
15.136048,30.634670
15.156180,30.634670
15.175937,30.634671
15.196544,30.634671
15.215895,30.634671
15.236181,30.634671
15.255974,30.634672
15.275906,30.634672
15.295845,30.634672
15.315909,30.634672
15.335759,30.634673
15.355741,30.634673
15.376049,30.634673
15.395752,30.634673
15.415743,30.634673
15.435792,30.634674
15.455714,30.634674
15.475811,30.634674
15.495714,30.634675
15.515648,30.634675
15.535686,30.634675
15.555722,30.634675
15.575653,30.634675
15.595631,30.634675
15.615612,30.634676
15.635671,30.634676
15.655921,30.634676
15.675522,30.634676
15.695550,30.634677
15.715654,30.634677
15.735653,30.634677
15.755507,30.634677
15.775407,30.634677
15.795461,30.634677
15.815472,30.634678
15.835423,30.634678
15.855529,30.634678
15.875487,30.634678
15.895339,30.634678
15.915441,30.634678
15.935299,30.634679
15.955514,30.634679
15.975282,30.634679
15.995316,30.634679
16.015316,30.634679
16.036252,30.634679
16.055258,30.634680
16.076182,30.634680
16.096236,30.634680
16.116632,30.634680
16.136110,30.634680
16.156147,30.634680
16.176096,30.634681
16.196184,30.634681
16.216114,30.634681
16.236166,30.634681
16.256580,30.634681
16.276427,30.634681
16.295980,30.634681
16.316039,30.634682
16.336125,30.634682
16.356132,30.634682
16.375973,30.634682
16.396049,30.634682
16.415870,30.634682
16.435903,30.634682
16.456259,30.634682
16.475875,30.634682
16.495865,30.634683
16.515778,30.634683
16.535917,30.634683
16.555861,30.634683
16.575806,30.634683
16.596458,30.634683
16.615756,30.634683
16.635783,30.634683
16.655826,30.634683
16.675690,30.634683
16.695647,30.634683
16.715734,30.634683
16.735635,30.634684
16.755613,30.634684
16.775666,30.634684
16.795650,30.634684
16.815637,30.634684
16.835582,30.634684
16.855531,30.634684
16.875510,30.634684
16.895603,30.634684
16.915765,30.634684
16.935477,30.634684
16.955483,30.634684
16.975449,30.634684
16.995490,30.634684
17.015459,30.634684
17.035352,30.634684
17.055383,30.634684
17.075332,30.634685
17.095380,30.634685
17.115373,30.634685
17.135333,30.634685
17.155349,30.634685
17.175216,30.634685
17.195223,30.634685
17.216215,30.634685
17.235271,30.634685
17.256273,30.634685
17.276162,30.634685
17.296239,30.634685
17.316116,30.634685
17.336227,30.634685
17.356267,30.634685
17.376235,30.634685
17.396125,30.634685
17.416148,30.634685
17.436113,30.634685
17.456025,30.634685
17.476213,30.634685
17.496049,30.634685
17.515982,30.634685
17.536000,30.634685
17.555953,30.634685
17.575918,30.634685
17.595879,30.634685
17.615858,30.634685
17.636066,30.634685
17.655855,30.634685
17.675776,30.634685
17.695762,30.634685
17.715761,30.634685
17.735927,30.634685
17.755712,30.634685
17.775729,30.634685
17.795686,30.634685
17.815630,30.634685
17.835721,30.634685
17.855714,30.634685
17.875656,30.634685
17.895541,30.634685
17.915512,30.634685
17.935495,30.634685
17.955519,30.634685
17.975655,30.634685
17.995479,30.634685
18.015514,30.634685
18.035485,30.634685
18.055633,30.634685
18.075517,30.634685
18.095344,30.634685
18.115342,30.634685
18.135426,30.634685
18.155427,30.634685
18.175261,30.634685
18.196362,30.634685
18.215561,30.634685
18.235215,30.634685
18.256808,30.634685
18.276261,30.634685
18.296182,30.634685
18.316136,30.634685
18.336683,30.634685
18.356192,30.634685
18.376091,30.634685
18.396007,30.634685
18.416166,30.634685
