0.274886,0.066000
0.375085,0.063000
1.106714,0.176000
1.172583,0.202000
1.241628,0.218000
1.340080,0.222000
1.372282,0.228000
1.572991,0.258000
1.605536,0.268000
1.639913,0.255000
1.705956,0.293000
1.806011,0.278000
1.840492,0.294000
1.905392,0.301000
2.040036,0.298000
2.073448,0.298000
2.107885,0.300000
2.140540,0.300000
2.174778,0.319000
2.207284,0.315000
2.375427,0.322000
2.441437,0.338000
2.843576,0.334000
3.078650,0.314000
3.111128,0.338000
3.145486,0.334000
3.212292,0.335000
3.282327,0.304000
3.346248,0.007000
3.378695,0.013000
3.411014,0.026000
3.479851,0.009000
3.512264,0.017000
3.579408,0.017000
3.611764,0.020000
3.646060,0.009000
4.112151,0.010000
4.377631,0.014000
4.410310,0.010000
4.643408,0.008000
4.741562,0.010000
4.878029,0.009000
4.976445,0.009000
5.044435,0.014000
5.177942,0.005000
5.210479,0.003000
5.277311,0.007000
5.344289,0.010000
5.378810,0.009000
5.411256,0.007000
5.844887,0.010000
5.879227,0.010000
5.944313,0.026000
5.977480,0.009000
6.112330,0.009000
6.145315,0.013000
6.279671,0.008000
6.381941,0.000000
6.416382,0.000000
6.515861,0.018000
6.548221,0.000000
6.681907,0.000000
6.783392,0.026000
6.816062,0.009000
6.882554,0.015000
6.916973,0.009000
6.982961,0.009000
7.083125,0.011000
7.348451,0.007000
7.385045,0.007000
7.417382,0.020000
