0.184547,741648.183295
0.199578,741648.183191
0.204608,741648.183191
0.219565,741648.183265
0.224612,741648.183265
0.239727,741648.183224
0.244530,741648.183224
0.259686,741648.183247
0.264616,741648.183247
0.279601,741648.183135
0.284594,741648.183135
0.299700,741648.183133
0.304742,741648.183133
0.319509,741648.183075
0.324528,741648.183075
0.339615,741648.183006
0.344595,741648.183006
0.359554,741648.182935
0.364737,741648.182935
0.379653,741648.182829
0.384597,741648.182829
0.399803,741648.183587
0.404597,741648.183587
0.419664,741648.183434
0.424674,741648.183434
0.439456,741648.183446
0.444606,741648.183446
0.459655,741648.183361
0.464511,741648.183361
0.479587,741648.183318
0.484519,741648.183318
0.499710,741648.183328
0.504569,741648.183328
0.519638,741648.183224
0.524633,741648.183224
0.539594,741648.183206
0.544641,741648.183206
0.559647,741648.183227
0.564803,741648.183227
0.579671,741648.186819
0.584734,741648.186819
0.599737,741648.186632
0.604469,741648.186632
0.619792,741648.186669
0.624614,741648.186669
0.639698,741648.186652
0.644515,741648.186652
0.659685,741648.186660
0.664515,741648.186660
0.679513,741648.186639
0.684670,741648.186639
0.699676,741648.186669
0.704497,741648.186669
0.719607,741648.186620
0.724474,741648.186620
0.739648,741648.186520
0.744671,741648.186520
0.759594,741648.186386
0.764808,741648.186386
0.779640,741648.191559
0.784784,741648.191559
0.799549,741648.191297
0.804619,741648.191297
0.819538,741648.191222
0.824624,741648.191222
0.839642,741648.191185
0.844704,741648.191185
0.859747,741648.191113
0.864544,741648.191113
0.879639,741648.191107
0.884503,741648.191107
0.899600,741648.191174
0.904582,741648.191174
0.919612,741648.191242
0.924640,741648.191242
0.939614,741648.191255
0.944577,741648.191255
0.959666,741648.191379
0.964599,741648.191379
0.979601,741648.191726
0.984615,741648.191726
0.999606,741648.191735
1.004637,741648.191735
1.019668,741648.191558
1.024571,741648.191558
1.039848,741648.191515
1.044527,741648.191515
1.059646,741648.191411
1.064688,741648.191411
1.079594,741648.191386
1.084547,741648.191386
1.099726,741648.191361
1.104650,741648.191361
1.119621,741648.191343
1.124532,741648.191343
1.139716,741648.191296
1.144673,741648.191296
1.159432,741648.191250
1.164545,741648.191250
1.179609,741648.189140
1.184620,741648.189140
1.199736,741648.188906
1.204540,741648.188906
1.219615,741648.188921
1.224756,741648.188921
1.239532,741648.188873
1.244642,741648.188873
1.259771,741648.188756
1.264632,741648.188756
1.279552,741648.188692
1.284527,741648.188692
1.299895,741648.188560
1.304600,741648.188560
1.319736,741648.188513
1.324517,741648.188513
1.339551,741648.188377
1.344484,741648.188377
1.359630,741648.188323
1.364624,741648.188323
1.379619,741648.188272
1.384547,741648.188272
1.399686,741648.180085
1.404597,741648.180085
1.419802,741648.179901
1.424597,741648.179901
1.439554,741648.179699
1.444542,741648.179699
1.459550,741648.179662
1.464948,741648.179662
1.479548,741648.179490
1.484663,741648.179490
1.499532,741648.179397
1.504560,741648.179397
1.519776,741648.179323
1.524648,741648.179323
1.539653,741648.179211
1.544624,741648.179211
1.559700,741648.179042
1.564716,741648.179042
1.579713,741648.180727
1.584672,741648.180727
1.599583,741648.180425
1.604513,741648.180425
1.619716,741648.180238
1.624601,741648.180238
1.639679,741648.180096
1.644663,741648.180096
1.659649,741648.179881
1.664636,741648.179881
1.679603,741648.179772
1.684584,741648.179772
1.699665,741648.179646
1.705170,741648.179646
1.719432,741648.179518
1.724675,741648.179518
1.739766,741648.179358
1.744483,741648.179358
1.759612,741648.179152
1.764678,741648.179152
1.779624,741648.181737
1.784480,741648.181737
1.799629,741648.181467
1.804620,741648.181467
1.819575,741648.181296
1.824597,741648.181296
1.839668,741648.181193
1.844642,741648.181193
1.859537,741648.181110
1.864669,741648.181110
1.879489,741648.181017
1.884609,741648.181017
1.899573,741648.180865
1.904685,741648.180865
1.919619,741648.180711
1.924552,741648.180711
1.939633,741648.180713
1.944533,741648.180713
1.959674,741648.180580
1.964581,741648.180580
1.979617,741648.183352
1.984459,741648.183352
1.999649,741648.183065
2.004678,741648.183065
2.019672,741648.182998
2.024660,741648.182998
2.039576,741648.182885
2.044553,741648.182885
2.059605,741648.182733
2.064546,741648.182733
2.079638,741648.182618
2.084579,741648.182618
2.099680,741648.182589
2.104610,741648.182589
2.119651,741648.182376
2.124718,741648.182376
2.139656,741648.182252
2.144601,741648.182252
2.159576,741648.182154
2.164550,741648.182154
2.179564,741648.189570
2.184474,741648.189570
2.199611,741648.189294
2.204481,741648.189294
2.219709,741648.189102
2.224689,741648.189102
2.239532,741648.188945
2.244527,741648.188945
2.259706,741648.188733
2.264595,741648.188733
2.279620,741648.188500
2.284543,741648.188500
2.299557,741648.188274
2.304507,741648.188274
2.319584,741648.187956
2.324528,741648.187956
2.339624,741648.187666
2.344564,741648.187666
2.359531,741648.187201
2.364648,741648.187201
2.379760,741648.216936
2.384600,741648.216936
2.399883,741648.216777
2.404544,741648.216777
2.419724,741648.216538
2.424435,741648.216538
2.439575,741648.216260
2.444589,741648.216260
2.459550,741648.216126
2.464702,741648.216126
2.479718,741648.215815
2.484621,741648.215815
2.499696,741648.215516
2.504644,741648.215516
2.519524,741648.215201
2.524682,741648.215201
2.539635,741648.214851
2.544653,741648.214851
2.559688,741648.227302
2.564482,741648.227302
2.579583,741648.227088
2.584527,741648.227088
2.599621,741648.226800
2.604722,741648.226800
2.619647,741648.226480
2.624583,741648.226480
2.639679,741648.226195
2.644726,741648.226195
2.659642,741648.225956
2.664634,741648.225956
2.679487,741648.225560
2.684584,741648.225560
2.699746,741648.225123
2.704711,741648.225123
2.719596,741648.224700
2.724568,741648.224700
2.739633,741648.224240
2.744550,741648.224240
2.759612,741648.223724
2.764505,741648.223724
2.779457,741648.215101
2.784484,741648.215101
2.799648,741648.214471
2.804524,741648.214471
2.819623,741648.213866
2.824722,741648.213866
2.839628,741648.213321
2.844648,741648.213321
2.859559,741648.212679
2.864668,741648.212679
2.879588,741648.211995
2.884512,741648.211995
2.899778,741648.211466
2.904513,741648.211466
2.919660,741648.210791
2.924689,741648.210791
2.939581,741648.210043
2.944543,741648.210043
2.959520,741648.209382
2.964668,741648.209382
2.979653,741648.211529
2.984692,741648.211529
2.999531,741648.210746
3.004520,741648.210746
3.019726,741648.210080
3.024688,741648.210080
3.039550,741648.209300
3.044595,741648.209300
3.059696,741648.208398
3.064503,741648.208398
3.079639,741648.207672
3.084643,741648.207672
3.099604,741648.206772
3.104602,741648.206772
3.119708,741648.205863
3.124554,741648.205863
3.139590,741648.205044
3.144777,741648.205044
3.159664,741648.204113
3.164520,741648.204113
3.179637,741648.197627
3.184572,741648.197627
3.199596,741648.196808
3.204608,741648.196808
3.219636,741648.195810
3.224670,741648.195810
3.239629,741648.195017
3.244472,741648.195017
3.259664,741648.194151
3.264661,741648.194151
3.279713,741648.193209
3.284577,741648.193209
3.299517,741648.192162
3.304695,741648.192162
3.319542,741648.191216
3.324632,741648.191216
3.339707,741648.190264
3.344804,741648.190264
3.359748,741648.189234
3.364542,741648.189234
3.379656,741648.188222
3.384641,741648.188222
3.399650,741648.203308
3.404621,741648.203308
3.419644,741648.202409
3.424492,741648.202409
3.439632,741648.201551
3.444540,741648.201551
3.459627,741648.200602
3.464592,741648.200602
3.479510,741648.199584
3.484531,741648.199584
3.499620,741648.198726
3.504521,741648.198726
3.519570,741648.197676
3.524606,741648.197676
3.539726,741648.196609
3.544554,741648.196609
3.559539,741648.195526
3.564692,741648.195526
3.579649,741648.186080
3.584640,741648.186080
3.599636,741648.184745
3.604587,741648.184745
3.619509,741648.183440
3.624747,741648.183440
3.639567,741648.182126
3.644657,741648.182126
3.659660,741648.180785
3.664602,741648.180785
3.679576,741648.179560
3.684585,741648.179560
3.699618,741648.178341
3.704713,741648.178341
3.719598,741648.177103
3.724784,741648.177103
3.739618,741648.175959
3.744709,741648.175959
3.759641,741648.174884
3.764624,741648.174884
3.779621,741648.174780
3.784648,741648.174780
3.799630,741648.173637
3.804526,741648.173637
3.819661,741648.172476
3.824739,741648.172476
3.839619,741648.171263
3.844709,741648.171263
3.859586,741648.170144
3.864614,741648.170144
3.879555,741648.168839
3.884478,741648.168839
3.899639,741648.167578
3.904618,741648.167578
3.919655,741648.166397
3.924562,741648.166397
3.939630,741648.165081
3.944525,741648.165081
3.959577,741648.166673
3.964634,741648.166673
3.979576,741648.165422
3.984568,741648.165422
3.999752,741648.164180
4.004753,741648.164180
4.019732,741648.162899
4.024623,741648.162899
4.039512,741648.161682
4.044550,741648.161682
4.059706,741648.160358
4.064654,741648.160358
4.079669,741648.159126
4.084599,741648.159126
4.099685,741648.157837
4.104538,741648.157837
4.119709,741648.156507
4.124587,741648.156507
4.139628,741648.155160
4.144594,741648.155160
4.159509,741648.139344
4.164578,741648.139344
4.179706,741648.137805
4.184493,741648.137805
4.199587,741648.136260
4.204612,741648.136260
4.219598,741648.134749
4.224565,741648.134749
4.239696,741648.133197
4.244499,741648.133197
4.259624,741648.131647
4.264599,741648.131647
4.279491,741648.130076
4.284653,741648.130076
4.299726,741648.128410
4.304691,741648.128410
4.319601,741648.126827
4.324630,741648.126827
4.339636,741648.125317
4.344698,741648.125317
4.359565,741648.123682
4.364706,741648.123682
4.379581,741648.122076
4.384589,741648.122076
4.399760,741648.135237
4.404639,741648.135237
4.419702,741648.133778
4.424647,741648.133778
4.439614,741648.132305
4.444641,741648.132305
4.459642,741648.130765
4.464628,741648.130765
4.479626,741648.129307
4.484972,741648.129307
4.499631,741648.127791
4.504635,741648.127791
4.519629,741648.126392
4.524562,741648.126392
4.539690,741648.124862
4.544434,741648.124862
4.559658,741648.121120
4.564573,741648.121120
4.579548,741648.119760
4.584586,741648.119760
4.599648,741648.118315
4.604645,741648.118315
4.619829,741648.116994
4.624659,741648.116994
4.639740,741648.115585
4.644631,741648.115585
4.659614,741648.114147
4.664901,741648.114147
4.679589,741648.112814
4.684674,741648.112814
4.699759,741648.111439
4.704726,741648.111439
4.719682,741648.110094
4.724537,741648.110094
4.739691,741648.108693
4.744647,741648.108693
4.759604,741648.104141
4.764626,741648.104141
4.779584,741648.102721
4.784646,741648.102721
4.799613,741648.101293
4.804594,741648.101293
4.819594,741648.099890
4.824551,741648.099890
4.839585,741648.098466
4.844585,741648.098466
4.859607,741648.097001
4.864602,741648.097001
4.879686,741648.095605
4.884598,741648.095605
4.899629,741648.094186
4.904637,741648.094186
4.919572,741648.092724
4.924552,741648.092724
4.939698,741648.091258
4.944660,741648.091258
4.959699,741648.095736
4.964604,741648.095736
4.979618,741648.094350
4.985082,741648.094350
4.999600,741648.092943
5.004548,741648.092943
5.019518,741648.091508
5.024588,741648.091508
5.039661,741648.090058
5.044569,741648.090058
5.059600,741648.088513
5.064658,741648.088513
5.079577,741648.087034
5.084544,741648.087034
5.099662,741648.085535
5.104509,741648.085535
5.119671,741648.084111
5.124551,741648.084111
5.139585,741648.082667
5.144552,741648.082667
5.159605,741648.090462
5.164677,741648.090462
5.179542,741648.089381
5.184527,741648.089381
5.199630,741648.088229
5.204610,741648.088229
5.219510,741648.087328
5.224663,741648.087328
5.239661,741648.086560
5.244578,741648.086560
5.259617,741648.085721
5.264631,741648.085721
5.279532,741648.084948
5.284483,741648.084948
5.299666,741648.084237
5.304533,741648.084237
5.319626,741648.083520
5.324735,741648.083520
5.339611,741648.082765
5.344639,741648.082765
5.359596,741648.082080
5.364528,741648.082080
5.379559,741648.080221
5.384600,741648.080221
5.399723,741648.079373
5.404538,741648.079373
5.419721,741648.078490
5.424659,741648.078490
5.439663,741648.077605
5.444592,741648.077605
5.459654,741648.076560
5.464572,741648.076560
5.479501,741648.075474
5.484627,741648.075474
5.499659,741648.074365
5.504524,741648.074365
5.519680,741648.073338
5.524528,741648.073338
5.539646,741648.072309
5.544676,741648.072309
5.559557,741648.071155
5.564631,741648.071155
5.579673,741648.077899
5.584566,741648.077899
5.599623,741648.076835
5.604620,741648.076835
5.619668,741648.075802
5.624673,741648.075802
5.639595,741648.074682
5.644665,741648.074682
5.659631,741648.073520
5.664617,741648.073520
5.679726,741648.072324
5.684641,741648.072324
5.699707,741648.071267
5.704614,741648.071267
5.719731,741648.070196
5.724517,741648.070196
5.739704,741648.069074
5.744580,741648.069074
5.759564,741648.067916
5.764658,741648.067916
5.779649,741648.068943
5.784657,741648.068943
5.799613,741648.068061
5.804642,741648.068061
5.819742,741648.067131
5.824565,741648.067131
5.839683,741648.066238
5.844586,741648.066238
5.859606,741648.065387
5.864575,741648.065387
5.879541,741648.064621
5.884601,741648.064621
5.899612,741648.063977
5.904569,741648.063977
5.919491,741648.063184
5.924583,741648.063184
5.939776,741648.062422
5.944601,741648.062422
5.959718,741648.061727
5.964614,741648.061727
5.979506,741648.060555
5.984662,741648.060555
5.999654,741648.059785
6.004586,741648.059785
6.019614,741648.058939
6.024637,741648.058939
6.039570,741648.058152
6.044653,741648.058152
6.059645,741648.057323
6.064703,741648.057323
6.079541,741648.056545
6.084534,741648.056545
6.099878,741648.055629
6.104587,741648.055629
6.119563,741648.054711
6.124566,741648.054711
6.139596,741648.053867
6.144560,741648.053867
6.159667,741648.052949
6.164529,741648.052949
6.179554,741648.056964
6.184597,741648.056964
6.199614,741648.055942
6.204647,741648.055942
6.219700,741648.055005
6.224665,741648.055005
6.239542,741648.054105
6.244482,741648.054105
6.259661,741648.053224
6.264551,741648.053224
6.279608,741648.052259
6.284627,741648.052259
6.299706,741648.051402
6.304607,741648.051402
6.319529,741648.050647
6.324546,741648.050647
6.339662,741648.049930
6.344701,741648.049930
6.359612,741648.049174
6.364525,741648.049174
6.379559,741648.048575
6.384534,741648.048575
6.399518,741648.043562
6.404574,741648.043562
6.419569,741648.043098
6.424516,741648.043098
6.439548,741648.042443
6.444573,741648.042443
6.459630,741648.041758
6.464647,741648.041758
6.479655,741648.041173
6.484486,741648.041173
6.499554,741648.040576
6.504708,741648.040576
6.519648,741648.039919
6.524648,741648.039919
6.539682,741648.039141
6.544642,741648.039141
6.559682,741648.038497
6.564742,741648.038497
6.579626,741648.020530
6.584628,741648.020530
6.599625,741648.019671
6.604627,741648.019671
6.619653,741648.018778
6.624572,741648.018778
6.639656,741648.017865
6.644648,741648.017865
6.659557,741648.017022
6.664569,741648.017022
6.679531,741648.016160
6.684550,741648.016160
6.699703,741648.015277
6.704587,741648.015277
6.719641,741648.014324
6.724581,741648.014324
6.739602,741648.013515
6.744630,741648.013515
6.759504,741648.012014
6.764607,741648.012014
6.779528,741648.011154
6.784643,741648.011154
6.799620,741648.010275
6.804646,741648.010275
6.819675,741648.009426
6.824637,741648.009426
6.839589,741648.008476
6.844551,741648.008476
6.859620,741648.007615
6.864519,741648.007615
6.879586,741648.006614
6.884617,741648.006614
6.899793,741648.005756
6.904508,741648.005756
6.919621,741648.004745
6.924518,741648.004745
6.939648,741648.003913
6.944578,741648.003913
6.959776,741648.013547
6.964492,741648.013547
6.979593,741648.012900
6.984603,741648.012900
6.999750,741648.012069
7.004629,741648.012069
7.019485,741648.011351
7.024504,741648.011351
7.039627,741648.010580
7.044504,741648.010580
7.059627,741648.009910
7.064602,741648.009910
7.079569,741648.009116
7.084625,741648.009116
7.099495,741648.008498
7.104476,741648.008498
7.119652,741648.007695
7.124556,741648.007695
7.139528,741648.006954
7.144708,741648.006954
7.159491,741648.006098
7.164531,741648.006098
7.179567,741647.999388
7.184476,741647.999388
7.199565,741647.998449
7.204532,741647.998449
7.219644,741647.997656
7.224608,741647.997656
7.239552,741647.996862
7.244592,741647.996862
7.259640,741647.996108
7.264596,741647.996108
7.279631,741647.995401
7.284721,741647.995401
7.299626,741647.994727
7.304650,741647.994727
7.319586,741647.994084
7.324645,741647.994084
7.339637,741647.993515
7.344723,741647.993515
7.359629,741647.992969
7.364484,741647.992969
7.379690,741647.982506
7.384626,741647.982506
7.399598,741647.981751
7.404685,741647.981751
7.419570,741647.981039
7.424484,741647.981039
7.439725,741647.980065
7.444584,741647.980065
7.459692,741647.979032
7.464597,741647.979032
7.479616,741647.977945
7.484628,741647.977945
7.499702,741647.976753
7.504595,741647.976753
7.519621,741647.975701
7.524513,741647.975701
7.539633,741647.974606
7.544533,741647.974606
7.559616,741647.973503
7.564592,741647.973503
7.579549,741647.975884
7.584534,741647.975884
7.599681,741647.974904
7.604579,741647.974904
7.619682,741647.973846
7.624577,741647.973846
7.639600,741647.972814
7.644457,741647.972814
7.659605,741647.971797
7.664590,741647.971797
7.679573,741647.970864
7.684546,741647.970864
7.699653,741647.969946
7.704604,741647.969946
7.719501,741647.969095
7.724703,741647.969095
7.739574,741647.968202
7.744539,741647.968202
7.759644,741647.967362
7.764573,741647.967362
7.779570,741647.960075
7.784639,741647.960075
7.799641,741647.959204
7.804547,741647.959204
7.819618,741647.958353
7.824597,741647.958353
7.839605,741647.957395
7.844592,741647.957395
7.859680,741647.956615
7.864548,741647.956615
7.879581,741647.955762
7.884543,741647.955762
7.899753,741647.954980
7.904679,741647.954980
7.919769,741647.954043
7.924596,741647.954043
7.939609,741647.953241
7.944623,741647.953241
7.959654,741647.952411
7.964519,741647.952411
7.979712,741647.954896
7.984637,741647.954896
7.999720,741647.954144
8.004704,741647.954144
8.019568,741647.953280
8.024704,741647.953280
8.039651,741647.952495
8.044613,741647.952495
8.059477,741647.951603
8.064569,741647.951603
8.079707,741647.950744
8.084682,741647.950744
8.099613,741647.949715
8.104592,741647.949715
8.119660,741647.948765
8.124614,741647.948765
8.139755,741647.947789
8.144705,741647.947789
8.159528,741647.946095
8.164556,741647.946095
8.179661,741647.945215
8.184687,741647.945215
8.199586,741647.944332
8.204565,741647.944332
8.219659,741647.943461
8.224523,741647.943461
8.239757,741647.942532
8.244675,741647.942532
8.259516,741647.941722
8.264603,741647.941722
8.279577,741647.940873
8.284622,741647.940873
8.299635,741647.940113
8.304651,741647.940113
8.319613,741647.939389
8.324609,741647.939389
8.339535,741647.938698
8.344532,741647.938698
8.359685,741647.937913
8.364534,741647.937913
8.379596,741647.937262
8.384565,741647.937262
8.399661,741647.935538
8.404595,741647.935538
8.419502,741647.934940
8.424618,741647.934940
8.439508,741647.934216
8.444545,741647.934216
8.459545,741647.933551
8.464512,741647.933551
8.479627,741647.932953
8.484568,741647.932953
8.499666,741647.932255
8.504568,741647.932255
8.519651,741647.931581
8.524463,741647.931581
8.539635,741647.930822
8.544619,741647.930822
8.559570,741647.930179
8.564488,741647.930179
8.579579,741647.928124
8.584746,741647.928124
8.599577,741647.927490
8.604590,741647.927490
8.619518,741647.926935
8.624645,741647.926935
8.639616,741647.926358
8.644546,741647.926358
8.659656,741647.925727
8.664545,741647.925727
8.679612,741647.925043
8.684632,741647.925043
8.699595,741647.924284
8.704713,741647.924284
8.719686,741647.923494
8.724624,741647.923494
8.739680,741647.922700
8.744600,741647.922700
8.759724,741647.921915
8.764596,741647.921915
8.779623,741647.910803
8.784550,741647.910803
8.799616,741647.909879
8.804497,741647.909879
8.819663,741647.908949
8.824631,741647.908949
8.839501,741647.907997
8.844597,741647.907997
8.859607,741647.907051
8.864469,741647.907051
8.879577,741647.906069
8.884600,741647.906069
8.899583,741647.905030
8.904663,741647.905030
8.919601,741647.903962
8.924429,741647.903962
8.939629,741647.902994
8.944590,741647.902994
8.959588,741647.901925
8.964570,741647.901925
8.979603,741647.896609
8.984647,741647.896609
8.999614,741647.895546
9.004530,741647.895546
9.019620,741647.894567
9.024524,741647.894567
9.039604,741647.893556
9.044553,741647.893556
9.059603,741647.892707
9.064709,741647.892707
9.079507,741647.891826
9.084560,741647.891826
9.099687,741647.891031
9.104738,741647.891031
9.119634,741647.890219
9.124484,741647.890219
9.139567,741647.889551
9.144541,741647.889551
9.159498,741647.888767
9.164629,741647.888767
9.179630,741647.889158
9.184571,741647.889158
9.199718,741647.888492
9.204476,741647.888492
9.219618,741647.887827
9.224663,741647.887827
9.239618,741647.887113
9.244632,741647.887113
9.259578,741647.886391
9.264536,741647.886391
9.279548,741647.885675
9.284506,741647.885675
9.299582,741647.884978
9.304582,741647.884978
9.319632,741647.884198
9.324660,741647.884198
9.339533,741647.883413
9.344591,741647.883413
9.359615,741647.882684
9.364561,741647.882684
9.379564,741647.881769
9.384532,741647.881769
9.399638,741647.872115
9.404575,741647.872115
9.419733,741647.871229
9.424521,741647.871229
9.439671,741647.870296
9.444458,741647.870296
9.459636,741647.869398
9.464594,741647.869398
9.479596,741647.868461
9.484695,741647.868461
9.499674,741647.867514
9.504566,741647.867514
9.519655,741647.866466
9.524583,741647.866466
9.539624,741647.865414
9.544522,741647.865414
9.559893,741647.864347
9.564768,741647.864347
9.579667,741647.851336
9.584689,741647.851336
9.599602,741647.850180
9.604536,741647.850180
9.619612,741647.849090
9.624563,741647.849090
9.639568,741647.848033
9.644701,741647.848033
9.659566,741647.846996
9.664561,741647.846996
9.679676,741647.846061
9.684659,741647.846061
9.699633,741647.845130
9.704573,741647.845130
9.719639,741647.844203
9.724653,741647.844203
9.739610,741647.843364
9.744571,741647.843364
9.759588,741647.842426
9.764575,741647.842426
9.779633,741647.841704
9.784692,741647.841704
9.799547,741647.840749
9.804608,741647.840749
9.819649,741647.839753
9.824532,741647.839753
9.839606,741647.838745
9.844553,741647.838745
9.859689,741647.837821
9.864623,741647.837821
9.879591,741647.836797
9.884588,741647.836797
9.899647,741647.835830
9.904643,741647.835830
9.919611,741647.834882
9.924598,741647.834882
9.939682,741647.833895
9.944579,741647.833895
9.959533,741647.826141
9.964638,741647.826141
9.979599,741647.825165
9.984569,741647.825165
9.999653,741647.824114
10.004520,741647.824114
10.019657,741647.823108
10.024553,741647.823108
10.039605,741647.822133
10.044702,741647.822133
10.059605,741647.821120
10.064562,741647.821120
10.079531,741647.820115
10.084540,741647.820115
10.099673,741647.819066
10.104604,741647.819066
10.119533,741647.818025
10.124630,741647.818025
10.139624,741647.816935
10.144625,741647.816935
10.159566,741647.815900
10.164669,741647.815900
10.179523,741647.801473
10.184681,741647.801473
10.199710,741647.800353
10.204493,741647.800353
10.219763,741647.799131
10.224495,741647.799131
10.239552,741647.798009
10.244543,741647.798009
10.259688,741647.796780
10.264554,741647.796780
10.279657,741647.795624
10.284555,741647.795624
10.299648,741647.794387
10.304568,741647.794387
10.319605,741647.793119
10.324574,741647.793119
10.339555,741647.791882
10.344539,741647.791882
10.359553,741647.790610
10.364522,741647.790610
10.379632,741647.789392
10.384567,741647.789392
10.399522,741647.769409
10.404509,741647.769409
10.419678,741647.768096
10.424644,741647.768096
10.439509,741647.766661
10.444531,741647.766661
10.459641,741647.765255
10.464604,741647.765255
10.479609,741647.763811
10.484737,741647.763811
10.499672,741647.762331
10.504600,741647.762331
10.519579,741647.760869
10.524534,741647.760869
10.539706,741647.759465
10.544532,741647.759465
10.559675,741647.766007
10.564872,741647.766007
10.579654,741647.764691
10.584555,741647.764691
10.599513,741647.763227
10.604653,741647.763227
10.619600,741647.761807
10.624599,741647.761807
10.639676,741647.760143
10.644670,741647.760143
10.659581,741647.758646
10.664706,741647.758646
10.679520,741647.757067
10.684648,741647.757067
10.699618,741647.755613
10.704645,741647.755613
10.719644,741647.754065
10.724410,741647.754065
10.739569,741647.752625
10.744719,741647.752625
10.759591,741647.751154
10.764623,741647.751154
10.779578,741647.746761
10.784508,741647.746761
10.799732,741647.745332
10.804623,741647.745332
10.819700,741647.743843
10.824575,741647.743843
10.839644,741647.742526
10.844572,741647.742526
10.859655,741647.741167
10.864609,741647.741167
10.879570,741647.739812
10.884871,741647.739812
10.899588,741647.738438
10.904647,741647.738438
10.919549,741647.737112
10.924630,741647.737112
10.939560,741647.735771
10.944610,741647.735771
10.959784,741647.734414
10.964438,741647.734414
10.979618,741647.732805
10.984606,741647.732805
10.999560,741647.731414
11.004556,741647.731414
11.019557,741647.729993
11.024568,741647.729993
11.039628,741647.728668
11.044568,741647.728668
11.059716,741647.727210
11.064940,741647.727210
11.079649,741647.725883
11.084678,741647.725883
11.099607,741647.724502
11.104572,741647.724502
11.119625,741647.723201
11.124573,741647.723201
11.139585,741647.721851
11.144521,741647.721851
11.159626,741647.720465
11.164683,741647.720465
11.179655,741647.728100
11.184588,741647.728100
11.199540,741647.726875
11.204654,741647.726875
11.219641,741647.725547
11.224621,741647.725547
11.239574,741647.724290
11.244656,741647.724290
11.259557,741647.722992
11.264560,741647.722992
11.279573,741647.721676
11.284477,741647.721676
11.299675,741647.720292
11.304539,741647.720292
11.319581,741647.718871
11.324550,741647.718871
11.339686,741647.717300
11.344676,741647.717300
11.359582,741647.715641
11.364590,741647.715641
11.379651,741647.714137
11.384581,741647.714137
11.399577,741647.711039
11.404494,741647.711039
11.419541,741647.709552
