0.203866,3391794.110991
0.223845,3391794.111084
0.243909,3391794.111046
0.263885,3391794.110919
0.284024,3391794.110852
0.303893,3391794.110813
0.323907,3391794.110698
0.343748,3391794.110587
0.363938,3391794.110382
0.383903,3391794.110335
0.403959,3391794.113917
0.423793,3391794.113894
0.443805,3391794.113776
0.463820,3391794.113745
0.483946,3391794.113636
0.503967,3391794.113593
0.523871,3391794.113546
0.543935,3391794.113461
0.563745,3391794.113309
0.583985,3391794.113296
0.603839,3391794.113400
0.623847,3391794.113350
0.643973,3391794.113178
0.663861,3391794.113125
0.683924,3391794.113145
0.703873,3391794.113109
0.723928,3391794.113000
0.743821,3391794.112951
0.763962,3391794.112882
0.783824,3391794.112863
0.803883,3391794.110030
0.823953,3391794.109959
0.843858,3391794.109877
0.863897,3391794.109823
0.883884,3391794.109752
0.903875,3391794.109737
0.923887,3391794.109649
0.943925,3391794.109507
0.964052,3391794.109469
0.983867,3391794.109470
1.003902,3391794.108109
1.023829,3391794.107948
1.043905,3391794.107905
1.063868,3391794.107887
1.083932,3391794.107835
1.103895,3391794.107739
1.123890,3391794.107634
1.143929,3391794.107580
1.163911,3391794.107545
1.183840,3391794.107441
1.203864,3391794.107382
1.223960,3391794.103752
1.243914,3391794.103648
1.263935,3391794.103587
1.283890,3391794.103529
1.303927,3391794.103422
1.324038,3391794.103289
1.343879,3391794.103247
1.363927,3391794.103247
1.383883,3391794.103159
1.403863,3391794.096275
1.423846,3391794.096210
1.443846,3391794.096142
1.463954,3391794.096093
1.483956,3391794.095976
1.503966,3391794.095883
1.523910,3391794.095860
1.543889,3391794.095762
1.563906,3391794.095687
1.584002,3391794.095181
1.603922,3391794.095144
1.623981,3391794.095070
1.644027,3391794.094979
1.664039,3391794.094860
1.684051,3391794.094765
1.703950,3391794.094644
1.723919,3391794.094521
1.743919,3391794.094356
1.763876,3391794.094297
1.783974,3391794.094184
1.804004,3391794.089539
1.823978,3391794.089392
1.843952,3391794.089319
1.864516,3391794.089196
1.883994,3391794.089016
1.903913,3391794.088825
1.923902,3391794.088697
1.944109,3391794.088562
1.964113,3391794.088454
1.983818,3391794.088203
2.003863,3391794.081850
2.024004,3391794.081685
2.043837,3391794.081532
2.063941,3391794.081309
2.083885,3391794.081069
2.103782,3391794.080906
2.123919,3391794.080715
2.143823,3391794.080534
2.163883,3391794.080281
2.183884,3391794.080115
2.204022,3391794.079836
2.224076,3391794.074603
2.244076,3391794.074392
2.264006,3391794.074237
2.283947,3391794.073918
2.304077,3391794.073666
2.323930,3391794.073504
2.343900,3391794.073303
2.363940,3391794.073049
2.384049,3391794.072737
2.403888,3391794.072118
2.423957,3391794.071963
2.443983,3391794.071737
2.463974,3391794.071388
2.483985,3391794.071230
2.503911,3391794.071025
2.523903,3391794.070833
2.543900,3391794.070515
2.563786,3391794.070343
2.584068,3391794.067440
2.603864,3391794.067302
2.624104,3391794.067097
2.644040,3391794.066829
2.663874,3391794.066593
2.683792,3391794.066398
2.703902,3391794.066204
2.723955,3391794.065976
2.743822,3391794.065620
2.763898,3391794.065404
2.783883,3391794.065251
2.803838,3391794.064612
2.823978,3391794.064318
2.843992,3391794.064137
2.863931,3391794.063926
2.883882,3391794.063760
2.903826,3391794.063557
2.923971,3391794.063313
2.943878,3391794.063105
2.956435,3391794.062986
2.963833,3391794.062986
2.976461,3391794.062751
2.983854,3391794.062751
2.996445,3391794.058164
3.003869,3391794.058164
3.016309,3391794.057922
3.023832,3391794.057922
3.036479,3391794.057713
3.043935,3391794.057713
3.056434,3391794.057478
3.064030,3391794.057478
3.076292,3391794.057247
3.083869,3391794.057247
3.096394,3391794.057052
3.103999,3391794.057052
3.116387,3391794.056767
3.123939,3391794.056767
3.136386,3391794.056609
3.143831,3391794.056609
3.156324,3391794.056453
3.163918,3391794.056453
3.176468,3391794.056270
3.183896,3391794.056270
3.196451,3391794.056151
3.203964,3391794.056151
3.216326,3391794.052026
3.223952,3391794.052026
3.236522,3391794.051894
3.243906,3391794.051894
3.256402,3391794.051838
3.263940,3391794.051838
3.276841,3391794.051827
3.283903,3391794.051827
3.296410,3391794.051920
3.303899,3391794.051920
3.316598,3391794.052137
3.324034,3391794.052137
3.336530,3391794.052476
3.343968,3391794.052476
3.356462,3391794.052794
3.363909,3391794.052794
3.376449,3391794.053237
3.383828,3391794.053237
3.396458,3391794.051250
3.403875,3391794.051250
3.416523,3391794.051679
3.423959,3391794.051679
3.436398,3391794.052170
3.443876,3391794.052170
3.456354,3391794.052743
3.463951,3391794.052743
3.476333,3391794.053485
3.483824,3391794.053485
3.496486,3391794.054199
3.503998,3391794.054199
3.516465,3391794.055019
3.523817,3391794.055019
3.536484,3391794.055897
3.543916,3391794.055897
3.556441,3391794.056903
3.563921,3391794.056903
3.576449,3391794.057937
3.583970,3391794.057937
3.596430,3391794.060800
3.603938,3391794.060800
3.616375,3391794.062119
3.623924,3391794.062119
3.636421,3391794.063499
3.643978,3391794.063499
3.656399,3391794.065030
3.664102,3391794.065030
3.676486,3391794.066601
3.684031,3391794.066601
3.696419,3391794.068243
3.703890,3391794.068243
3.716421,3391794.070049
3.723933,3391794.070049
3.736447,3391794.072080
3.744356,3391794.072080
3.756532,3391794.074181
3.764034,3391794.074181
3.776355,3391794.076505
3.784095,3391794.076505
3.796474,3391794.080806
3.803940,3391794.080806
3.816603,3391794.083350
3.823896,3391794.083350
3.836501,3391794.086125
3.843837,3391794.086125
3.856348,3391794.089049
3.863902,3391794.089049
3.876523,3391794.092158
3.883929,3391794.092158
3.896480,3391794.095251
3.903856,3391794.095251
3.916523,3391794.098564
3.923873,3391794.098564
3.936464,3391794.101995
3.943939,3391794.101995
3.956408,3391794.105436
3.964022,3391794.105436
3.976389,3391794.109085
3.983959,3391794.109085
3.996442,3391794.120406
4.003836,3391794.120406
4.016367,3391794.124363
4.024081,3391794.124363
4.036476,3391794.128437
4.043854,3391794.128437
4.056412,3391794.132738
4.063897,3391794.132738
4.076371,3391794.137012
4.083820,3391794.137012
4.096409,3391794.141453
4.103905,3391794.141453
4.116378,3391794.145950
4.123862,3391794.145950
4.136391,3391794.150500
4.143909,3391794.150500
4.156575,3391794.155329
4.163872,3391794.155329
4.176326,3391794.160245
4.184101,3391794.160245
4.196435,3391794.157425
4.203819,3391794.157425
4.216535,3391794.162422
4.223955,3391794.162422
4.236440,3391794.167428
4.243917,3391794.167428
4.256409,3391794.172626
4.263937,3391794.172626
4.276511,3391794.177912
4.283979,3391794.177912
4.296543,3391794.183303
4.303855,3391794.183303
4.316432,3391794.188926
4.323857,3391794.188926
4.336438,3391794.194720
4.343929,3391794.194720
4.356403,3391794.200615
4.363874,3391794.200615
4.376497,3391794.199209
4.383882,3391794.199209
4.396496,3391794.205190
4.403905,3391794.205190
4.416608,3391794.211486
4.423808,3391794.211486
4.436453,3391794.217981
4.443879,3391794.217981
4.456406,3391794.224564
4.463923,3391794.224564
4.476419,3391794.231332
4.483888,3391794.231332
4.496341,3391794.238285
4.503814,3391794.238285
4.516409,3391794.245514
4.523892,3391794.245514
4.536484,3391794.252898
4.543841,3391794.252898
4.556331,3391794.260811
4.563954,3391794.260811
4.576428,3391794.269039
4.584058,3391794.269039
4.596406,3391794.265800
4.603764,3391794.265800
4.616471,3391794.274365
4.623908,3391794.274365
4.636444,3391794.283103
4.643854,3391794.283103
4.656474,3391794.292057
4.663883,3391794.292057
4.676298,3391794.300957
4.683905,3391794.300957
4.696425,3391794.310068
4.703978,3391794.310068
4.716507,3391794.319369
4.724028,3391794.319369
4.736364,3391794.328683
4.743880,3391794.328683
4.756402,3391794.338244
4.763804,3391794.338244
4.776436,3391794.347929
4.783814,3391794.347929
4.796391,3391794.342854
4.804013,3391794.342854
4.816567,3391794.352755
4.823893,3391794.352755
4.836456,3391794.362789
4.843966,3391794.362789
4.856448,3391794.373080
4.864017,3391794.373080
4.876394,3391794.383369
4.883864,3391794.383369
4.896389,3391794.393921
4.903917,3391794.393921
4.916443,3391794.404394
4.923903,3391794.404394
4.936420,3391794.415053
4.944008,3391794.415053
4.956475,3391794.425759
4.963884,3391794.425759
4.976414,3391794.436479
4.983885,3391794.436479
4.996367,3391794.457824
5.003853,3391794.457824
5.016552,3391794.468954
5.023879,3391794.468954
5.036416,3391794.480182
5.043878,3391794.480182
5.056333,3391794.491498
5.064001,3391794.491498
5.076352,3391794.503049
5.083877,3391794.503049
5.096485,3391794.514732
5.104007,3391794.514732
5.116504,3391794.526759
5.123876,3391794.526759
5.136405,3391794.539028
5.143902,3391794.539028
5.156374,3391794.551467
5.163918,3391794.551467
5.176488,3391794.563958
5.183802,3391794.563958
5.196388,3391794.576666
5.203816,3391794.576666
5.216415,3391794.606522
5.223945,3391794.606522
5.236387,3391794.619792
5.243901,3391794.619792
5.256392,3391794.633185
5.263948,3391794.633185
5.276435,3391794.646524
5.283757,3391794.646524
5.296389,3391794.660027
5.304044,3391794.660027
5.316574,3391794.673426
5.323966,3391794.673426
5.336524,3391794.686934
5.343861,3391794.686934
5.356424,3391794.700431
5.364007,3391794.700431
5.376413,3391794.714019
5.384053,3391794.714019
5.396405,3391794.732838
5.403880,3391794.732838
5.416385,3391794.746692
5.423824,3391794.746692
5.436444,3391794.760449
5.443860,3391794.760449
5.456406,3391794.774474
5.463840,3391794.774474
5.476399,3391794.788425
5.483845,3391794.788425
5.496475,3391794.802441
5.503879,3391794.802441
5.516427,3391794.816386
5.523904,3391794.816386
5.536471,3391794.830385
5.543861,3391794.830385
5.556378,3391794.844499
5.563869,3391794.844499
5.576459,3391794.858551
5.583867,3391794.858551
5.596339,3391794.865911
5.603899,3391794.865911
5.616468,3391794.880262
5.623822,3391794.880262
5.636338,3391794.894855
5.643862,3391794.894855
5.656596,3391794.909592
5.663905,3391794.909592
5.676491,3391794.924356
5.683831,3391794.924356
5.696348,3391794.939186
5.703851,3391794.939186
5.716397,3391794.954077
5.723929,3391794.954077
5.736447,3391794.969194
5.744054,3391794.969194
5.756508,3391794.984140
5.763819,3391794.984140
5.776432,3391794.999363
5.783926,3391794.999363
5.796360,3391795.017206
5.803976,3391795.017206
5.816462,3391795.032992
5.823947,3391795.032992
5.836400,3391795.049232
5.843850,3391795.049232
5.856469,3391795.065828
5.863806,3391795.065828
5.876547,3391795.082863
5.884118,3391795.082863
5.896557,3391795.100170
5.903988,3391795.100170
5.916408,3391795.117836
5.923936,3391795.117836
5.936448,3391795.135778
5.943977,3391795.135778
5.956276,3391795.154358
5.963896,3391795.154358
5.976560,3391795.173618
5.983915,3391795.173618
5.996544,3391795.177084
6.003975,3391795.177084
6.016402,3391795.197392
6.023946,3391795.197392
6.036427,3391795.218199
6.043863,3391795.218199
6.056398,3391795.240000
6.063854,3391795.240000
6.076460,3391795.262139
6.083842,3391795.262139
6.096293,3391795.284824
6.103859,3391795.284824
6.116510,3391795.308065
6.123950,3391795.308065
6.136397,3391795.331918
6.143824,3391795.331918
6.156518,3391795.356447
6.163884,3391795.356447
6.176492,3391795.381448
6.183959,3391795.381448
6.196322,3391795.406694
6.203980,3391795.406694
6.216349,3391795.416373
6.224012,3391795.416373
6.236470,3391795.442206
6.243929,3391795.442206
6.256490,3391795.468499
6.264004,3391795.468499
6.276525,3391795.495820
6.283877,3391795.495820
6.296409,3391795.523755
6.303889,3391795.523755
6.316344,3391795.552197
6.323994,3391795.552197
6.336475,3391795.581080
6.344032,3391795.581080
6.356523,3391795.610101
6.363919,3391795.610101
6.376491,3391795.639335
6.383803,3391795.639335
6.396418,3391795.690739
6.403985,3391795.690739
6.416397,3391795.721150
6.423817,3391795.721150
6.436390,3391795.752065
6.443853,3391795.752065
6.456481,3391795.783629
6.463823,3391795.783629
6.476469,3391795.815500
6.484080,3391795.815500
6.496328,3391795.848188
6.503832,3391795.848188
6.516649,3391795.881668
6.523952,3391795.881668
6.536375,3391795.915772
6.543887,3391795.915772
6.556537,3391795.950180
6.563847,3391795.950180
6.576391,3391795.984678
6.583922,3391795.984678
6.596413,3391796.031345
6.603916,3391796.031345
6.616660,3391796.067609
6.624034,3391796.067609
6.636382,3391796.104285
6.643843,3391796.104285
6.656520,3391796.141135
6.663886,3391796.141135
6.676390,3391796.178609
6.683833,3391796.178609
6.696495,3391796.216345
6.703994,3391796.216345
6.716596,3391796.254315
6.723994,3391796.254315
6.736391,3391796.293092
6.743986,3391796.293092
6.756461,3391796.332376
6.763882,3391796.332376
6.776398,3391796.372479
6.784012,3391796.372479
6.796382,3391796.437799
6.803824,3391796.437799
6.816360,3391796.479165
6.824006,3391796.479165
6.836317,3391796.521419
6.843862,3391796.521419
6.856525,3391796.564012
6.863888,3391796.564012
6.876481,3391796.606876
6.883895,3391796.606876
6.896418,3391796.650003
6.903981,3391796.650003
6.916615,3391796.693878
6.923777,3391796.693878
6.936455,3391796.738369
6.943851,3391796.738369
6.956400,3391796.783157
6.963877,3391796.783157
6.976449,3391796.828098
6.984090,3391796.828098
6.996505,3391796.872942
7.003865,3391796.872942
7.016412,3391796.918979
7.023840,3391796.918979
7.036470,3391796.965329
7.043802,3391796.965329
7.056460,3391797.012214
7.064064,3391797.012214
7.076407,3391797.059668
7.083916,3391797.059668
7.096454,3391797.107441
7.103859,3391797.107441
7.116396,3391797.155767
7.123872,3391797.155767
7.136488,3391797.204234
7.143984,3391797.204234
7.156360,3391797.252746
7.163818,3391797.252746
7.176423,3391797.301728
7.183888,3391797.301728
7.196406,3391797.351238
7.203942,3391797.351238
7.216602,3391797.398408
7.223978,3391797.398408
7.236424,3391797.449210
7.243900,3391797.449210
7.256534,3391797.500380
7.263917,3391797.500380
7.276431,3391797.551730
7.283867,3391797.551730
7.296452,3391797.603493
7.303906,3391797.603493
7.316609,3391797.655372
7.323852,3391797.655372
7.336517,3391797.707601
7.343893,3391797.707601
7.356410,3391797.759796
7.364056,3391797.759796
7.376386,3391797.812288
7.383753,3391797.812288
7.396355,3391797.837265
7.403984,3391797.837265
7.416431,3391797.890142
7.423978,3391797.890142
7.436354,3391797.943778
7.443875,3391797.943778
7.456482,3391797.998080
7.463887,3391797.998080
7.476440,3391798.052445
7.483848,3391798.052445
7.496333,3391798.106296
7.503979,3391798.106296
7.516518,3391798.160207
7.523987,3391798.160207
7.536377,3391798.214709
7.543865,3391798.214709
7.556293,3391798.269435
7.563918,3391798.269435
7.576409,3391798.298270
7.583928,3391798.298270
7.596419,3391798.353187
7.603822,3391798.353187
7.616490,3391798.408359
7.624043,3391798.408359
7.636544,3391798.463710
7.643791,3391798.463710
7.656430,3391798.519330
7.663880,3391798.519330
7.676537,3391798.575841
7.683885,3391798.575841
7.696468,3391798.632750
7.703882,3391798.632750
7.716437,3391798.689889
7.723880,3391798.689889
7.736493,3391798.747506
7.743913,3391798.747506
7.756437,3391798.805842
7.763862,3391798.805842
7.776499,3391798.864079
7.784359,3391798.864079
7.796396,3391798.926426
7.803969,3391798.926426
7.816488,3391798.985489
7.823886,3391798.985489
7.836397,3391799.044969
7.843895,3391799.044969
7.856386,3391799.105188
7.863959,3391799.105188
7.876480,3391799.165239
7.883886,3391799.165239
7.896443,3391799.225020
7.903866,3391799.225020
7.916353,3391799.284801
7.923829,3391799.284801
7.936425,3391799.345101
7.943867,3391799.345101
7.956253,3391799.405711
7.964043,3391799.405711
7.976460,3391799.466633
7.984052,3391799.466633
7.996462,3391799.500614
8.003766,3391799.500614
8.016440,3391799.561105
8.023873,3391799.561105
8.036360,3391799.621770
8.043764,3391799.621770
8.056371,3391799.682363
8.063938,3391799.682363
8.076372,3391799.743347
8.083863,3391799.743347
8.096301,3391799.805122
8.103798,3391799.805122
8.116464,3391799.867001
8.123938,3391799.867001
8.136397,3391799.929118
8.143944,3391799.929118
8.156371,3391799.990881
8.164055,3391799.990881
8.176427,3391800.052679
8.183871,3391800.052679
8.196348,3391800.114828
8.203806,3391800.114828
8.216480,3391800.180207
8.223992,3391800.180207
8.236405,3391800.243712
8.243970,3391800.243712
8.256461,3391800.307196
8.263931,3391800.307196
8.276334,3391800.371331
8.283860,3391800.371331
8.296521,3391800.436133
8.303791,3391800.436133
8.316471,3391800.501047
8.323926,3391800.501047
8.336486,3391800.565271
8.343832,3391800.565271
8.356474,3391800.629550
8.364067,3391800.629550
8.376475,3391800.694536
8.383856,3391800.694536
8.396456,3391800.781628
8.403964,3391800.781628
8.416308,3391800.848821
8.423987,3391800.848821
8.436381,3391800.915679
8.443944,3391800.915679
8.456340,3391800.982000
8.463828,3391800.982000
8.476400,3391801.049317
8.483877,3391801.049317
8.496414,3391801.117044
8.503865,3391801.117044
8.516421,3391801.185184
8.523776,3391801.185184
8.536375,3391801.253397
8.543875,3391801.253397
8.556369,3391801.321962
8.563998,3391801.321962
8.576385,3391801.390750
8.583918,3391801.390750
8.596394,3391801.487052
8.604031,3391801.487052
8.616421,3391801.556279
8.623962,3391801.556279
8.636496,3391801.626071
8.643885,3391801.626071
8.656380,3391801.696261
8.663901,3391801.696261
8.676436,3391801.767216
8.683807,3391801.767216
8.696407,3391801.838997
8.703845,3391801.838997
8.716416,3391801.911092
8.723895,3391801.911092
8.736420,3391801.983040
8.743984,3391801.983040
8.756364,3391802.054986
8.763901,3391802.054986
8.776498,3391802.127384
8.783811,3391802.127384
8.796409,3391802.221921
8.803993,3391802.221921
8.816360,3391802.295331
8.823882,3391802.295331
8.836323,3391802.368693
8.843892,3391802.368693
8.856372,3391802.441567
8.863902,3391802.441567
8.876337,3391802.514822
8.883911,3391802.514822
8.896316,3391802.589277
8.903819,3391802.589277
8.916602,3391802.663971
8.923860,3391802.663971
8.936384,3391802.738610
8.943934,3391802.738610
8.956554,3391802.813149
8.963864,3391802.813149
8.976476,3391802.888158
8.983818,3391802.888158
8.996449,3391802.992322
9.003939,3391802.992322
9.016406,3391803.068534
9.023981,3391803.068534
9.036470,3391803.145049
9.044001,3391803.145049
9.056336,3391803.221429
9.063858,3391803.221429
9.076512,3391803.298075
9.083940,3391803.298075
9.096265,3391803.374986
9.103861,3391803.374986
9.116421,3391803.452480
9.123832,3391803.452480
9.136468,3391803.530618
9.143948,3391803.530618
9.156380,3391803.608810
9.163851,3391803.608810
9.176322,3391803.687056
9.183808,3391803.687056
9.196249,3391803.765020
9.203781,3391803.765020
9.216380,3391803.842632
9.223741,3391803.842632
9.236433,3391803.921196
9.243876,3391803.921196
9.256425,3391803.999807
9.263851,3391803.999807
9.276349,3391804.078517
9.283843,3391804.078517
9.296530,3391804.157912
9.303872,3391804.157912
9.316424,3391804.238093
9.323813,3391804.238093
9.343836,3391804.318444
9.363904,3391804.398870
9.383967,3391804.479724
9.403879,3391804.589018
9.423919,3391804.671027
9.443922,3391804.753032
9.463941,3391804.835691
9.483988,3391804.918954
9.503880,3391805.002419
9.523945,3391805.086048
9.544043,3391805.169580
9.563921,3391805.252866
9.583896,3391805.336801
9.603933,3391805.394808
9.623894,3391805.477815
9.643967,3391805.561665
9.663938,3391805.645508
9.684197,3391805.729840
9.703867,3391805.814869
9.723932,3391805.900470
9.744039,3391805.985863
9.763890,3391806.070321
9.783908,3391806.155378
9.803918,3391806.253869
9.823978,3391806.340755
9.843939,3391806.428106
9.863920,3391806.515471
9.883943,3391806.603224
9.903905,3391806.691784
9.923983,3391806.780715
9.944009,3391806.869383
9.963961,3391806.957654
9.983950,3391807.046397
10.003934,3391807.113134
10.023979,3391807.201807
10.043907,3391807.290924
10.064050,3391807.380043
10.083887,3391807.468657
10.103970,3391807.557401
10.124014,3391807.645026
10.143896,3391807.732678
10.163908,3391807.821021
10.183852,3391807.909390
10.203945,3391807.997177
10.223911,3391808.053982
10.243909,3391808.140162
10.263949,3391808.225812
10.283871,3391808.310939
10.303984,3391808.396328
10.323897,3391808.481239
10.343949,3391808.565868
10.363764,3391808.651490
10.383921,3391808.760402
10.404094,3391808.844426
10.423956,3391808.927177
10.443910,3391809.010058
10.463898,3391809.093092
10.483972,3391809.176496
10.503866,3391809.258719
10.523869,3391809.340245
10.543981,3391809.421396
10.563890,3391809.502752
10.583875,3391809.553190
10.603962,3391809.634812
10.623955,3391809.714287
10.643891,3391809.792151
10.663903,3391809.871054
10.683805,3391809.950945
10.703868,3391810.030172
10.723920,3391810.108820
10.743902,3391810.186586
10.763950,3391810.263788
10.783889,3391810.341353
10.803848,3391810.422790
10.823897,3391810.499497
10.843871,3391810.574584
10.863915,3391810.650251
10.883998,3391810.726646
10.903964,3391810.802841
10.923924,3391810.878501
10.943953,3391810.954185
10.963868,3391811.029584
10.983895,3391811.103467
11.003998,3391811.198340
11.023895,3391811.274295
11.043962,3391811.349613
11.063955,3391811.424345
11.083880,3391811.498805
11.103947,3391811.573429
11.123858,3391811.648068
11.143901,3391811.721892
11.163937,3391811.796161
11.183820,3391811.871189
11.203973,3391811.945724
11.223917,3391812.047083
11.243893,3391812.121376
11.263882,3391812.195553
11.283894,3391812.269410
11.303880,3391812.342910
11.323871,3391812.416993
11.343969,3391812.491836
11.363888,3391812.566815
11.384001,3391812.639099
11.403872,3391812.685088
11.423865,3391812.755068
11.443815,3391812.824333
11.463983,3391812.893611
11.483963,3391812.962637
11.503897,3391813.031434
11.523899,3391813.099942
11.543827,3391813.168896
11.563863,3391813.237108
11.583856,3391813.305735
11.603895,3391813.391753
11.623951,3391813.460306
11.643866,3391813.528392
11.663911,3391813.595908
11.683989,3391813.663032
11.703972,3391813.730527
11.724030,3391813.797721
11.743937,3391813.864811
11.763930,3391813.931477
11.783795,3391813.998723
11.803873,3391814.096920
11.823885,3391814.164287
11.843851,3391814.230808
11.863907,3391814.297342
11.883858,3391814.364434
11.903929,3391814.430958
11.923839,3391814.496708
11.943958,3391814.562442
11.964015,3391814.628580
11.983961,3391814.695079
12.003905,3391814.771123
12.023896,3391814.836174
12.043821,3391814.900683
12.063860,3391814.966377
12.083884,3391815.034097
12.103974,3391815.102258
12.123988,3391815.169199
12.143997,3391815.234633
12.163993,3391815.300062
12.183840,3391815.365596
12.203943,3391815.431375
12.223839,3391815.471982
12.243923,3391815.536590
12.263876,3391815.600482
12.283949,3391815.663660
12.303792,3391815.727083
12.323831,3391815.790378
12.343848,3391815.853703
12.364028,3391815.916916
12.383962,3391815.979273
12.403905,3391816.039145
12.423896,3391816.099983
12.443904,3391816.160436
12.463896,3391816.220565
12.483804,3391816.281320
12.503927,3391816.341878
12.523899,3391816.401205
12.543796,3391816.459947
12.563920,3391816.517517
12.583881,3391816.574694
12.603827,3391816.618192
12.623848,3391816.675151
12.643845,3391816.730370
12.663865,3391816.785253
12.683909,3391816.839909
12.703855,3391816.893206
12.724007,3391816.947163
12.743844,3391817.001088
12.763873,3391817.055128
12.783967,3391817.108357
12.803935,3391817.179175
12.823775,3391817.229959
12.843844,3391817.280475
12.863991,3391817.330587
12.883942,3391817.380959
12.903917,3391817.431599
12.924078,3391817.481417
12.943946,3391817.530692
12.963853,3391817.580529
12.983946,3391817.657975
13.003924,3391817.706996
13.024028,3391817.755476
13.043889,3391817.803465
13.063934,3391817.851587
13.083875,3391817.899842
13.103911,3391817.947529
13.123885,3391817.995171
13.143983,3391818.042701
13.163914,3391818.089719
13.183935,3391818.136117
13.203860,3391818.148790
13.223851,3391818.193641
13.243888,3391818.238206
13.264041,3391818.281998
13.283847,3391818.324754
13.303918,3391818.366884
13.323886,3391818.408520
13.343925,3391818.449723
13.363826,3391818.490389
13.383829,3391818.530407
13.404050,3391818.539736
13.423978,3391818.577973
13.444014,3391818.615247
13.464003,3391818.651475
13.483970,3391818.687336
13.503811,3391818.722779
13.523882,3391818.757740
13.543957,3391818.792518
13.564014,3391818.827234
13.583984,3391818.861846
13.603887,3391818.915067
13.623821,3391818.949309
13.643982,3391818.983381
13.663928,3391819.017178
13.683996,3391819.050568
13.703969,3391819.083446
13.723928,3391819.115672
13.743883,3391819.147226
13.763922,3391819.178373
13.783854,3391819.209033
13.803942,3391819.218835
13.823913,3391819.248856
13.843818,3391819.278703
13.864025,3391819.308132
13.883865,3391819.337193
13.903863,3391819.365778
13.924068,3391819.393824
13.943933,3391819.421168
13.963884,3391819.447651
13.983907,3391819.473299
14.003966,3391819.465143
14.024036,3391819.488616
14.043946,3391819.511121
14.063866,3391819.532744
14.084151,3391819.553533
14.103904,3391819.573687
14.123847,3391819.593047
14.143923,3391819.611759
14.163968,3391819.629887
14.183926,3391819.647522
14.203856,3391819.664653
14.223802,3391819.674839
14.243937,3391819.690861
14.263984,3391819.706478
14.283781,3391819.721588
14.303946,3391819.736251
14.323982,3391819.750436
14.343838,3391819.764130
14.364033,3391819.777367
14.383997,3391819.790223
14.403999,3391819.795925
14.423917,3391819.807883
14.443844,3391819.819422
14.464011,3391819.830606
14.483948,3391819.841405
14.503911,3391819.851818
14.523956,3391819.861853
14.543888,3391819.871416
14.563955,3391819.880785
14.583886,3391819.889767
14.603983,3391819.880187
14.624008,3391819.888213
14.643878,3391819.896059
14.663946,3391819.903476
14.683867,3391819.910515
14.703884,3391819.917159
14.723818,3391819.923380
14.743873,3391819.929144
14.763968,3391819.934453
14.783948,3391819.939141
14.803946,3391819.918167
14.823903,3391819.922067
14.843940,3391819.925786
14.863951,3391819.929351
14.883854,3391819.932697
14.903798,3391819.935867
14.923960,3391819.938747
14.943998,3391819.941394
14.964070,3391819.943794
14.984020,3391819.945853
15.003979,3391819.948733
15.023953,3391819.950229
15.043923,3391819.951403
15.063843,3391819.952354
15.083936,3391819.953062
15.103904,3391819.953564
15.123937,3391819.953896
15.143923,3391819.954019
15.163898,3391819.954028
15.183965,3391819.953954
15.203942,3391819.950502
15.223880,3391819.950285
15.243974,3391819.950063
15.263879,3391819.949805
15.283986,3391819.949592
15.303811,3391819.949409
15.324015,3391819.949302
15.343932,3391819.949225
15.363796,3391819.949275
15.383959,3391819.949351
15.403898,3391819.935035
15.424011,3391819.935142
15.443937,3391819.935395
15.463960,3391819.935674
15.483990,3391819.935970
15.503969,3391819.936295
15.523916,3391819.936766
15.543863,3391819.937161
15.563927,3391819.937631
15.583862,3391819.938043
15.603875,3391819.938033
15.623965,3391819.938440
15.643938,3391819.938790
15.663811,3391819.939152
15.683888,3391819.939508
15.703971,3391819.939814
15.723964,3391819.940056
15.743901,3391819.940272
15.763871,3391819.940557
15.783889,3391819.940890
15.803955,3391819.941047
15.823968,3391819.941418
15.843853,3391819.941626
15.863921,3391819.941983
15.883940,3391819.942295
15.903876,3391819.942687
15.923859,3391819.943001
15.943935,3391819.943295
15.963784,3391819.943597
15.983898,3391819.942400
16.003915,3391819.942739
16.023801,3391819.943026
16.043969,3391819.943201
16.063895,3391819.943507
16.083966,3391819.943803
16.103867,3391819.944187
16.123899,3391819.944493
16.143968,3391819.944835
16.164000,3391819.945139
16.183991,3391819.945449
16.203872,3391819.945860
16.224003,3391819.943602
16.243950,3391819.944015
16.263981,3391819.944249
16.283968,3391819.944562
16.303905,3391819.944819
16.323981,3391819.945009
16.343871,3391819.945337
16.363883,3391819.945633
16.384041,3391819.945952
16.403901,3391819.942493
16.423933,3391819.942753
16.443910,3391819.943000
16.463947,3391819.943244
16.483875,3391819.943537
16.503986,3391819.943798
16.523909,3391819.944094
16.543859,3391819.944312
16.563874,3391819.944610
16.583958,3391819.944817
16.603901,3391819.941059
16.623957,3391819.941211
16.644057,3391819.941320
16.663926,3391819.941587
16.683891,3391819.941886
16.703944,3391819.942089
16.723883,3391819.942194
16.743864,3391819.942378
16.764074,3391819.942645
16.783869,3391819.942867
16.804031,3391819.942662
16.823897,3391819.942772
16.843999,3391819.943035
16.863980,3391819.943166
16.883954,3391819.943402
16.903998,3391819.943657
16.923916,3391819.943800
16.943970,3391819.944027
16.964004,3391819.944168
16.984003,3391819.944464
17.003848,3391819.944658
17.023967,3391819.944783
17.043778,3391819.944954
17.063778,3391819.945203
17.083959,3391819.945520
17.103829,3391819.945669
17.124017,3391819.945887
17.143999,3391819.946070
17.164037,3391819.946326
17.183845,3391819.946565
17.203882,3391819.946767
17.223855,3391819.947146
17.243919,3391819.947378
17.263943,3391819.947622
17.283898,3391819.947841
17.303839,3391819.948023
17.323955,3391819.948230
17.343927,3391819.948424
17.363812,3391819.948675
17.383843,3391819.948884
17.403942,3391819.947934
17.423929,3391819.948215
17.444000,3391819.948413
17.463960,3391819.948553
17.483925,3391819.948809
17.504542,3391819.949018
