0.440108,0.008000
0.507105,0.012000
0.673588,0.001000
0.707773,0.004000
0.740200,0.008000
0.840550,0.012000
0.906510,0.007000
0.941076,0.009000
0.973571,0.008000
1.042380,0.009000
1.141536,0.002000
1.341444,0.000000
1.407298,0.026000
1.441681,0.007000
1.507603,0.010000
1.707141,0.007000
1.741619,0.009000
1.840958,0.008000
1.975970,0.008000
2.177209,0.006000
2.477330,0.009000
2.511768,0.009000
2.579750,0.016000
2.617282,0.015000
2.646442,0.008000
2.712228,0.008000
2.779262,0.008000
2.945377,0.008000
2.977979,0.018000
3.112852,0.009000
3.178632,0.011000
3.411845,0.007000
3.644931,0.006000
3.977274,0.010000
4.009666,0.008000
4.310023,0.003000
4.376827,0.013000
4.409297,0.013000
4.477047,0.009000
4.509489,0.008000
4.577467,0.008000
4.610023,0.000000
4.646216,0.008000
4.678621,0.018000
4.711131,0.008000
4.978665,0.027000
5.110257,0.008000
5.211638,0.015000
5.345395,0.013000
5.377812,0.008000
5.410311,0.008000
5.444768,0.019000
5.546063,0.009000
5.611174,0.021000
5.645310,0.009000
5.679789,0.020000
5.712339,0.006000
5.882386,0.008000
5.914910,0.008000
5.983716,0.009000
6.014230,0.008000
6.182420,0.008000
6.216905,0.000000
6.251354,0.009000
6.348558,0.022000
6.415420,0.009000
6.449753,0.033000
6.514795,0.007000
6.615957,0.012000
6.717279,0.013000
6.749676,0.008000
6.784494,0.021000
6.883495,0.018000
6.916263,0.042000
7.115535,0.008000
7.315065,0.008000
7.347688,0.006000
7.414543,0.007000
7.547041,0.009000
7.681775,0.018000
7.748599,0.020000
7.816468,0.024000
7.882386,0.012000
8.182300,0.000000
8.214614,0.008000
8.317111,0.010000
8.382938,0.015000
8.415356,0.008000
8.482194,0.007000
8.580439,0.008000
8.648366,0.009000
8.682934,0.009000
8.785188,0.007000
8.816612,0.007000
8.948498,0.007000
8.982877,0.009000
9.083185,0.009000
9.286729,0.008000
9.323225,0.011000
9.353604,0.012000
9.389156,0.011000
9.451145,0.000000
9.586818,0.008000
9.653564,0.007000
9.720459,0.014000
9.854275,0.017000
9.953630,0.012000
10.020513,0.001000
10.087177,0.024000
10.121717,0.014000
10.253454,0.000000
10.322320,0.009000
11.185738,0.009000
11.319454,0.011000
11.386343,0.006000
11.420851,0.020000
11.453265,0.007000
11.753144,0.005000
11.986083,0.009000
12.020641,0.000000
12.085369,0.008000
12.154300,0.007000
12.186703,0.008000
12.421987,0.003000
12.456591,0.008000
12.554032,0.026000
12.687764,0.009000
12.724470,0.013000
12.756816,0.006000
12.858046,0.008000
12.924947,0.009000
12.959283,0.019000
13.028401,0.011000
13.157989,0.007000
13.190480,0.009000
13.425632,0.010000
13.460124,0.008000
13.526961,0.008000
13.857380,0.008000
13.924337,0.013000
13.958694,0.008000
14.523302,0.015000
14.856407,0.017000
14.888828,0.008000
14.921156,0.003000
14.955626,0.011000
14.989123,0.009000
15.057266,0.019000
15.156682,0.008000
15.255702,0.008000
15.290184,0.017000
15.322639,0.005000
15.456722,0.007000
15.522309,0.008000
15.590494,0.008000
15.657124,0.008000
15.790904,0.006000
15.822630,0.008000
15.890203,0.008000
15.922707,0.000000
16.058311,0.017000
16.157776,0.008000
16.192173,0.008000
16.259068,0.007000
16.326006,0.007000
16.359445,0.016000
16.595481,0.008000
16.694779,0.008000
16.727154,0.009000
16.761500,0.008000
16.927718,0.019000
16.962083,0.009000
17.164734,0.021000
17.195286,0.008000
17.295640,0.009000
17.329034,0.008000
17.428210,0.008000
17.557586,0.015000
17.594536,0.007000
17.661395,0.008000
17.728302,0.000000
17.926682,0.018000
17.993828,0.004000
18.127306,0.012000
18.194264,0.007000
18.358327,0.005000
18.392894,0.028000
18.526545,0.007000
18.694726,0.011000
18.727190,0.008000
18.858721,0.012000
18.927672,0.008000
18.993495,0.007000
19.059287,0.008000
19.094790,0.019000
19.195273,0.008000
19.227833,0.023000
19.259995,0.007000
19.359414,0.007000
19.393951,0.009000
19.527525,0.005000
19.695857,0.016000
19.728432,0.014000
19.961489,0.007000
20.062920,0.008000
20.164065,0.010000
20.198505,0.005000
20.232970,0.011000
20.297849,0.008000
20.664769,0.013000
20.733840,0.000000
