0.297589,-0.223000
0.929213,-0.223000
0.994568,-0.223000
1.029171,-0.223000
1.195277,-0.222000
1.229562,-0.227000
1.462622,-0.242000
1.495020,-0.242000
1.529530,-0.241000
1.797137,-0.234000
1.897480,-0.181000
1.963054,-0.141000
1.997562,-0.141000
2.329959,-0.073000
2.399004,-0.073000
2.498240,-0.082000
2.567117,-0.072000
2.672278,0.043000
2.704792,0.043000
2.735099,0.233000
2.767659,0.233000
2.801946,0.233000
2.834422,0.338000
2.871111,0.338000
2.909428,0.338000
2.934734,0.282000
2.970440,0.282000
3.006688,0.282000
3.034986,0.172000
3.071453,0.172000
3.106002,0.172000
3.136872,0.139000
3.172677,0.139000
3.208177,0.139000
3.238612,0.032000
3.272011,0.032000
3.304588,0.032000
3.337070,0.032000
3.405996,0.032000
3.438550,-0.115000
3.537713,-0.081000
3.637087,-0.101000
3.835653,-0.189000
4.068699,-0.186000
4.202715,-0.212000
4.334100,-0.225000
4.368665,-0.225000
4.569370,-0.260000
4.601688,-0.260000
4.769882,-0.319000
4.804396,-0.319000
4.834644,-0.394000
4.869276,-0.394000
5.002978,-0.433000
5.035364,-0.409000
5.102231,-0.409000
5.203609,-0.419000
5.236010,-0.485000
5.270497,-0.485000
5.304954,-0.485000
5.436943,-0.534000
5.503497,-0.534000
5.568389,-0.529000
5.637358,-0.515000
5.669637,-0.515000
5.805416,-0.476000
5.869193,-0.525000
5.908908,-0.525000
6.010218,-0.527000
6.040421,-0.541000
6.072860,-0.541000
6.111376,-0.541000
6.145852,-0.547000
6.175254,-0.547000
6.214756,-0.547000
6.248251,-0.582000
6.273375,-0.582000
6.312053,-0.582000
6.344571,-0.655000
6.374982,-0.655000
6.474391,-0.712000
6.510948,-0.712000
6.543214,-0.791000
6.573614,-0.791000
6.610162,-0.791000
6.642481,-0.751000
6.674942,-0.751000
6.774148,-0.740000
6.845012,-0.754000
6.909022,-0.754000
6.974792,-0.747000
7.307292,-0.865000
7.473320,-1.202000
7.540049,-1.395000
7.572475,-1.395000
7.739716,-1.524000
7.773107,-1.532000
7.807808,-1.532000
7.874448,-1.567000
8.007133,-1.647000
8.040485,-1.647000
8.172764,-1.641000
8.273522,-1.722000
8.340404,-1.722000
8.573461,-1.574000
8.608140,-1.574000
8.641230,-1.574000
8.672716,-1.491000
8.773896,-1.365000
8.942352,-1.189000
9.041512,-1.189000
9.074380,-0.690000
9.106838,-0.690000
9.141236,-0.690000
9.206334,-0.474000
9.241592,-0.474000
9.275068,-0.278000
9.309732,-0.278000
9.344060,-0.278000
9.414900,0.068000
9.455487,0.068000
9.479722,0.446000
9.512103,0.446000
9.548626,0.446000
9.581038,0.694000
9.610459,0.694000
9.649930,0.694000
9.680334,0.979000
9.710912,0.979000
9.748209,0.979000
9.780539,1.436000
9.811964,1.436000
9.846622,1.436000
9.881119,1.436000
9.913495,1.436000
9.951481,1.436000
9.984313,1.436000
10.011604,1.436000
10.081453,2.417000
10.111859,2.417000
10.215310,2.546000
10.247619,2.546000
10.310580,2.598000
10.379512,2.716000
10.910448,3.601000
11.076557,4.167000
11.276284,4.861000
11.377386,5.249000
11.511293,5.505000
11.545564,5.505000
11.578054,5.492000
11.608408,5.492000
11.744237,5.550000
11.810183,5.562000
11.910585,5.845000
12.244661,6.012000
12.309477,5.983000
12.445194,6.042000
12.512053,5.801000
12.544428,5.801000
12.678198,5.655000
12.844424,5.667000
12.880864,5.713000
12.913312,5.713000
12.945768,5.713000
12.981159,5.730000
13.018773,5.730000
13.050196,5.730000
13.085660,5.528000
13.115923,5.528000
13.150572,5.528000
13.182757,5.334000
13.220361,5.334000
13.248703,5.334000
13.288167,5.328000
13.316481,5.328000
13.346934,5.328000
13.383372,5.319000
13.416843,5.319000
13.450343,5.319000
13.485775,5.129000
13.554635,5.129000
13.586070,5.109000
13.618496,5.109000
13.648941,5.109000
13.685865,4.919000
13.749211,4.919000
13.817008,4.213000
13.847420,4.213000
13.884032,3.293000
13.916476,3.293000
13.947825,3.293000
14.084543,2.739000
14.147609,2.739000
14.348089,2.213000
14.480815,1.715000
14.581198,1.357000
14.780792,0.111000
14.814207,0.111000
14.913614,-0.147000
14.946092,-0.147000
14.980478,-0.420000
15.045257,-0.420000
15.081645,-0.763000
15.179901,-1.079000
15.245921,-1.079000
15.381663,-1.764000
15.414002,-1.764000
15.847704,-3.056000
15.879963,-3.049000
15.914897,-3.049000
16.014702,-3.157000
16.115012,-3.308000
16.181937,-3.412000
16.247860,-3.412000
16.315669,-3.238000
16.380417,-3.238000
16.414935,-3.093000
16.518187,-2.982000
16.582946,-2.982000
16.617432,-2.833000
16.655882,-2.833000
16.684267,-2.833000
16.722775,-2.730000
16.757360,-2.730000
16.792692,-2.730000
16.827191,-2.452000
16.852446,-2.452000
16.884936,-2.452000
16.921325,-2.132000
16.955818,-2.132000
16.988272,-2.132000
17.022657,-1.854000
17.057080,-1.854000
17.085453,-1.854000
17.119874,-1.804000
17.156888,-1.804000
17.186807,-1.804000
17.257773,-1.680000
17.352915,-1.435000
17.385469,-1.435000
17.419798,-1.311000
17.452278,-1.311000
17.486775,-1.311000
17.586098,-1.231000
17.652871,-1.071000
17.687463,-1.071000
17.784809,-0.819000
17.853547,-0.747000
17.886003,-0.747000
17.985193,-0.754000
18.517347,-0.317000
18.550732,-0.317000
18.582481,-0.317000
18.617065,-0.292000
18.651706,-0.292000
18.681762,-0.292000
18.785228,-0.268000
18.949301,0.089000
18.982735,0.089000
19.083047,0.327000
19.117548,0.419000
19.151018,0.419000
19.318205,0.398000
19.384181,0.398000
19.450899,0.285000
19.484453,0.285000
19.617103,0.200000
19.717407,0.106000
19.851036,0.077000
19.885646,0.077000
19.917987,0.099000
19.952338,0.099000
20.017368,0.119000
20.051678,0.119000
20.189552,0.153000
20.217892,0.205000
20.256369,0.205000
20.292741,0.205000
20.327439,0.229000
20.362678,0.229000
20.391960,0.229000
20.420350,0.296000
20.458997,0.296000
20.491400,0.296000
20.523814,0.365000
20.558223,0.365000
20.594698,0.365000
20.622950,0.459000
20.657473,0.459000
20.689930,0.459000
20.722205,0.637000
20.827814,0.741000
20.862120,0.741000
20.892477,0.741000
20.922894,0.742000
20.992777,0.742000
21.022146,0.814000
21.058804,0.814000
21.123397,0.823000
21.158036,0.823000
21.192330,0.823000
21.224924,0.801000
21.358518,0.758000
21.423332,0.784000
21.490380,0.784000
21.889506,1.168000
21.989019,1.272000
22.120869,1.836000
22.189436,1.836000
22.256182,2.113000
22.389974,2.346000
22.489346,2.243000
22.556284,2.084000
22.589853,2.084000
22.620955,2.032000
22.655485,2.032000
22.690049,2.032000
22.720271,1.994000
22.789934,1.994000
22.857135,1.564000
22.890538,1.564000
22.922989,0.961000
22.988991,0.961000
23.021293,0.708000
23.089249,0.708000
23.155985,1.075000
23.190635,1.075000
23.255255,1.322000
23.289824,1.322000
23.391169,0.759000
23.556200,0.917000
23.589955,0.917000
23.693080,1.200000
23.792347,1.311000
23.829010,1.311000
23.861163,1.447000
23.899971,1.447000
23.930214,1.447000
23.960558,1.251000
23.997099,1.251000
24.031628,1.251000
24.062821,1.514000
24.098369,1.514000
24.134757,1.514000
24.161067,1.944000
24.195554,1.944000
24.230002,1.944000
24.258498,2.216000
24.298946,2.216000
24.329330,2.216000
24.363767,2.423000
24.396057,2.423000
24.430580,2.423000
24.462877,2.680000
24.497314,2.680000
24.560167,2.642000
24.597682,2.642000
24.659504,2.456000
24.695875,2.456000
24.760732,2.064000
24.861023,1.421000
24.928941,1.421000
24.961219,0.497000
25.094156,0.242000
25.159873,0.486000
25.358671,1.231000
25.494292,1.136000
25.927086,0.937000
25.959544,1.012000
25.994006,1.012000
26.293881,0.477000
26.359706,0.239000
26.460040,0.474000
26.528996,0.474000
26.560381,0.604000
26.695361,0.565000
26.794427,0.567000
26.827906,0.567000
26.928250,0.541000
26.995039,0.501000
27.063015,0.501000
27.093379,0.501000
27.128898,0.501000
27.230299,0.310000
27.264676,0.161000
27.337566,0.161000
27.368127,0.073000
27.400321,0.073000
27.432757,0.073000
27.467270,0.073000
27.499680,0.073000
27.536197,0.073000
27.602056,0.175000
27.637529,0.175000
27.700226,0.166000
27.732676,0.166000
27.767222,0.135000
27.802641,0.135000
27.835049,0.135000
27.870648,0.095000
27.903054,0.095000
27.933304,0.095000
27.967765,0.001000
28.000180,0.001000
28.036744,0.001000
28.069305,-0.094000
28.200750,-0.029000
28.466364,0.246000
28.666141,0.408000
28.731789,0.408000
28.932299,0.609000
29.299922,0.999000
29.467194,1.061000
29.499552,1.061000
29.533976,1.061000
29.634360,1.089000
29.700153,0.944000
29.767054,1.119000
29.967761,1.576000
30.000072,1.576000
30.034649,1.576000
30.100336,1.363000
30.200630,0.957000
30.234969,0.957000
30.267440,0.658000
30.333331,0.658000
30.370889,0.824000
30.438679,0.824000
30.470061,0.975000
30.504656,0.975000
30.538930,0.975000
30.573366,0.989000
30.604772,0.989000
30.644406,0.989000
30.679815,1.061000
30.712566,1.061000
30.738917,1.061000
30.773289,1.209000
30.804156,1.209000
30.838371,1.209000
30.874729,1.478000
30.907277,1.478000
30.937580,1.478000
31.006563,1.476000
31.037038,1.476000
31.073303,1.455000
31.107807,1.455000
31.140140,1.455000
31.239473,1.417000
31.273917,1.483000
31.306502,1.483000
31.338973,1.483000
31.438236,1.489000
31.539434,1.644000
31.705598,1.952000
31.804765,1.764000
31.970789,1.425000
32.070489,1.224000
32.236203,0.968000
32.303102,0.645000
32.503723,0.351000
32.536129,0.351000
32.704555,0.417000
33.004356,0.082000
33.036841,0.082000
33.104530,0.032000
33.172350,0.032000
33.237203,-0.022000
33.404382,-0.200000
33.437889,-0.200000
33.537299,-0.221000
33.571904,-0.221000
33.606051,-0.220000
33.704426,-0.270000
33.840070,-0.339000
33.908037,-0.464000
33.979074,-0.464000
34.009315,-0.628000
34.078209,-0.628000
34.108607,-0.760000
34.141069,-0.760000
34.177597,-0.760000
34.210993,-0.863000
34.244497,-0.863000
34.276835,-0.863000
34.313307,-0.918000
34.341613,-0.918000
34.378256,-0.918000
34.412502,-0.818000
34.441909,-0.818000
34.477532,-0.818000
34.510902,-0.769000
34.542178,-0.769000
34.574650,-0.769000
34.611566,-0.758000
34.645707,-0.758000
34.676052,-0.758000
34.710475,-0.613000
34.777411,-0.613000
34.811727,-0.386000
34.846232,-0.386000
34.874537,-0.386000
34.945628,-0.173000
34.977017,-0.173000
35.044755,0.048000
35.075117,0.048000
35.143931,0.152000
35.176373,0.152000
35.275685,0.393000
35.310187,0.480000
35.374945,0.480000
35.541204,0.565000
35.608106,0.524000
35.808724,0.522000
35.873437,0.522000
36.007285,0.928000
36.206955,0.808000
36.272630,0.808000
36.341526,1.015000
36.375010,1.015000
36.641521,1.829000
36.973891,1.312000
37.008417,0.759000
37.274877,0.891000
37.410742,1.072000
37.510098,0.997000
37.542141,0.997000
37.576724,0.997000
37.611191,1.088000
37.651649,1.088000
37.676130,1.088000
37.716498,1.106000
37.747931,1.106000
37.779262,1.106000
37.811774,1.106000
37.848259,1.106000
37.886679,1.106000
37.915021,1.101000
37.955464,1.101000
37.980825,1.101000
38.013220,1.030000
38.048743,1.030000
38.081043,1.030000
38.113503,0.911000
38.150020,0.911000
38.180350,0.911000
38.214930,0.847000
38.314234,0.847000
38.348624,0.847000
38.381001,0.847000
38.415446,0.851000
38.511761,0.988000
38.549327,0.988000
38.581695,0.988000
38.614080,1.148000
38.648643,1.148000
38.812728,1.287000
38.847195,1.287000
39.045793,1.438000
39.311133,1.342000
39.378172,1.293000
39.410588,1.293000
39.544331,1.114000
39.645643,1.009000
39.878675,0.776000
40.044768,0.786000
40.109620,0.786000
40.178504,0.730000
40.210967,0.730000
40.244291,0.589000
40.445845,0.327000
40.545271,0.355000
40.610201,0.355000
40.644579,0.431000
40.711549,0.431000
40.745903,0.431000
40.810733,0.431000
40.879603,0.431000
41.151244,0.238000
41.246522,0.238000
41.284055,0.238000
41.347806,-0.117000
41.384227,-0.117000
41.418782,-0.117000
41.449118,-0.154000
41.487753,-0.154000
41.521009,-0.154000
41.550536,-0.151000
41.586923,-0.151000
41.617430,-0.151000
41.648876,-0.144000
41.684173,-0.144000
41.718870,-0.144000
41.748111,-0.173000
41.785711,-0.173000
41.818095,-0.173000
41.848405,-0.255000
41.886934,-0.255000
41.917326,-0.255000
41.951715,-0.285000
42.051176,-0.274000
42.117885,-0.274000
42.148353,-0.263000
42.348942,-0.195000
42.383340,-0.195000
42.616421,-0.241000
42.781427,-0.197000
42.814907,-0.197000
42.847445,-0.122000
42.914355,-0.122000
42.946733,-0.092000
43.147335,-0.079000
43.214103,-0.079000
43.346148,-0.058000
43.480654,-0.049000
43.546497,0.018000
43.880786,0.122000
43.915336,0.122000
44.047093,0.182000
44.115978,0.182000
44.148508,0.199000
44.247885,0.153000
44.282186,0.153000
44.381480,0.092000
44.547860,0.008000
44.582181,0.008000
44.616866,0.008000
44.683671,0.007000
44.819460,0.039000
44.920670,0.024000
44.984614,-0.007000
45.022979,-0.007000
45.055581,-0.007000
45.086887,-0.065000
45.121197,-0.065000
45.155704,-0.065000
45.190253,-0.123000
45.222556,-0.123000
45.255021,-0.123000
45.287493,-0.224000
45.354254,-0.224000
45.384758,-0.278000
45.423146,-0.278000
45.457592,-0.278000
45.490056,-0.273000
45.557008,-0.273000
45.585206,-0.285000
45.621677,-0.285000
45.656197,-0.285000
45.688733,-0.307000
45.785988,-0.316000
45.854668,-0.316000
45.887186,-0.298000
45.920551,-0.298000
45.985481,-0.289000
46.085857,-0.293000
46.319139,-0.246000
46.552412,-0.183000
46.584259,-0.163000
46.651554,-0.163000
46.884063,0.059000
46.950983,0.059000
47.085117,0.315000
47.152496,0.315000
47.183908,0.599000
47.319622,0.830000
47.352475,0.830000
47.585076,1.868000
47.619513,1.868000
47.685514,2.145000
47.820097,2.465000
47.919543,2.875000
48.019773,3.147000
48.085697,3.476000
48.187040,3.962000
48.225439,3.962000
48.259043,3.962000
48.290473,4.021000
48.357189,4.021000
48.389518,4.269000
48.423944,4.269000
48.460519,4.269000
48.490907,4.608000
48.525324,4.608000
48.557853,4.608000
48.590259,5.234000
48.622545,5.234000
48.659111,5.234000
48.691551,5.540000
48.726016,5.540000
48.764515,5.540000
48.828389,5.678000
48.859646,5.678000
48.893211,6.183000
48.924551,6.183000
48.959046,6.183000
48.994464,6.904000
49.025984,6.904000
49.059367,6.904000
49.093663,7.574000
49.125153,7.574000
49.159485,7.574000
49.226348,8.289000
49.258833,8.289000
49.326711,8.417000
49.360023,8.417000
49.392413,8.417000
49.424854,8.417000
49.459328,8.417000
49.491972,8.179000
49.524110,8.179000
49.623405,7.650000
49.757162,7.047000
49.856325,6.431000
50.156468,4.030000
50.188832,3.199000
50.255655,3.199000
50.357004,2.425000
50.420661,1.447000
50.456196,1.447000
50.520915,0.793000
50.555705,0.793000
50.589794,0.600000
50.622111,0.600000
50.654578,0.600000
50.689227,0.577000
50.756060,0.577000
50.857305,0.841000
50.889735,1.095000
50.922116,1.095000
50.990079,1.171000
51.090435,1.209000
51.120685,1.209000
51.256515,1.222000
51.356782,1.280000
51.391497,1.324000
51.457302,1.324000
51.489612,1.194000
51.589091,1.122000
51.690355,0.916000
51.722713,0.916000
51.993220,0.299000
52.095616,0.003000
52.128018,0.003000
52.160295,0.003000
52.194768,-0.117000
52.233302,-0.117000
52.259591,-0.117000
52.300123,-0.107000
52.328569,-0.107000
52.360801,-0.107000
52.397343,-0.114000
52.429727,-0.114000
52.462152,-0.114000
52.496701,-0.072000
52.530156,-0.072000
52.562485,-0.072000
52.597976,-0.036000
52.630368,-0.036000
52.658811,-0.036000
52.697292,-0.100000
52.728658,-0.100000
52.759974,-0.100000
52.797632,-0.249000
52.861272,-0.249000
52.897906,-0.316000
52.994974,-0.316000
53.029530,-0.319000
53.059800,-0.319000
53.128864,-0.319000
53.161146,-0.319000
53.228155,-0.395000
53.327505,-0.496000
53.359763,-0.496000
53.559386,-0.329000
53.858167,-0.287000
53.927113,-0.314000
53.959517,-0.314000
54.093098,-0.439000
54.226915,-0.527000
54.293651,-0.527000
54.358565,-0.524000
54.459852,-0.540000
54.494313,-0.540000
