0.187008,741647.655796
0.205968,741647.656790
0.207063,741647.656790
0.225809,741647.657830
0.226924,741647.657830
0.245790,741647.658753
0.247046,741647.658753
0.265887,741647.659884
0.267001,741647.659884
0.285782,741647.651213
0.287007,741647.651213
0.305846,741647.652165
0.306944,741647.652165
0.325835,741647.653188
0.327033,741647.653188
0.345803,741647.654130
0.347036,741647.654130
0.365837,741647.655103
0.366991,741647.655103
0.385824,741647.656128
0.387245,741647.656128
0.405826,741647.657129
0.407024,741647.657129
0.425879,741647.658087
0.427034,741647.658087
0.445882,741647.659146
0.447036,741647.659146
0.465835,741647.654531
0.466994,741647.654531
0.485878,741647.655512
0.487016,741647.655512
0.505923,741647.656531
0.507186,741647.656531
0.525916,741647.657415
0.527038,741647.657415
0.545844,741647.658437
0.547068,741647.658437
0.567284,741647.659347
0.567984,741647.659347
0.586925,741647.660298
0.588288,741647.660298
0.606177,741647.661327
0.607166,741647.661327
0.625859,741647.662238
0.627009,741647.662238
0.645912,741647.663221
0.647084,741647.663221
0.665765,741647.664224
0.667131,741647.664224
0.685970,741647.658002
0.686945,741647.658002
0.705764,741647.658948
0.707088,741647.658948
0.725764,741647.660017
0.726982,741647.660017
0.745849,741647.661043
0.746981,741647.661043
0.765884,741647.662034
0.766985,741647.662034
0.785920,741647.663100
0.787026,741647.663100
0.805911,741647.664030
0.807090,741647.664030
0.825936,741647.665139
0.827039,741647.665139
0.845796,741647.666143
0.847029,741647.666143
0.865767,741647.667147
0.867054,741647.667147
0.886024,741647.668223
0.886984,741647.668223
0.905849,741647.659075
0.907002,741647.659075
0.927092,741647.660006
0.927959,741647.660006
0.946814,741647.660975
0.947583,741647.660975
0.965954,741647.661933
0.967031,741647.661933
0.985781,741647.662968
0.987033,741647.662968
1.005883,741647.663936
1.007074,741647.663936
1.025811,741647.664833
1.027009,741647.664833
1.046036,741647.665844
1.047039,741647.665844
1.065925,741647.666815
1.066951,741647.666815
1.086970,741647.656082
1.088246,741647.656082
1.107622,741647.657019
1.108038,741647.657019
1.126026,741647.657854
1.127167,741647.657854
1.145792,741647.658823
1.147026,741647.658823
1.165816,741647.659748
1.167001,741647.659748
1.185996,741647.660749
1.186989,741647.660749
1.205877,741647.661696
1.207070,741647.661696
1.225881,741647.662698
1.227039,741647.662698
1.245705,741647.663623
1.247042,741647.663623
1.265897,741647.664590
1.267003,741647.664590
1.285766,741647.657233
1.286901,741647.657233
1.305837,741647.658231
1.307038,741647.658231
1.325974,741647.659085
1.326983,741647.659085
1.345908,741647.659967
1.347005,741647.659967
1.365842,741647.660917
1.367038,741647.660917
1.385808,741647.661779
1.387044,741647.661779
1.405812,741647.662715
1.407065,741647.662715
1.425860,741647.663694
1.427020,741647.663694
1.445874,741647.664536
1.447089,741647.664536
1.465877,741647.665442
1.466961,741647.665442
1.485859,741647.666406
1.487118,741647.666406
1.505908,741647.655769
1.507020,741647.655769
1.525894,741647.656672
1.527113,741647.656672
1.545785,741647.657511
1.547016,741647.657511
1.565903,741647.658354
1.567010,741647.658354
1.585952,741647.659297
1.586997,741647.659297
1.605891,741647.660179
1.606999,741647.660179
1.625920,741647.661085
1.627031,741647.661085
1.645854,741647.661903
1.647088,741647.661903
1.665816,741647.662868
1.666927,741647.662868
1.685858,741647.645651
1.686958,741647.645651
1.705887,741647.646390
1.706988,741647.646390
1.725864,741647.647185
1.726903,741647.647185
1.745771,741647.647938
1.747039,741647.647938
1.765855,741647.648682
1.767087,741647.648682
1.785894,741647.649413
1.787083,741647.649413
1.805911,741647.650200
1.807025,741647.650200
1.825721,741647.650939
1.827024,741647.650939
1.845796,741647.651742
1.847064,741647.651742
1.865747,741647.652406
1.867147,741647.652406
1.885775,741647.645005
1.887095,741647.645005
1.905882,741647.645715
1.907029,741647.645715
1.925843,741647.646423
1.927059,741647.646423
1.945806,741647.647058
1.947001,741647.647058
1.965847,741647.647653
1.967099,741647.647653
1.985828,741647.648415
1.986988,741647.648415
2.005853,741647.649098
2.007067,741647.649098
2.025959,741647.649790
2.027122,741647.649790
2.045815,741647.650429
2.047096,741647.650429
2.065765,741647.650982
2.066925,741647.650982
2.085801,741647.652397
2.087012,741647.652397
2.105645,741647.652874
2.107020,741647.652874
2.125972,741647.653365
2.127049,741647.653365
2.145799,741647.653724
2.146994,741647.653724
2.165836,741647.654105
2.166961,741647.654105
2.185918,741647.654456
2.186951,741647.654456
2.205814,741647.654820
2.207143,741647.654820
2.225922,741647.655136
2.227038,741647.655136
2.245773,741647.655401
2.247016,741647.655401
2.265949,741647.652510
2.266999,741647.652510
2.286095,741647.652687
2.287028,741647.652687
2.307202,741647.652967
2.308351,741647.652967
2.326415,741647.653208
2.327713,741647.653208
2.345897,741647.653366
2.347090,741647.653366
2.365877,741647.653551
2.367030,741647.653551
2.385991,741647.653728
2.387023,741647.653728
2.405821,741647.653809
2.407021,741647.653809
2.425880,741647.653909
2.427021,741647.653909
2.445831,741647.654001
2.447084,741647.654001
2.465798,741647.653746
2.467012,741647.653746
2.485721,741647.653816
2.487019,741647.653816
2.505805,741647.654013
2.507027,741647.654013
2.525788,741647.654143
2.526968,741647.654143
2.545719,741647.654308
2.546981,741647.654308
2.565824,741647.654539
2.566961,741647.654539
2.585866,741647.654735
2.586997,741647.654735
2.605779,741647.654959
2.607156,741647.654959
2.625928,741647.655173
2.627054,741647.655173
2.645900,741647.655233
2.647062,741647.655233
2.665735,741647.658797
2.667089,741647.658797
2.685951,741647.658959
2.687000,741647.658959
2.705983,741647.658914
2.707169,741647.658914
2.725813,741647.658816
2.727196,741647.658816
2.745914,741647.658801
2.747011,741647.658801
2.765903,741647.658727
2.767038,741647.658727
2.785802,741647.658628
2.787073,741647.658628
2.805871,741647.658610
2.807035,741647.658610
2.825850,741647.658506
2.827027,741647.658506
2.845820,741647.658416
2.847086,741647.658416
2.865866,741647.658341
2.867031,741647.658341
2.885939,741647.658134
2.886951,741647.658134
2.905803,741647.644911
2.907130,741647.644911
2.925917,741647.644643
2.927083,741647.644643
2.945885,741647.644334
2.947065,741647.644334
2.965885,741647.643931
2.967065,741647.643931
2.986056,741647.643546
2.987019,741647.643546
3.005948,741647.643045
3.007063,741647.643045
3.025767,741647.642569
3.027033,741647.642569
3.045924,741647.642072
3.047024,741647.642072
3.065711,741647.643709
3.067047,741647.643709
3.085873,741647.643266
3.087214,741647.643266
3.106062,741647.642772
3.107105,741647.642772
3.125853,741647.642406
3.127025,741647.642406
3.145857,741647.641967
3.147071,741647.641967
3.165728,741647.641597
3.167060,741647.641597
3.185804,741647.641068
3.186995,741647.641068
3.205878,741647.640573
3.207085,741647.640573
3.225840,741647.640151
3.227007,741647.640151
3.245883,741647.639535
3.247051,741647.639535
3.265791,741647.629044
3.267002,741647.629044
3.285836,741647.628381
3.287101,741647.628381
3.305917,741647.627550
3.306968,741647.627550
3.325815,741647.626732
3.327082,741647.626732
3.345840,741647.625911
3.347014,741647.625911
3.365833,741647.625061
3.367078,741647.625061
3.385828,741647.624253
3.387013,741647.624253
3.405781,741647.623386
3.407099,741647.623386
3.425859,741647.622427
3.427051,741647.622427
3.445958,741647.621393
3.447059,741647.621393
3.465804,741647.620433
3.466988,741647.620433
3.485742,741647.605981
3.487063,741647.605981
3.505899,741647.604856
3.507059,741647.604856
3.525938,741647.603583
3.527039,741647.603583
3.545888,741647.602272
3.547021,741647.602272
3.565769,741647.601062
3.567083,741647.601062
3.585832,741647.599715
3.587000,741647.599715
3.607094,741647.598315
3.607799,741647.598315
3.626389,741647.597155
3.627387,741647.597155
3.645912,741647.595837
3.647044,741647.595837
3.665714,741647.594493
3.666894,741647.594493
3.686015,741647.605321
3.687008,741647.605321
3.705912,741647.604210
3.707075,741647.604210
3.725789,741647.602953
3.727081,741647.602953
3.745759,741647.601761
3.747072,741647.601761
3.765928,741647.600431
3.767024,741647.600431
3.785925,741647.599173
3.787063,741647.599173
3.805941,741647.597914
3.807020,741647.597914
3.825861,741647.596574
3.826933,741647.596574
3.845760,741647.595266
3.847004,741647.595266
3.865783,741647.593899
3.867076,741647.593899
3.885819,741647.592589
3.887156,741647.592589
3.905925,741647.587875
3.907017,741647.587875
3.925714,741647.586366
3.927041,741647.586366
3.945883,741647.584809
3.947037,741647.584809
3.965839,741647.583377
3.967066,741647.583377
3.986023,741647.581895
3.987051,741647.581895
4.005868,741647.580417
4.006983,741647.580417
4.025725,741647.578840
4.027131,741647.578840
4.045869,741647.577230
4.046944,741647.577230
4.065752,741647.575569
4.066979,741647.575569
4.085843,741647.568013
4.086989,741647.568013
4.105831,741647.566340
4.106983,741647.566340
4.125847,741647.564636
4.127031,741647.564636
4.145816,741647.562874
4.146985,741647.562874
4.165924,741647.561177
4.167013,741647.561177
4.185957,741647.559419
4.187067,741647.559419
4.205878,741647.557550
4.207139,741647.557550
4.225877,741647.555689
4.227142,741647.555689
4.245817,741647.553756
4.247038,741647.553756
4.265769,741647.551907
4.267062,741647.551907
4.286608,741647.549464
4.287962,741647.549464
4.306669,741647.547691
4.307457,741647.547691
4.325872,741647.545897
4.327158,741647.545897
4.345779,741647.544107
4.347074,741647.544107
4.365898,741647.542375
4.367093,741647.542375
4.385902,741647.540536
4.386997,741647.540536
4.405911,741647.538776
4.407037,741647.538776
4.425765,741647.536971
4.427008,741647.536971
4.445990,741647.535063
4.447051,741647.535063
4.465813,741647.533081
4.467007,741647.533081
4.485806,741647.541287
4.487038,741647.541287
4.505886,741647.539341
4.507005,741647.539341
4.525894,741647.537198
4.527189,741647.537198
4.545797,741647.535077
4.546963,741647.535077
4.565660,741647.532820
4.566959,741647.532820
4.585688,741647.530564
4.587050,741647.530564
4.605721,741647.528216
4.606935,741647.528216
4.625892,741647.525827
4.627019,741647.525827
4.645753,741647.523492
4.646977,741647.523492
4.665737,741647.521148
4.666958,741647.521148
4.685827,741647.525532
4.687086,741647.525532
4.705794,741647.523332
4.707009,741647.523332
4.725882,741647.521230
4.727016,741647.521230
4.745789,741647.519019
4.747047,741647.519019
4.765910,741647.516948
4.767053,741647.516948
4.785837,741647.514726
4.786968,741647.514726
4.805736,741647.512640
4.807023,741647.512640
4.825767,741647.510560
4.827105,741647.510560
4.845824,741647.508472
4.847035,741647.508472
4.865820,741647.506404
4.867050,741647.506404
4.885755,741647.504317
4.887028,741647.504317
4.905841,741647.513897
4.907042,741647.513897
4.925872,741647.511973
4.927125,741647.511973
4.945861,741647.510153
4.947030,741647.510153
4.965763,741647.508218
4.967047,741647.508218
4.985908,741647.506142
4.987064,741647.506142
5.005815,741647.504054
5.006992,741647.504054
5.025757,741647.501987
5.027095,741647.501987
5.045784,741647.499888
5.046992,741647.499888
5.065858,741647.488118
5.067019,741647.488118
5.085765,741647.485922
5.087204,741647.485922
5.105948,741647.483707
5.107078,741647.483707
5.125713,741647.481492
5.127140,741647.481492
5.145763,741647.479347
5.147081,741647.479347
5.165811,741647.477117
5.167043,741647.477117
5.185799,741647.474917
5.186995,741647.474917
5.205833,741647.472673
5.207134,741647.472673
5.225796,741647.470446
5.227042,741647.470446
5.245931,741647.468218
5.247133,741647.468218
5.265753,741647.465866
5.266983,741647.465866
5.285816,741647.451619
5.286980,741647.451619
5.305840,741647.449154
5.306977,741647.449154
5.325897,741647.446675
5.327094,741647.446675
5.345807,741647.444150
5.347023,741647.444150
5.366304,741647.441514
5.367171,741647.441514
5.385830,741647.438945
5.387115,741647.438945
5.405713,741647.436359
5.406989,741647.436359
5.425798,741647.433781
5.427021,741647.433781
5.445817,741647.431360
5.447006,741647.431360
5.466810,741647.428758
5.468105,741647.428758
5.486664,741647.430604
5.487561,741647.430604
5.505827,741647.428160
5.507159,741647.428160
5.525978,741647.425594
5.527066,741647.425594
5.545807,741647.423188
5.547164,741647.423188
5.565706,741647.420801
5.567001,741647.420801
5.585930,741647.418464
5.586997,741647.418464
5.605933,741647.416043
5.607045,741647.416043
5.626273,741647.413639
5.627530,741647.413639
5.645844,741647.411268
5.647010,741647.411268
5.665780,741647.420122
5.667066,741647.420122
5.685768,741647.417881
5.687066,741647.417881
5.705750,741647.415515
5.706987,741647.415515
5.725814,741647.413126
5.727008,741647.413126
5.745712,741647.410710
5.747040,741647.410710
5.765723,741647.408235
5.767100,741647.408235
5.785795,741647.405757
5.787017,741647.405757
5.805968,741647.403161
5.807078,741647.403161
5.825814,741647.400600
5.827041,741647.400600
5.845752,741647.397901
5.847111,741647.397901
5.865855,741647.395231
5.867029,741647.395231
5.885884,741647.404097
5.887031,741647.404097
5.905883,741647.401674
5.906973,741647.401674
5.925776,741647.399097
5.927069,741647.399097
5.945812,741647.396771
5.946999,741647.396771
5.966003,741647.394306
5.967136,741647.394306
5.985961,741647.391983
5.987059,741647.391983
6.005926,741647.389580
6.006959,741647.389580
6.025760,741647.387166
6.027021,741647.387166
6.045787,741647.384718
6.047027,741647.384718
6.065899,741647.382116
6.067033,741647.382116
6.085753,741647.375518
6.087018,741647.375518
6.105792,741647.372913
6.107038,741647.372913
6.125915,741647.370377
6.127051,741647.370377
6.145805,741647.367801
6.147061,741647.367801
6.165804,741647.365263
6.167040,741647.365263
6.185827,741647.362725
6.187012,741647.362725
6.205876,741647.360252
6.207066,741647.360252
6.225690,741647.357744
6.227032,741647.357744
6.245795,741647.355335
6.246927,741647.355335
6.265771,741647.352739
6.267059,741647.352739
6.286088,741647.356678
6.287082,741647.356678
6.306058,741647.354311
6.307070,741647.354311
6.325921,741647.351878
6.327086,741647.351878
6.345828,741647.349502
6.347027,741647.349502
6.365920,741647.347152
6.367093,741647.347152
6.385783,741647.344787
6.387029,741647.344787
6.405802,741647.342455
6.407049,741647.342455
6.425852,741647.340086
6.426996,741647.340086
6.445886,741647.337651
6.447100,741647.337651
6.465820,741647.335186
6.467086,741647.335186
6.485860,741647.329501
6.487000,741647.329501
6.505778,741647.327048
6.507131,741647.327048
6.525901,741647.324529
6.527014,741647.324529
6.545827,741647.322087
6.547041,741647.322087
6.565908,741647.319566
6.566939,741647.319566
6.585883,741647.316964
6.586958,741647.316964
6.605904,741647.314271
6.607090,741647.314271
6.625778,741647.311579
6.627161,741647.311579
6.645853,741647.308808
6.646911,741647.308808
6.665648,741647.306030
6.667060,741647.306030
6.685834,741647.300858
6.686996,741647.300858
6.705920,741647.297917
6.706935,741647.297917
6.725787,741647.295122
6.727000,741647.295122
6.745694,741647.292355
6.747052,741647.292355
6.765815,741647.289514
6.767152,741647.289514
6.785705,741647.286701
6.787028,741647.286701
6.805867,741647.283925
6.807021,741647.283925
6.825723,741647.281235
6.827019,741647.281235
6.845754,741647.278470
6.847084,741647.278470
6.865811,741647.275790
6.867033,741647.275790
6.885825,741647.273126
6.886987,741647.273126
6.905780,741647.266646
6.906999,741647.266646
6.925891,741647.263912
6.927100,741647.263912
6.945714,741647.261190
6.947041,741647.261190
6.965880,741647.258464
6.966992,741647.258464
6.985973,741647.255611
6.987032,741647.255611
7.005826,741647.252673
7.007026,741647.252673
7.025864,741647.249768
7.027099,741647.249768
7.045786,741647.246801
7.047060,741647.246801
7.065952,741647.243862
7.066932,741647.243862
7.085877,741647.238881
7.087085,741647.238881
7.105876,741647.235967
7.107074,741647.235967
7.125867,741647.233053
7.127063,741647.233053
7.145790,741647.230064
7.147032,741647.230064
7.165828,741647.227086
7.166997,741647.227086
7.185957,741647.224081
7.187082,741647.224081
7.205793,741647.221007
7.207018,741647.221007
7.225792,741647.217950
7.227072,741647.217950
7.245894,741647.214936
7.247118,741647.214936
7.265838,741647.211929
7.267094,741647.211929
7.285815,741647.222497
7.287031,741647.222497
7.305767,741647.219628
7.307168,741647.219628
7.325821,741647.216799
7.327015,741647.216799
7.345850,741647.213936
7.347129,741647.213936
7.365743,741647.211106
7.367096,741647.211106
7.385769,741647.208258
7.386994,741647.208258
7.405733,741647.205441
7.407025,741647.205441
7.425735,741647.202610
7.426971,741647.202610
7.445795,741647.199762
7.446965,741647.199762
7.465752,741647.204948
7.466961,741647.204948
7.485876,741647.202280
7.486993,741647.202280
7.505992,741647.199563
7.507134,741647.199563
7.525695,741647.196786
7.527017,741647.196786
7.545937,741647.193994
7.546992,741647.193994
7.565742,741647.191343
7.567013,741647.191343
7.585878,741647.188449
7.587019,741647.188449
7.605839,741647.185798
7.607047,741647.185798
7.625766,741647.182940
7.627019,741647.182940
7.645919,741647.180121
7.647053,741647.180121
7.665891,741647.177336
7.666949,741647.177336
7.685679,741647.177876
7.687059,741647.177876
7.705741,741647.175021
7.706983,741647.175021
7.725852,741647.172181
7.727179,741647.172181
7.745858,741647.169282
7.747051,741647.169282
7.765818,741647.166328
7.767004,741647.166328
7.785826,741647.163430
7.787025,741647.163430
7.805848,741647.160556
7.807207,741647.160556
7.825711,741647.157667
7.827010,741647.157667
7.845864,741647.154794
7.847024,741647.154794
7.865893,741647.151932
7.867009,741647.151932
7.885760,741647.152580
7.887233,741647.152580
7.905779,741647.149772
7.907046,741647.149772
7.925770,741647.146926
7.927010,741647.146926
7.945911,741647.144066
7.946995,741647.144066
7.965739,741647.141138
7.967066,741647.141138
7.985757,741647.138123
7.987085,741647.138123
8.005841,741647.135037
8.007042,741647.135037
8.025867,741647.131897
8.027074,741647.131897
8.045789,741647.128714
8.047063,741647.128714
8.065787,741647.125412
8.067055,741647.125412
8.085962,741647.120690
8.087029,741647.120690
8.105776,741647.117405
8.107092,741647.117405
8.125780,741647.114017
8.126986,741647.114017
8.145746,741647.110664
8.147026,741647.110664
8.165841,741647.107393
8.167104,741647.107393
8.185765,741647.104233
8.186990,741647.104233
8.205881,741647.101089
8.206949,741647.101089
8.225784,741647.098099
8.226995,741647.098099
8.245844,741647.094943
8.247130,741647.094943
8.265791,741647.091979
8.267017,741647.091979
8.285744,741647.101600
8.287059,741647.101600
8.305907,741647.098791
8.306967,741647.098791
8.325800,741647.095933
8.326956,741647.095933
8.345775,741647.092995
8.346893,741647.092995
8.365894,741647.090059
8.367029,741647.090059
8.385839,741647.087050
8.387119,741647.087050
8.405827,741647.084056
8.406935,741647.084056
8.425868,741647.080998
8.427058,741647.080998
8.445782,741647.077840
8.447112,741647.077840
8.465801,741647.074786
8.467048,741647.074786
8.485832,741647.071165
8.486985,741647.071165
8.506203,741647.068037
8.507116,741647.068037
8.525848,741647.064887
8.527051,741647.064887
8.545815,741647.061709
8.547137,741647.061709
8.565924,741647.058584
8.567208,741647.058584
8.585789,741647.055416
8.586971,741647.055416
8.605924,741647.052255
8.607014,741647.052255
8.625853,741647.049160
8.626996,741647.049160
8.645858,741647.045999
8.647065,741647.045999
8.665782,741647.041370
8.667083,741647.041370
8.685829,741647.038265
8.687014,741647.038265
8.706494,741647.035106
8.707666,741647.035106
8.726401,741647.032022
8.727405,741647.032022
8.745837,741647.028776
8.747086,741647.028776
8.765796,741647.025422
8.766916,741647.025422
8.785873,741647.022052
8.786941,741647.022052
8.805967,741647.018567
8.807083,741647.018567
8.825823,741647.015015
8.827009,741647.015015
8.845896,741647.011408
8.847043,741647.011408
8.865850,741647.007828
8.867016,741647.007828
8.885819,741647.004209
8.887019,741647.004209
8.905873,741647.002986
8.907043,741647.002986
8.925763,741646.999406
8.927118,741646.999406
8.945742,741646.995734
8.946978,741646.995734
8.965828,741646.992167
8.966980,741646.992167
8.985850,741646.988589
8.986975,741646.988589
9.005920,741646.985119
9.007082,741646.985119
9.025887,741646.981637
9.026962,741646.981637
9.045780,741646.978209
9.047053,741646.978209
9.065754,741646.974746
9.066992,741646.974746
9.085840,741646.990587
9.087062,741646.990587
9.105871,741646.987491
9.107037,741646.987491
9.125839,741646.984366
9.126966,741646.984366
9.145752,741646.981356
9.147027,741646.981356
9.165846,741646.978254
9.167075,741646.978254
9.185844,741646.975243
9.187010,741646.975243
9.205879,741646.972168
9.206972,741646.972168
9.225767,741646.968969
9.227036,741646.968969
9.245872,741646.965831
9.247039,741646.965831
9.265845,741646.962596
9.266983,741646.962596
9.285808,741646.964049
9.286972,741646.964049
9.306036,741646.960877
9.307060,741646.960877
9.325821,741646.957697
9.327018,741646.957697
9.345815,741646.954412
9.347007,741646.954412
9.365854,741646.951301
9.366993,741646.951301
9.385810,741646.948073
9.387054,741646.948073
9.405895,741646.944862
9.406962,741646.944862
9.425838,741646.941881
9.427043,741646.941881
9.445806,741646.938895
9.447002,741646.938895
9.465693,741646.935832
9.466988,741646.935832
9.485829,741646.929955
9.486953,741646.929955
9.505779,741646.927040
9.507118,741646.927040
9.525801,741646.924078
9.526974,741646.924078
9.545921,741646.921205
9.547037,741646.921205
9.565938,741646.918264
9.567038,741646.918264
9.585949,741646.915294
9.587045,741646.915294
9.605771,741646.912473
9.607038,741646.912473
9.625853,741646.909614
9.627023,741646.909614
9.645838,741646.906708
9.647096,741646.906708
9.665879,741646.903832
9.667096,741646.903832
9.685767,741646.916354
9.687020,741646.916354
9.705926,741646.913675
9.706986,741646.913675
9.725933,741646.911004
9.726978,741646.911004
9.745853,741646.908425
9.746982,741646.908425
9.765843,741646.905781
9.767051,741646.905781
9.785706,741646.903138
9.786987,741646.903138
9.805999,741646.900580
9.806996,741646.900580
9.825925,741646.898112
9.826986,741646.898112
9.845799,741646.895472
9.847097,741646.895472
9.865838,741646.892767
9.867021,741646.892767
9.885880,741646.890016
9.887095,741646.890016
9.905785,741646.887097
9.907026,741646.887097
9.925876,741646.884298
9.927039,741646.884298
9.945903,741646.881629
9.947059,741646.881629
9.965856,741646.878894
9.966981,741646.878894
9.985795,741646.876041
9.987078,741646.876041
10.005879,741646.873223
10.007051,741646.873223
10.025892,741646.870414
10.026972,741646.870414
10.045900,741646.867588
10.046999,741646.867588
10.065718,741646.864986
10.067047,741646.864986
10.085736,741646.859923
10.087063,741646.859923
10.106198,741646.857443
10.107077,741646.857443
10.125834,741646.854971
10.127088,741646.854971
10.145792,741646.852624
10.147072,741646.852624
10.165834,741646.850178
10.167055,741646.850178
10.185939,741646.847943
10.186928,741646.847943
10.205891,741646.845474
10.206985,741646.845474
10.225820,741646.842856
10.227078,741646.842856
10.245737,741646.840193
10.247058,741646.840193
10.265734,741646.837842
10.267042,741646.837842
10.285938,741646.825165
10.287113,741646.825165
10.305831,741646.822499
10.307002,741646.822499
10.325813,741646.819908
10.327001,741646.819908
10.346015,741646.817264
10.346969,741646.817264
10.365852,741646.814713
10.367030,741646.814713
10.385702,741646.812261
10.387051,741646.812261
10.405793,741646.809925
10.407063,741646.809925
10.425798,741646.807585
10.427068,741646.807585
10.445809,741646.805404
10.447028,741646.805404
10.465857,741646.803142
10.467034,741646.803142
10.485909,741646.803845
10.487003,741646.803845
10.505939,741646.801643
10.507048,741646.801643
10.525848,741646.799355
10.527200,741646.799355
10.545822,741646.796884
10.547052,741646.796884
10.565834,741646.794467
10.567017,741646.794467
10.585859,741646.792148
10.587180,741646.792148
10.605849,741646.789772
10.607033,741646.789772
10.625822,741646.787229
10.627350,741646.787229
10.645931,741646.784819
10.646985,741646.784819
10.665808,741646.794187
10.667082,741646.794187
10.685742,741646.791831
10.687056,741646.791831
10.705784,741646.789486
10.706980,741646.789486
10.725834,741646.787255
10.727044,741646.787255
10.745692,741646.784941
10.746946,741646.784941
10.765780,741646.782705
10.767139,741646.782705
10.785750,741646.780446
10.786961,741646.780446
10.805810,741646.778224
10.807065,741646.778224
10.825804,741646.776011
10.827044,741646.776011
10.845800,741646.773689
10.847077,741646.773689
10.865942,741646.771306
10.867035,741646.771306
10.885769,741646.768993
10.887128,741646.768993
10.905795,741646.747427
10.907010,741646.747427
10.925778,741646.744920
10.927109,741646.744920
10.945838,741646.742251
10.946985,741646.742251
10.965778,741646.739595
10.967068,741646.739595
10.985791,741646.736912
10.987022,741646.736912
11.005742,741646.734075
11.007063,741646.734075
11.025903,741646.731362
11.027004,741646.731362
11.045803,741646.728577
11.047058,741646.728577
11.065848,741646.725810
11.067097,741646.725810
11.085915,741646.724185
11.087059,741646.724185
11.105824,741646.721429
11.107011,741646.721429
11.125898,741646.718685
11.127028,741646.718685
11.145730,741646.715926
11.147038,741646.715926
11.165782,741646.712917
11.167104,741646.712917
11.185968,741646.710003
11.187021,741646.710003
11.206170,741646.706965
11.207089,741646.706965
11.225738,741646.703988
11.227059,741646.703988
11.245816,741646.700911
11.247052,741646.700911
11.265929,741646.694554
11.267084,741646.694554
11.285714,741646.691458
11.287019,741646.691458
11.305811,741646.688255
11.307052,741646.688255
11.325833,741646.685237
11.326981,741646.685237
11.345760,741646.682063
11.347049,741646.682063
11.365756,741646.679112
11.367019,741646.679112
11.385835,741646.676226
11.387000,741646.676226
11.405880,741646.673206
11.407086,741646.673206
11.425842,741646.670228
11.427018,741646.670228
11.445701,741646.667347
11.447058,741646.667347
11.465809,741646.660712
11.466982,741646.660712
11.485849,741646.657696
11.487020,741646.657696
11.505832,741646.654632
11.507042,741646.654632
11.525734,741646.651475
11.526993,741646.651475
11.545765,741646.648196
11.547017,741646.648196
11.565878,741646.644948
11.567134,741646.644948
11.585792,741646.641575
11.587045,741646.641575
11.605826,741646.638118
11.607008,741646.638118
11.625716,741646.634751
11.626999,741646.634751
11.645824,741646.631266
11.647076,741646.631266
11.665869,741646.627817
11.667022,741646.627817
11.685781,741646.611653
11.687055,741646.611653
11.705844,741646.608171
11.706963,741646.608171
11.725804,741646.604643
11.727045,741646.604643
11.745819,741646.601113
11.747049,741646.601113
11.765729,741646.597379
11.766962,741646.597379
11.785991,741646.593645
11.787010,741646.593645
11.805915,741646.589933
11.807117,741646.589933
11.825738,741646.586018
11.827011,741646.586018
11.845892,741646.582222
11.847022,741646.582222
11.866014,741646.578334
11.866981,741646.578334
11.885896,741646.574259
11.887048,741646.574259
11.905946,741646.568868
11.907109,741646.568868
11.925916,741646.564859
11.927064,741646.564859
11.945848,741646.560841
11.947048,741646.560841
11.965857,741646.556915
11.967059,741646.556915
11.985782,741646.552962
11.987035,741646.552962
12.005871,741646.549041
12.007043,741646.549041
12.025871,741646.544976
12.027024,741646.544976
12.045904,741646.540615
12.047029,741646.540615
12.065771,741646.536562
12.067006,741646.536562
12.086040,741646.518286
12.086930,741646.518286
12.105883,741646.513714
12.107029,741646.513714
12.125873,741646.509268
12.127105,741646.509268
12.145879,741646.504651
12.147049,741646.504651
12.165771,741646.500095
12.167074,741646.500095
12.186045,741646.495492
12.186969,741646.495492
12.205765,741646.490646
12.207163,741646.490646
12.225900,741646.485864
12.227010,741646.485864
12.245791,741646.481244
12.246950,741646.481244
12.265827,741646.476778
12.267015,741646.476778
12.285788,741646.472098
12.286998,741646.472098
12.305840,741646.460629
12.307024,741646.460629
12.325770,741646.455817
12.327013,741646.455817
12.345849,741646.451100
12.346979,741646.451100
12.365858,741646.446402
12.367079,741646.446402
12.385744,741646.441638
12.387013,741646.441638
12.405791,741646.436685
12.407030,741646.436685
12.425793,741646.431782
12.426986,741646.431782
12.445796,741646.426851
12.447133,741646.426851
12.465767,741646.421848
12.466999,741646.421848
12.485895,741646.416330
12.487002,741646.416330
12.505656,741646.411275
12.507122,741646.411275
12.525842,741646.406245
12.527070,741646.406245
12.545721,741646.401319
12.547032,741646.401319
12.565722,741646.396266
12.567082,741646.396266
12.585768,741646.391103
12.587152,741646.391103
12.605839,741646.385871
12.607048,741646.385871
12.625933,741646.380645
12.627053,741646.380645
12.645760,741646.375233
12.647041,741646.375233
12.665732,741646.369939
12.667012,741646.369939
12.685789,741646.364685
12.686983,741646.364685
12.705761,741646.359285
12.707026,741646.359285
12.725798,741646.353897
12.727026,741646.353897
12.745772,741646.348541
12.747014,741646.348541
12.765844,741646.343086
12.766962,741646.343086
12.785812,741646.337681
12.787019,741646.337681
12.805838,741646.332240
12.807087,741646.332240
12.825830,741646.326804
12.827075,741646.326804
12.845845,741646.321423
12.847093,741646.321423
12.865878,741646.316040
12.867061,741646.316040
12.885750,741646.297029
12.887011,741646.297029
12.905864,741646.291358
12.907008,741646.291358
12.925830,741646.285931
12.927001,741646.285931
12.945771,741646.280398
12.946939,741646.280398
12.965838,741646.274833
12.967019,741646.274833
12.985794,741646.269091
12.986985,741646.269091
13.005914,741646.263425
13.007065,741646.263425
13.025880,741646.257816
13.026985,741646.257816
13.045797,741646.252127
13.047067,741646.252127
13.065842,741646.258147
13.066985,741646.258147
13.085904,741646.252738
13.087022,741646.252738
13.105797,741646.247363
13.107085,741646.247363
13.125823,741646.242041
13.127042,741646.242041
13.145839,741646.236638
13.146962,741646.236638
13.165933,741646.231064
13.166991,741646.231064
13.185771,741646.225629
13.187040,741646.225629
13.206103,741646.220274
13.207024,741646.220274
13.225874,741646.214969
13.227018,741646.214969
13.245877,741646.209556
13.247027,741646.209556
13.265722,741646.204164
13.267090,741646.204164
13.285939,741646.198135
13.286916,741646.198135
13.306135,741646.192967
13.307046,741646.192967
13.325895,741646.187623
13.327113,741646.187623
13.345779,741646.182405
13.347028,741646.182405
13.365756,741646.177141
13.367012,741646.177141
13.385884,741646.171984
13.387041,741646.171984
13.407166,741646.166776
13.408081,741646.166776
13.426113,741646.161542
13.427227,741646.161542
13.445771,741646.156227
13.447032,741646.156227
13.465839,741646.151016
13.466970,741646.151016
13.485940,741646.134947
13.487103,741646.134947
13.505942,741646.129627
13.507135,741646.129627
13.525882,741646.124250
13.527092,741646.124250
13.545768,741646.118838
13.547015,741646.118838
13.565809,741646.113415
13.566984,741646.113415
13.585860,741646.108102
13.586976,741646.108102
13.605950,741646.102681
13.607000,741646.102681
13.625747,741646.097142
13.627039,741646.097142
13.645771,741646.091697
13.647007,741646.091697
13.665857,741646.086221
13.667015,741646.086221
13.685866,741646.079491
13.686995,741646.079491
13.705896,741646.074047
13.707009,741646.074047
13.725798,741646.068502
13.727023,741646.068502
13.745831,741646.063064
13.747128,741646.063064
13.765824,741646.057536
13.766926,741646.057536
13.785785,741646.052008
13.786973,741646.052008
13.805886,741646.046422
13.807136,741646.046422
13.825805,741646.040848
13.827093,741646.040848
13.845829,741646.035279
13.846968,741646.035279
13.865741,741646.029683
13.866963,741646.029683
13.885876,741646.026740
13.887000,741646.026740
13.905884,741646.021361
13.907115,741646.021361
13.925812,741646.015959
13.927017,741646.015959
13.945787,741646.010701
13.947018,741646.010701
13.966030,741646.005353
13.966992,741646.005353
13.985899,741646.000016
13.986919,741646.000016
14.005789,741645.994746
14.006969,741645.994746
14.025963,741645.989514
14.027111,741645.989514
14.045874,741645.984117
14.046984,741645.984117
14.065723,741645.960524
14.066969,741645.960524
14.085739,741645.954998
14.086992,741645.954998
14.105851,741645.949497
14.107046,741645.949497
14.125824,741645.944041
14.127237,741645.944041
14.145842,741645.938586
14.146983,741645.938586
14.165917,741645.933087
14.167000,741645.933087
14.185767,741645.927613
14.187015,741645.927613
14.205834,741645.922318
14.207003,741645.922318
14.225827,741645.916895
14.226937,741645.916895
14.245864,741645.911518
14.247024,741645.911518
14.265655,741645.902636
14.266982,741645.902636
14.285800,741645.897359
14.287063,741645.897359
14.305837,741645.891984
14.307004,741645.891984
14.325857,741645.886511
14.327022,741645.886511
14.345767,741645.881301
14.346979,741645.881301
14.365805,741645.876025
14.367056,741645.876025
14.385797,741645.870786
14.387121,741645.870786
14.405830,741645.865538
14.407103,741645.865538
14.425761,741645.860371
14.427069,741645.860371
14.445773,741645.855066
14.447146,741645.855066
14.465921,741645.849913
14.467007,741645.849913
14.485826,741645.846166
14.486996,741645.846166
14.505777,741645.841073
14.507114,741645.841073
14.525915,741645.835988
14.527000,741645.835988
14.545841,741645.830879
14.547034,741645.830879
14.565835,741645.825854
14.566985,741645.825854
14.585992,741645.820854
14.586992,741645.820854
14.606004,741645.815739
14.607063,741645.815739
14.625859,741645.810801
14.627018,741645.810801
14.645815,741645.805840
14.647029,741645.805840
14.665780,741645.800889
14.667019,741645.800889
14.685865,741645.797475
14.686989,741645.797475
14.705845,741645.792503
14.707022,741645.792503
14.725820,741645.787644
14.726952,741645.787644
14.745689,741645.782857
14.746917,741645.782857
14.765867,741645.777963
14.767041,741645.777963
14.785958,741645.773124
14.787126,741645.773124
14.806690,741645.768196
14.806974,741645.768196
14.825957,741645.763388
14.827024,741645.763388
14.845888,741645.758597
14.847108,741645.758597
14.865881,741645.753820
14.866960,741645.753820
14.885778,741645.749133
14.886996,741645.749133
14.905878,741645.748927
14.907018,741645.748927
14.925880,741645.744323
14.929744,741645.744323
14.945816,741645.739639
14.947049,741645.739639
14.965745,741645.735256
14.967012,741645.735256
14.985799,741645.730736
14.987066,741645.730736
15.005824,741645.726227
15.007017,741645.726227
15.025830,741645.721640
15.026982,741645.721640
15.045746,741645.717114
15.047056,741645.717114
15.065837,741645.712588
15.066949,741645.712588
15.085927,741645.712465
15.087043,741645.712465
15.105826,741645.708081
15.107052,741645.708081
15.125718,741645.703686
15.127022,741645.703686
15.145901,741645.699311
15.147049,741645.699311
15.165775,741645.694929
15.166928,741645.694929
15.185731,741645.690606
15.187083,741645.690606
15.205698,741645.686231
15.207005,741645.686231
15.225797,741645.681975
15.227031,741645.681975
15.245834,741645.677713
15.247098,741645.677713
15.265864,741645.673359
15.267062,741645.673359
15.285893,741645.663514
15.287018,741645.663514
15.305806,741645.659089
15.307080,741645.659089
15.325824,741645.654742
15.327096,741645.654742
15.345848,741645.650365
15.347015,741645.650365
15.365785,741645.645898
15.367030,741645.645898
15.385800,741645.641414
15.387013,741645.641414
15.405782,741645.637053
15.407006,741645.637053
15.425768,741645.632520
15.427163,741645.632520
15.445899,741645.628058
15.447119,741645.628058
15.465770,741645.623528
15.467052,741645.623528
15.485937,741645.618027
15.487011,741645.618027
15.505784,741645.613702
15.507045,741645.613702
15.525820,741645.609357
15.526954,741645.609357
15.545778,741645.604984
15.546942,741645.604984
15.565825,741645.600639
15.567009,741645.600639
15.585926,741645.596254
15.587020,741645.596254
15.605780,741645.591963
15.607017,741645.591963
15.625833,741645.587456
15.626991,741645.587456
15.645873,741645.582920
15.647008,741645.582920
15.665770,741645.584515
15.667084,741645.584515
15.686016,741645.580025
15.687020,741645.580025
15.705875,741645.575484
15.707056,741645.575484
15.725851,741645.571008
15.727078,741645.571008
15.745717,741645.566611
15.747107,741645.566611
15.765899,741645.562208
15.766941,741645.562208
15.785991,741645.557770
15.787026,741645.557770
15.806288,741645.553323
15.807088,741645.553323
15.825764,741645.549075
15.826986,741645.549075
15.845895,741645.544660
15.847024,741645.544660
15.865624,741645.540211
15.867003,741645.540211
15.885813,741645.525699
15.887043,741645.525699
15.905756,741645.521151
15.907040,741645.521151
15.925882,741645.516534
15.927040,741645.516534
15.945919,741645.511786
15.947126,741645.511786
15.965944,741645.507274
15.967066,741645.507274
15.985713,741645.502744
15.987013,741645.502744
16.005830,741645.498180
16.006994,741645.498180
16.025805,741645.493638
16.027008,741645.493638
16.045731,741645.489075
16.047074,741645.489075
16.065852,741645.488305
16.067059,741645.488305
16.085870,741645.483962
16.087002,741645.483962
16.105875,741645.479426
16.106981,741645.479426
16.125786,741645.474988
16.127089,741645.474988
16.146021,741645.470319
16.146996,741645.470319
16.165782,741645.465736
16.167005,741645.465736
16.185920,741645.461023
16.186991,741645.461023
16.205978,741645.456562
16.207132,741645.456562
16.225797,741645.452019
16.227118,741645.452019
16.245704,741645.447607
16.247052,741645.447607
16.265754,741645.443382
16.266996,741645.443382
16.285923,741645.438993
16.287035,741645.438993
16.305780,741645.434767
16.307033,741645.434767
16.325782,741645.430490
16.327028,741645.430490
16.345798,741645.426251
16.346964,741645.426251
16.365871,741645.421947
16.367049,741645.421947
16.385909,741645.417662
16.387097,741645.417662
16.405959,741645.413288
16.407062,741645.413288
16.425841,741645.408966
16.427020,741645.408966
16.445768,741645.404498
16.447068,741645.404498
16.465936,741645.400164
16.467028,741645.400164
16.485747,741645.400419
16.486996,741645.400419
16.505797,741645.395893
16.507082,741645.395893
16.525836,741645.391433
16.527235,741645.391433
16.545788,741645.386942
16.547038,741645.386942
16.565754,741645.382478
16.567036,741645.382478
16.585908,741645.377859
16.587011,741645.377859
16.605903,741645.373281
16.607113,741645.373281
16.625804,741645.368611
16.627054,741645.368611
16.645777,741645.363890
16.647078,741645.363890
16.665777,741645.359150
16.667017,741645.359150
16.685792,741645.345069
16.687074,741645.345069
16.706057,741645.340429
16.707158,741645.340429
16.725749,741645.335731
16.727031,741645.335731
16.745664,741645.330958
16.747022,741645.330958
16.766901,741645.326288
16.768217,741645.326288
16.786641,741645.321640
16.787577,741645.321640
16.805992,741645.316913
16.807157,741645.316913
16.825761,741645.312246
16.827131,741645.312246
16.845860,741645.307414
16.847041,741645.307414
16.865781,741645.302486
16.867158,741645.302486
16.885873,741645.297551
16.886983,741645.297551
16.905803,741645.273980
16.906979,741645.273980
16.926086,741645.269078
16.927155,741645.269078
16.945841,741645.264048
16.947335,741645.264048
16.965786,741645.259020
16.967039,741645.259020
16.985803,741645.253924
16.987107,741645.253924
17.005888,741645.248931
17.007034,741645.248931
17.025788,741645.243947
17.027115,741645.243947
17.045746,741645.238968
17.046993,741645.238968
17.065774,741645.221386
17.067003,741645.221386
17.085747,741645.216141
17.086975,741645.216141
17.105847,741645.210882
17.107030,741645.210882
17.125768,741645.205566
17.127049,741645.205566
17.145814,741645.200209
17.147054,741645.200209
17.165880,741645.194988
17.167120,741645.194988
17.185853,741645.189625
17.186982,741645.189625
17.205856,741645.184211
17.207013,741645.184211
17.225789,741645.178831
17.227006,741645.178831
17.245832,741645.173466
17.246962,741645.173466
17.265819,741645.168136
17.266969,741645.168136
17.285853,741645.153054
17.287012,741645.153054
17.305712,741645.147484
17.307164,741645.147484
17.325842,741645.141867
17.327029,741645.141867
17.345663,741645.136230
17.346981,741645.136230
17.365723,741645.130698
17.367053,741645.130698
17.386016,741645.125323
17.387019,741645.125323
17.405872,741645.120043
17.407013,741645.120043
17.425810,741645.114743
17.427014,741645.114743
17.445916,741645.109570
17.447032,741645.109570
17.465900,741645.104493
17.467068,741645.104493
17.485879,741645.097989
17.487148,741645.097989
17.505982,741645.093008
17.507038,741645.093008
17.525688,741645.087970
17.527071,741645.087970
17.545813,741645.082820
17.547092,741645.082820
17.565765,741645.077540
17.567079,741645.077540
17.585979,741645.072272
17.587048,741645.072272
17.606062,741645.066988
17.606945,741645.066988
17.625836,741645.061618
17.627056,741645.061618
17.645709,741645.056163
17.647214,741645.056163
17.665796,741645.050923
17.667154,741645.050923
17.685925,741645.047281
17.687037,741645.047281
17.705953,741645.041996
17.707022,741645.041996
17.725772,741645.036804
17.727064,741645.036804
17.745905,741645.031535
17.747046,741645.031535
17.765891,741645.026191
17.767027,741645.026191
17.785747,741645.020689
17.787012,741645.020689
17.805761,741645.015154
17.806991,741645.015154
17.825838,741645.009735
17.827013,741645.009735
17.845998,741645.004348
17.846991,741645.004348
17.865753,741644.998850
17.867029,741644.998850
17.885814,741644.979609
17.887071,741644.979609
17.905787,741644.974003
17.907022,741644.974003
17.925756,741644.968440
17.926978,741644.968440
17.945763,741644.962747
17.947106,741644.962747
17.965880,741644.957159
17.967128,741644.957159
17.985861,741644.951489
17.987048,741644.951489
18.005784,741644.945800
18.007002,741644.945800
18.025807,741644.939929
18.027010,741644.939929
18.045735,741644.934127
18.047024,741644.934127
18.065813,741644.928425
18.066999,741644.928425
18.085709,741644.913345
18.086993,741644.913345
18.105764,741644.907538
18.106958,741644.907538
18.125783,741644.901655
18.127074,741644.901655
18.145868,741644.895863
18.146982,741644.895863
18.165857,741644.890155
18.167005,741644.890155
18.185776,741644.884390
18.187076,741644.884390
18.205897,741644.878512
18.207036,741644.878512
18.225880,741644.872787
18.227074,741644.872787
18.245803,741644.866882
18.246985,741644.866882
18.265753,741644.861086
18.266984,741644.861086
18.285813,741644.859328
18.287112,741644.859328
18.306035,741644.853652
18.307147,741644.853652
18.325957,741644.847928
18.327062,741644.847928
18.345842,741644.842381
18.347003,741644.842381
18.365921,741644.836869
18.366966,741644.836869
18.385758,741644.831460
18.387024,741644.831460
18.405985,741644.826066
18.407084,741644.826066
18.425792,741644.820872
18.427004,741644.820872
18.445879,741644.815682
18.447084,741644.815682
18.465896,741644.810738
18.466993,741644.810738
18.486032,741644.805530
18.487004,741644.805530
18.505796,741644.800500
18.506971,741644.800500
18.525865,741644.795596
18.527125,741644.795596
18.545786,741644.790641
18.547123,741644.790641
18.565705,741644.785772
18.567046,741644.785772
18.585990,741644.781140
18.587001,741644.781140
18.606485,741644.776569
18.607097,741644.776569
18.625817,741644.772107
18.627008,741644.772107
18.645805,741644.767745
18.646963,741644.767745
18.665789,741644.745631
18.667106,741644.745631
18.685782,741644.741163
18.687010,741644.741163
18.705772,741644.736698
18.707012,741644.736698
18.725848,741644.732134
18.726957,741644.732134
18.745702,741644.727729
18.747055,741644.727729
18.765745,741644.723246
18.767050,741644.723246
18.785820,741644.718946
18.787048,741644.718946
18.805782,741644.714735
18.807040,741644.714735
18.825794,741644.710639
18.827067,741644.710639
18.845842,741644.706575
18.847055,741644.706575
18.865759,741644.702715
18.866977,741644.702715
18.885858,741644.693804
18.887037,741644.693804
18.905807,741644.689953
18.907058,741644.689953
18.925854,741644.685971
18.927137,741644.685971
18.945870,741644.682003
18.947072,741644.682003
18.965746,741644.678063
18.967074,741644.678063
18.985823,741644.674351
18.986993,741644.674351
19.005913,741644.670630
19.007019,741644.670630
19.025838,741644.667093
19.026970,741644.667093
19.045930,741644.663606
19.047071,741644.663606
19.065859,741644.667160
19.067081,741644.667160
19.085876,741644.664030
19.087089,741644.664030
19.105902,741644.660992
19.106975,741644.660992
19.125930,741644.657953
19.127112,741644.657953
19.145809,741644.655018
19.147045,741644.655018
19.165813,741644.652224
19.166986,741644.652224
19.185705,741644.649356
19.187075,741644.649356
19.205783,741644.646489
19.206995,741644.646489
19.225811,741644.643724
19.227036,741644.643724
19.245808,741644.640933
19.247062,741644.640933
19.265759,741644.627803
19.266980,741644.627803
19.285967,741644.624937
19.286999,741644.624937
19.305906,741644.622289
19.307040,741644.622289
19.327499,741644.619421
19.327958,741644.619421
19.346518,741644.616874
19.347608,741644.616874
19.365951,741644.614486
19.367183,741644.614486
19.386043,741644.612245
19.387048,741644.612245
19.405943,741644.610082
19.407086,741644.610082
19.425741,741644.607961
19.427002,741644.607961
19.445764,741644.605922
19.446972,741644.605922
19.465982,741644.604035
19.467039,741644.604035
19.485968,741644.588898
19.487365,741644.588898
19.505886,741644.586950
19.507136,741644.586950
19.525748,741644.584953
19.527017,741644.584953
19.545790,741644.583164
19.547090,741644.583164
19.565869,741644.581461
19.567079,741644.581461
19.585894,741644.579973
19.587040,741644.579973
19.605652,741644.578552
19.606973,741644.578552
19.625847,741644.577173
19.626985,741644.577173
19.645823,741644.576024
19.646983,741644.576024
19.665962,741644.566029
19.666958,741644.566029
19.685753,741644.565060
19.687039,741644.565060
19.705755,741644.564093
19.706902,741644.564093
19.725925,741644.563197
19.727058,741644.563197
19.745898,741644.562485
19.747089,741644.562485
19.765896,741644.561849
19.766939,741644.561849
19.785832,741644.561310
19.787123,741644.561310
19.805926,741644.560771
19.807007,741644.560771
19.825829,741644.560362
19.827056,741644.560362
19.845835,741644.560103
19.847106,741644.560103
19.865856,741644.559867
19.867005,741644.559867
19.885900,741644.553099
19.887225,741644.553099
19.905820,741644.553185
19.907180,741644.553185
19.925808,741644.553294
19.927090,741644.553294
19.945815,741644.553671
19.947010,741644.553671
19.965782,741644.554206
19.967033,741644.554206
19.985725,741644.554951
19.987054,741644.554951
20.005786,741644.555809
20.007039,741644.555809
20.025785,741644.556661
20.027104,741644.556661
20.045796,741644.557578
20.047141,741644.557578
20.065899,741644.558465
20.067052,741644.558465
20.085920,741644.555728
20.086986,741644.555728
20.105915,741644.556602
20.107063,741644.556602
20.125744,741644.557342
20.127000,741644.557342
20.145841,741644.558151
20.146971,741644.558151
20.165885,741644.558906
20.167040,741644.558906
20.185951,741644.559690
20.187050,741644.559690
20.205841,741644.560512
20.207002,741644.560512
20.225782,741644.561447
20.227071,741644.561447
20.245791,741644.562318
20.246990,741644.562318
20.265809,741644.563362
20.267038,741644.563362
20.285887,741644.552869
20.287008,741644.552869
20.305893,741644.553976
20.307019,741644.553976
20.325659,741644.555209
20.327027,741644.555209
20.345789,741644.556571
20.347010,741644.556571
20.365795,741644.558043
20.367054,741644.558043
20.385918,741644.559566
20.387057,741644.559566
20.405776,741644.561020
20.406933,741644.561020
20.425795,741644.562682
20.427035,741644.562682
20.445886,741644.564325
20.447004,741644.564325
20.465863,741644.566135
20.467007,741644.566135
20.485777,741644.533968
20.487038,741644.533968
20.505890,741644.535349
20.507018,741644.535349
20.525806,741644.536635
20.527068,741644.536635
20.545891,741644.538050
20.547063,741644.538050
20.565911,741644.539419
20.566987,741644.539419
20.585813,741644.541036
20.586999,741644.541036
20.605804,741644.542566
20.607042,741644.542566
20.625914,741644.544094
20.627076,741644.544094
20.645752,741644.546001
20.646965,741644.546001
20.665810,741644.547854
20.666922,741644.547854
20.685795,741644.525873
20.687200,741644.525873
20.705955,741644.527541
20.707092,741644.527541
20.725769,741644.529341
20.727081,741644.529341
20.745759,741644.531216
20.746966,741644.531216
20.765794,741644.533050
20.767024,741644.533050
20.785899,741644.535081
20.787029,741644.535081
20.805791,741644.537151
20.807022,741644.537151
20.825905,741644.539128
20.827010,741644.539128
20.845831,741644.541052
20.846993,741644.541052
20.865879,741644.543132
20.866984,741644.543132
20.885916,741644.545140
20.887068,741644.545140
20.905839,741644.522447
20.907141,741644.522447
20.925790,741644.524093
20.927122,741644.524093
20.945708,741644.525855
20.947008,741644.525855
20.965857,741644.527618
20.967086,741644.527618
20.985823,741644.529378
20.986955,741644.529378
21.005943,741644.531205
21.007107,741644.531205
21.025749,741644.533117
21.027112,741644.533117
21.045862,741644.535045
21.047091,741644.535045
21.065821,741644.537066
21.066997,741644.537066
21.085775,741644.524516
21.087021,741644.524516
21.105771,741644.526601
21.106984,741644.526601
21.125818,741644.528784
21.126951,741644.528784
21.145715,741644.530956
21.147010,741644.530956
21.165829,741644.533341
21.167084,741644.533341
21.186042,741644.535768
21.187057,741644.535768
21.205816,741644.538317
21.206996,741644.538317
21.225813,741644.540954
21.227003,741644.540954
21.245845,741644.543636
21.246996,741644.543636
21.265767,741644.546383
21.267071,741644.546383
21.285904,741644.532134
21.287013,741644.532134
21.305912,741644.534768
21.307024,741644.534768
21.325770,741644.537423
21.327118,741644.537423
21.345793,741644.540024
21.347047,741644.540024
21.365751,741644.542629
21.367077,741644.542629
21.385842,741644.545312
21.387240,741644.545312
21.405899,741644.548010
21.406974,741644.548010
21.425796,741644.550589
21.426978,741644.550589
21.445798,741644.553263
21.447036,741644.553263
21.465809,741644.555869
21.467031,741644.555869
21.485890,741644.531667
21.487067,741644.531667
21.505929,741644.533991
21.507136,741644.533991
21.525786,741644.536183
21.527030,741644.536183
21.545746,741644.538430
21.546967,741644.538430
21.565856,741644.540619
21.567017,741644.540619
21.585796,741644.542792
21.587040,741644.542792
21.605875,741644.545157
21.607079,741644.545157
21.625886,741644.547431
21.626968,741644.547431
21.645823,741644.549735
21.647090,741644.549735
21.665762,741644.522601
21.667102,741644.522601
21.685707,741644.524575
21.687020,741644.524575
21.705855,741644.526663
21.707065,741644.526663
21.725813,741644.528927
21.727055,741644.528927
21.745831,741644.531236
21.746994,741644.531236
21.765794,741644.533577
21.767072,741644.533577
21.785748,741644.536044
21.786960,741644.536044
21.805776,741644.538549
21.807072,741644.538549
21.825865,741644.541148
21.827053,741644.541148
21.845747,741644.543801
21.846997,741644.543801
21.865755,741644.546544
21.867022,741644.546544
21.885864,741644.549295
21.887007,741644.549295
21.905903,741644.517566
21.907145,741644.517566
21.925855,741644.519980
21.926998,741644.519980
21.945719,741644.522361
21.946992,741644.522361
21.965863,741644.524760
21.967180,741644.524760
21.985984,741644.527241
21.987016,741644.527241
22.005925,741644.529607
22.007004,741644.529607
22.025929,741644.531997
22.026942,741644.531997
22.045774,741644.534349
22.047056,741644.534349
22.065719,741644.536612
22.067089,741644.536612
22.086495,741644.510822
22.087557,741644.510822
22.105928,741644.512804
22.107180,741644.512804
22.125804,741644.514763
22.127035,741644.514763
22.145840,741644.516886
22.147086,741644.516886
22.165760,741644.518927
22.167028,741644.518927
22.185796,741644.521004
22.187093,741644.521004
22.205818,741644.523191
22.207050,741644.523191
22.225899,741644.525302
22.226968,741644.525302
22.245997,741644.527459
22.247043,741644.527459
22.265819,741644.529652
22.266999,741644.529652
22.285710,741644.497115
22.287172,741644.497115
22.305870,741644.498811
22.307115,741644.498811
22.325907,741644.500577
22.327054,741644.500577
22.345853,741644.502172
22.347017,741644.502172
22.365892,741644.503994
22.367079,741644.503994
22.385824,741644.505744
22.387010,741644.505744
22.405905,741644.507461
22.406989,741644.507461
22.425740,741644.509318
22.427055,741644.509318
22.445787,741644.510995
22.447122,741644.510995
22.465907,741644.512738
22.467020,741644.512738
22.485882,741644.484023
22.486989,741644.484023
22.505776,741644.485489
22.506963,741644.485489
22.525806,741644.487058
22.526985,741644.487058
22.545848,741644.488697
22.547075,741644.488697
22.565908,741644.490264
22.566984,741644.490264
22.585985,741644.492045
22.587038,741644.492045
22.606266,741644.493728
22.607040,741644.493728
22.626007,741644.495424
22.626969,741644.495424
22.645790,741644.497182
22.647077,741644.497182
22.665832,741644.498801
22.667005,741644.498801
22.685872,741644.481405
22.687007,741644.481405
22.705869,741644.482899
22.706984,741644.482899
22.725959,741644.484363
22.727103,741644.484363
22.745737,741644.485904
22.747082,741644.485904
22.765861,741644.487565
22.767076,741644.487565
22.785782,741644.489214
22.787094,741644.489214
22.806220,741644.490844
22.806972,741644.490844
22.825748,741644.492539
22.827003,741644.492539
22.845877,741644.494192
22.847025,741644.494192
22.865952,741644.496128
22.867005,741644.496128
22.885713,741644.497735
22.887010,741644.497735
22.905809,741644.499611
22.906992,741644.499611
22.925850,741644.480637
22.927063,741644.480637
22.945777,741644.482064
22.947032,741644.482064
22.965804,741644.483629
22.966989,741644.483629
22.985765,741644.485206
22.987092,741644.485206
23.005832,741644.486770
23.007112,741644.486770
23.025928,741644.488264
23.026990,741644.488264
23.045823,741644.489779
23.047036,741644.489779
23.065888,741644.491358
23.066992,741644.491358
23.085919,741644.477278
23.087062,741644.477278
23.105993,741644.478673
23.106992,741644.478673
23.125740,741644.480205
23.127009,741644.480205
23.145726,741644.481634
23.146979,741644.481634
23.165808,741644.483038
23.167006,741644.483038
23.185737,741644.484459
23.186978,741644.484459
23.205878,741644.485898
23.207074,741644.485898
23.225790,741644.487191
23.226982,741644.487191
23.245932,741644.488541
23.247048,741644.488541
23.265757,741644.489979
23.266979,741644.489979
23.285952,741644.462837
23.286986,741644.462837
23.305913,741644.464001
23.307008,741644.464001
23.325966,741644.465277
23.327034,741644.465277
23.345775,741644.466512
23.346987,741644.466512
23.365719,741644.467721
23.367014,741644.467721
23.386405,741644.469011
23.387450,741644.469011
23.406240,741644.470235
23.407299,741644.470235
23.425823,741644.471410
23.427078,741644.471410
23.445854,741644.472628
23.446982,741644.472628
23.465733,741644.473756
23.467156,741644.473756
23.485738,741644.447913
23.486985,741644.447913
23.505813,741644.448803
23.506978,741644.448803
23.525848,741644.449728
23.526970,741644.449728
23.545816,741644.450622
23.546971,741644.450622
23.565945,741644.451548
23.567079,741644.451548
23.585882,741644.452487
23.587113,741644.452487
23.605865,741644.453513
23.607038,741644.453513
23.625661,741644.454473
23.627019,741644.454473
23.645735,741644.455567
23.647127,741644.455567
23.665883,741644.456638
23.666951,741644.456638
23.686018,741644.447858
23.686985,741644.447858
23.705838,741644.448767
23.707113,741644.448767
23.725955,741644.449738
23.727084,741644.449738
23.745831,741644.450704
23.747027,741644.450704
23.765808,741644.451639
23.767072,741644.451639
23.785867,741644.452552
23.786975,741644.452552
23.805746,741644.453465
23.807063,741644.453465
23.825849,741644.454330
23.827001,741644.454330
23.845835,741644.455267
23.847034,741644.455267
23.865680,741644.456198
23.866981,741644.456198
23.885702,741644.457125
23.887041,741644.457125
23.905812,741644.445183
23.907011,741644.445183
23.925807,741644.445915
23.927089,741644.445915
23.945757,741644.446676
23.946972,741644.446676
23.965782,741644.447414
23.967071,741644.447414
23.985727,741644.448129
23.987122,741644.448129
24.005910,741644.448774
24.007007,741644.448774
24.025787,741644.449423
24.026946,741644.449423
24.045827,741644.450062
24.047115,741644.450062
24.065806,741644.450659
24.066987,741644.450659
24.086029,741644.449745
24.087052,741644.449745
24.105836,741644.450360
24.107083,741644.450360
24.125864,741644.450897
24.127130,741644.450897
24.145840,741644.451418
24.147007,741644.451418
24.165947,741644.452049
24.166983,741644.452049
24.185933,741644.452677
24.186955,741644.452677
24.205894,741644.453339
24.207059,741644.453339
24.225737,741644.454075
24.227111,741644.454075
24.245846,741644.454693
24.247033,741644.454693
24.265861,741644.455430
24.267138,741644.455430
24.285826,741644.448311
24.287042,741644.448311
24.305919,741644.448953
24.307053,741644.448953
24.325773,741644.449634
24.327060,741644.449634
24.345810,741644.450218
24.347016,741644.450218
24.365892,741644.450832
24.367127,741644.450832
24.385857,741644.451454
24.387044,741644.451454
24.405983,741644.452092
24.406981,741644.452092
24.425694,741644.452650
24.426993,741644.452650
24.445759,741644.453139
24.447028,741644.453139
24.465862,741644.453677
24.467067,741644.453677
24.485823,741644.450132
24.487059,741644.450132
24.505745,741644.450531
24.507016,741644.450531
24.525809,741644.450938
24.527073,741644.450938
24.545836,741644.451393
24.547141,741644.451393
24.565868,741644.451696
24.567037,741644.451696
24.585894,741644.452144
24.587039,741644.452144
24.605843,741644.452486
24.606997,741644.452486
24.625794,741644.452874
24.627098,741644.452874
24.645756,741644.453275
24.647011,741644.453275
24.665820,741644.453664
24.666983,741644.453664
24.685880,741644.453931
24.687130,741644.453931
24.705764,741644.454313
24.707006,741644.454313
24.725814,741644.454700
24.727027,741644.454700
24.745797,741644.455235
24.747002,741644.455235
24.765767,741644.455609
24.767097,741644.455609
24.785973,741644.456085
24.787048,741644.456085
24.805863,741644.456496
24.807050,741644.456496
24.825771,741644.456887
24.827082,741644.456887
24.845781,741644.457263
24.847121,741644.457263
24.865762,741644.457629
24.867108,741644.457629
24.885746,741644.458088
24.887077,741644.458088
24.906067,741644.458773
24.906964,741644.458773
24.925865,741644.459077
24.927054,741644.459077
24.945732,741644.459490
24.946971,741644.459490
24.965753,741644.459811
24.966992,741644.459811
24.986056,741644.460228
24.987000,741644.460228
25.006032,741644.460542
25.007174,741644.460542
25.025875,741644.460813
25.027052,741644.460813
25.045823,741644.461145
