0.329270,0.054000
0.396118,0.058000
0.562642,0.071000
0.597079,0.067000
0.629518,0.067000
0.730560,0.067000
0.764030,0.067000
0.997480,0.058000
1.063430,0.058000
1.097912,0.054000
1.162650,0.054000
1.231666,0.058000
1.263993,0.058000
1.330924,0.054000
1.363383,0.054000
1.495337,0.054000
1.629010,0.054000
1.829616,0.054000
1.927935,0.058000
1.995971,0.058000
2.060837,0.058000
2.129630,0.058000
2.262711,0.058000
2.296182,0.058000
2.395595,0.058000
2.430017,0.058000
2.596218,0.054000
2.831120,0.058000
3.331676,0.054000
3.364167,0.058000
3.464692,0.054000
3.564831,0.063000
3.599395,0.063000
3.666359,0.046000
3.699711,0.046000
3.800055,0.067000
3.836744,0.067000
3.869313,0.063000
4.101425,0.063000
4.134918,0.063000
4.368734,0.058000
4.669821,0.054000
4.701260,0.054000
4.802486,0.058000
4.834986,0.058000
5.068397,0.063000
5.266703,0.058000
5.333578,0.058000
5.633385,0.058000
5.731953,0.058000
5.765347,0.063000
5.866691,0.067000
5.967256,0.067000
6.032820,0.067000
6.067297,0.058000
6.199423,0.063000
6.233478,0.063000
6.367960,0.071000
6.501266,0.063000
6.567962,0.084000
6.600534,0.084000
6.667293,0.075000
6.766721,0.058000
6.801612,0.058000
6.833606,0.058000
6.868069,0.058000
6.934918,0.058000
7.034205,0.071000
7.068690,0.058000
7.202475,0.079000
7.234819,0.079000
7.303756,0.071000
7.336210,0.071000
7.370721,0.075000
7.405181,0.075000
7.476130,0.058000
7.538917,0.058000
7.605836,0.063000
7.707354,0.075000
7.771948,0.067000
7.873264,0.071000
8.008161,0.063000
8.074106,0.071000
8.106527,0.071000
8.273675,0.071000
8.307212,0.071000
8.339557,0.071000
8.373905,0.075000
8.473281,0.067000
8.904939,0.075000
9.038681,0.071000
9.073100,0.075000
9.105442,0.075000
9.138146,0.075000
9.204626,0.075000
9.373180,0.071000
9.405338,0.071000
9.505585,0.067000
9.538895,0.067000
9.573333,0.071000
9.706772,0.071000
9.772111,0.071000
9.806522,0.071000
10.005179,0.071000
10.039681,0.071000
10.073983,0.071000
10.108483,0.071000
10.173353,0.075000
10.205854,0.075000
10.307094,0.071000
10.506689,0.067000
10.641526,0.067000
10.672861,0.071000
10.707649,0.071000
10.807467,0.071000
10.874356,0.075000
11.077149,0.063000
11.111608,0.063000
11.146083,0.063000
11.310187,0.071000
11.344641,0.071000
11.443874,0.071000
11.544186,0.071000
11.575666,0.058000
11.614242,0.058000
11.646951,0.058000
11.777349,0.067000
11.977994,0.067000
12.011398,0.067000
12.044854,0.067000
12.078243,0.067000
12.110619,0.067000
12.242537,0.067000
12.343727,0.067000
12.376229,0.054000
12.443129,0.054000
12.643612,0.058000
12.676211,0.067000
12.874735,0.063000
12.910025,0.063000
13.042837,0.058000
13.075431,0.067000
13.109794,0.067000
13.175720,0.063000
13.210089,0.063000
13.375320,0.054000
13.510129,0.058000
13.542022,0.058000
13.710163,0.063000
13.844040,0.058000
13.875352,0.075000
14.076958,0.071000
14.245532,0.071000
14.277637,0.075000
14.309969,0.075000
14.476370,0.067000
14.512736,0.067000
14.714257,0.058000
14.750087,0.058000
14.783149,0.071000
14.948482,0.071000
15.048675,0.071000
15.082159,0.067000
15.181459,0.067000
15.284858,0.067000
15.315542,0.067000
15.382206,0.071000
15.413646,0.071000
15.582560,0.054000
15.682029,0.067000
15.714478,0.067000
16.013493,0.067000
16.046940,0.067000
16.146229,0.058000
16.246702,0.058000
16.312335,0.063000
16.347236,0.063000
16.412866,0.067000
16.545434,0.054000
16.612289,0.054000
16.711605,0.067000
16.780485,0.067000
16.813055,0.067000
16.847396,0.067000
16.913377,0.063000
16.946726,0.063000
17.045855,0.063000
17.147273,0.063000
17.179808,0.063000
17.347927,0.063000
17.546624,0.063000
17.613520,0.063000
17.746239,0.058000
17.779599,0.058000
17.814260,0.058000
18.047216,0.067000
18.083656,0.067000
18.116194,0.067000
18.148977,0.067000
18.217534,0.067000
18.284559,0.067000
18.387618,0.067000
18.420073,0.067000
18.517612,0.063000
18.618940,0.058000
18.685520,0.058000
18.750355,0.058000
18.784796,0.054000
18.817347,0.054000
18.886398,0.063000
18.920710,0.063000
18.953101,0.063000
19.050328,0.058000
19.119312,0.067000
19.186106,0.058000
19.250851,0.058000
19.550806,0.067000
19.617685,0.058000
19.684461,0.054000
19.750394,0.054000
19.984482,0.050000
20.083586,0.058000
20.116109,0.058000
20.248770,0.058000
20.316766,0.058000
20.349120,0.058000
20.383599,0.058000
20.418110,0.058000
20.484834,0.058000
20.517327,0.058000
20.549640,0.058000
20.684511,0.063000
20.784677,0.067000
20.849608,0.067000
20.918600,0.067000
21.084693,0.058000
21.119191,0.058000
21.251911,0.063000
21.283190,0.063000
21.317772,0.063000
21.384616,0.058000
21.520365,0.058000
21.552773,0.058000
21.583120,0.058000
21.652014,0.058000
21.685714,0.058000
21.787727,0.067000
21.822158,0.067000
21.854589,0.067000
21.955948,0.067000
22.022705,0.063000
22.057288,0.063000
22.087568,0.054000
22.122000,0.054000
22.255994,0.054000
22.289229,0.063000
22.423976,0.054000
22.456598,0.054000
22.524425,0.058000
22.557901,0.058000
22.788923,0.050000
22.823538,0.050000
22.855752,0.050000
22.923610,0.063000
23.220652,0.054000
23.588262,0.058000
23.655270,0.058000
23.755611,0.058000
23.821316,0.058000
23.855759,0.058000
23.922541,0.050000
23.955235,0.050000
24.056490,0.058000
24.088937,0.058000
24.155894,0.058000
24.187589,0.058000
24.256171,0.058000
24.287887,0.058000
24.323852,0.058000
24.356314,0.058000
24.388707,0.058000
24.456718,0.058000
24.556910,0.075000
24.623882,0.058000
24.753636,0.067000
24.822554,0.058000
24.857064,0.058000
25.057908,0.058000
25.090035,0.058000
25.325368,0.054000
25.359814,0.054000
25.393359,0.058000
25.426771,0.058000
25.526342,0.058000
25.592847,0.063000
25.627876,0.063000
25.663809,0.063000
25.696369,0.037000
25.793653,0.063000
25.826049,0.063000
25.926413,0.063000
25.961805,0.063000
26.162483,0.058000
26.196987,0.058000
26.261977,0.058000
26.326916,0.058000
26.361347,0.058000
26.594259,0.063000
26.793140,0.063000
26.892458,0.050000
26.925955,0.050000
27.058684,0.067000
27.193490,0.063000
27.324166,0.071000
27.425478,0.071000
27.460148,0.071000
27.524927,0.067000
27.625115,0.054000
27.659353,0.067000
27.792623,0.067000
27.825108,0.067000
27.859467,0.067000
28.025879,0.063000
28.060222,0.063000
28.192971,0.075000
28.295337,0.063000
28.494973,0.067000
28.561088,0.075000
28.627658,0.075000
28.997877,0.067000
29.064749,0.071000
29.099155,0.071000
29.302152,0.075000
29.364341,0.067000
29.433228,0.067000
29.499491,0.075000
29.533895,0.075000
29.665064,0.075000
29.800851,0.075000
29.833573,0.075000
29.932648,0.071000
29.997542,0.075000
30.331738,0.067000
30.463364,0.071000
30.530298,0.071000
30.729957,0.058000
30.832183,0.071000
31.030649,0.075000
31.063107,0.067000
31.196882,0.067000
31.332695,0.067000
31.365014,0.071000
31.399569,0.071000
31.497802,0.075000
31.531088,0.075000
31.598106,0.075000
31.631398,0.075000
31.833159,0.067000
31.865575,0.067000
31.995438,0.067000
32.031838,0.067000
32.164749,0.071000
32.437221,0.071000
32.536398,0.063000
32.601795,0.054000
32.637109,0.054000
32.835226,0.063000
32.871656,0.075000
32.903102,0.075000
32.936564,0.075000
33.001316,0.067000
33.070287,0.067000
33.102731,0.067000
