0.187853,30.633630
0.207970,30.633632
0.227832,30.633633
0.247792,30.633635
0.267678,30.633636
0.287776,30.633637
0.307807,30.633639
0.327761,30.633640
0.348482,30.633642
0.367960,30.633643
0.387777,30.633645
0.407714,30.633646
0.427754,30.633647
0.447658,30.633649
0.467617,30.633650
0.487617,30.633651
0.507712,30.633653
0.527660,30.633654
0.547790,30.633656
0.568677,30.633657
0.588291,30.633658
0.607775,30.633660
0.628311,30.633661
0.649153,30.633663
0.667404,30.633664
0.687412,30.633665
0.707400,30.633667
0.727371,30.633668
0.747411,30.633670
0.767425,30.633671
0.787377,30.633672
0.807357,30.633674
0.827303,30.633675
0.848683,30.633676
0.868483,30.633678
0.887354,30.633679
0.907361,30.633680
0.927465,30.633682
0.947471,30.633683
0.967453,30.633684
0.987337,30.633686
1.007371,30.633687
1.027525,30.633688
1.047715,30.633690
1.067580,30.633691
1.087312,30.633692
1.107283,30.633694
1.127505,30.633695
1.147427,30.633697
1.167299,30.633698
1.187372,30.633699
1.207255,30.633700
1.227234,30.633702
1.247258,30.633703
1.267216,30.633704
1.287570,30.633706
1.307142,30.633707
1.327200,30.633708
1.347291,30.633710
1.367405,30.633711
1.387412,30.633712
1.407146,30.633713
1.427125,30.633715
1.447271,30.633716
1.467217,30.633717
1.487651,30.633719
1.507225,30.633720
1.527229,30.633721
1.547233,30.633722
1.567170,30.633724
1.586935,30.633725
1.607185,30.633726
1.627199,30.633727
1.647139,30.633728
1.667073,30.633730
1.686981,30.633731
1.707225,30.633732
1.727384,30.633733
1.747072,30.633735
1.766865,30.633736
1.787656,30.633737
1.807005,30.633738
1.827183,30.633739
1.847260,30.633741
1.866895,30.633742
1.886920,30.633743
1.906841,30.633744
1.926955,30.633745
1.947839,30.633747
1.967769,30.633748
1.987734,30.633749
2.007657,30.633750
2.027867,30.633751
2.047663,30.633752
2.067766,30.633753
2.087675,30.633755
2.107719,30.633756
2.127687,30.633757
2.147691,30.633758
2.167659,30.633759
2.187579,30.633760
2.208670,30.633761
2.227572,30.633762
2.247576,30.633764
2.267570,30.633765
2.287492,30.633766
2.307550,30.633767
2.327339,30.633768
2.347649,30.633769
2.367352,30.633770
2.387387,30.633771
2.407526,30.633772
2.427432,30.633773
2.447399,30.633774
2.467360,30.633775
2.487242,30.633776
2.507366,30.633777
2.527478,30.633778
2.547364,30.633779
2.567638,30.633780
2.587399,30.633781
2.607341,30.633782
2.627400,30.633783
2.647342,30.633784
2.667409,30.633785
2.687321,30.633786
2.707310,30.633787
2.727521,30.633788
2.747178,30.633789
2.767309,30.633790
2.787285,30.633791
2.807306,30.633792
2.827269,30.633793
2.847347,30.633794
2.867167,30.633795
2.887115,30.633796
2.907102,30.633797
2.927484,30.633797
2.947624,30.633799
2.967502,30.633799
2.987381,30.633800
3.007015,30.633801
3.027189,30.633802
3.047063,30.633803
3.068283,30.633804
3.087561,30.633805
3.107095,30.633805
3.126962,30.633806
3.147089,30.633807
3.166940,30.633808
3.186872,30.633809
3.206959,30.633810
3.228731,30.633810
3.246990,30.633811
3.267064,30.633812
3.286806,30.633813
3.306807,30.633814
3.326913,30.633814
3.346840,30.633815
3.366966,30.633816
3.387043,30.633817
3.407073,30.633817
3.427650,30.633818
3.447866,30.633819
3.466798,30.633820
3.486663,30.633820
3.507290,30.633821
3.527419,30.633822
3.547793,30.633822
3.567683,30.633823
3.587723,30.633824
3.607688,30.633825
3.627684,30.633825
3.650442,30.633826
3.668262,30.633826
3.688127,30.633827
3.708924,30.633828
3.727671,30.633828
3.747891,30.633829
3.767617,30.633830
3.787580,30.633830
3.807524,30.633831
3.829008,30.633831
3.848386,30.633832
3.867605,30.633833
3.887645,30.633833
3.907512,30.633834
3.928132,30.633834
3.950258,30.633835
3.967577,30.633836
3.987572,30.633836
4.007523,30.633837
4.027573,30.633837
4.047568,30.633838
4.067492,30.633838
4.087496,30.633839
4.107632,30.633839
4.127738,30.633840
4.147470,30.633840
4.167464,30.633841
4.187289,30.633841
4.207397,30.633842
4.227403,30.633842
4.247682,30.633843
4.267323,30.633843
4.287285,30.633843
4.307321,30.633844
4.327395,30.633844
4.347414,30.633845
4.367324,30.633845
4.387145,30.633845
4.407678,30.633846
4.427155,30.633846
4.446928,30.633847
4.467019,30.633847
4.487103,30.633847
4.506974,30.633848
4.527352,30.633848
4.547023,30.633848
4.567146,30.633849
4.587152,30.633849
4.607198,30.633849
4.627062,30.633849
4.647141,30.633850
4.667053,30.633850
4.687236,30.633850
4.707583,30.633851
4.727256,30.633851
4.747321,30.633851
4.767168,30.633851
4.787049,30.633852
4.807365,30.633852
4.827084,30.633852
4.847311,30.633852
4.867003,30.633852
4.887033,30.633853
4.907178,30.633853
4.927553,30.633853
4.947043,30.633853
4.966886,30.633853
4.986895,30.633853
5.006995,30.633854
5.027082,30.633854
5.046894,30.633854
5.067758,30.633854
5.086989,30.633854
5.106965,30.633854
5.126767,30.633855
5.146788,30.633855
5.167675,30.633855
5.187671,30.633855
5.206568,30.633855
5.226745,30.633855
5.247531,30.633855
5.267515,30.633855
5.287538,30.633855
5.308340,30.633855
5.328032,30.633855
5.347444,30.633855
5.367285,30.633855
5.387298,30.633855
5.407282,30.633855
5.427393,30.633855
5.447388,30.633855
5.467363,30.633855
5.487402,30.633855
5.507413,30.633855
5.527364,30.633855
5.547981,30.633855
5.567412,30.633855
5.587366,30.633855
5.607323,30.633855
5.627407,30.633855
5.647592,30.633855
5.668091,30.633855
5.687541,30.633854
5.707739,30.633854
5.727695,30.633854
5.747939,30.633854
5.767768,30.633854
5.787465,30.633854
5.807623,30.633854
5.827633,30.633854
5.847852,30.633853
5.867871,30.633853
5.887620,30.633853
5.907583,30.633853
5.927952,30.633853
5.947412,30.633852
5.967635,30.633852
5.988024,30.633852
6.007569,30.633852
6.027055,30.633852
6.047083,30.633851
6.067014,30.633851
6.087077,30.633851
6.107100,30.633850
6.127060,30.633850
6.147141,30.633850
6.167078,30.633850
6.187129,30.633850
6.208988,30.633849
6.227313,30.633849
6.247155,30.633849
6.266977,30.633848
6.286976,30.633848
6.307031,30.633848
6.327057,30.633847
6.347002,30.633847
6.368230,30.633846
6.387058,30.633846
6.406823,30.633846
6.426861,30.633845
6.446756,30.633845
6.466915,30.633844
6.486863,30.633844
6.506877,30.633844
6.526938,30.633843
6.546847,30.633843
6.566700,30.633842
6.586803,30.633842
6.606728,30.633841
6.627051,30.633841
6.646783,30.633840
6.666783,30.633840
6.686877,30.633839
6.706780,30.633839
6.726736,30.633838
6.746812,30.633838
6.766721,30.633838
6.786829,30.633837
6.807421,30.633836
6.827499,30.633836
6.847923,30.633835
6.867709,30.633835
6.886615,30.633834
6.906521,30.633834
6.927532,30.633833
6.947764,30.633832
6.967839,30.633832
6.987693,30.633831
7.007579,30.633831
7.027593,30.633830
7.047812,30.633829
7.067685,30.633829
7.087507,30.633828
7.108582,30.633828
7.127739,30.633827
7.147521,30.633826
7.167432,30.633825
7.187257,30.633825
7.207320,30.633824
7.227304,30.633823
7.247278,30.633823
7.267276,30.633822
7.287260,30.633821
7.307351,30.633821
7.327444,30.633820
7.347941,30.633819
7.367347,30.633819
7.387580,30.633818
7.407589,30.633817
7.427512,30.633816
7.447801,30.633816
7.467540,30.633815
7.487677,30.633814
7.507660,30.633813
7.527563,30.633813
7.547527,30.633812
7.567621,30.633811
7.587533,30.633810
7.607273,30.633809
7.627480,30.633809
7.647489,30.633808
7.667294,30.633807
7.687269,30.633806
7.707819,30.633805
7.727327,30.633804
7.747455,30.633804
7.767253,30.633803
7.787376,30.633802
7.807320,30.633801
7.827259,30.633800
7.847389,30.633799
7.867469,30.633798
7.887316,30.633797
7.907250,30.633797
7.927309,30.633796
7.947173,30.633795
7.967310,30.633794
7.987120,30.633793
8.007409,30.633792
8.027081,30.633791
8.047183,30.633790
8.067188,30.633789
8.086967,30.633788
8.107188,30.633787
8.127092,30.633786
8.146986,30.633785
8.166905,30.633784
8.186835,30.633783
8.206891,30.633782
8.227098,30.633781
8.247015,30.633780
8.266954,30.633779
8.286953,30.633778
8.306767,30.633777
8.327282,30.633776
8.347145,30.633775
8.367016,30.633774
8.387078,30.633773
8.406711,30.633772
8.427069,30.633771
8.446860,30.633770
8.466774,30.633769
8.486849,30.633768
8.506931,30.633767
8.527084,30.633766
8.547587,30.633765
8.567787,30.633764
8.587580,30.633763
8.606717,30.633762
8.626854,30.633760
8.647627,30.633759
8.667625,30.633758
8.687643,30.633757
8.706685,30.633756
8.726685,30.633755
8.747622,30.633754
8.767655,30.633753
8.787642,30.633751
8.807907,30.633750
8.827482,30.633749
8.847459,30.633748
8.867533,30.633747
8.887486,30.633746
8.907425,30.633745
8.927775,30.633743
8.948020,30.633742
8.967532,30.633741
8.987501,30.633740
9.007512,30.633739
9.027510,30.633738
9.047467,30.633736
9.067493,30.633735
9.087532,30.633734
9.107479,30.633733
9.127457,30.633732
9.148160,30.633730
9.168026,30.633729
9.187362,30.633728
9.207050,30.633727
9.226969,30.633725
9.247139,30.633724
9.266957,30.633723
9.286994,30.633722
9.306973,30.633720
9.326898,30.633719
9.347271,30.633718
9.368919,30.633717
9.388936,30.633715
9.407018,30.633714
9.426858,30.633713
9.446972,30.633712
9.466862,30.633710
9.486935,30.633709
9.507033,30.633708
9.527092,30.633707
9.546898,30.633705
9.566890,30.633704
9.586979,30.633703
9.607525,30.633701
9.627637,30.633700
9.647220,30.633699
9.667036,30.633698
9.687986,30.633696
9.707992,30.633695
9.726921,30.633694
9.746976,30.633692
9.766953,30.633691
9.787210,30.633690
9.806958,30.633688
9.826791,30.633687
9.846797,30.633686
9.866928,30.633684
9.887111,30.633683
9.906873,30.633682
9.927032,30.633680
9.946910,30.633679
9.966930,30.633678
9.986812,30.633676
10.006696,30.633675
10.027003,30.633674
10.046746,30.633672
10.066686,30.633671
10.086942,30.633670
10.107347,30.633668
10.126843,30.633667
10.146703,30.633666
10.166689,30.633664
10.186714,30.633663
10.206846,30.633661
10.226692,30.633660
10.246830,30.633659
10.266934,30.633657
10.287614,30.633656
10.306633,30.633655
10.326657,30.633653
10.347753,30.633652
10.367532,30.633650
10.387662,30.633649
10.406669,30.633648
10.426723,30.633646
10.447579,30.633645
10.467582,30.633644
10.487469,30.633642
10.507631,30.633641
10.527346,30.633639
10.547563,30.633638
10.567431,30.633637
10.587392,30.633635
10.607441,30.633634
10.627352,30.633632
10.647481,30.633631
10.667749,30.633630
10.687452,30.633628
10.707569,30.633627
10.727665,30.633625
10.747310,30.633624
10.767479,30.633623
10.787408,30.633621
10.807129,30.633620
10.826981,30.633618
10.847242,30.633617
10.867047,30.633616
10.886965,30.633614
10.907185,30.633613
10.927377,30.633611
10.947169,30.633610
10.967139,30.633609
10.987239,30.633607
11.007343,30.633606
11.027436,30.633604
11.047680,30.633603
11.067267,30.633602
11.087757,30.633600
11.107249,30.633599
11.127266,30.633597
11.147142,30.633596
11.167356,30.633594
11.187061,30.633593
11.207249,30.633592
11.227063,30.633590
11.247115,30.633589
11.267096,30.633587
11.287163,30.633586
11.307184,30.633585
11.327426,30.633583
11.347072,30.633582
11.367517,30.633581
11.387383,30.633579
11.407284,30.633578
11.426990,30.633576
11.446891,30.633575
11.466791,30.633574
11.487031,30.633572
11.506802,30.633571
11.526751,30.633569
11.546904,30.633568
11.566723,30.633567
11.586706,30.633565
11.606641,30.633564
11.626901,30.633562
11.646955,30.633561
11.668082,30.633560
11.687225,30.633558
11.706987,30.633557
11.726792,30.633556
11.746709,30.633554
11.766727,30.633553
11.786515,30.633551
11.806529,30.633550
11.826579,30.633549
11.846544,30.633547
11.866634,30.633546
11.886478,30.633545
11.906613,30.633543
11.926657,30.633542
11.946870,30.633541
11.967512,30.633539
11.987510,30.633538
12.007688,30.633537
12.027539,30.633535
12.047775,30.633534
12.067808,30.633533
12.087611,30.633531
12.107490,30.633530
12.127543,30.633529
12.147424,30.633527
12.167587,30.633526
12.187281,30.633525
12.207323,30.633523
12.227325,30.633522
12.247284,30.633521
12.267340,30.633519
12.287247,30.633518
12.307420,30.633517
12.327380,30.633516
12.347275,30.633514
12.367250,30.633513
12.387271,30.633512
12.407263,30.633510
12.427231,30.633509
12.447535,30.633508
12.467189,30.633507
12.487435,30.633505
12.507321,30.633504
12.527171,30.633503
12.547649,30.633502
12.567858,30.633500
12.588469,30.633499
12.607118,30.633498
12.627088,30.633497
12.646950,30.633495
12.667097,30.633494
12.687087,30.633493
12.706959,30.633492
12.727065,30.633490
12.747071,30.633489
12.767041,30.633488
12.787115,30.633487
12.806925,30.633486
12.827287,30.633485
12.847038,30.633483
12.867069,30.633482
12.887038,30.633481
12.906980,30.633480
12.926978,30.633479
12.946908,30.633477
12.966968,30.633476
12.986855,30.633475
13.006804,30.633474
13.027000,30.633473
13.046930,30.633472
13.066854,30.633471
13.086858,30.633469
13.107060,30.633468
13.126960,30.633467
13.146843,30.633466
13.166878,30.633465
13.187141,30.633464
13.206710,30.633463
13.226874,30.633462
13.247000,30.633460
13.266720,30.633459
13.287189,30.633458
13.306690,30.633457
13.326689,30.633456
13.346683,30.633455
13.366823,30.633454
13.386924,30.633453
13.406749,30.633452
13.427749,30.633451
13.447530,30.633450
13.466908,30.633449
13.487046,30.633447
13.508025,30.633446
13.527094,30.633445
13.546822,30.633444
13.566466,30.633443
13.586377,30.633442
13.606484,30.633441
13.626505,30.633440
13.646340,30.633439
13.666675,30.633438
13.687383,30.633437
13.707344,30.633436
13.727987,30.633435
13.747763,30.633435
13.767750,30.633434
13.787740,30.633433
13.807702,30.633432
13.827659,30.633431
13.847830,30.633430
13.867585,30.633429
13.887174,30.633428
13.907243,30.633427
13.927191,30.633426
13.947308,30.633425
13.967179,30.633424
13.987255,30.633423
14.007113,30.633422
14.028040,30.633421
14.048387,30.633420
14.067204,30.633420
14.087095,30.633419
14.107105,30.633418
14.126978,30.633417
14.147151,30.633416
14.167080,30.633415
14.187179,30.633414
14.208019,30.633413
14.227866,30.633413
14.248737,30.633412
14.266972,30.633411
14.286977,30.633410
14.307353,30.633409
14.327066,30.633409
14.347421,30.633408
14.367095,30.633407
14.387040,30.633406
14.407044,30.633405
14.426885,30.633405
14.446930,30.633404
14.467045,30.633403
14.487186,30.633402
14.507231,30.633402
14.527105,30.633401
14.547060,30.633400
14.566874,30.633400
14.587093,30.633399
14.607058,30.633398
14.626960,30.633397
14.646852,30.633397
14.666781,30.633396
14.686986,30.633395
14.706866,30.633395
14.726759,30.633394
14.747040,30.633393
14.766783,30.633393
14.786773,30.633392
14.806631,30.633391
14.826985,30.633391
14.846726,30.633390
14.866694,30.633390
14.887252,30.633389
14.906648,30.633388
14.926775,30.633388
14.946690,30.633387
14.966698,30.633386
14.986685,30.633386
15.006610,30.633385
15.026672,30.633385
15.046629,30.633384
15.066697,30.633384
15.086516,30.633383
15.106663,30.633383
15.126499,30.633382
15.146801,30.633382
15.166800,30.633381
15.186484,30.633381
15.206471,30.633380
15.226535,30.633380
15.246675,30.633379
15.266516,30.633379
15.286421,30.633378
15.306400,30.633378
15.326485,30.633377
15.347178,30.633377
15.367021,30.633377
15.386632,30.633376
15.406568,30.633376
15.426676,30.633375
15.447697,30.633375
15.468167,30.633375
15.487769,30.633374
15.507225,30.633374
15.527282,30.633373
15.547179,30.633373
15.567267,30.633373
15.587171,30.633372
15.607093,30.633372
15.627132,30.633372
15.647363,30.633371
15.667101,30.633371
15.687166,30.633371
15.707260,30.633370
15.727118,30.633370
15.747304,30.633370
15.767526,30.633370
15.787215,30.633369
15.808386,30.633369
15.827970,30.633369
15.847345,30.633369
15.867748,30.633368
15.887649,30.633368
15.907408,30.633368
15.927084,30.633368
15.947024,30.633367
15.968090,30.633367
15.987770,30.633367
16.006952,30.633367
16.026898,30.633367
16.046787,30.633366
16.067009,30.633366
16.086990,30.633366
16.107377,30.633366
16.127064,30.633366
16.147075,30.633366
16.166950,30.633365
16.187092,30.633365
16.206852,30.633365
16.226883,30.633365
16.247013,30.633365
16.267018,30.633365
16.286999,30.633365
16.306895,30.633365
16.327558,30.633365
16.347252,30.633365
16.366844,30.633365
16.386971,30.633365
16.406751,30.633365
16.426938,30.633365
16.446891,30.633365
16.466773,30.633365
16.486849,30.633365
16.506869,30.633365
16.526776,30.633365
16.546917,30.633365
16.566646,30.633365
16.586813,30.633365
16.606733,30.633365
16.626831,30.633365
16.646684,30.633365
16.666843,30.633365
16.686737,30.633365
16.706648,30.633365
16.726641,30.633365
16.746795,30.633365
16.766831,30.633365
16.786659,30.633365
16.806599,30.633366
16.826515,30.633366
16.846485,30.633366
16.866645,30.633366
16.886691,30.633366
16.906526,30.633366
16.926645,30.633367
16.946421,30.633367
16.966492,30.633367
16.986701,30.633367
17.006498,30.633367
17.026683,30.633368
17.046576,30.633368
17.066587,30.633368
17.086593,30.633368
17.106467,30.633369
17.126625,30.633369
17.146372,30.633369
17.166488,30.633369
17.186280,30.633370
17.206298,30.633370
17.226407,30.633370
17.246240,30.633371
17.266239,30.633371
17.287318,30.633371
17.307246,30.633371
17.327259,30.633372
17.347266,30.633372
17.367263,30.633372
17.387358,30.633373
17.407202,30.633373
17.427246,30.633374
17.447218,30.633374
17.467468,30.633374
17.487228,30.633375
17.507262,30.633375
17.527339,30.633376
17.547286,30.633376
17.567223,30.633376
17.587246,30.633377
17.607382,30.633377
17.627098,30.633378
17.647716,30.633378
17.667968,30.633379
17.687696,30.633379
17.707513,30.633380
17.727149,30.633380
17.747130,30.633381
17.767023,30.633381
17.787040,30.633382
17.807030,30.633382
17.827002,30.633383
17.847055,30.633383
17.866893,30.633384
17.886914,30.633384
17.906882,30.633385
17.926937,30.633385
17.946976,30.633386
17.966978,30.633387
17.986784,30.633387
18.006909,30.633388
18.027200,30.633388
18.046804,30.633389
18.066783,30.633390
18.086726,30.633390
18.106663,30.633391
18.127633,30.633392
18.148628,30.633392
18.167296,30.633393
18.187038,30.633393
18.206918,30.633394
18.226660,30.633395
18.246653,30.633395
18.266621,30.633396
18.286653,30.633397
18.306628,30.633398
18.326648,30.633398
18.346770,30.633399
18.366710,30.633400
18.386556,30.633401
18.406623,30.633401
18.426732,30.633402
18.447064,30.633403
18.467135,30.633404
18.486908,30.633404
18.506972,30.633405
18.526860,30.633406
18.546853,30.633406
18.566912,30.633407
18.586962,30.633408
18.606827,30.633409
18.626781,30.633410
18.646551,30.633411
18.666750,30.633411
18.686662,30.633412
18.706663,30.633413
18.726527,30.633414
18.746523,30.633415
18.766558,30.633416
18.786488,30.633416
18.806511,30.633417
18.826457,30.633418
18.846623,30.633419
18.866397,30.633420
18.886556,30.633421
18.906785,30.633422
18.926317,30.633423
18.946469,30.633423
18.966297,30.633424
18.986474,30.633425
19.006414,30.633426
19.026662,30.633427
19.047434,30.633428
19.067230,30.633429
19.086389,30.633430
19.107280,30.633431
19.127477,30.633432
19.147310,30.633433
19.167378,30.633434
19.187236,30.633435
19.207795,30.633436
19.227331,30.633437
19.247210,30.633438
19.267208,30.633439
19.287352,30.633440
19.307389,30.633441
19.327426,30.633442
19.347249,30.633443
19.367108,30.633444
19.387113,30.633445
19.407058,30.633446
19.427087,30.633447
19.447043,30.633448
19.467064,30.633449
19.487360,30.633450
19.506989,30.633451
19.527479,30.633453
19.546976,30.633454
19.567023,30.633455
19.587070,30.633456
19.606976,30.633457
19.627117,30.633458
19.646881,30.633459
19.666805,30.633460
19.686879,30.633461
19.706903,30.633462
19.726814,30.633464
19.747107,30.633465
19.766838,30.633466
19.786959,30.633467
19.806925,30.633468
19.826954,30.633469
19.847018,30.633470
19.867438,30.633472
19.887115,30.633473
19.907533,30.633474
19.927566,30.633475
19.947084,30.633476
19.966788,30.633477
19.986831,30.633479
20.006814,30.633480
20.026757,30.633481
20.046670,30.633482
20.066664,30.633483
20.086910,30.633485
20.106801,30.633486
20.126705,30.633487
20.146651,30.633488
20.166801,30.633489
20.186650,30.633491
20.206582,30.633492
20.226705,30.633493
20.246689,30.633494
20.266808,30.633496
20.286684,30.633497
20.306540,30.633498
20.326556,30.633499
20.346577,30.633500
20.366763,30.633502
20.386567,30.633503
20.406393,30.633504
20.426510,30.633505
20.446606,30.633507
20.466453,30.633508
20.486393,30.633509
20.506332,30.633511
20.526455,30.633512
20.546423,30.633513
20.566508,30.633514
20.586599,30.633516
20.606514,30.633517
20.626473,30.633518
20.646277,30.633520
20.666355,30.633521
20.686435,30.633522
20.706564,30.633524
20.726486,30.633525
20.747332,30.633526
20.767408,30.633527
20.787158,30.633529
20.807413,30.633530
20.827257,30.633531
20.847207,30.633533
20.867382,30.633534
20.887704,30.633535
20.908598,30.633537
20.927745,30.633538
20.947262,30.633539
20.967103,30.633541
20.987177,30.633542
21.007158,30.633543
21.027288,30.633545
21.047049,30.633546
21.066942,30.633547
21.087520,30.633549
21.107186,30.633550
21.127268,30.633551
21.147084,30.633553
21.167218,30.633554
21.187317,30.633556
21.207282,30.633557
21.227180,30.633558
21.247380,30.633560
21.267017,30.633561
21.287180,30.633562
21.306967,30.633564
21.327291,30.633565
21.347013,30.633566
21.367054,30.633568
21.386945,30.633569
21.406967,30.633571
21.426862,30.633572
21.446784,30.633573
21.466917,30.633575
21.487091,30.633576
21.506695,30.633577
21.526738,30.633579
21.547203,30.633580
21.566864,30.633582
21.587334,30.633583
21.606817,30.633584
21.626658,30.633586
21.646880,30.633587
21.666956,30.633589
21.687509,30.633590
21.707698,30.633591
21.726680,30.633593
21.746687,30.633594
21.766617,30.633595
21.786514,30.633597
21.806499,30.633598
21.826536,30.633600
21.846586,30.633601
21.866604,30.633602
21.886467,30.633604
21.907262,30.633605
21.927081,30.633607
21.946390,30.633608
21.966452,30.633609
21.986415,30.633611
22.006415,30.633612
22.026371,30.633614
22.046361,30.633615
22.066419,30.633616
22.086447,30.633618
22.106776,30.633619
22.126389,30.633621
22.146481,30.633622
22.166440,30.633624
22.186403,30.633625
22.206262,30.633626
22.226409,30.633628
22.246349,30.633629
22.266317,30.633631
22.286484,30.633632
22.306413,30.633633
22.326422,30.633635
22.346215,30.633636
22.367277,30.633638
22.386224,30.633639
22.406259,30.633640
22.427157,30.633642
22.447101,30.633643
22.467410,30.633645
22.487477,30.633646
22.507716,30.633647
22.527149,30.633649
22.547464,30.633650
22.567687,30.633651
22.587245,30.633653
22.607228,30.633654
22.627347,30.633656
22.647235,30.633657
22.667085,30.633658
22.687085,30.633660
22.707792,30.633661
22.727427,30.633662
22.747011,30.633664
22.767127,30.633665
22.786917,30.633667
22.806740,30.633668
22.827068,30.633669
22.846888,30.633671
22.866782,30.633672
22.886834,30.633673
22.906766,30.633675
22.926904,30.633676
22.946743,30.633678
22.967044,30.633679
22.986878,30.633680
23.006703,30.633682
23.026733,30.633683
23.046575,30.633684
23.066648,30.633686
23.086932,30.633687
23.106616,30.633688
23.126561,30.633690
23.147019,30.633691
23.166826,30.633692
23.186758,30.633694
23.206911,30.633695
23.226565,30.633696
23.246537,30.633698
23.267258,30.633699
23.287258,30.633700
23.306966,30.633701
23.326607,30.633703
23.346553,30.633704
23.366757,30.633705
23.386733,30.633707
23.406529,30.633708
23.426517,30.633709
23.446637,30.633711
23.466874,30.633712
23.486417,30.633713
23.506421,30.633714
23.526545,30.633716
23.548044,30.633717
23.567232,30.633718
23.586536,30.633719
23.606806,30.633721
23.626473,30.633722
23.646368,30.633723
23.668281,30.633724
23.687285,30.633726
23.706330,30.633727
23.726404,30.633728
23.746589,30.633729
23.766840,30.633731
23.786440,30.633732
23.806355,30.633733
23.826277,30.633734
23.846268,30.633735
23.866316,30.633737
23.886333,30.633738
23.906425,30.633739
23.926593,30.633740
23.946424,30.633741
23.966344,30.633743
23.986295,30.633744
24.006358,30.633745
24.026602,30.633746
24.047077,30.633747
24.067450,30.633749
24.086214,30.633750
24.106519,30.633751
24.126212,30.633752
24.147093,30.633753
24.167340,30.633754
24.187144,30.633755
24.207208,30.633757
24.227059,30.633758
24.247027,30.633759
24.267128,30.633760
24.287168,30.633761
24.307118,30.633762
24.327227,30.633763
24.347216,30.633764
24.367195,30.633765
24.387038,30.633767
24.406996,30.633768
24.426991,30.633769
24.447955,30.633770
24.467160,30.633771
24.487179,30.633772
24.506887,30.633773
24.527111,30.633774
24.547126,30.633775
24.567295,30.633776
24.587080,30.633777
24.606888,30.633778
24.626935,30.633779
24.647061,30.633780
24.667560,30.633781
24.687203,30.633782
24.706754,30.633783
24.726735,30.633784
24.746939,30.633785
24.766657,30.633786
24.786625,30.633787
24.806608,30.633788
24.826503,30.633789
24.846982,30.633790
24.866540,30.633791
24.886625,30.633792
24.906528,30.633793
24.926714,30.633794
24.946470,30.633795
24.966938,30.633796
24.986556,30.633797
25.006448,30.633798
25.028394,30.633799
25.047046,30.633800
25.067036,30.633801
25.086577,30.633801
25.106506,30.633802
25.126515,30.633803
25.146234,30.633804
25.166199,30.633805
25.186442,30.633806
25.206428,30.633807
25.226433,30.633808
25.246514,30.633808
25.266233,30.633809
25.286767,30.633810
25.306344,30.633811
25.326312,30.633812
25.346344,30.633813
25.366223,30.633813
25.386305,30.633814
25.406296,30.633815
25.426305,30.633816
25.446138,30.633817
25.466303,30.633817
25.486207,30.633818
25.506258,30.633819
25.526306,30.633820
25.546232,30.633820
25.566281,30.633821
25.586103,30.633822
25.606040,30.633823
25.627204,30.633823
25.646777,30.633824
25.667340,30.633825
25.686099,30.633826
25.706167,30.633826
25.726060,30.633827
25.747136,30.633828
25.767220,30.633828
25.787002,30.633829
25.807612,30.633830
25.827208,30.633830
25.847224,30.633831
25.867282,30.633832
25.887439,30.633832
25.907079,30.633833
25.927116,30.633833
25.947011,30.633834
25.967006,30.633835
25.986953,30.633835
26.006873,30.633836
26.027260,30.633836
26.046881,30.633837
26.066804,30.633838
26.086955,30.633838
26.106755,30.633839
26.127126,30.633839
26.147067,30.633840
26.166862,30.633840
26.186742,30.633841
26.206914,30.633841
26.227722,30.633842
26.247442,30.633842
26.266895,30.633843
26.287000,30.633843
26.307035,30.633844
26.327178,30.633844
26.346931,30.633845
26.367358,30.633845
26.386752,30.633846
26.406794,30.633846
26.426651,30.633847
26.446621,30.633847
26.466878,30.633847
26.486594,30.633848
26.506564,30.633848
26.527063,30.633849
26.546645,30.633849
26.566451,30.633849
26.586496,30.633850
26.606641,30.633850
26.626525,30.633851
26.646751,30.633851
26.666481,30.633851
26.686543,30.633852
26.706423,30.633852
26.726437,30.633852
26.746566,30.633853
26.766366,30.633853
26.786625,30.633853
26.806767,30.633854
26.826329,30.633854
26.846523,30.633854
26.866534,30.633854
26.886445,30.633855
26.906333,30.633855
26.926407,30.633855
26.946211,30.633856
26.966248,30.633856
26.986355,30.633856
27.006275,30.633856
27.026285,30.633856
27.046264,30.633857
27.066196,30.633857
27.086241,30.633857
27.106163,30.633857
27.126236,30.633857
27.146134,30.633857
27.166401,30.633858
27.186079,30.633858
27.206126,30.633858
27.226224,30.633858
27.246080,30.633858
27.266342,30.633858
27.286155,30.633858
27.306144,30.633858
27.326159,30.633859
27.347241,30.633859
27.367072,30.633859
27.387136,30.633859
27.407204,30.633859
27.427098,30.633859
27.446922,30.633859
27.467029,30.633859
27.487046,30.633859
27.507460,30.633859
27.527098,30.633859
27.546884,30.633859
27.566912,30.633859
27.586939,30.633859
27.606912,30.633859
27.626960,30.633859
27.648023,30.633859
27.667325,30.633859
27.686728,30.633859
27.706809,30.633859
27.726678,30.633859
27.747094,30.633859
27.766688,30.633859
27.786910,30.633859
27.806752,30.633859
27.826688,30.633859
27.846603,30.633859
27.866681,30.633858
27.886800,30.633858
27.907361,30.633858
27.927594,30.633858
27.947538,30.633858
27.966726,30.633858
27.986484,30.633858
28.006371,30.633858
28.026720,30.633857
28.046450,30.633857
28.066479,30.633857
28.086529,30.633857
28.106488,30.633857
28.126500,30.633856
28.146501,30.633856
28.166423,30.633856
28.186457,30.633856
28.206480,30.633855
28.226272,30.633855
28.246373,30.633855
28.266366,30.633855
28.286383,30.633854
28.306361,30.633854
28.326387,30.633854
28.346466,30.633854
28.366301,30.633853
28.386482,30.633853
28.406354,30.633853
28.426251,30.633852
28.446222,30.633852
28.466177,30.633852
28.486233,30.633851
28.506126,30.633851
28.526351,30.633851
28.546173,30.633850
28.566085,30.633850
28.586361,30.633850
28.606057,30.633849
28.626178,30.633849
28.647364,30.633848
28.667045,30.633848
28.686938,30.633848
28.706631,30.633847
28.726057,30.633847
28.746256,30.633846
28.765987,30.633846
28.786070,30.633846
28.805953,30.633845
28.826016,30.633845
28.845915,30.633844
28.865890,30.633844
28.885973,30.633843
28.906091,30.633843
28.926050,30.633842
28.945918,30.633842
28.966852,30.633841
28.986211,30.633841
29.006191,30.633840
29.026952,30.633840
29.047501,30.633839
29.067302,30.633838
29.087181,30.633838
29.107154,30.633837
29.125990,30.633837
29.146981,30.633836
29.166941,30.633836
29.187226,30.633835
29.206986,30.633834
29.227404,30.633834
29.246916,30.633833
29.266896,30.633832
29.287458,30.633832
29.307563,30.633831
29.326786,30.633831
29.346617,30.633830
29.366642,30.633829
29.386817,30.633829
29.406832,30.633828
29.426661,30.633827
29.446630,30.633827
29.466702,30.633826
29.486570,30.633825
29.508898,30.633824
29.528456,30.633824
29.547662,30.633823
29.566832,30.633822
29.586935,30.633821
29.607848,30.633821
29.626787,30.633820
29.646700,30.633819
29.666608,30.633818
29.686625,30.633818
29.706563,30.633817
29.726605,30.633816
29.746702,30.633815
29.766604,30.633814
29.786582,30.633814
29.806526,30.633813
29.827564,30.633812
29.846509,30.633811
29.866519,30.633810
29.886261,30.633810
29.906349,30.633809
29.926276,30.633808
29.946233,30.633807
29.966188,30.633806
29.986622,30.633806
30.006592,30.633805
30.026437,30.633804
30.046532,30.633803
30.066796,30.633802
30.086481,30.633801
30.106599,30.633800
30.127299,30.633799
30.148050,30.633798
30.167174,30.633797
30.186501,30.633796
30.206180,30.633796
30.226165,30.633795
30.246136,30.633794
30.266204,30.633793
30.286249,30.633792
30.306094,30.633791
30.326181,30.633790
30.346180,30.633789
30.366330,30.633788
30.386593,30.633787
30.406078,30.633786
30.426131,30.633785
30.446178,30.633784
30.466100,30.633783
30.486042,30.633782
30.506124,30.633781
30.526121,30.633780
30.545930,30.633779
30.566134,30.633778
30.586124,30.633777
30.605983,30.633776
30.626113,30.633775
30.646808,30.633774
30.666940,30.633773
30.686088,30.633772
30.706023,30.633771
30.726453,30.633770
30.746027,30.633768
30.765880,30.633767
30.786138,30.633766
30.806067,30.633765
30.827283,30.633764
30.847096,30.633763
30.866979,30.633762
30.887612,30.633761
30.906836,30.633760
30.926693,30.633759
30.946827,30.633758
30.967535,30.633757
30.988587,30.633755
31.007383,30.633754
31.026707,30.633753
31.046569,30.633752
31.066544,30.633751
31.086593,30.633750
31.106666,30.633749
31.126569,30.633747
31.146837,30.633746
31.166769,30.633745
31.186656,30.633744
31.206920,30.633743
31.226595,30.633741
31.246550,30.633740
31.266482,30.633739
31.286976,30.633738
31.306615,30.633737
31.326510,30.633736
31.346508,30.633734
31.366552,30.633733
31.386467,30.633732
31.406553,30.633731
31.426484,30.633729
31.446516,30.633728
31.466576,30.633727
31.486426,30.633726
31.506522,30.633724
31.526407,30.633723
31.546397,30.633722
31.566375,30.633721
31.586467,30.633719
31.606519,30.633718
31.626642,30.633717
31.646337,30.633716
31.666331,30.633714
31.686502,30.633713
31.706295,30.633712
31.726403,30.633711
31.746422,30.633709
31.767352,30.633708
31.787387,30.633707
31.806969,30.633705
31.826591,30.633704
31.846663,30.633703
31.866253,30.633702
31.886273,30.633700
31.906481,30.633699
31.926248,30.633698
31.946520,30.633696
31.966256,30.633695
31.986370,30.633694
32.006471,30.633692
32.026227,30.633691
32.046527,30.633690
32.066208,30.633688
32.086317,30.633687
32.106463,30.633686
32.126258,30.633684
32.146148,30.633683
32.166102,30.633682
32.186141,30.633680
32.206098,30.633679
32.226177,30.633678
32.246280,30.633676
32.266246,30.633675
32.286338,30.633674
32.305972,30.633672
32.326142,30.633671
32.346719,30.633670
32.366526,30.633668
32.386091,30.633667
32.405838,30.633666
32.426237,30.633664
32.446109,30.633663
32.465753,30.633661
32.485821,30.633660
32.505685,30.633659
32.525770,30.633657
32.546963,30.633656
32.566849,30.633655
32.585782,30.633653
32.606483,30.633652
32.628038,30.633650
32.647799,30.633649
32.666914,30.633648
32.686678,30.633646
32.706701,30.633645
32.726699,30.633644
32.746881,30.633642
32.766611,30.633641
32.786739,30.633639
32.806535,30.633638
32.826783,30.633637
32.846565,30.633635
32.866760,30.633634
32.886633,30.633632
32.906594,30.633631
32.926702,30.633630
32.946650,30.633628
32.966711,30.633627
32.987046,30.633625
33.006621,30.633624
33.026604,30.633623
33.046557,30.633621
33.066653,30.633620
33.086660,30.633618
33.106779,30.633617
