17.188616,1.000000
17.221912,1.000000
17.255326,1.000000
17.288671,1.000000
17.321932,1.000000
17.355317,1.000000
17.388596,1.000000
17.421852,1.000000
17.455168,1.000000
17.488548,1.000000
17.521856,1.000000
17.555210,1.000000
17.588571,1.000000
17.621825,1.000000
17.655279,1.000000
17.688747,1.000000
17.721868,1.000000
17.755191,1.000000
17.788568,1.000000
17.821903,1.000000
17.855336,1.000000
17.888510,1.000000
17.921997,1.000000
17.955226,1.000000
17.988726,1.000000
18.021964,1.000000
18.055188,1.000000
18.088667,1.000000
18.121999,1.000000
18.155246,1.000000
18.188752,1.000000
18.221880,1.000000
18.255247,1.000000
18.288588,1.000000
18.322098,1.000000
18.355136,1.000000
18.388589,1.000000
18.421956,1.000000
18.455409,1.000000
18.488571,1.000000
18.521914,1.000000
18.555329,1.000000
18.588532,1.000000
18.621902,1.000000
18.655227,1.000000
18.688614,1.000000
18.721930,1.000000
18.755231,1.000000
18.788720,1.000000
18.821909,1.000000
18.855315,1.000000
18.888642,1.000000
18.922077,1.000000
18.955254,1.000000
18.988765,1.000000
19.022110,1.000000
19.055261,1.000000
19.088573,1.000000
19.122064,1.000000
19.155269,1.000000
19.188804,1.000000
19.222023,1.000000
19.255255,1.000000
19.288544,1.000000
19.321905,1.000000
19.355200,1.000000
19.388594,1.000000
19.421914,1.000000
19.455275,1.000000
19.488717,1.000000
19.522002,1.000000
19.555314,1.000000
19.588638,1.000000
19.622024,1.000000
19.655340,1.000000
19.688601,1.000000
19.721989,1.000000
19.755303,1.000000
19.788581,1.000000
19.821854,1.000000
19.855165,1.000000
19.888762,1.000000
19.921982,1.000000
19.955369,1.000000
19.988599,1.000000
20.021856,1.000000
20.055274,1.000000
20.088629,1.000000
20.121893,1.000000
20.155252,1.000000
20.188766,1.000000
20.221895,1.000000
20.255276,1.000000
20.288478,1.000000
20.322013,1.000000
20.355316,1.000000
20.388592,1.000000
20.421870,1.000000
20.455394,1.000000
20.488712,1.000000
20.521887,1.000000
20.555207,1.000000
20.588586,1.000000
20.621938,1.000000
20.655345,1.000000
20.688664,1.000000
20.721828,1.000000
20.755363,1.000000
20.788536,1.000000
20.821918,1.000000
20.855224,1.000000
20.888607,1.000000
20.921992,1.000000
20.955349,1.000000
20.988700,1.000000
21.021935,1.000000
21.055212,1.000000
21.088617,1.000000
21.121895,1.000000
21.155368,1.000000
21.188610,1.000000
21.222004,1.000000
21.255258,1.000000
21.288566,1.000000
21.322011,1.000000
21.355288,1.000000
21.388703,1.000000
21.421922,1.000000
21.455288,1.000000
21.488723,1.000000
21.522018,1.000000
21.555312,1.000000
21.588526,1.000000
21.622002,1.000000
21.655198,1.000000
21.688627,1.000000
21.721893,1.000000
21.755317,1.000000
21.788511,1.000000
21.821901,1.000000
21.855190,1.000000
21.888560,1.000000
21.921860,1.000000
21.955199,1.000000
21.988549,1.000000
22.021971,1.000000
22.055229,1.000000
22.088727,1.000000
22.122171,1.000000
22.155436,1.000000
22.189145,1.000000
22.222012,1.000000
22.255300,1.000000
22.288640,1.000000
22.321992,1.000000
22.355284,1.000000
22.388761,1.000000
22.421951,1.000000
22.455404,1.000000
22.488900,1.000000
22.521921,1.000000
22.555308,1.000000
22.588621,1.000000
22.622004,1.000000
22.655330,1.000000
22.688794,1.000000
22.722010,1.000000
22.755351,1.000000
22.788573,1.000000
22.821886,1.000000
22.855338,1.000000
22.888637,1.000000
22.921895,1.000000
22.955235,1.000000
22.988617,1.000000
23.022010,1.000000
23.055261,1.000000
23.088671,1.000000
23.121995,1.000000
23.155400,1.000000
23.188576,1.000000
23.221965,1.000000
23.255300,1.000000
23.288608,1.000000
23.321978,1.000000
23.355296,1.000000
23.388651,1.000000
23.421946,1.000000
23.455182,1.000000
23.488572,1.000000
23.521866,1.000000
23.555247,1.000000
23.588587,1.000000
23.621885,1.000000
23.655254,1.000000
23.688576,1.000000
23.721886,1.000000
23.755230,1.000000
23.788603,1.000000
23.821894,1.000000
23.855287,1.000000
23.888717,1.000000
23.921939,1.000000
23.955321,1.000000
23.988578,1.000000
24.021914,1.000000
24.055314,1.000000
24.088671,1.000000
24.121975,1.000000
24.155317,1.000000
24.188721,1.000000
24.221856,1.000000
24.255190,1.000000
24.288682,1.000000
24.321874,1.000000
24.355272,1.000000
24.388665,1.000000
24.421954,1.000000
24.455318,1.000000
24.488606,1.000000
24.521935,1.000000
24.555241,1.000000
24.588564,1.000000
24.622096,1.000000
24.655184,1.000000
24.688741,1.000000
24.721880,1.000000
24.755238,1.000000
24.788530,1.000000
24.821912,1.000000
24.855224,1.000000
