0.208873,-0.579904
0.228765,-0.749113
0.248957,0.028027
0.268936,-0.012046
0.288882,0.551573
0.308829,-0.250857
0.329078,-0.138389
0.348831,-0.767152
0.368786,-0.637228
0.388777,0.149241
0.408802,0.178433
0.428857,-0.144422
0.448713,-0.342669
0.468773,-0.736577
0.488770,-0.384189
0.508698,0.197165
0.528934,-0.029905
0.548814,-0.194207
0.568644,-0.731612
0.588768,-0.799611
0.608705,-0.447921
0.628862,0.038560
0.648646,0.155983
0.668640,-0.074746
0.688698,-0.426074
0.708696,-0.374638
0.728761,-0.204839
0.748646,-0.169708
0.768601,0.161104
0.789576,-0.148391
0.808654,-0.006515
0.828686,0.162172
0.848766,-0.318200
0.868783,-0.314618
0.889607,-0.079783
0.908656,0.509218
0.928629,0.157628
0.948622,-1.106444
0.968480,-0.951002
0.989483,-0.314172
1.008527,-0.928310
1.028472,-0.386383
1.049369,0.355174
1.068635,0.064157
1.089396,0.159940
1.108570,-0.428353
1.128450,0.059419
1.149385,-0.127441
1.169558,0.306958
1.189354,0.085964
1.208432,-1.164060
1.229390,0.230452
1.249341,-0.064761
1.269452,-0.010049
1.289399,-0.151760
1.309330,-1.178864
1.329301,-0.558059
1.349309,-0.058037
1.369306,0.067446
1.389241,-0.051675
1.409293,-0.762861
1.429361,-0.642059
1.449223,-0.426874
1.469293,0.504875
1.489435,0.237678
1.509272,-0.165279
1.529276,0.422410
1.549260,-1.133914
1.569228,0.431304
1.589359,-0.444576
1.609301,-0.226988
1.629200,-0.730160
1.649177,-0.307887
1.669364,-1.004831
1.689191,-0.123515
1.709157,0.772109
1.729194,-0.688142
1.749225,-0.262335
1.769163,-0.596646
1.789168,0.950722
1.809227,-0.963114
1.829124,-0.402174
1.849164,-0.432758
1.869140,-0.565180
1.889095,-0.002449
1.909153,-0.534590
1.929120,-0.108889
1.949148,-0.595906
1.969172,-0.133263
1.989050,-0.740923
2.009037,-0.057049
2.029189,-0.156940
2.049035,-0.868508
2.069049,0.329736
2.089062,0.299178
2.109045,-1.166480
2.129180,-0.196043
2.149105,-1.113954
2.169143,0.166551
2.189069,0.433915
2.209080,-0.301314
2.228999,-0.102531
2.249053,0.528506
2.269172,-0.926085
2.289029,-1.463483
2.309038,0.462971
2.328948,0.764364
2.349065,-1.017074
2.369027,-0.982672
2.389028,0.386934
2.408982,1.173738
2.428956,0.114891
2.449158,1.123823
2.468951,0.032034
2.489010,-0.130096
2.508976,-0.419147
2.529055,0.894844
2.548960,0.933380
2.568995,-0.408586
2.588947,-0.905828
2.608885,0.086638
2.628955,0.901118
2.648958,-0.238924
2.669018,-1.768865
2.688890,-2.029598
2.708963,0.321746
2.729043,-0.548825
2.748945,-1.803697
2.769015,-2.795293
2.788877,-1.201363
2.808880,-0.983459
2.828992,0.302051
2.849090,-0.469931
2.869210,0.920806
2.888854,1.664758
2.908816,0.108006
2.928816,0.655186
2.948823,-0.061088
2.968741,0.056062
2.988842,-0.989145
3.008837,2.596532
3.028801,0.893437
3.048835,0.213251
3.068936,-1.039337
3.088948,-0.091229
3.108787,0.507077
3.128893,-0.762547
3.148810,-0.265649
3.168842,0.933052
3.188826,0.203897
3.208722,-0.845475
3.228857,-0.629290
3.248828,-0.104862
3.268842,1.018083
3.288830,0.889058
3.308776,-1.001444
3.328820,-1.556426
3.348745,-0.221130
3.368810,-0.181327
3.388747,-0.081862
3.408861,-0.269447
3.428729,-1.429537
3.448774,-0.955041
3.468777,0.835690
3.488897,0.124382
3.508810,0.280158
3.529074,-1.960565
3.548832,0.706170
3.568916,-1.712479
3.588724,0.650036
3.608620,-0.241282
3.628737,0.334870
3.648653,-0.383451
3.668771,-0.899543
3.688685,-0.671146
3.708582,1.186002
3.728642,1.127823
3.748678,0.349609
3.768483,-1.529033
3.789511,-0.539044
3.808668,-0.689003
3.828692,0.971012
3.848636,-2.190917
3.868662,0.812921
3.889515,-1.310419
3.908697,-0.347653
3.928446,0.701070
3.949434,-1.290642
3.968482,1.332964
3.989452,-1.166796
4.008586,-1.564298
4.028451,1.131253
4.049462,-0.072927
4.068746,0.973588
4.089388,0.598327
4.108526,-1.179875
4.129504,0.129959
4.149390,-0.069700
4.169375,0.636159
4.189379,-0.031839
4.209305,0.994111
4.229290,-0.536835
4.249367,-1.453889
4.269262,-1.197122
4.289243,-1.174339
4.309259,0.104128
4.329309,0.238478
4.349341,0.275914
4.369409,0.107785
4.389260,-0.352265
4.409320,-1.331062
4.429211,-0.662093
4.449188,-0.097400
4.469263,-0.421458
4.489314,0.050986
4.509265,-0.696854
4.529175,-1.619692
4.549261,-1.347323
4.569239,-1.050112
4.589211,-0.303839
4.609192,0.024852
4.629258,1.381978
4.649071,0.814716
4.669261,-0.545008
4.689265,-0.893975
4.709105,-1.384280
4.729169,-1.593591
4.749184,-1.361344
4.769123,-1.456754
4.789145,-0.689663
4.809128,0.446882
4.829130,0.386348
4.849036,0.144711
4.869138,-0.686894
4.889014,-0.725425
4.909064,-0.883778
4.929024,-0.796000
4.948990,-1.723302
4.968997,0.095673
4.989030,-0.814511
5.009055,0.565928
5.029079,-0.494712
5.049038,1.884215
5.068940,1.557329
5.088906,1.495299
5.108932,-0.598975
5.128963,-0.698667
5.148975,-0.064693
5.169003,0.154245
5.188968,-0.700178
5.209001,-1.209927
5.228998,-0.565203
5.248999,-1.192514
5.268893,-0.636628
5.289007,0.112142
5.308919,1.847401
5.328959,1.560880
5.348920,-0.279009
5.368884,-1.102863
5.388951,-0.825566
5.408866,-1.396937
5.428912,-1.036315
5.449016,-0.937083
5.468924,-0.486998
5.488872,-1.145619
5.508875,0.014013
5.528872,-1.061119
5.549002,0.968129
5.568808,1.454475
5.588925,0.629781
5.608892,0.220236
5.628829,-0.474650
5.648880,-0.230901
5.668943,-1.346432
5.688777,-2.288062
5.708906,-1.278820
5.728848,-1.348536
5.748833,-0.178393
5.768918,0.680209
5.788788,-0.187338
5.808761,0.405201
5.828783,0.487206
5.848707,1.064105
5.868862,0.774658
5.888798,1.033313
5.908740,-0.087707
5.928813,-1.684946
5.948805,-2.006894
5.968826,-2.301039
5.988781,-1.345144
6.008671,-0.770221
6.028736,-0.208769
6.048755,-0.852961
6.068680,-0.530878
6.088722,-0.150189
6.108772,0.724500
6.128741,0.729689
6.148710,0.688654
6.168680,1.468003
6.188677,1.053944
6.208710,1.934402
6.228563,0.608844
6.248690,1.898483
6.268621,-1.196850
6.288711,-1.702645
6.308615,-1.169902
6.328671,-1.713604
6.348620,-0.912149
6.368628,-1.181146
6.388517,-1.312228
6.408579,-1.320523
6.428625,-0.197207
6.449548,-0.897077
6.468500,-1.685187
6.491270,-0.358268
6.508599,0.208407
6.528586,0.951579
6.549551,1.414780
6.568639,1.029917
6.589522,0.678465
6.608637,1.695862
6.628460,1.134999
6.648517,0.965434
6.668517,0.025918
6.689426,0.902067
6.708498,0.245864
6.728447,0.008433
6.749310,-1.226781
6.769401,-1.066447
6.789314,0.261929
6.809380,-1.550825
6.829334,-2.442598
6.849394,-0.072756
6.869286,-0.981447
6.889266,-0.847685
6.909332,0.182817
6.929428,1.677568
6.949381,1.589414
6.969232,0.314460
6.989223,-0.485442
7.009262,1.311702
7.029353,1.905787
7.049216,1.231969
7.069309,1.225275
7.089211,2.252791
7.109210,1.795499
7.129219,0.185647
7.149325,-1.918044
7.169213,-2.570294
7.189295,-1.827661
7.209214,-2.414664
7.229137,-2.291078
7.249313,-2.126790
7.269148,0.096601
7.289117,0.089565
7.309119,-0.153280
7.329138,-0.066755
7.349081,1.043162
7.369190,0.404427
7.389259,1.101845
7.409583,0.005483
7.429168,1.905620
7.449234,2.138105
7.469071,0.391699
7.489087,0.683408
7.509126,-0.602378
7.529099,-1.135748
7.549202,-1.336646
7.569197,-0.527850
7.589158,-1.275194
7.609044,-3.556635
7.629077,-1.981003
7.649101,-1.970883
7.669073,-0.588509
7.689008,0.211007
7.709017,-1.185987
7.729053,0.396124
7.749150,0.586544
7.769113,0.441264
7.789014,2.162271
7.808965,1.338585
7.829064,0.750537
7.849077,-1.668871
7.869027,0.721888
7.889053,1.210082
7.908963,1.595433
7.929053,1.697615
7.949026,1.180037
7.968927,-0.129449
7.988944,-0.936097
8.008951,-0.062393
8.028931,-0.217271
8.049003,-0.080270
8.068984,-0.890757
8.089014,-2.581744
8.108948,-2.757911
8.128978,-2.987167
8.148921,-1.666515
8.168966,-0.642545
8.189011,-0.703463
8.208955,-0.757804
8.228889,-2.526574
8.248854,-1.967286
8.269211,-1.787691
8.288791,-2.124891
8.308857,-0.287685
8.328858,-0.547994
8.348868,-0.150562
8.368859,-0.102047
8.388767,-0.439557
8.408928,-1.646693
8.428864,-0.393137
8.448791,0.346643
8.468823,0.532454
8.488903,0.756307
8.508815,1.232767
8.528851,2.329115
8.548900,0.665960
8.568998,0.858645
8.588783,0.167919
8.608667,0.433477
8.628802,-0.570916
8.648798,-0.474592
8.668728,-0.148025
8.688673,0.427262
8.708832,0.105748
8.728772,-0.408354
8.748779,-1.477610
8.768646,-1.573736
8.788815,-1.110847
8.808699,-2.907530
8.828548,-1.532760
8.848822,-1.286732
8.868697,-0.075166
8.888697,-1.257090
8.908634,1.749113
8.928684,2.144135
8.948638,0.408557
8.968664,0.567413
8.988609,-1.231146
9.008744,0.147880
9.028608,-1.019519
9.048691,-1.036976
9.068517,-0.904143
9.088485,1.649791
9.108659,1.944266
9.128624,0.483995
9.148580,0.105062
9.168665,0.768800
9.188552,2.849894
9.209397,1.106061
9.228538,-0.043915
9.248689,-1.836694
9.268481,-1.181226
9.289423,-1.475898
9.308516,-0.707384
9.328504,-3.710099
9.348625,-2.105895
9.368574,-1.246734
9.389505,-0.467033
9.408475,-2.200747
9.428469,-0.862014
9.448578,-0.883369
9.469499,0.729401
9.489539,0.943147
9.508488,0.529651
9.528360,0.913569
9.549443,0.102094
9.569393,1.563084
9.589321,0.577103
9.609416,1.461782
9.629321,0.916537
9.649331,0.954700
9.669509,0.830919
9.689308,1.109513
9.709280,0.518383
9.729290,-0.102412
9.749285,-0.809682
9.769242,0.109939
9.789178,-2.266453
9.809361,0.979582
9.829288,1.024161
9.849187,-1.296867
9.869237,-0.734665
9.889217,-0.144739
9.909270,-2.649477
9.929163,0.637045
9.949191,-0.201619
9.969281,-0.108550
9.989156,0.868411
10.009152,1.362978
10.029129,0.146012
10.049162,1.417644
10.069092,0.872854
10.089166,1.002363
10.109137,0.584000
10.129311,-0.667572
10.149068,0.574543
10.169107,1.737331
10.189069,2.519861
10.209148,0.761329
10.229028,0.470787
10.249117,-0.084783
10.269192,0.387717
10.289072,1.153535
10.309156,1.752775
10.329097,-1.392263
10.349158,-1.420147
10.369066,-1.661846
10.389022,-0.565368
10.409016,-0.315361
10.429098,0.973315
10.449114,-1.051464
10.469049,-0.803330
10.488967,-0.517100
10.509104,-0.385940
10.528998,0.584609
10.548982,1.551515
10.568983,0.020505
10.589019,1.102263
10.609032,-0.164453
10.629014,-0.756989
10.648990,-1.304360
10.668884,0.765369
10.688923,1.476074
10.709183,2.040919
10.728927,0.806070
10.748883,0.017079
10.768975,-1.220251
10.788957,-0.833529
10.809005,-1.090779
10.828957,0.842024
10.848961,0.378256
10.868968,-1.000049
10.889184,-1.797647
10.908983,-1.612811
10.928926,-1.574020
10.948944,-0.959423
10.968903,-0.730771
10.988869,-2.069043
11.008826,-0.492547
11.028863,-1.455801
11.048762,-0.414602
11.068975,-0.866050
11.088917,0.590713
11.108853,0.048650
11.128798,0.788631
11.148871,0.503892
11.168798,1.955234
11.188980,-0.019078
11.208897,0.587142
11.228811,0.617975
11.248810,2.142415
11.268815,1.415157
11.288713,1.878178
11.308782,-0.666906
11.328880,-2.562774
11.348819,-0.991004
11.368876,-1.040058
11.388654,0.118280
11.408792,-1.832057
11.428960,0.565533
11.448720,-1.045204
11.468724,-0.351772
11.488781,-2.695799
11.508822,-0.697443
11.528866,-0.155157
11.548796,-0.702556
11.568677,0.742564
11.588768,0.681306
11.608693,1.203934
11.628621,0.851181
11.648802,2.577830
11.668746,0.633645
11.688570,0.247260
11.708625,-1.996475
11.728770,-0.010231
11.748677,-1.629732
11.768889,-0.598024
11.788704,0.707724
11.808558,0.517519
11.828607,0.177878
11.848691,0.194614
11.868697,0.098306
11.888590,-1.751691
11.908631,-0.082210
11.928560,0.089719
11.948644,0.478731
11.968564,0.478263
11.988680,0.167163
12.008766,-1.478817
12.028517,0.161397
12.048606,-0.909722
12.068491,-0.647288
12.088481,0.882852
12.108536,-0.193429
12.128493,-0.138151
12.149536,0.152061
12.169384,-0.806112
12.189391,-0.886198
12.209524,-0.697279
12.229438,-0.890078
12.249424,0.655833
12.269309,-0.338924
12.289328,0.732380
12.309540,0.722125
12.329333,-1.244416
12.349333,-0.668133
12.369427,0.047778
12.389277,0.078527
12.409336,0.724879
12.429293,-0.342003
12.449307,-1.633303
12.469299,-1.332303
12.489232,-0.726661
12.509230,-0.724673
12.529185,0.551680
12.549305,0.596504
12.569543,-0.069452
12.589208,-0.068353
12.609350,-0.605122
12.629208,0.295302
12.649164,-0.040255
12.669181,-0.709757
12.689168,-0.714509
12.709218,0.377311
12.729240,-0.473366
12.749270,0.707154
12.769180,-0.731209
12.789205,-1.218493
12.809188,-1.262351
12.829290,0.621796
12.849111,0.598814
12.869094,-1.703980
12.889112,-0.952851
12.909076,-0.338016
12.929021,0.224430
12.949007,-0.709065
12.969043,0.252411
12.989029,-0.506687
13.009171,0.464276
13.029166,0.839148
13.049103,0.683372
13.069001,-0.369835
13.089083,-0.370008
13.109035,-0.796677
13.129048,-0.793266
13.149007,-0.501231
13.169056,-1.159399
13.189081,-0.463168
13.209006,-1.316373
13.228987,-0.294583
13.249025,-0.022689
13.268969,0.448977
13.288883,-0.553263
13.309025,-0.537004
13.329129,-0.679516
13.348960,-2.263425
13.369001,1.121549
13.388980,0.067011
13.408918,-0.767496
13.428880,-1.827226
13.448977,-0.124321
13.469089,1.535915
13.488966,0.289630
13.508914,0.076310
13.528981,0.669311
13.548874,0.630784
13.568951,0.153533
13.588890,0.212623
13.608961,-0.295844
13.628924,-0.857229
13.649025,-1.398172
13.668957,0.427053
13.688821,-0.794659
13.709008,0.571142
13.728880,-0.324031
13.749040,1.108531
13.768880,0.963583
13.788832,0.318496
13.809095,-0.251317
13.828848,-0.184287
13.848740,-0.572655
13.868824,-1.367245
13.888753,-0.391367
13.908821,-0.034522
13.928721,-0.097772
13.948764,-0.170792
13.968773,1.168065
13.988760,-0.400726
14.008764,-1.181237
14.028864,-1.227113
14.048710,-0.260752
14.068836,2.095239
14.088761,-0.411202
14.108979,-0.690693
14.128825,-0.635911
14.148728,0.273449
14.168751,-1.017275
14.188753,-0.285325
14.208705,-1.183761
14.228751,-0.084986
14.248749,-0.509938
14.268874,2.481988
14.288837,-0.175775
14.308595,1.526880
14.328679,-0.610385
14.348662,-0.937405
14.368682,-0.431005
14.388657,-0.894916
14.408608,-1.320267
14.428656,-2.205442
14.448645,-0.103466
14.468703,-0.035978
14.488540,0.741460
14.508892,-1.307754
14.528561,1.223131
14.548622,0.937617
14.568534,1.897932
14.588609,-0.097652
14.608695,-0.021828
14.628519,-1.440021
14.648485,-1.464764
14.668563,0.721184
14.689456,-0.583812
14.708456,-0.919980
14.728535,0.129822
14.749611,-0.030639
14.769344,-1.924387
14.789454,1.139613
14.809498,-0.308702
14.829344,0.630059
14.849427,0.631131
14.869352,0.446889
14.889352,-1.403871
14.909450,0.005316
14.929471,-0.619502
14.949335,1.356287
14.969338,-0.773389
14.989346,-1.133270
15.009268,-0.426187
15.029326,-1.012489
15.049242,-0.475438
15.069296,-0.032661
15.089234,0.734482
15.109214,0.063695
15.129257,1.259229
15.149257,0.110496
15.169243,-0.759526
15.189213,-1.600340
15.209346,0.460745
15.229195,0.881611
15.249310,1.060001
15.269155,-0.799996
15.289154,-0.967613
15.309162,-0.933723
15.329118,-0.823198
15.349158,0.351821
15.369137,0.792264
15.389307,-0.487027
15.409296,0.216991
15.429157,1.550931
15.449103,-1.502722
15.469142,0.480379
15.489109,-0.562354
15.509117,-0.572475
15.529080,-0.459639
15.549116,0.350846
15.569184,0.033741
15.589028,-0.309779
15.609021,-1.329015
15.629019,-0.703689
15.649097,-1.503520
15.669109,-0.452180
15.688962,-0.133641
15.709063,-0.111821
15.729017,0.661301
15.748963,0.535919
15.768954,-0.264932
15.789092,-2.425947
15.808987,-0.983479
15.829056,1.884283
15.848980,0.950312
15.868930,1.016536
15.889089,4.610772
15.908955,4.062567
15.928968,0.215975
15.949069,-3.743012
15.968867,-2.243015
15.988985,-0.458936
16.009035,0.773261
16.028953,-0.204712
16.048980,11.905343
16.068924,5.401166
16.088942,-6.614377
16.108879,-0.609001
16.128935,-1.017911
16.148898,4.369096
16.168879,2.033825
16.188899,-1.344984
16.209033,-0.209933
16.228939,-1.230804
16.248901,0.878044
16.268941,-0.669711
16.288864,1.098699
16.308915,0.698097
16.328886,-1.138869
16.348959,-1.650714
16.368894,0.305070
16.388788,-1.245770
16.408993,0.676496
16.428841,0.554273
16.448818,-0.714248
16.468714,-2.654817
16.488785,-0.947965
16.508758,-0.837369
16.528872,-0.056963
16.548729,0.573703
16.568829,-0.362644
16.588937,0.056808
16.608697,-0.579912
16.628765,0.229098
16.648843,-0.988363
16.668756,1.889493
16.688606,-0.130124
16.708877,-0.077361
16.728687,-1.308967
16.748711,-0.328479
16.768747,-0.938289
16.788572,-0.650823
16.808635,-0.905433
16.828762,-0.029044
16.848737,-0.803389
16.868669,-0.151297
16.888675,-0.408093
16.908720,0.702555
16.928701,-1.657760
16.948665,0.647111
16.968540,0.106234
16.988570,1.258106
17.008523,0.619696
17.028495,1.296837
17.048622,-1.910851
17.068530,-0.435119
17.089421,-0.691058
17.108433,-0.080325
17.128543,-0.293782
17.149450,1.117762
17.168548,-1.176636
17.189345,-0.542711
17.208508,-1.137175
17.228451,1.383659
17.249392,-0.023459
17.269387,1.432361
17.289382,-0.760331
17.309485,0.414160
17.329425,-1.532129
17.349358,-0.603135
17.369513,-1.241490
17.389466,1.106613
17.409449,-1.720397
17.429432,-0.172343
17.449300,-0.841005
17.469256,0.343005
17.489318,1.051116
17.509279,-0.064885
17.529225,0.429520
17.549307,-0.610263
17.569349,-2.371176
17.589297,-2.143118
17.609192,-0.003628
17.629222,1.221322
17.649219,-1.594273
17.669261,2.900134
17.689157,-0.259463
17.709201,-1.124847
17.729118,-1.422619
17.749164,-1.166349
17.769155,-0.761478
17.789136,0.430406
17.809367,1.681356
17.829285,-2.644219
17.849188,-3.063196
17.869109,-1.676541
17.889137,0.564065
17.909082,0.222011
17.929222,0.408940
17.949106,-0.606895
17.969100,-1.382408
17.989109,-1.103378
18.009138,0.258903
18.029083,-0.260472
18.049110,-0.570662
18.069020,-0.491694
18.089144,0.484096
18.109067,-2.189454
18.129111,-0.445477
18.149106,-0.110128
18.169020,1.536750
18.189029,-0.827079
18.209019,-0.563698
18.228996,-0.304886
18.249106,0.598389
18.269036,0.013757
18.289031,1.180505
18.308958,-1.481799
18.329017,-1.892748
18.348927,-0.767214
18.368988,-0.516410
18.388909,-1.155370
18.408976,1.173908
18.428994,-0.165078
18.449048,0.507682
18.468980,-1.661922
18.488906,-0.341315
18.509015,0.708687
18.528980,-0.430889
18.548907,-1.606822
18.568871,-0.290991
18.588956,1.325974
18.608917,0.888236
18.628923,0.433642
18.648877,-0.214083
18.668891,-2.240743
18.688830,-0.723578
18.708836,-1.993325
18.728935,1.128857
18.748860,-0.718430
18.768943,-0.302227
18.788901,-1.308531
18.808975,-0.114372
18.828849,-0.854772
18.848876,-1.098729
18.868891,-1.099274
18.888829,0.554649
18.908771,-0.111872
18.928986,-0.068915
18.948820,-2.940571
18.968967,-1.112370
18.988816,0.573778
19.008956,0.277460
19.028801,-0.401275
19.048759,-0.548093
19.068859,0.510966
19.088792,-0.729383
19.108761,-2.399227
19.128805,0.366136
19.148839,1.232578
19.168779,0.981530
19.188861,-1.213702
19.208866,-0.928693
19.228887,-0.916395
19.248849,0.495001
19.268838,0.887330
19.288844,0.614503
19.308617,-0.809139
19.329152,0.147342
19.348772,0.842785
19.368619,-0.296191
19.388786,1.580855
19.408832,-1.304158
19.428653,-0.044037
19.448802,0.254371
19.468634,-1.395391
19.488781,-0.002407
19.508666,1.721867
19.528678,-1.862296
19.548665,-1.185167
19.568625,0.380047
19.588639,2.358884
19.608647,0.732446
19.628696,0.261003
19.648605,-0.500721
19.668700,-0.613297
19.688579,-0.329995
19.708539,-0.520009
19.728703,-1.237756
19.748640,-0.526594
19.768585,-0.718619
19.788510,-0.236984
19.808628,-1.385952
19.828522,-1.127585
19.848463,-0.352486
19.868606,1.240007
19.888724,0.290567
19.908695,-1.003919
19.928633,-0.702035
19.948597,-0.129798
19.968567,-1.134549
19.989422,-0.737023
20.008457,-0.850401
20.028450,0.978413
20.048651,-0.321206
20.068503,-1.154151
20.089353,-0.992705
20.108480,-0.200607
20.128460,-0.560395
20.149317,0.400190
20.169388,-0.713676
20.189335,-1.437005
20.209293,-0.630831
20.229309,-0.061714
20.249365,-0.082148
20.269272,-0.032686
20.289378,-0.271534
20.309356,-0.127573
20.329362,-0.124779
20.349384,-0.554465
20.369540,-0.471420
20.389297,-0.074233
20.409919,-0.070117
20.429435,0.771547
20.449222,-0.531363
20.469323,-0.652445
20.489181,0.126562
20.509269,0.039901
20.529298,-0.053839
20.549307,-1.029068
20.569211,-0.473159
20.589243,-0.305960
20.609221,-0.062392
20.629308,-0.211412
20.649166,-0.054310
20.669121,0.260583
20.689336,-0.159085
20.709171,0.366680
20.729115,0.092742
20.749108,-0.332902
20.769209,-0.335937
20.789111,0.058846
20.809212,-0.359249
20.829195,-0.030289
20.849113,-0.328385
20.869105,0.410806
20.889190,-0.423381
20.909232,-0.721518
20.929138,0.102954
20.949101,0.064385
20.969136,0.105135
20.989136,-0.318903
21.009184,-0.807912
21.029089,-0.556741
21.049048,-0.222029
21.069086,-0.247016
21.089095,-0.148846
21.108979,-0.387155
21.129092,-0.514319
21.149103,-0.400607
21.169086,-0.077432
21.189009,-0.239858
21.209005,-0.000273
21.229049,-0.406603
21.249141,-0.300195
21.269019,-0.100797
21.289012,-0.329957
21.308942,-0.146188
21.329084,-0.446902
21.349015,-0.483799
21.369079,-0.091638
21.388956,-0.428247
21.409053,-0.184365
21.429016,-0.387452
21.449050,-0.270928
21.468983,-0.133507
21.488951,-0.141673
21.509004,0.088319
21.529036,-0.265026
21.548860,-0.226506
21.568908,-0.269787
21.588864,-0.294462
21.608875,-0.093380
21.628911,-0.017024
21.649298,-0.562211
21.669030,-0.210842
21.688965,-0.642297
21.708896,-0.241389
21.729004,0.006696
21.748828,0.079313
21.768934,-0.245867
21.788811,-0.026815
21.808830,-0.653423
21.828884,-0.487185
21.848911,-0.006654
21.868911,-0.043712
21.888848,-0.165630
21.908765,-0.354093
21.928901,-0.512928
21.948856,-0.358828
21.968971,-0.391743
21.988788,-0.075169
22.008934,-0.103911
22.028777,-0.621893
22.048830,-0.196995
22.068753,-0.121830
22.088738,-0.117571
22.108742,0.119510
22.128762,-0.389655
22.148869,-0.255715
22.168830,-0.453245
22.188799,-0.093403
22.208806,0.011969
22.228786,-0.006182
22.248780,-0.425371
22.268695,-0.267009
22.288882,-0.130616
22.308699,-0.055807
22.328730,0.102084
22.348822,-0.314699
22.368724,-0.227985
22.388746,-0.132934
22.408748,-0.203465
22.428604,-0.232318
22.448629,-0.464111
22.468725,-0.569682
22.488880,-0.207896
22.508594,-0.134803
22.528694,0.062122
22.548576,-0.223086
22.568546,-0.157461
22.588623,-0.251436
22.608732,-0.215468
22.628779,-0.118708
22.648553,-0.344057
22.668574,-0.378351
22.688576,-0.262649
22.708600,-0.154180
22.728540,-0.112146
22.748481,-0.210530
22.768606,-0.305175
22.789464,-0.234620
22.808488,-0.289497
22.828434,-0.240567
22.848482,-0.258312
22.868489,-0.307094
22.889519,-0.157179
22.908475,-0.359481
22.928569,-0.005929
22.949403,-0.242821
22.968450,-0.297872
22.989339,-0.425637
23.008466,-0.487383
23.028496,-0.308723
23.049441,-0.318514
23.068544,-0.166419
23.089325,0.051142
23.109421,-0.365734
23.129275,-0.170102
23.149348,-0.419198
23.169273,-0.141276
23.189344,-0.234170
23.209800,-0.495188
23.229346,-0.433183
23.249344,-0.535188
23.269190,-0.174965
23.289267,0.070299
23.309259,0.101472
23.329154,-0.107416
23.349142,0.066516
23.369235,-0.288772
23.389165,-0.296556
23.409134,-0.274418
23.429131,-0.424970
23.449125,-0.034275
23.469292,-0.126557
23.489201,-0.294419
23.509212,-0.001796
23.529148,-0.246217
23.549138,-0.390027
23.569211,-0.393629
23.589109,-0.530203
23.609177,-0.160338
23.629223,-0.341360
23.649101,-0.144077
23.669198,0.111205
23.689092,-0.357540
23.709030,-0.062021
23.729148,-0.321701
23.749145,-0.229747
23.769035,-0.330448
23.789040,-0.392030
23.809125,-0.239329
23.829089,-0.124193
23.849088,-0.101204
23.869051,-0.160031
23.889075,-0.224068
23.909158,-0.204759
23.929043,-0.057470
23.949008,-0.222045
23.969106,-0.306880
23.988963,-0.713230
24.008989,-0.370018
24.028988,-0.339963
24.049047,-0.162075
24.068979,-0.177732
24.088975,-0.220547
24.108956,-0.321223
24.128963,-0.284929
24.148908,-0.292994
24.168904,-0.302781
24.188925,-0.104396
24.209091,-0.287569
24.229074,0.135047
24.248969,-0.108634
24.268975,-0.646251
24.288984,-0.168483
24.308893,-0.523254
24.328915,-0.314844
24.348956,0.179249
24.368890,-0.535992
24.388889,-0.370312
24.408900,-0.465443
24.428911,-0.267361
24.448947,-0.132517
24.468928,0.139786
24.488833,-0.078955
24.508909,0.056009
24.528902,-0.424765
24.548833,-0.401731
24.568855,-0.085294
24.588870,-0.159434
24.608827,-0.043955
24.628871,-0.086068
24.648744,-0.357937
24.668817,-0.009736
24.688848,-0.286692
24.708745,-0.413204
24.728822,-0.424804
24.748756,-0.642804
24.768770,-0.085942
24.788707,-0.179968
24.808771,-0.168361
24.828884,-0.073185
24.848929,-0.648653
24.868748,-0.460260
24.888691,-0.311945
