0.218357,3392151.083904
0.234027,3392151.083904
0.238387,3392151.084151
0.254166,3392151.084151
0.258396,3392151.084351
0.274276,3392151.084351
0.278328,3392151.084459
0.294143,3392151.084459
0.298394,3392151.084681
0.314217,3392151.084681
0.318365,3392151.078673
0.334195,3392151.078673
0.338290,3392151.078799
0.354140,3392151.078799
0.358376,3392151.078927
0.374218,3392151.078927
0.378250,3392151.079106
0.394078,3392151.079106
0.398350,3392151.079236
0.414169,3392151.079236
0.418306,3392151.079397
0.434234,3392151.079397
0.438303,3392151.079588
0.454298,3392151.079588
0.458365,3392151.079709
0.474233,3392151.079709
0.478351,3392151.079826
0.494116,3392151.079826
0.498461,3392151.080041
0.514063,3392151.080041
0.518341,3392151.070802
0.534200,3392151.070802
0.538393,3392151.070848
0.554226,3392151.070848
0.558365,3392151.070883
0.574243,3392151.070883
0.578370,3392151.071038
0.594192,3392151.071038
0.598278,3392151.071226
0.614142,3392151.071226
0.618409,3392151.071306
0.634214,3392151.071306
0.638341,3392151.071295
0.654377,3392151.071295
0.658483,3392151.071455
0.674248,3392151.071455
0.678325,3392151.071599
0.694232,3392151.071599
0.698242,3392151.071617
0.714206,3392151.071617
0.718362,3392151.070975
0.734251,3392151.070975
0.738354,3392151.071101
0.754328,3392151.071101
0.758399,3392151.071185
0.774172,3392151.071185
0.778329,3392151.071366
0.794194,3392151.071366
0.798309,3392151.071399
0.814201,3392151.071399
0.818285,3392151.071562
0.834218,3392151.071562
0.838331,3392151.071677
0.854253,3392151.071677
0.858335,3392151.071876
0.874243,3392151.071876
0.878354,3392151.072017
0.894234,3392151.072017
0.898278,3392151.072158
0.914999,3392151.072158
0.921267,3392151.072158
0.935107,3392151.071501
0.939570,3392151.071501
0.954333,3392151.071605
0.958584,3392151.071742
0.974230,3392151.071742
0.978393,3392151.071932
0.994209,3392151.071932
0.998366,3392151.072058
1.014275,3392151.072058
1.018422,3392151.072195
1.034164,3392151.072195
1.038478,3392151.072323
1.054131,3392151.072323
1.058405,3392151.072463
1.074309,3392151.072463
1.078328,3392151.072594
1.094255,3392151.072594
1.098402,3392151.072706
1.114180,3392151.072706
1.118315,3392151.060918
1.134166,3392151.060918
1.138314,3392151.060961
1.154188,3392151.060961
1.158325,3392151.061041
1.174112,3392151.061041
1.178295,3392151.061135
1.194103,3392151.061135
1.198346,3392151.061311
1.214189,3392151.061311
1.218313,3392151.061340
1.234144,3392151.061340
1.238371,3392151.061415
1.254193,3392151.061415
1.258355,3392151.061487
1.274145,3392151.061487
1.278253,3392151.061537
1.294325,3392151.061537
1.298314,3392151.061713
1.314130,3392151.061713
1.318415,3392151.061731
1.334219,3392151.061731
1.338390,3392151.061906
1.354156,3392151.061906
1.358384,3392151.061991
1.374182,3392151.061991
1.378326,3392151.062121
1.394103,3392151.062121
1.398392,3392151.062245
1.414156,3392151.062245
1.418284,3392151.062284
1.434235,3392151.062284
1.438417,3392151.062434
1.454232,3392151.062434
1.458391,3392151.062550
1.474112,3392151.062550
1.478371,3392151.062659
1.494215,3392151.062659
1.498349,3392151.062776
1.514250,3392151.062776
1.518316,3392151.062906
1.534203,3392151.062906
1.538387,3392151.064973
1.554377,3392151.064973
1.558389,3392151.065184
1.574213,3392151.065184
1.578253,3392151.065378
1.594098,3392151.065378
1.598290,3392151.065505
1.614202,3392151.065505
1.618274,3392151.065631
1.634172,3392151.065631
1.638333,3392151.065851
1.654319,3392151.065851
1.658348,3392151.066067
1.674150,3392151.066067
1.678354,3392151.066254
1.694179,3392151.066254
1.698358,3392151.066350
1.714256,3392151.066350
1.718351,3392151.065424
1.734128,3392151.065424
1.738290,3392151.065612
1.754196,3392151.065612
1.758285,3392151.065860
1.774122,3392151.065860
1.778322,3392151.066033
1.794101,3392151.066033
1.798355,3392151.066264
1.814209,3392151.066264
1.818359,3392151.066410
1.834262,3392151.066410
1.838392,3392151.066674
1.854168,3392151.066674
1.858456,3392151.066773
1.874151,3392151.066773
1.878310,3392151.067069
1.894106,3392151.067069
1.898355,3392151.067271
1.914104,3392151.067271
1.918252,3392151.067529
1.934244,3392151.067529
1.938342,3392151.052179
1.954143,3392151.052179
1.958308,3392151.052326
1.974072,3392151.052326
1.978399,3392151.052371
1.994179,3392151.052371
1.998317,3392151.052625
2.014258,3392151.052625
2.018418,3392151.052718
2.034268,3392151.052718
2.038288,3392151.052839
2.054194,3392151.052839
2.058370,3392151.052920
2.074162,3392151.052920
2.078330,3392151.053063
2.094139,3392151.053063
2.098373,3392151.053250
2.114137,3392151.053250
2.118336,3392151.047664
2.134238,3392151.047664
2.138380,3392151.047842
2.154308,3392151.047842
2.158345,3392151.047961
2.174232,3392151.047961
2.178488,3392151.048140
2.194186,3392151.048140
2.198352,3392151.048252
2.214392,3392151.048252
2.218366,3392151.048409
2.234256,3392151.048409
2.238367,3392151.048504
2.254057,3392151.048504
2.258358,3392151.048696
2.274159,3392151.048696
2.278480,3392151.048782
2.294186,3392151.048782
2.298291,3392151.048904
2.315081,3392151.048904
2.319441,3392151.047515
2.334507,3392151.047515
2.338490,3392151.047779
2.354164,3392151.047779
2.358368,3392151.047879
2.374265,3392151.047879
2.378292,3392151.048103
2.394229,3392151.048103
2.398332,3392151.048326
2.414052,3392151.048326
2.418363,3392151.048427
2.433976,3392151.048427
2.438415,3392151.048579
2.454309,3392151.048579
2.458263,3392151.048857
2.474575,3392151.048857
2.478414,3392151.049060
2.494120,3392151.049060
2.498452,3392151.049216
2.514240,3392151.049216
2.518358,3392151.044052
2.534200,3392151.044052
2.538280,3392151.044278
2.554108,3392151.044278
2.558322,3392151.044423
2.574203,3392151.044423
2.578400,3392151.044533
2.594061,3392151.044533
2.598457,3392151.044825
2.614199,3392151.044825
2.618286,3392151.044963
2.634277,3392151.044963
2.638318,3392151.045206
2.654215,3392151.045206
2.658307,3392151.045304
2.674138,3392151.045304
2.678266,3392151.045524
2.694235,3392151.045524
2.698319,3392151.045663
2.714120,3392151.045663
2.718342,3392151.042206
2.734221,3392151.042206
2.738264,3392151.042703
2.754187,3392151.042703
2.758293,3392151.043563
2.774315,3392151.043563
2.778313,3392151.044901
2.794113,3392151.044901
2.798397,3392151.046795
2.814165,3392151.046795
2.818298,3392151.048928
2.834202,3392151.048928
2.838276,3392151.051258
2.854296,3392151.051258
2.858402,3392151.053540
2.874106,3392151.053540
2.878277,3392151.055731
2.894101,3392151.055731
2.898343,3392151.058118
2.914187,3392151.058118
2.918395,3392151.048644
2.934122,3392151.048644
2.938388,3392151.051396
2.954209,3392151.051396
2.958357,3392151.054210
2.974134,3392151.054210
2.978318,3392151.057059
2.994034,3392151.057059
2.998276,3392151.059894
3.014117,3392151.059894
3.018352,3392151.062674
3.034167,3392151.062674
3.038388,3392151.065567
3.054375,3392151.065567
3.058374,3392151.068497
3.074069,3392151.068497
3.078355,3392151.071558
3.094079,3392151.071558
3.098300,3392151.074692
3.114112,3392151.074692
3.118261,3392151.084306
3.134187,3392151.084306
3.138352,3392151.087907
3.154206,3392151.087907
3.158347,3392151.091626
3.174152,3392151.091626
3.178408,3392151.095642
3.194188,3392151.095642
3.198317,3392151.099684
3.214178,3392151.099684
3.218292,3392151.103678
3.234153,3392151.103678
3.238317,3392151.107634
3.254196,3392151.107634
3.258334,3392151.111566
3.274218,3392151.111566
3.278434,3392151.115568
3.294145,3392151.115568
3.298407,3392151.119767
3.315339,3392151.119767
3.320446,3392151.119767
3.334824,3392151.107770
3.338870,3392151.112099
3.354135,3392151.112099
3.358415,3392151.116572
3.374204,3392151.116572
3.378442,3392151.121073
3.394151,3392151.121073
3.398346,3392151.125532
3.414125,3392151.125532
3.418426,3392151.130109
3.434260,3392151.130109
3.438355,3392151.134809
3.454304,3392151.134809
3.458346,3392151.139522
3.474965,3392151.139522
3.480440,3392151.139522
3.494309,3392151.144356
3.498505,3392151.149291
3.514135,3392151.149291
3.518285,3392151.154379
3.534253,3392151.154379
3.538349,3392151.143033
3.554168,3392151.143033
3.558408,3392151.148146
3.574144,3392151.148146
3.578346,3392151.153314
3.594035,3392151.153314
3.598359,3392151.158661
3.614111,3392151.158661
3.618401,3392151.164260
3.634202,3392151.164260
3.638201,3392151.170011
3.654216,3392151.170011
3.658435,3392151.175876
3.674126,3392151.175876
3.678373,3392151.181846
3.694068,3392151.181846
3.698317,3392151.188039
3.714195,3392151.188039
3.718350,3392151.186150
3.734136,3392151.186150
3.738284,3392151.192193
3.754159,3392151.192193
3.758449,3392151.198464
3.774229,3392151.198464
3.778461,3392151.204855
3.794217,3392151.204855
3.801055,3392151.211384
3.814085,3392151.211384
3.818340,3392151.218225
3.834228,3392151.218225
3.838362,3392151.225062
3.854060,3392151.225062
3.858372,3392151.231998
3.874167,3392151.231998
3.878356,3392151.238905
3.894173,3392151.238905
3.898481,3392151.245875
3.914089,3392151.245875
3.918399,3392151.241428
3.934212,3392151.241428
3.938340,3392151.248205
3.954106,3392151.248205
3.958307,3392151.255206
3.974113,3392151.255206
3.978313,3392151.262356
3.994207,3392151.262356
3.998266,3392151.269656
4.014189,3392151.269656
4.018358,3392151.277159
4.034125,3392151.277159
4.038354,3392151.284848
4.054157,3392151.284848
4.058412,3392151.292527
4.074407,3392151.292527
4.078358,3392151.300137
4.094271,3392151.300137
4.098330,3392151.307805
4.114212,3392151.307805
4.118371,3392151.305813
4.134190,3392151.305813
4.138342,3392151.313462
4.154241,3392151.313462
4.158421,3392151.321193
4.174219,3392151.321193
4.178466,3392151.328921
4.194150,3392151.328921
4.198328,3392151.336615
4.214141,3392151.336615
4.218386,3392151.344515
4.235434,3392151.344515
4.239406,3392151.352611
4.255429,3392151.352611
4.261348,3392151.352611
4.274640,3392151.360760
4.278569,3392151.369107
4.294231,3392151.369107
4.298353,3392151.377543
4.314147,3392151.377543
4.318343,3392151.385985
4.334110,3392151.385985
4.338386,3392151.393018
4.354153,3392151.393018
4.358245,3392151.401821
4.374331,3392151.401821
4.378321,3392151.410688
4.394168,3392151.410688
4.398489,3392151.419517
4.414184,3392151.419517
4.418406,3392151.428182
4.434002,3392151.428182
4.438264,3392151.436695
4.454106,3392151.436695
4.458359,3392151.444983
4.474299,3392151.444983
4.478260,3392151.453190
4.494088,3392151.453190
4.498395,3392151.461535
4.514142,3392151.461535
4.518328,3392151.470051
4.534233,3392151.470051
4.538331,3392151.477595
4.554169,3392151.477595
4.558251,3392151.486528
4.574233,3392151.486528
4.578313,3392151.495461
4.594062,3392151.495461
4.598328,3392151.504239
4.614183,3392151.504239
4.618327,3392151.512824
4.634016,3392151.512824
4.638285,3392151.521294
4.654168,3392151.521294
4.658389,3392151.529585
4.674298,3392151.529585
4.678358,3392151.537880
4.694231,3392151.537880
4.698354,3392151.546285
4.714289,3392151.546285
4.718362,3392151.535978
4.734199,3392151.535978
4.738324,3392151.544729
4.754022,3392151.544729
4.758332,3392151.553688
4.774147,3392151.553688
4.778301,3392151.562670
4.794188,3392151.562670
4.798329,3392151.571571
4.814254,3392151.571571
4.818390,3392151.580249
4.834139,3392151.580249
4.838329,3392151.588749
4.854271,3392151.588749
4.858335,3392151.597227
4.874216,3392151.597227
4.878365,3392151.605757
4.894088,3392151.605757
4.898631,3392151.614402
4.914320,3392151.614402
4.918360,3392151.596087
4.934245,3392151.596087
4.938355,3392151.604565
4.954224,3392151.604565
4.958324,3392151.612861
4.974109,3392151.612861
4.978276,3392151.621167
4.994156,3392151.621167
4.998344,3392151.629363
5.014070,3392151.629363
5.018279,3392151.637576
5.034284,3392151.637576
5.038326,3392151.645890
5.054310,3392151.645890
5.058377,3392151.654270
5.074105,3392151.654270
5.078285,3392151.662592
5.094131,3392151.662592
5.098328,3392151.670877
5.114155,3392151.670877
5.118313,3392151.677144
5.134119,3392151.677144
5.138260,3392151.685309
5.154236,3392151.685309
5.158280,3392151.693315
5.174213,3392151.693315
5.178272,3392151.701424
5.194180,3392151.701424
5.198351,3392151.709710
5.214261,3392151.709710
5.218345,3392151.718045
5.234145,3392151.718045
5.238295,3392151.726580
5.254092,3392151.726580
5.258439,3392151.735246
5.274140,3392151.735246
5.278286,3392151.743944
5.294085,3392151.743944
5.298320,3392151.752574
5.314190,3392151.752574
5.318351,3392151.749350
5.334175,3392151.749350
5.338295,3392151.757808
5.354226,3392151.757808
5.358341,3392151.766282
5.374085,3392151.766282
5.378434,3392151.774757
5.394127,3392151.774757
5.398321,3392151.783276
5.414113,3392151.783276
5.418313,3392151.791818
5.434150,3392151.791818
5.438340,3392151.800419
5.455290,3392151.800419
5.459922,3392151.809200
5.475288,3392151.809200
5.479225,3392151.818063
5.494380,3392151.818063
5.498334,3392151.826995
5.514271,3392151.826995
5.518301,3392151.836116
5.534124,3392151.836116
5.538346,3392151.845032
5.554103,3392151.845032
5.558329,3392151.853879
5.574153,3392151.853879
5.578371,3392151.862629
5.594145,3392151.862629
5.598253,3392151.871420
5.614286,3392151.871420
5.618387,3392151.880260
5.634072,3392151.880260
5.638269,3392151.889203
5.654325,3392151.889203
5.658296,3392151.898395
5.674209,3392151.898395
5.678333,3392151.907733
5.694160,3392151.907733
5.698319,3392151.917081
5.714360,3392151.917081
5.718356,3392151.928075
5.734315,3392151.928075
5.738352,3392151.937706
5.754138,3392151.937706
5.758308,3392151.947264
5.774062,3392151.947264
5.778414,3392151.956745
5.794218,3392151.956745
5.798362,3392151.966215
5.814121,3392151.966215
5.818414,3392151.975618
5.834207,3392151.975618
5.838458,3392151.984941
5.854129,3392151.984941
5.858430,3392151.994296
5.874140,3392151.994296
5.878370,3392152.003720
5.894113,3392152.003720
5.898406,3392152.013163
5.914291,3392152.013163
5.918327,3392152.017549
5.934271,3392152.017549
5.938311,3392152.027301
5.953994,3392152.027301
5.958417,3392152.037046
5.974099,3392152.037046
5.978235,3392152.046692
5.994161,3392152.046692
5.998357,3392152.056341
6.014248,3392152.056341
6.018377,3392152.065942
6.034122,3392152.065942
6.038408,3392152.075637
6.054383,3392152.075637
6.058463,3392152.085620
6.074060,3392152.085620
6.078354,3392152.095932
6.094035,3392152.095932
6.098309,3392152.106314
6.114258,3392152.106314
6.118349,3392152.109901
6.134147,3392152.109901
6.138385,3392152.120464
6.154181,3392152.120464
6.158387,3392152.131018
6.174167,3392152.131018
6.178405,3392152.141537
6.194103,3392152.141537
6.198368,3392152.152057
6.214193,3392152.152057
6.218325,3392152.162467
6.234162,3392152.162467
6.238328,3392152.172945
6.255303,3392152.172945
6.260630,3392152.172945
6.274519,3392152.183517
6.278644,3392152.194181
6.294152,3392152.194181
6.298337,3392152.205063
6.314261,3392152.205063
6.318471,3392152.205877
6.334216,3392152.205877
6.338366,3392152.217219
6.354353,3392152.217219
6.358496,3392152.228563
6.374142,3392152.228563
6.378304,3392152.239960
6.394168,3392152.239960
6.398352,3392152.251311
6.414165,3392152.251311
6.418377,3392152.262807
6.434153,3392152.262807
6.438319,3392152.274515
6.454085,3392152.274515
6.458248,3392152.286529
6.474179,3392152.286529
6.478286,3392152.298885
6.494085,3392152.298885
6.498358,3392152.311230
6.514300,3392152.311230
6.518284,3392152.308078
6.534133,3392152.308078
6.538321,3392152.320227
6.554198,3392152.320227
6.558377,3392152.332420
6.574075,3392152.332420
6.578372,3392152.344657
6.594157,3392152.344657
6.598286,3392152.357022
6.614169,3392152.357022
6.618340,3392152.369638
6.634150,3392152.369638
6.638392,3392152.382512
6.654250,3392152.382512
6.658344,3392152.395767
6.674187,3392152.395767
6.678260,3392152.409063
6.694167,3392152.409063
6.698419,3392152.422417
6.714087,3392152.422417
6.718344,3392152.427864
6.734098,3392152.427864
6.738272,3392152.441217
6.754236,3392152.441217
6.758371,3392152.454556
6.774182,3392152.454556
6.778333,3392152.468238
6.794184,3392152.468238
6.798312,3392152.482265
6.814324,3392152.482265
6.818381,3392152.496535
6.834842,3392152.496535
6.839998,3392152.510926
6.854356,3392152.510926
6.858505,3392152.525262
6.874183,3392152.525262
6.878283,3392152.539323
6.894191,3392152.539323
6.898325,3392152.553381
6.914178,3392152.553381
6.918291,3392152.554320
6.934222,3392152.554320
6.938273,3392152.568742
6.954132,3392152.568742
6.958363,3392152.583832
6.974295,3392152.583832
6.978358,3392152.599317
6.994242,3392152.599317
6.998284,3392152.615119
7.014256,3392152.615119
7.018246,3392152.630998
7.034170,3392152.630998
7.038330,3392152.646944
7.054186,3392152.646944
7.058380,3392152.662829
7.074290,3392152.662829
7.078313,3392152.679116
7.095035,3392152.679116
7.099350,3392152.679116
7.114504,3392152.695692
7.118478,3392152.688871
7.134097,3392152.688871
7.138355,3392152.705715
7.154270,3392152.705715
7.158415,3392152.722740
7.174120,3392152.722740
7.178361,3392152.739641
7.194259,3392152.739641
7.198233,3392152.756672
7.214124,3392152.756672
7.218340,3392152.773889
7.234066,3392152.773889
7.238252,3392152.791131
7.254291,3392152.791131
7.258304,3392152.808484
7.274445,3392152.808484
7.278378,3392152.825990
7.294086,3392152.825990
7.298375,3392152.843725
7.314147,3392152.843725
7.318388,3392152.853212
7.334155,3392152.853212
7.338311,3392152.871281
7.354188,3392152.871281
7.358279,3392152.889454
7.374088,3392152.889454
7.378374,3392152.907496
7.394163,3392152.907496
7.398330,3392152.925507
7.414135,3392152.925507
7.418272,3392152.943658
7.434128,3392152.943658
7.438353,3392152.961842
7.454167,3392152.961842
7.458534,3392152.980288
7.474136,3392152.980288
7.478317,3392152.998990
7.494131,3392152.998990
7.498431,3392153.017768
7.514120,3392153.017768
7.518331,3392153.036361
7.534290,3392153.036361
7.538454,3392153.042859
7.554132,3392153.042859
7.558374,3392153.060798
7.574115,3392153.060798
7.578314,3392153.078696
7.594146,3392153.078696
7.598360,3392153.096557
7.615088,3392153.096557
7.620116,3392153.114290
7.635144,3392153.114290
7.639266,3392153.131844
7.654196,3392153.131844
7.658366,3392153.149006
7.674161,3392153.149006
7.678334,3392153.165988
7.694173,3392153.165988
7.698344,3392153.182826
7.714198,3392153.182826
7.718417,3392153.196525
7.734143,3392153.196525
7.738271,3392153.213172
7.754236,3392153.213172
7.758417,3392153.229593
7.774123,3392153.229593
7.778439,3392153.245726
7.794160,3392153.245726
7.798454,3392153.261843
7.814181,3392153.261843
7.818344,3392153.277606
7.834304,3392153.277606
7.838311,3392153.293378
7.854051,3392153.293378
7.858319,3392153.308860
7.874163,3392153.308860
7.878318,3392153.324368
7.894198,3392153.324368
7.898401,3392153.339615
7.914278,3392153.339615
7.918298,3392153.346356
7.934275,3392153.346356
7.938436,3392153.361169
7.954284,3392153.361169
7.958450,3392153.375718
7.974240,3392153.375718
7.978336,3392153.390263
7.994173,3392153.390263
7.998367,3392153.404543
8.014131,3392153.404543
8.018365,3392153.418596
8.034158,3392153.418596
8.038301,3392153.432532
8.054197,3392153.432532
8.058357,3392153.446254
8.074307,3392153.446254
8.078369,3392153.459703
8.094092,3392153.459703
8.098342,3392153.473096
8.114145,3392153.473096
8.118326,3392153.475656
8.134137,3392153.475656
8.138430,3392153.488558
8.154056,3392153.488558
8.158460,3392153.501168
8.174154,3392153.501168
8.178412,3392153.513666
8.194170,3392153.513666
8.198362,3392153.525921
8.214243,3392153.525921
8.218281,3392153.538193
8.234226,3392153.538193
8.238321,3392153.550158
8.254150,3392153.550158
8.258337,3392153.561928
8.274296,3392153.561928
8.278311,3392153.573536
8.294211,3392153.573536
8.298381,3392153.585033
8.314135,3392153.585033
8.318341,3392153.583342
8.334173,3392153.583342
8.338386,3392153.594306
8.354144,3392153.594306
8.358390,3392153.605199
8.374104,3392153.605199
8.378280,3392153.615965
8.394105,3392153.615965
8.398300,3392153.626372
8.414121,3392153.626372
8.418290,3392153.636700
8.434150,3392153.636700
8.438354,3392153.646784
8.454247,3392153.646784
8.458239,3392153.656742
8.474216,3392153.656742
8.478332,3392153.666519
8.494117,3392153.666519
8.498304,3392153.676165
8.514181,3392153.676165
8.518355,3392153.684651
8.534219,3392153.684651
8.538287,3392153.693948
8.554240,3392153.693948
8.558294,3392153.703097
8.574291,3392153.703097
8.578314,3392153.712131
8.594199,3392153.712131
8.598263,3392153.720860
8.614243,3392153.720860
8.618305,3392153.729597
8.634137,3392153.729597
8.638290,3392153.738146
8.654140,3392153.738146
8.658311,3392153.746485
8.674138,3392153.746485
8.678358,3392153.754660
8.694068,3392153.754660
8.698353,3392153.762667
8.713983,3392153.762667
8.718334,3392153.767824
8.734238,3392153.767824
8.738320,3392153.775454
8.754220,3392153.775454
8.758309,3392153.782857
8.774157,3392153.782857
8.778315,3392153.790128
8.794132,3392153.790128
8.798319,3392153.797306
8.814169,3392153.797306
8.818329,3392153.804181
8.834105,3392153.804181
8.838372,3392153.810935
8.854199,3392153.810935
8.858291,3392153.817533
8.874413,3392153.817533
8.878479,3392153.824004
8.894072,3392153.824004
8.898381,3392153.830269
8.914313,3392153.830269
8.918283,3392153.830833
8.934141,3392153.830833
8.938268,3392153.836747
8.954112,3392153.836747
8.958255,3392153.842330
8.974208,3392153.842330
8.978288,3392153.847924
8.994185,3392153.847924
8.998322,3392153.853231
9.014186,3392153.853231
9.018319,3392153.858368
9.034247,3392153.858368
9.038358,3392153.863201
9.054175,3392153.863201
9.058359,3392153.868021
9.074195,3392153.868021
9.078361,3392153.872638
9.094146,3392153.872638
9.098309,3392153.877135
9.114168,3392153.877135
9.118345,3392153.875810
9.134103,3392153.875810
9.138304,3392153.879965
9.154194,3392153.879965
9.158303,3392153.883957
9.174166,3392153.883957
9.178339,3392153.887829
9.194085,3392153.887829
9.198361,3392153.891488
9.214130,3392153.891488
9.218431,3392153.894901
9.234127,3392153.894901
9.238391,3392153.898168
9.254198,3392153.898168
9.258364,3392153.901127
9.274174,3392153.901127
9.278312,3392153.904026
9.294158,3392153.904026
9.298339,3392153.906769
9.314176,3392153.906769
9.318292,3392153.897724
9.334188,3392153.897724
9.338308,3392153.900021
9.354190,3392153.900021
9.358313,3392153.902265
9.374203,3392153.902265
9.378437,3392153.904332
9.394034,3392153.904332
9.398252,3392153.906228
9.414105,3392153.906228
9.418388,3392153.907940
9.434193,3392153.907940
9.438356,3392153.909568
9.454077,3392153.909568
9.458461,3392153.910912
9.474106,3392153.910912
9.478378,3392153.912193
9.494139,3392153.912193
9.498369,3392153.913256
9.514186,3392153.913256
9.518387,3392153.914090
9.534204,3392153.914090
9.538402,3392153.913667
9.554173,3392153.913667
9.558325,3392153.914250
9.574236,3392153.914250
9.578413,3392153.914756
9.594180,3392153.914756
9.598334,3392153.915061
9.613988,3392153.915061
9.618312,3392153.915256
9.634180,3392153.915256
9.638385,3392153.915207
9.654233,3392153.915207
9.658327,3392153.914997
9.674134,3392153.914997
9.678295,3392153.914676
9.694117,3392153.914676
9.698353,3392153.914338
9.714170,3392153.914338
9.718321,3392153.906670
9.734150,3392153.906670
9.738343,3392153.906008
9.754193,3392153.906008
9.758297,3392153.905424
9.774177,3392153.905424
9.778387,3392153.904763
9.794189,3392153.904763
9.798307,3392153.904170
9.814201,3392153.904170
9.818334,3392153.903556
9.834334,3392153.903556
9.838273,3392153.902949
9.854440,3392153.902949
9.858385,3392153.902340
9.874249,3392153.902340
9.878295,3392153.901796
9.894195,3392153.901796
9.898317,3392153.901280
9.914121,3392153.901280
9.918304,3392153.905581
9.934110,3392153.905581
9.938342,3392153.905344
9.954183,3392153.905344
9.958304,3392153.905004
9.974107,3392153.905004
9.978388,3392153.904712
9.994114,3392153.904712
9.998266,3392153.904496
10.014139,3392153.904496
10.018492,3392153.904327
10.034179,3392153.904327
10.038290,3392153.904103
10.054166,3392153.904103
10.058357,3392153.903988
10.074224,3392153.903988
10.078317,3392153.903935
10.094151,3392153.903935
10.098324,3392153.903910
10.114244,3392153.903910
10.118454,3392153.901962
10.134835,3392153.901962
10.140220,3392153.902035
10.154478,3392153.902035
10.158464,3392153.902140
10.174172,3392153.902140
10.178386,3392153.902267
10.194134,3392153.902267
10.198373,3392153.902388
10.214189,3392153.902388
10.218318,3392153.902475
10.234211,3392153.902475
10.238334,3392153.902558
10.254154,3392153.902558
10.258290,3392153.902623
10.274137,3392153.902623
10.278324,3392153.902666
10.294085,3392153.902666
10.298268,3392153.902739
10.314206,3392153.902739
10.318314,3392153.897266
10.334141,3392153.897266
10.338307,3392153.897198
10.354156,3392153.897198
10.358298,3392153.897209
10.374174,3392153.897209
10.378351,3392153.897196
10.394139,3392153.897196
10.398309,3392153.897212
10.414143,3392153.897212
10.418271,3392153.897185
10.434060,3392153.897185
10.438315,3392153.897102
10.454295,3392153.897102
10.458276,3392153.897098
10.474279,3392153.897098
10.478388,3392153.897084
10.494142,3392153.897084
10.498377,3392153.897110
10.514108,3392153.897110
10.518385,3392153.897857
10.534151,3392153.897857
10.538326,3392153.897915
10.554205,3392153.897915
10.558337,3392153.898074
10.574217,3392153.898074
10.578342,3392153.898195
10.594146,3392153.898195
10.598387,3392153.898308
10.614158,3392153.898308
10.618286,3392153.898508
10.634243,3392153.898508
10.638376,3392153.898659
10.654243,3392153.898659
10.658416,3392153.898759
10.674118,3392153.898759
10.678298,3392153.898844
10.694133,3392153.898844
10.698271,3392153.898954
10.714147,3392153.898954
10.718255,3392153.891815
10.734170,3392153.891815
10.738378,3392153.891991
10.754118,3392153.891991
10.758364,3392153.892021
10.774123,3392153.892021
10.778342,3392153.892104
10.794136,3392153.892104
10.798324,3392153.892130
10.814096,3392153.892130
10.818252,3392153.892228
10.834114,3392153.892228
10.838239,3392153.892315
10.854144,3392153.892315
10.858387,3392153.892376
10.874108,3392153.892376
10.878333,3392153.892435
10.894098,3392153.892435
10.898392,3392153.892579
10.914154,3392153.892579
10.918380,3392153.887001
10.934192,3392153.887001
10.938300,3392153.887120
10.954406,3392153.887120
10.958442,3392153.887313
10.974066,3392153.887313
10.978403,3392153.887411
10.994071,3392153.887411
10.998320,3392153.887447
11.014243,3392153.887447
11.018351,3392153.887586
11.034215,3392153.887586
11.038320,3392153.887689
11.054256,3392153.887689
11.058372,3392153.887882
11.074201,3392153.887882
11.078381,3392153.888008
11.094097,3392153.888008
11.098229,3392153.887983
11.114131,3392153.887983
11.118338,3392153.882400
11.134119,3392153.882400
11.138410,3392153.882497
11.154169,3392153.882497
11.158316,3392153.882586
11.174316,3392153.882586
11.178339,3392153.882625
11.194191,3392153.882625
11.198321,3392153.882711
11.214263,3392153.882711
11.218371,3392153.882834
11.234173,3392153.882834
11.238404,3392153.882980
11.254246,3392153.882980
11.258378,3392153.883066
11.274235,3392153.883066
11.278306,3392153.883207
11.294077,3392153.883207
11.298277,3392153.883294
11.314212,3392153.883294
11.318345,3392153.882636
11.334185,3392153.882636
11.338330,3392153.882870
11.354290,3392153.882870
11.358396,3392153.883061
11.374150,3392153.883061
11.378445,3392153.883190
11.394093,3392153.883190
11.398351,3392153.883347
11.414269,3392153.883347
11.418326,3392153.883534
11.434239,3392153.883534
11.438342,3392153.883721
11.454204,3392153.883721
11.458456,3392153.883955
11.474223,3392153.883955
11.478361,3392153.884051
11.494149,3392153.884051
11.498313,3392153.884233
11.514173,3392153.884233
11.518296,3392153.877750
11.534132,3392153.877750
11.538335,3392153.877896
11.554174,3392153.877896
11.558363,3392153.878096
11.574134,3392153.878096
11.578472,3392153.878199
11.594289,3392153.878199
11.598386,3392153.878353
11.614166,3392153.878353
11.618387,3392153.878527
11.634165,3392153.878527
11.638316,3392153.878676
11.654249,3392153.878676
11.658502,3392153.878808
11.674164,3392153.878808
11.678285,3392153.878958
11.694107,3392153.878958
11.698316,3392153.879142
11.714133,3392153.879142
11.718350,3392153.868605
11.734217,3392153.868605
11.738268,3392153.868707
11.754063,3392153.868707
11.758651,3392153.868910
11.774216,3392153.868910
11.778351,3392153.868919
11.794107,3392153.868919
11.798301,3392153.869080
11.814223,3392153.869080
11.818420,3392153.869181
11.834084,3392153.869181
11.838338,3392153.869279
11.854259,3392153.869279
11.858443,3392153.869399
11.874186,3392153.869399
11.878388,3392153.869482
11.894148,3392153.869482
11.898399,3392153.869555
11.914162,3392153.869555
