0.218357,1.555725
0.234027,1.555732
0.238387,1.555734
0.254166,1.555734
0.258396,1.555733
0.274276,1.555733
0.278328,1.555731
0.294143,1.555731
0.298394,1.555718
0.314217,1.555718
0.318365,1.555715
0.334195,1.555715
0.338290,1.555714
0.354140,1.555714
0.358376,1.555726
0.374218,1.555726
0.378250,1.555713
0.394078,1.555713
0.398350,1.555705
0.414169,1.555705
0.418306,1.555700
0.434234,1.555700
0.438303,1.555678
0.454298,1.555678
0.458365,1.555724
0.474233,1.555724
0.478351,1.555708
0.494116,1.555708
0.498461,1.555688
0.514063,1.555688
0.518341,1.555721
0.534200,1.555721
0.538393,1.555679
0.554226,1.555679
0.558365,1.555694
0.574243,1.555694
0.578370,1.555677
0.594192,1.555677
0.598278,1.555669
0.614142,1.555669
0.618409,1.555683
0.634214,1.555683
0.638341,1.555692
0.654377,1.555692
0.658483,1.555686
0.674248,1.555686
0.678325,1.555678
0.694232,1.555678
0.698242,1.555680
0.714206,1.555680
0.718362,1.555671
0.734251,1.555671
0.738354,1.555700
0.754328,1.555700
0.758399,1.555662
0.774172,1.555662
0.778329,1.555643
0.794194,1.555643
0.798309,1.555683
0.814201,1.555683
0.818285,1.555638
0.834218,1.555638
0.838331,1.555664
0.854253,1.555664
0.858335,1.555649
0.874243,1.555649
0.878354,1.555638
0.894234,1.555638
0.898278,1.555668
0.914999,1.555668
0.921267,1.555668
0.935107,1.555661
0.939570,1.555676
0.954333,1.555676
0.958584,1.555679
0.974230,1.555679
0.978393,1.555654
0.994209,1.555654
0.998366,1.555674
1.014275,1.555674
1.018422,1.555682
1.034164,1.555682
1.038478,1.555666
1.054131,1.555666
1.058405,1.555658
1.074309,1.555658
1.078328,1.555649
1.094255,1.555649
1.098402,1.555647
1.114180,1.555647
1.118315,1.555668
1.134166,1.555668
1.138314,1.555653
1.154188,1.555653
1.158325,1.555652
1.174112,1.555652
1.178295,1.555653
1.194103,1.555653
1.198346,1.555638
1.214189,1.555638
1.218313,1.555676
1.234144,1.555676
1.238371,1.555634
1.254193,1.555634
1.258355,1.555647
1.274145,1.555647
1.278253,1.555656
1.294325,1.555656
1.298314,1.555620
1.314130,1.555620
1.318415,1.555656
1.334219,1.555656
1.338390,1.555627
1.354156,1.555627
1.358384,1.555617
1.374182,1.555617
1.378326,1.555643
1.394103,1.555643
1.398392,1.555603
1.414156,1.555603
1.418284,1.555642
1.434235,1.555642
1.438417,1.555612
1.454232,1.555612
1.458391,1.555600
1.474112,1.555600
1.478371,1.555617
1.494215,1.555617
1.498349,1.555597
1.514250,1.555597
1.518316,1.555601
1.534203,1.555601
1.538387,1.555584
1.554377,1.555584
1.558389,1.555584
1.574213,1.555584
1.578253,1.555589
1.594098,1.555589
1.598290,1.555597
1.614202,1.555597
1.618274,1.555587
1.634172,1.555587
1.638333,1.555581
1.654319,1.555581
1.658348,1.555577
1.674150,1.555577
1.678354,1.555581
1.694179,1.555581
1.698358,1.555595
1.714256,1.555595
1.718351,1.555582
1.734128,1.555582
1.738290,1.555561
1.754196,1.555561
1.758285,1.555558
1.774122,1.555558
1.778322,1.555556
1.794101,1.555556
1.798355,1.555581
1.814209,1.555581
1.818359,1.555553
1.834262,1.555553
1.838392,1.555537
1.854168,1.555537
1.858456,1.555565
1.874151,1.555565
1.878310,1.555532
1.894106,1.555532
1.898355,1.555560
1.914104,1.555560
1.918252,1.555527
1.934244,1.555527
1.938342,1.555528
1.954143,1.555528
1.958308,1.555538
1.974072,1.555538
1.978399,1.555554
1.994179,1.555554
1.998317,1.555532
2.014258,1.555532
2.018418,1.555516
2.034268,1.555516
2.038288,1.555535
2.054194,1.555535
2.058370,1.555518
2.074162,1.555518
2.078330,1.555543
2.094139,1.555543
2.098373,1.555522
2.114137,1.555522
2.118336,1.555533
2.134238,1.555533
2.138380,1.555558
2.154308,1.555558
2.158345,1.555553
2.174232,1.555553
2.178488,1.555529
2.194186,1.555529
2.198352,1.555522
2.214392,1.555522
2.218366,1.555528
2.234256,1.555528
2.238367,1.555530
2.254057,1.555530
2.258358,1.555515
2.274159,1.555515
2.278480,1.555497
2.294186,1.555497
2.298291,1.555521
2.315081,1.555521
2.319441,1.555524
2.334507,1.555524
2.338490,1.555502
2.354164,1.555502
2.358368,1.555501
2.374265,1.555501
2.378292,1.555526
2.394229,1.555526
2.398332,1.555529
2.414052,1.555529
2.418363,1.555503
2.433976,1.555503
2.438415,1.555491
2.454309,1.555491
2.458263,1.555510
2.474575,1.555510
2.478414,1.555501
2.494120,1.555501
2.498452,1.555466
2.514240,1.555466
2.518358,1.555500
2.534200,1.555500
2.538280,1.555518
2.554108,1.555518
2.558322,1.555471
2.574203,1.555471
2.578400,1.555479
2.594061,1.555479
2.598457,1.555497
2.614199,1.555497
2.618286,1.555492
2.634277,1.555492
2.638318,1.555467
2.654215,1.555467
2.658307,1.555500
2.674138,1.555500
2.678266,1.555519
2.694235,1.555519
2.698319,1.555453
2.714120,1.555453
2.718342,1.555518
2.734221,1.555518
2.738264,1.555557
2.754187,1.555557
2.758293,1.555542
2.774315,1.555542
2.778313,1.555555
2.794113,1.555555
2.798397,1.555562
2.814165,1.555562
2.818298,1.555490
2.834202,1.555490
2.838276,1.555480
2.854296,1.555480
2.858402,1.555546
2.874106,1.555546
2.878277,1.555512
2.894101,1.555512
2.898343,1.555542
2.914187,1.555542
2.918395,1.555558
2.934122,1.555558
2.938388,1.555493
2.954209,1.555493
2.958357,1.555431
2.974134,1.555431
2.978318,1.555444
2.994034,1.555444
2.998276,1.555429
3.014117,1.555429
3.018352,1.555379
3.034167,1.555379
3.038388,1.555451
3.054375,1.555451
3.058374,1.555492
3.074069,1.555492
3.078355,1.555451
3.094079,1.555451
3.098300,1.555518
3.114112,1.555518
3.118261,1.555609
3.134187,1.555609
3.138352,1.555590
3.154206,1.555590
3.158347,1.555625
3.174152,1.555625
3.178408,1.555674
3.194188,1.555674
3.198317,1.555616
3.214178,1.555616
3.218292,1.555605
3.234153,1.555605
3.238317,1.555629
3.254196,1.555629
3.258334,1.555596
3.274218,1.555596
3.278434,1.555568
3.294145,1.555568
3.298407,1.555590
3.315339,1.555590
3.320446,1.555595
3.334824,1.555595
3.338870,1.555539
3.354135,1.555539
3.358415,1.555590
3.374204,1.555590
3.378442,1.555668
3.394151,1.555668
3.398346,1.555651
3.414125,1.555651
3.418426,1.555704
3.434260,1.555704
3.438355,1.555766
3.454304,1.555766
3.458346,1.555741
3.474965,1.555741
3.480440,1.555740
3.494309,1.555740
3.498505,1.555788
3.514135,1.555788
3.518285,1.555765
3.534253,1.555765
3.538349,1.555751
3.554168,1.555751
3.558408,1.555793
3.574144,1.555793
3.578346,1.555798
3.594035,1.555798
3.598359,1.555761
3.614111,1.555761
3.618401,1.555818
3.634202,1.555818
3.638201,1.555867
3.654216,1.555867
3.658435,1.555855
3.674126,1.555855
3.678373,1.555890
3.694068,1.555890
3.698317,1.555956
3.714195,1.555956
3.718350,1.555969
3.734136,1.555969
3.738284,1.555982
3.754159,1.555982
3.758449,1.556044
3.774229,1.556044
3.778461,1.556019
3.794217,1.556019
3.801055,1.555961
3.814085,1.555961
3.818340,1.555999
3.834228,1.555999
3.838362,1.556018
3.854060,1.556018
3.858372,1.555993
3.874167,1.555993
3.878356,1.556074
3.894173,1.556074
3.898481,1.556136
3.914089,1.556136
3.918399,1.556145
3.934212,1.556145
3.938340,1.556199
3.954106,1.556199
3.958307,1.556265
3.974113,1.556265
3.978313,1.556264
3.994207,1.556264
3.998266,1.556262
4.014189,1.556262
4.018358,1.556274
4.034125,1.556274
4.038354,1.556253
4.054157,1.556253
4.058412,1.556225
4.074407,1.556225
4.078358,1.556263
4.094271,1.556263
4.098330,1.556320
4.114212,1.556320
4.118371,1.556314
4.134190,1.556314
4.138342,1.556346
4.154241,1.556346
4.158421,1.556395
4.174219,1.556395
4.178466,1.556379
4.194150,1.556379
4.198328,1.556410
4.214141,1.556410
4.218386,1.556469
4.235434,1.556469
4.239406,1.556462
4.255429,1.556462
4.261348,1.556411
4.274640,1.556411
4.278569,1.556447
4.294231,1.556447
4.298353,1.556486
4.314147,1.556486
4.318343,1.556484
4.334110,1.556484
4.338386,1.556569
4.354153,1.556569
4.358245,1.556596
4.374331,1.556596
4.378321,1.556586
4.394168,1.556586
4.398489,1.556612
4.414184,1.556612
4.418406,1.556637
4.434002,1.556637
4.438264,1.556679
4.454106,1.556679
4.458359,1.556656
4.474299,1.556656
4.478260,1.556692
4.494088,1.556692
4.498395,1.556734
4.514142,1.556734
4.518328,1.556704
4.534233,1.556704
4.538331,1.556738
4.554169,1.556738
4.558251,1.556777
4.574233,1.556777
4.578313,1.556811
4.594062,1.556811
4.598328,1.556865
4.614183,1.556865
4.618327,1.556947
4.634016,1.556947
4.638285,1.557006
4.654168,1.557006
4.658389,1.557017
4.674298,1.557017
4.678358,1.557011
4.694231,1.557011
4.698354,1.557034
4.714289,1.557034
4.718362,1.556991
4.734199,1.556991
4.738324,1.556935
4.754022,1.556935
4.758332,1.556948
4.774147,1.556948
4.778301,1.556947
4.794188,1.556947
4.798329,1.556936
4.814254,1.556936
4.818390,1.557031
4.834139,1.557031
4.838329,1.557092
4.854271,1.557092
4.858335,1.557124
4.874216,1.557124
4.878365,1.557136
4.894088,1.557136
4.898631,1.557178
4.914320,1.557178
4.918360,1.557204
4.934245,1.557204
4.938355,1.557195
4.954224,1.557195
4.958324,1.557243
4.974109,1.557243
4.978276,1.557296
4.994156,1.557296
4.998344,1.557291
5.014070,1.557291
5.018279,1.557314
5.034284,1.557314
5.038326,1.557344
5.054310,1.557344
5.058377,1.557361
5.074105,1.557361
5.078285,1.557343
5.094131,1.557343
5.098328,1.557388
5.114155,1.557388
5.118313,1.557424
5.134119,1.557424
5.138260,1.557431
5.154236,1.557431
5.158280,1.557490
5.174213,1.557490
5.178272,1.557542
5.194180,1.557542
5.198351,1.557556
5.214261,1.557556
5.218345,1.557570
5.234145,1.557570
5.238295,1.557582
5.254092,1.557582
5.258439,1.557585
5.274140,1.557585
5.278286,1.557515
5.294085,1.557515
5.298320,1.557535
5.314190,1.557535
5.318351,1.557577
5.334175,1.557577
5.338295,1.557580
5.354226,1.557580
5.358341,1.557598
5.374085,1.557598
5.378434,1.557632
5.394127,1.557632
5.398321,1.557658
5.414113,1.557658
5.418313,1.557665
5.434150,1.557665
5.438340,1.557713
5.455290,1.557713
5.459922,1.557758
5.475288,1.557758
5.479225,1.557716
5.494380,1.557716
5.498334,1.557734
5.514271,1.557734
5.518301,1.557756
5.534124,1.557756
5.538346,1.557767
5.554103,1.557767
5.558329,1.557800
5.574153,1.557800
5.578371,1.557835
5.594145,1.557835
5.598253,1.557867
5.614286,1.557867
5.618387,1.557864
5.634072,1.557864
5.638269,1.557897
5.654325,1.557897
5.658296,1.557913
5.674209,1.557913
5.678333,1.557861
5.694160,1.557861
5.698319,1.557886
5.714360,1.557886
5.718356,1.557924
5.734315,1.557924
5.738352,1.557941
5.754138,1.557941
5.758308,1.557977
5.774062,1.557977
5.778414,1.558040
5.794218,1.558040
5.798362,1.558131
5.814121,1.558131
5.818414,1.558153
5.834207,1.558153
5.838458,1.558174
5.854129,1.558174
5.858430,1.558190
5.874140,1.558190
5.878370,1.558175
5.894113,1.558175
5.898406,1.558149
5.914291,1.558149
5.918327,1.558166
5.934271,1.558166
5.938311,1.558165
5.953994,1.558165
5.958417,1.558126
5.974099,1.558126
5.978235,1.558208
5.994161,1.558208
5.998357,1.558262
6.014248,1.558262
6.018377,1.558274
6.034122,1.558274
6.038408,1.558318
6.054383,1.558318
6.058463,1.558360
6.074060,1.558360
6.078354,1.558351
6.094035,1.558351
6.098309,1.558346
6.114258,1.558346
6.118349,1.558342
6.134147,1.558342
6.138385,1.558360
6.154181,1.558360
6.158387,1.558336
6.174167,1.558336
6.178405,1.558331
6.194103,1.558331
6.198368,1.558352
6.214193,1.558352
6.218325,1.558295
6.234162,1.558295
6.238328,1.558324
6.255303,1.558324
6.260630,1.558324
6.274519,1.558365
6.278644,1.558329
6.294152,1.558329
6.298337,1.558334
6.314261,1.558334
6.318471,1.558406
6.334216,1.558406
6.338366,1.558379
6.354353,1.558379
6.358496,1.558335
6.374142,1.558335
6.378304,1.558394
6.394168,1.558394
6.398352,1.558454
6.414165,1.558454
6.418377,1.558442
6.434153,1.558442
6.438319,1.558489
6.454085,1.558489
6.458248,1.558529
6.474179,1.558529
6.478286,1.558499
6.494085,1.558499
6.498358,1.558460
6.514300,1.558460
6.518284,1.558469
6.534133,1.558469
6.538321,1.558511
6.554198,1.558511
6.558377,1.558479
6.574075,1.558479
6.578372,1.558533
6.594157,1.558533
6.598286,1.558567
6.614169,1.558567
6.618340,1.558546
6.634150,1.558546
6.638392,1.558627
6.654250,1.558627
6.658344,1.558616
6.674187,1.558616
6.678260,1.558630
6.694167,1.558630
6.698419,1.558668
6.714087,1.558668
6.718344,1.558703
6.734098,1.558703
6.738272,1.558749
6.754236,1.558749
6.758371,1.558732
6.774182,1.558732
6.778333,1.558749
6.794184,1.558749
6.798312,1.558743
6.814324,1.558743
6.818381,1.558706
6.834842,1.558706
6.839998,1.558705
6.854356,1.558705
6.858505,1.558711
6.874183,1.558711
6.878283,1.558757
6.894191,1.558757
6.898325,1.558851
6.914178,1.558851
6.918291,1.558964
6.934222,1.558964
6.938273,1.558995
6.954132,1.558995
6.958363,1.559034
6.974295,1.559034
6.978358,1.559069
6.994242,1.559069
6.998284,1.559016
7.014256,1.559016
7.018246,1.559035
7.034170,1.559035
7.038330,1.559097
7.054186,1.559097
7.058380,1.559087
7.074290,1.559087
7.078313,1.559076
7.095035,1.559076
7.099350,1.559213
7.114504,1.559213
7.118478,1.559104
7.134097,1.559104
7.138355,1.559119
7.154270,1.559119
7.158415,1.559259
7.174120,1.559259
7.178361,1.559118
7.194259,1.559118
7.198233,1.559159
7.214124,1.559159
7.218340,1.559245
7.234066,1.559245
7.238252,1.559039
7.254291,1.559039
7.258304,1.559160
7.274445,1.559160
7.278378,1.559114
7.294086,1.559114
7.298375,1.559021
7.314147,1.559021
7.318388,1.559128
7.334155,1.559128
7.338311,1.559018
7.354188,1.559018
7.358279,1.559094
7.374088,1.559094
7.378374,1.559069
7.394163,1.559069
7.398330,1.559117
7.414135,1.559117
7.418272,1.559326
7.434128,1.559326
7.438353,1.559220
7.454167,1.559220
7.458534,1.559410
7.474136,1.559410
7.478317,1.559397
7.494131,1.559397
7.498431,1.559306
7.514120,1.559306
7.518331,1.559364
7.534290,1.559364
7.538454,1.559351
7.554132,1.559351
7.558374,1.559398
7.574115,1.559398
7.578314,1.559377
7.594146,1.559377
7.598360,1.559424
7.615088,1.559424
7.620116,1.559363
7.635144,1.559363
7.639266,1.559375
7.654196,1.559375
7.658366,1.559404
7.674161,1.559404
7.678334,1.559435
7.694173,1.559435
7.698344,1.559553
7.714198,1.559553
7.718417,1.559499
7.734143,1.559499
7.738271,1.559601
7.754236,1.559601
7.758417,1.559625
7.774123,1.559625
7.778439,1.559618
7.794160,1.559618
7.798454,1.559794
7.814181,1.559794
7.818344,1.559669
7.834304,1.559669
7.838311,1.559789
7.854051,1.559789
7.858319,1.559753
7.874163,1.559753
7.878318,1.559652
7.894198,1.559652
7.898401,1.559737
7.914278,1.559737
7.918298,1.559587
7.934275,1.559587
7.938436,1.559635
7.954284,1.559635
7.958450,1.559669
7.974240,1.559669
7.978336,1.559541
7.994173,1.559541
7.998367,1.559655
8.014131,1.559655
8.018365,1.559657
8.034158,1.559657
8.038301,1.559598
8.054197,1.559598
8.058357,1.559764
8.074307,1.559764
8.078369,1.559684
8.094092,1.559684
8.098342,1.559675
8.114145,1.559675
8.118326,1.559789
8.134137,1.559789
8.138430,1.559692
8.154056,1.559692
8.158460,1.559752
8.174154,1.559752
8.178412,1.559800
8.194170,1.559800
8.198362,1.559806
8.214243,1.559806
8.218281,1.559865
8.234226,1.559865
8.238321,1.559932
8.254150,1.559932
8.258337,1.559972
8.274296,1.559972
8.278311,1.560011
8.294211,1.560011
8.298381,1.560026
8.314135,1.560026
8.318341,1.560056
8.334173,1.560056
8.338386,1.560068
8.354144,1.560068
8.358390,1.559991
8.374104,1.559991
8.378280,1.559982
8.394105,1.559982
8.398300,1.559922
8.414121,1.559922
8.418290,1.559889
8.434150,1.559889
8.438354,1.559849
8.454247,1.559849
8.458239,1.559808
8.474216,1.559808
8.478332,1.559800
8.494117,1.559800
8.498304,1.559827
8.514181,1.559827
8.518355,1.559841
8.534219,1.559841
8.538287,1.559881
8.554240,1.559881
8.558294,1.559954
8.574291,1.559954
8.578314,1.559975
8.594199,1.559975
8.598263,1.560060
8.614243,1.560060
8.618305,1.560062
8.634137,1.560062
8.638290,1.560034
8.654140,1.560034
8.658311,1.560071
8.674138,1.560071
8.678358,1.560025
8.694068,1.560025
8.698353,1.560018
8.713983,1.560018
8.718334,1.559986
8.734238,1.559986
8.738320,1.559948
8.754220,1.559948
8.758309,1.559976
8.774157,1.559976
8.778315,1.559956
8.794132,1.559956
8.798319,1.559954
8.814169,1.559954
8.818329,1.559975
8.834105,1.559975
8.838372,1.559978
8.854199,1.559978
8.858291,1.560017
8.874413,1.560017
8.878479,1.560097
8.894072,1.560097
8.898381,1.560121
8.914313,1.560121
8.918283,1.560165
8.934141,1.560165
8.938268,1.560208
8.954112,1.560208
8.958255,1.560179
8.974208,1.560179
8.978288,1.560224
8.994185,1.560224
8.998322,1.560193
9.014186,1.560193
9.018319,1.560167
9.034247,1.560167
9.038358,1.560157
9.054175,1.560157
9.058359,1.560090
9.074195,1.560090
9.078361,1.560082
9.094146,1.560082
9.098309,1.560050
9.114168,1.560050
9.118345,1.560055
9.134103,1.560055
9.138304,1.560078
9.154194,1.560078
9.158303,1.560129
9.174166,1.560129
9.178339,1.560160
9.194085,1.560160
9.198361,1.560201
9.214130,1.560201
9.218431,1.560282
9.234127,1.560282
9.238391,1.560293
9.254198,1.560293
9.258364,1.560346
9.274174,1.560346
9.278312,1.560351
9.294158,1.560351
9.298339,1.560320
9.314176,1.560320
9.318292,1.560321
9.334188,1.560321
9.338308,1.560257
9.354190,1.560257
9.358313,1.560260
9.374203,1.560260
9.378437,1.560226
9.394034,1.560226
9.398252,1.560220
9.414105,1.560220
9.418388,1.560243
9.434193,1.560243
9.438356,1.560252
9.454077,1.560252
9.458461,1.560287
9.474106,1.560287
9.478378,1.560307
9.494139,1.560307
9.498369,1.560338
9.514186,1.560338
9.518387,1.560370
9.534204,1.560370
9.538402,1.560405
9.554173,1.560405
9.558325,1.560407
9.574236,1.560407
9.578413,1.560395
9.594180,1.560395
9.598334,1.560384
9.613988,1.560384
9.618312,1.560355
9.634180,1.560355
9.638385,1.560354
9.654233,1.560354
9.658327,1.560316
9.674134,1.560316
9.678295,1.560294
9.694117,1.560294
9.698353,1.560290
9.714170,1.560290
9.718321,1.560296
9.734150,1.560296
9.738343,1.560333
9.754193,1.560333
9.758297,1.560364
9.774177,1.560364
9.778387,1.560368
9.794189,1.560368
9.798307,1.560402
9.814201,1.560402
9.818334,1.560387
9.834334,1.560387
9.838273,1.560418
9.854440,1.560418
9.858385,1.560384
9.874249,1.560384
9.878295,1.560370
9.894195,1.560370
9.898317,1.560365
9.914121,1.560365
9.918304,1.560320
9.934110,1.560320
9.938342,1.560353
9.954183,1.560353
9.958304,1.560328
9.974107,1.560328
9.978388,1.560338
9.994114,1.560338
9.998266,1.560362
10.014139,1.560362
10.018492,1.560357
10.034179,1.560357
10.038290,1.560392
10.054166,1.560392
10.058357,1.560378
10.074224,1.560378
10.078317,1.560387
10.094151,1.560387
10.098324,1.560384
10.114244,1.560384
10.118454,1.560398
10.134835,1.560398
10.140220,1.560396
10.154478,1.560396
10.158464,1.560377
10.174172,1.560377
10.178386,1.560360
10.194134,1.560360
10.198373,1.560362
10.214189,1.560362
10.218318,1.560357
10.234211,1.560357
10.238334,1.560348
10.254154,1.560348
10.258290,1.560343
10.274137,1.560343
10.278324,1.560336
10.294085,1.560336
10.298268,1.560347
10.314206,1.560347
10.318314,1.560364
10.334141,1.560364
10.338307,1.560346
10.354156,1.560346
10.358298,1.560358
10.374174,1.560358
10.378351,1.560350
10.394139,1.560350
10.398309,1.560361
10.414143,1.560361
10.418271,1.560383
10.434060,1.560383
10.438315,1.560348
10.454295,1.560348
10.458276,1.560352
10.474279,1.560352
10.478388,1.560339
10.494142,1.560339
10.498377,1.560331
10.514108,1.560331
10.518385,1.560361
10.534151,1.560361
10.538326,1.560336
10.554205,1.560336
10.558337,1.560335
10.574217,1.560335
10.578342,1.560349
10.594146,1.560349
10.598387,1.560322
10.614158,1.560322
10.618286,1.560366
10.634243,1.560366
10.638376,1.560330
10.654243,1.560330
10.658416,1.560319
10.674118,1.560319
10.678298,1.560331
10.694133,1.560331
10.698271,1.560298
10.714147,1.560298
10.718255,1.560337
10.734170,1.560337
10.738378,1.560317
10.754118,1.560317
10.758364,1.560311
10.774123,1.560311
10.778342,1.560343
10.794136,1.560343
10.798324,1.560314
10.814096,1.560314
10.818252,1.560349
10.834114,1.560349
10.838239,1.560332
10.854144,1.560332
10.858387,1.560328
10.874108,1.560328
10.878333,1.560350
10.894098,1.560350
10.898392,1.560321
10.914154,1.560321
10.918380,1.560348
10.934192,1.560348
10.938300,1.560333
10.954406,1.560333
10.958442,1.560329
10.974066,1.560329
10.978403,1.560336
10.994071,1.560336
10.998320,1.560341
11.014243,1.560341
11.018351,1.560331
11.034215,1.560331
11.038320,1.560320
11.054256,1.560320
11.058372,1.560324
11.074201,1.560324
11.078381,1.560315
11.094097,1.560315
11.098229,1.560345
11.114131,1.560345
11.118338,1.560320
11.134119,1.560320
11.138410,1.560319
11.154169,1.560319
11.158316,1.560328
11.174316,1.560328
11.178339,1.560313
11.194191,1.560313
11.198321,1.560351
11.214263,1.560351
11.218371,1.560333
11.234173,1.560333
11.238404,1.560323
11.254246,1.560323
11.258378,1.560357
11.274235,1.560357
11.278306,1.560336
11.294077,1.560336
11.298277,1.560369
11.314212,1.560369
11.318345,1.560351
11.334185,1.560351
11.338330,1.560359
11.354290,1.560359
11.358396,1.560363
11.374150,1.560363
11.378445,1.560365
11.394093,1.560365
11.398351,1.560376
11.414269,1.560376
11.418326,1.560357
11.434239,1.560357
11.438342,1.560342
11.454204,1.560342
11.458456,1.560342
11.474223,1.560342
11.478361,1.560353
11.494149,1.560353
11.498313,1.560361
11.514173,1.560361
11.518296,1.560340
11.534132,1.560340
11.538335,1.560344
11.554174,1.560344
11.558363,1.560346
11.574134,1.560346
11.578472,1.560362
11.594289,1.560362
11.598386,1.560343
11.614166,1.560343
11.618387,1.560331
11.634165,1.560331
11.638316,1.560340
11.654249,1.560340
11.658502,1.560293
11.674164,1.560293
11.678285,1.560323
11.694107,1.560323
11.698316,1.560319
11.714133,1.560319
11.718350,1.560306
11.734217,1.560306
11.738268,1.560315
11.754063,1.560315
11.758651,1.560298
11.774216,1.560298
11.778351,1.560339
11.794107,1.560339
11.798301,1.560311
11.814223,1.560311
11.818420,1.560318
11.834084,1.560318
11.838338,1.560311
11.854259,1.560311
11.858443,1.560289
11.874186,1.560289
11.878388,1.560325
11.894148,1.560325
11.898399,1.560282
11.914162,1.560282
