0.207167,0.000000
0.238471,0.000000
0.274390,0.000000
0.306379,0.000000
0.337371,0.000000
0.375467,0.000000
0.409966,0.000000
0.442264,0.000000
0.482748,0.000000
0.517441,0.000000
0.554032,0.000000
0.574159,0.000000
0.610617,0.000000
0.646128,0.000000
0.681420,0.000000
0.713927,0.000000
0.752481,0.000000
0.785305,0.000000
0.809200,0.000000
0.843494,0.000000
0.880361,0.000000
0.916603,0.000000
0.948940,0.000000
1.013789,0.000000
1.082594,0.000000
1.119075,0.000000
1.147496,0.000000
1.183858,0.000000
1.215467,0.000000
1.252890,0.000000
1.283144,0.000000
1.313683,0.000000
1.346190,0.000000
1.380470,0.000000
1.418916,0.000000
1.451380,0.000000
1.482777,0.000000
1.522368,0.000000
1.551682,0.000000
1.579053,0.000000
1.615574,0.000000
1.649965,0.000000
1.682443,0.000000
1.720671,0.000000
1.749122,0.000000
1.783464,0.000000
1.813918,0.000000
1.846509,0.000000
1.880702,0.000000
1.915364,0.000000
1.949934,0.000000
1.983122,0.000000
2.022661,0.000000
2.049199,0.000000
2.081309,0.000000
2.113967,0.000000
2.148257,0.000000
2.178675,0.000000
2.217202,0.000000
2.254153,0.000000
2.281108,0.000000
2.312531,0.000000
2.344806,0.000000
2.377158,0.000000
2.415811,0.000000
2.450366,0.000000
2.479600,0.000000
2.515101,0.000000
2.543460,0.120000
2.577802,0.120000
2.612360,0.120000
2.647066,0.170000
2.677172,0.170000
2.715740,0.170000
2.748198,0.300000
2.772469,0.300000
2.808843,0.300000
2.843322,0.400000
2.875803,0.400000
2.914648,0.400000
2.948795,0.410000
2.975122,0.410000
3.008139,0.410000
3.040026,0.510000
3.072315,0.510000
3.108874,0.510000
3.148315,0.550000
3.173767,0.550000
3.214071,0.550000
3.241406,0.600000
3.273148,0.600000
3.307356,0.600000
3.345834,0.730000
3.376307,0.730000
3.410855,0.730000
3.449374,0.840000
3.471540,0.840000
3.510169,0.840000
3.540456,0.830000
3.572957,0.830000
3.609493,0.830000
3.646894,1.020000
3.676411,1.020000
3.710854,1.020000
3.745242,1.090000
3.771554,1.090000
3.808119,1.090000
3.840429,1.170000
3.873802,1.170000
3.913563,1.170000
3.944760,1.230000
3.980191,1.230000
4.006754,1.230000
4.040979,1.270000
4.071448,1.270000
4.110839,1.270000
4.148616,1.330000
4.178771,1.330000
4.219277,1.330000
4.248793,1.390000
4.274214,1.390000
4.308917,1.390000
4.341302,1.450000
4.375425,1.450000
4.411998,1.450000
4.443286,1.460000
4.479698,1.460000
4.514390,1.460000
4.541492,1.510000
4.577997,1.510000
4.614573,1.510000
4.681305,1.540000
4.719851,1.540000
4.748283,1.590000
4.782957,1.590000
4.813162,1.590000
4.849685,1.610000
4.884036,1.610000
4.916594,1.610000
4.955047,1.670000
4.990494,1.670000
5.015910,1.670000
5.054659,1.700000
5.080604,1.700000
5.118082,1.700000
5.153709,1.730000
5.190122,1.730000
5.222671,1.730000
5.254152,1.780000
5.287496,1.780000
5.311561,1.780000
5.348266,1.850000
5.380471,1.850000
5.417166,1.850000
5.449573,1.880000
5.487859,1.880000
5.518261,1.880000
5.551679,1.910000
5.584378,1.910000
5.615600,1.910000
5.652134,1.970000
5.686375,1.970000
5.723561,1.970000
5.757425,2.030000
5.814045,2.030000
5.848500,2.070000
5.882915,2.070000
5.915691,2.070000
5.953870,2.100000
5.987564,2.100000
6.016962,2.100000
6.049305,2.160000
6.081577,2.160000
6.111963,2.160000
6.150492,2.200000
6.184873,2.200000
6.215373,2.200000
6.257783,2.240000
6.283104,2.240000
6.310524,2.240000
6.346872,2.280000
6.379277,2.280000
6.413860,2.280000
6.448353,2.310000
6.485183,2.310000
6.509477,2.310000
6.543565,2.360000
6.578519,2.360000
6.610434,2.360000
6.646813,2.400000
6.681258,2.400000
6.713782,2.400000
6.746238,2.440000
6.778481,2.440000
6.806952,2.440000
6.843470,2.510000
6.877832,2.510000
6.912472,2.510000
6.946010,2.570000
6.981135,2.570000
7.007586,2.570000
7.043948,2.620000
7.076521,2.620000
7.108857,2.620000
7.144288,2.650000
7.176789,2.650000
7.215250,2.650000
7.249607,2.710000
7.278903,2.710000
7.307342,2.710000
7.343797,2.770000
7.378211,2.770000
7.410762,2.770000
7.448261,2.820000
7.482586,2.820000
7.507920,2.820000
7.542544,2.860000
7.577032,2.860000
7.609453,2.860000
7.649827,2.910000
7.680123,2.910000
7.711191,2.910000
7.755244,2.950000
7.777529,2.950000
7.811947,2.950000
7.846635,2.980000
7.878711,2.980000
7.913485,2.980000
7.948841,3.000000
7.980198,3.000000
8.012437,3.000000
8.040826,3.050000
8.077406,3.050000
8.114529,3.050000
8.144197,3.110000
8.183689,3.110000
8.217337,3.110000
8.242434,3.130000
8.283057,3.130000
8.313537,3.130000
8.346965,3.160000
8.381373,3.160000
8.417790,3.160000
8.458241,3.210000
8.492774,3.210000
8.517307,3.210000
8.547633,3.260000
8.586063,3.260000
8.618483,3.260000
8.652911,3.270000
8.689528,3.270000
8.725764,3.270000
8.756244,3.280000
8.794697,3.280000
8.818946,3.280000
8.849332,3.320000
8.888124,3.320000
8.922440,3.320000
8.952831,3.350000
8.992349,3.350000
9.023656,3.350000
9.047987,3.380000
9.084849,3.380000
9.121507,3.380000
9.154381,3.410000
9.192580,3.410000
9.225017,3.410000
9.250208,3.410000
9.318093,3.410000
9.352570,3.450000
9.387298,3.450000
9.421556,3.450000
9.454063,3.490000
9.490470,3.490000
9.517765,3.490000
9.549168,3.530000
9.583569,3.530000
9.618014,3.530000
9.648474,3.550000
9.688916,3.550000
9.720387,3.550000
9.757810,3.580000
9.786500,3.580000
9.821678,3.580000
9.849120,3.600000
9.885509,3.600000
9.917867,3.600000
9.947337,3.600000
9.985878,3.600000
10.017434,3.600000
10.047747,3.680000
10.082262,3.680000
10.114702,3.680000
10.147197,3.670000
10.181542,3.670000
10.214098,3.670000
10.248750,3.680000
10.283901,3.680000
10.316293,3.680000
10.348723,3.710000
10.385004,3.710000
10.413461,3.710000
10.452001,3.730000
10.487320,3.730000
10.512781,3.730000
10.543023,3.780000
10.579548,3.780000
10.612032,3.780000
10.644516,3.780000
10.681978,3.780000
10.713542,3.780000
10.745883,3.620000
10.778196,3.620000
10.812793,3.620000
10.850139,3.380000
10.885735,3.380000
10.916307,3.380000
10.952667,3.450000
10.982913,3.450000
11.011281,3.450000
11.045869,3.550000
11.078133,3.550000
11.116693,3.550000
11.147115,3.310000
11.175375,3.310000
11.216107,3.310000
11.248467,3.130000
11.276780,3.130000
11.313357,3.130000
11.349691,3.070000
11.380051,3.070000
11.419583,3.070000
11.453161,2.930000
11.479442,2.930000
11.516419,2.930000
11.546328,2.770000
11.578707,2.770000
11.614312,2.770000
11.647643,2.630000
11.682177,2.630000
11.714429,2.630000
11.755074,2.500000
11.777258,2.500000
11.813893,2.500000
11.847421,2.340000
11.884781,2.340000
11.921167,2.340000
11.947688,2.220000
11.988329,2.220000
12.013474,2.220000
12.049015,2.130000
12.087474,2.130000
12.113889,2.130000
12.152372,2.030000
12.188895,2.030000
12.223219,2.030000
12.261999,1.940000
12.290157,1.940000
12.320555,1.940000
12.355184,1.820000
12.391546,1.820000
12.426053,1.820000
12.460323,1.720000
12.488682,1.720000
12.523041,1.720000
12.551491,1.630000
12.587966,1.630000
12.620411,1.630000
12.656834,1.550000
12.691189,1.550000
12.725664,1.550000
12.760026,1.450000
12.787499,1.450000
12.822853,1.450000
12.853413,1.350000
12.885642,1.350000
12.926234,1.350000
12.959603,1.250000
12.988117,1.250000
13.020397,1.250000
13.057090,1.160000
13.084229,1.160000
13.122667,1.160000
13.157635,1.070000
13.188019,1.070000
13.224000,1.070000
13.256669,1.000000
13.295027,1.000000
13.321148,1.000000
13.353634,0.920000
13.386947,0.920000
13.424444,0.920000
13.460871,0.870000
13.489285,0.870000
13.523692,0.870000
13.556154,0.810000
13.584466,0.810000
13.620936,0.810000
13.653447,0.760000
13.685905,0.760000
13.724455,0.760000
13.760713,0.710000
13.784034,0.710000
13.819448,0.710000
13.852155,0.670000
13.882303,0.670000
13.921209,0.670000
13.959388,0.650000
13.991818,0.650000
14.019131,0.650000
14.050797,0.620000
14.082954,0.620000
14.115601,0.620000
14.149919,0.580000
14.184283,0.580000
14.219837,0.580000
14.259213,0.560000
14.279843,0.560000
14.316148,0.560000
14.348579,0.540000
14.381813,0.540000
14.417444,0.540000
14.459923,0.510000
14.492428,0.510000
14.516792,0.510000
14.549562,0.470000
14.581509,0.470000
14.617914,0.470000
14.652570,0.460000
14.689923,0.460000
14.716324,0.460000
14.757769,0.430000
14.781934,0.430000
14.814575,0.430000
14.849144,0.400000
14.883361,0.400000
14.916028,0.400000
14.956394,0.390000
14.992889,0.390000
15.015307,0.390000
15.049674,0.350000
15.082008,0.350000
15.114554,0.350000
15.150904,0.320000
15.185350,0.320000
15.218862,0.320000
15.250328,0.300000
15.282598,0.300000
15.313035,0.300000
15.349679,0.280000
15.385945,0.280000
15.414484,0.280000
15.450966,0.260000
15.491294,0.260000
15.518657,0.260000
15.550131,0.250000
15.582552,0.250000
15.613034,0.250000
15.649548,0.220000
15.685920,0.220000
15.720236,0.220000
15.760794,0.200000
15.793422,0.200000
15.817600,0.200000
15.856086,0.190000
15.886470,0.190000
15.922982,0.190000
15.961477,0.160000
16.032598,0.160000
16.062797,0.150000
16.089249,0.150000
16.125562,0.150000
16.158049,0.140000
16.190571,0.140000
