0.292034,0.400000
0.392249,0.400000
0.426647,0.400000
0.459122,0.400000
0.627371,0.400000
0.726644,0.400000
0.825981,0.400000
0.892851,0.400000
0.927284,0.400000
1.026548,0.400000
1.162183,0.400000
1.229151,0.400000
1.397236,0.400000
1.632354,0.400000
1.730599,0.400000
1.864251,0.400000
1.931153,0.400000
1.996041,0.400000
2.132882,0.400000
2.264438,0.400000
2.331439,0.400000
2.363781,0.400000
2.495569,0.400000
2.862487,0.400000
3.028373,0.400000
3.261423,0.400000
3.293968,0.400000
3.561317,0.400000
3.593726,0.400000
3.695189,0.400000
3.729603,0.400000
3.828122,0.400000
3.893867,0.400000
3.928421,0.400000
4.128865,0.400000
4.195799,0.400000
4.230267,0.400000
4.362005,0.400000
4.394401,0.400000
4.428972,0.400000
4.561937,0.400000
4.628484,0.400000
4.661936,0.400000
4.694529,0.400000
5.064171,0.400000
5.231516,0.400000
5.267965,0.400000
5.432378,0.400000
5.499072,0.400000
5.564862,0.400000
5.630855,0.400000
5.665035,0.400000
5.768422,0.400000
5.800946,0.400000
5.831365,0.400000
5.999570,0.400000
6.165665,0.400000
6.200144,0.400000
6.266983,0.400000
6.331869,0.400000
6.398784,0.400000
6.798112,0.400000
6.897380,0.400000
7.096860,0.400000
7.162608,0.400000
7.197224,0.400000
7.229627,0.400000
7.297461,0.400000
7.363234,0.400000
7.428252,0.400000
7.497206,0.400000
7.697929,0.400000
7.764615,0.400000
7.997680,0.400000
8.163737,0.400000
8.230736,0.400000
8.263017,0.400000
8.297538,0.400000
8.365405,0.400000
8.463571,0.400000
8.498170,0.400000
8.531599,0.400000
8.563921,0.400000
8.662239,0.400000
8.698812,0.400000
8.763452,0.400000
8.797942,0.400000
8.933772,0.400000
8.966249,0.400000
9.000667,0.400000
9.034246,0.400000
9.101884,0.400000
9.200309,0.400000
9.402931,0.400000
9.434324,0.400000
9.466731,0.400000
9.535702,0.400000
9.568048,0.400000
9.602529,0.400000
9.634995,0.400000
9.667454,0.400000
9.702099,0.400000
9.835675,0.400000
9.903489,0.400000
9.967450,0.400000
10.001940,0.400000
10.135764,0.400000
10.168093,0.400000
10.202500,0.400000
10.301779,0.400000
10.435573,0.400000
10.600657,0.400000
10.666439,0.400000
10.733491,0.400000
10.832750,0.400000
10.966434,0.400000
11.033322,0.400000
11.133689,0.400000
11.234022,0.400000
11.266382,0.400000
11.366730,0.400000
11.467175,0.400000
11.501705,0.400000
11.534030,0.400000
11.597660,0.400000
11.667631,0.400000
11.833913,0.400000
12.034586,0.400000
12.067794,0.400000
12.100282,0.400000
12.134756,0.400000
12.200569,0.400000
12.234949,0.400000
12.268395,0.400000
12.299925,0.400000
12.368892,0.400000
12.435866,0.400000
12.470154,0.400000
12.502519,0.400000
12.737729,0.400000
12.772152,0.400000
12.804503,0.400000
12.938308,0.400000
12.974771,0.400000
13.004184,0.400000
13.037655,0.400000
13.072232,0.400000
13.104545,0.400000
13.203840,0.400000
13.238265,0.400000
13.338557,0.400000
13.473198,0.400000
13.539961,0.400000
13.571432,0.400000
13.671686,0.400000
13.704124,0.400000
13.738695,0.400000
13.803445,0.400000
13.838021,0.400000
14.038664,0.400000
14.402327,0.400000
14.435827,0.400000
14.502577,0.400000
14.537115,0.400000
14.702068,0.400000
14.768383,0.400000
14.799640,0.400000
14.869585,0.400000
14.902216,0.400000
14.936771,0.400000
15.035822,0.400000
15.071616,0.400000
15.169514,0.400000
15.202100,0.400000
15.403494,0.400000
15.503874,0.400000
15.604268,0.400000
15.670145,0.400000
15.870666,0.400000
15.969993,0.400000
