0.246035,30.635832
0.266055,30.635832
0.285990,30.635832
0.305931,30.635832
0.325958,30.635832
0.345940,30.635832
0.365932,30.635832
0.386319,30.635832
0.406143,30.635832
0.426069,30.635832
0.445868,30.635832
0.465870,30.635832
0.485867,30.635832
0.505838,30.635832
0.525815,30.635832
0.545843,30.635832
0.565840,30.635832
0.585818,30.635832
0.605762,30.635832
0.625789,30.635832
0.645755,30.635832
0.665772,30.635832
0.685737,30.635832
0.705735,30.635832
0.725772,30.635832
0.745723,30.635832
0.765811,30.635832
0.785760,30.635832
0.805697,30.635832
0.825859,30.635832
0.845676,30.635832
0.865717,30.635832
0.885690,30.635832
0.905687,30.635832
0.925684,30.635832
0.945714,30.635832
0.965682,30.635832
0.985643,30.635832
1.005648,30.635832
1.025712,30.635832
1.045583,30.635832
1.065670,30.635832
1.085683,30.635832
1.105556,30.635832
1.125669,30.635832
1.145499,30.635832
1.165570,30.635832
1.185542,30.635832
1.205533,30.635832
1.225538,30.635832
1.245468,30.635832
1.265522,30.635832
1.285465,30.635832
1.305532,30.635832
1.325530,30.635832
1.345489,30.635832
1.365384,30.635832
1.385441,30.635832
1.405423,30.635832
1.425412,30.635832
1.445327,30.635832
1.465512,30.635832
1.485345,30.635832
1.505391,30.635832
1.525365,30.635832
1.545300,30.635832
1.565350,30.635832
1.585305,30.635832
1.605334,30.635832
1.625249,30.635832
1.645242,30.635832
1.665316,30.635832
1.685249,30.635832
1.705203,30.635832
1.725302,30.635832
1.745269,30.635832
1.765283,30.635832
1.785215,30.635832
1.805171,30.635832
1.825345,30.635832
1.845098,30.635832
1.865127,30.635832
1.885103,30.635832
1.905148,30.635832
1.925184,30.635832
1.945147,30.635832
1.966058,30.635832
1.985065,30.635832
2.005082,30.635832
2.026042,30.635832
2.044994,30.635832
2.065999,30.635832
2.085174,30.635832
2.105032,30.635832
2.124968,30.635832
2.145032,30.635832
2.165946,30.635832
2.185946,30.635832
2.205936,30.635832
2.225943,30.635832
2.245922,30.635832
2.265929,30.635832
2.285903,30.635832
2.305899,30.635832
2.325909,30.635832
2.346021,30.635832
2.365890,30.635832
2.385863,30.635832
2.405865,30.635832
2.425856,30.635832
2.445854,30.635833
2.465968,30.635833
2.485839,30.635833
2.505803,30.635833
2.525887,30.635833
2.545780,30.635833
2.566128,30.635833
2.586133,30.635833
2.605789,30.635833
2.625777,30.635833
2.645826,30.635833
2.665780,30.635833
2.685753,30.635833
2.705722,30.635833
2.725693,30.635833
2.745652,30.635833
2.765752,30.635833
2.785661,30.635833
2.805714,30.635834
2.825681,30.635834
2.845721,30.635834
2.865756,30.635834
2.885647,30.635834
2.905771,30.635834
2.925708,30.635834
2.945911,30.635834
2.965788,30.635834
2.985747,30.635834
3.005657,30.635835
3.025661,30.635835
3.045652,30.635835
3.065651,30.635835
3.085616,30.635835
3.105618,30.635835
3.125574,30.635835
3.145536,30.635835
3.165588,30.635835
3.185471,30.635835
3.205515,30.635836
3.225478,30.635836
3.245501,30.635836
3.265506,30.635836
3.285478,30.635836
3.305796,30.635836
3.325664,30.635836
3.345373,30.635836
3.365651,30.635836
3.385404,30.635836
3.405586,30.635836
3.425473,30.635837
3.445374,30.635837
3.465310,30.635837
3.485443,30.635837
3.505360,30.635837
3.525334,30.635837
3.545280,30.635837
3.565269,30.635837
3.585301,30.635837
3.605295,30.635839
3.625240,30.635839
3.645249,30.635839
3.665273,30.635839
3.685273,30.635839
3.705262,30.635839
3.725274,30.635839
3.745190,30.635839
3.765143,30.635839
3.785202,30.635839
3.805401,30.635841
3.825214,30.635841
3.845107,30.635841
3.866181,30.635841
3.885136,30.635841
3.905170,30.635841
3.925144,30.635841
3.945037,30.635841
3.966044,30.635841
3.985130,30.635841
4.005058,30.635842
4.025989,30.635842
4.045967,30.635842
4.065971,30.635842
4.085986,30.635842
4.105942,30.635842
4.125933,30.635842
4.145934,30.635842
4.165952,30.635842
4.185889,30.635842
4.205877,30.635841
4.225987,30.635841
4.245907,30.635841
4.265899,30.635841
4.285828,30.635841
4.305890,30.635841
4.325878,30.635841
4.345888,30.635841
4.365796,30.635841
4.385848,30.635841
4.405821,30.635841
4.425745,30.635841
4.445775,30.635841
4.465782,30.635841
4.485800,30.635841
4.505844,30.635841
4.525813,30.635841
4.545723,30.635841
4.565695,30.635841
4.585695,30.635841
4.605760,30.635841
4.625675,30.635841
4.645656,30.635841
4.665639,30.635841
4.685668,30.635841
4.705666,30.635841
4.725590,30.635841
4.745665,30.635841
4.765670,30.635841
4.785599,30.635841
4.805589,30.635841
4.825679,30.635841
4.845640,30.635841
4.865684,30.635841
4.885622,30.635841
4.905473,30.635841
4.925557,30.635841
4.945487,30.635841
4.965608,30.635841
4.985486,30.635841
5.005518,30.635841
5.025506,30.635841
5.045382,30.635841
5.065448,30.635841
5.085474,30.635841
5.105674,30.635841
5.125376,30.635841
5.145404,30.635841
5.165432,30.635841
5.185329,30.635841
5.205372,30.635841
5.225364,30.635841
5.245400,30.635841
5.265413,30.635841
5.285403,30.635841
5.305271,30.635841
5.325283,30.635841
5.345283,30.635841
5.365319,30.635841
5.385210,30.635841
5.405296,30.635841
5.425260,30.635841
5.445340,30.635841
5.465348,30.635841
5.485204,30.635841
5.505257,30.635841
5.525205,30.635841
5.545131,30.635841
5.566104,30.635841
5.585162,30.635841
5.605161,30.635841
5.625157,30.635841
5.645156,30.635841
5.666028,30.635841
5.685123,30.635841
5.706023,30.635841
5.726070,30.635841
5.745008,30.635841
5.766036,30.635841
5.786022,30.635841
5.806011,30.635841
5.825972,30.635841
5.846030,30.635841
5.866456,30.635841
5.886071,30.635841
5.905969,30.635841
5.925986,30.635841
5.945952,30.635841
5.965893,30.635841
5.985891,30.635841
6.005908,30.635841
6.025902,30.635841
6.045846,30.635841
6.065871,30.635841
6.085849,30.635841
6.105853,30.635841
6.125809,30.635841
6.145856,30.635841
6.165800,30.635841
6.185890,30.635841
6.205804,30.635841
6.225753,30.635841
6.245786,30.635841
6.265754,30.635841
6.285758,30.635841
6.305782,30.635841
6.325706,30.635841
6.345739,30.635841
6.365691,30.635841
6.385723,30.635841
6.405691,30.635841
6.425659,30.635841
6.445667,30.635841
6.465691,30.635841
6.485648,30.635841
6.505558,30.635841
6.525731,30.635841
6.545587,30.635841
6.565619,30.635841
6.585640,30.635841
6.605636,30.635841
6.625643,30.635841
6.645616,30.635841
