0.217069,-96.478686
0.237164,-96.478686
0.257199,-96.478686
0.277069,-96.478686
0.297137,-96.478686
0.316967,-96.478686
0.337005,-96.478686
0.357038,-96.478686
0.377355,-96.478686
0.397067,-96.478686
0.416993,-96.478686
0.436922,-96.478686
0.457085,-96.478686
0.477039,-96.478686
0.497008,-96.478686
0.516864,-96.478686
0.537004,-96.478686
0.557029,-96.478686
0.577037,-96.478686
0.596895,-96.478686
0.616893,-96.478686
0.636869,-96.478686
0.656945,-96.478686
0.676923,-96.478686
0.696919,-96.478686
0.716984,-96.478686
0.736995,-96.478686
0.756951,-96.478686
0.776881,-96.478686
0.796904,-96.478686
0.816877,-96.478686
0.836823,-96.478686
0.856937,-96.478686
0.876913,-96.478686
0.896984,-96.478686
0.916790,-96.478686
0.936826,-96.478686
0.956795,-96.478686
0.976867,-96.478686
0.996886,-96.478686
1.016788,-96.478686
1.036749,-96.478686
1.056721,-96.478686
1.076869,-96.478686
1.096756,-96.478686
1.116825,-96.478686
1.136734,-96.478686
1.156796,-96.478686
1.176691,-96.478686
1.196715,-96.478686
1.216811,-96.478686
1.236711,-96.478686
1.256705,-96.478686
1.276809,-96.478686
1.296653,-96.478686
1.316778,-96.478686
1.336663,-96.478686
1.356706,-96.478686
1.376673,-96.478686
1.396713,-96.478686
1.416633,-96.478686
1.436588,-96.478686
1.456559,-96.478686
1.476568,-96.478686
1.496579,-96.478686
1.517552,-96.478686
1.536741,-96.478686
1.556537,-96.478686
1.576572,-96.478686
1.597672,-96.478686
1.617591,-96.478686
1.637737,-96.478686
1.657562,-96.478686
1.677639,-96.478686
1.697561,-96.478686
1.717553,-96.478686
1.737642,-96.478686
1.757606,-96.478686
1.777771,-96.478686
1.797536,-96.478686
1.817525,-96.478686
1.837464,-96.478686
1.857565,-96.478686
1.877460,-96.478686
1.897470,-96.478686
1.917436,-96.478686
1.937457,-96.478686
1.957455,-96.478686
1.977387,-96.478686
1.997526,-96.478686
2.017511,-96.478686
2.037458,-96.478686
2.057392,-96.478686
2.077441,-96.478686
2.097474,-96.478686
2.117349,-96.478686
2.137437,-96.478686
2.157418,-96.478686
2.177457,-96.478686
2.197408,-96.478686
2.217490,-96.478686
2.237316,-96.478686
2.257459,-96.478687
2.277239,-96.478687
2.297320,-96.478687
2.317236,-96.478687
2.337250,-96.478687
2.357342,-96.478687
2.377229,-96.478687
2.397240,-96.478687
2.417309,-96.478687
2.437228,-96.478687
2.457309,-96.478687
2.477184,-96.478687
2.497412,-96.478687
2.517164,-96.478687
2.537128,-96.478687
2.557197,-96.478687
2.577252,-96.478687
2.597201,-96.478687
2.617153,-96.478687
2.637120,-96.478687
2.657108,-96.478686
2.677523,-96.478686
2.697071,-96.478686
2.717154,-96.478686
2.737122,-96.478686
2.757226,-96.478686
2.777073,-96.478687
2.797077,-96.478687
2.817247,-96.478687
2.837147,-96.478687
2.857200,-96.478687
2.877114,-96.478687
2.896993,-96.478687
2.917046,-96.478687
2.937042,-96.478687
2.957103,-96.478687
2.977079,-96.478687
2.997013,-96.478687
3.017120,-96.478687
3.037059,-96.478687
3.056969,-96.478686
3.077238,-96.478686
3.097018,-96.478686
3.116987,-96.478686
3.137017,-96.478686
3.157116,-96.478686
3.176990,-96.478686
3.197003,-96.478686
3.216888,-96.478686
3.236871,-96.478686
3.256985,-96.478686
3.276863,-96.478686
3.296892,-96.478686
3.316849,-96.478686
3.337094,-96.478686
3.356886,-96.478686
3.376806,-96.478686
3.396941,-96.478686
3.416924,-96.478686
3.436808,-96.478686
3.456918,-96.478686
3.476935,-96.478687
3.496886,-96.478687
3.516824,-96.478687
3.536759,-96.478687
3.556846,-96.478687
3.576826,-96.478687
3.596905,-96.478687
3.616738,-96.478687
3.636940,-96.478687
3.656756,-96.478687
3.676843,-96.478686
3.696717,-96.478686
3.716773,-96.478686
3.736731,-96.478686
3.756905,-96.478686
3.776810,-96.478686
3.796752,-96.478686
3.816775,-96.478686
3.836734,-96.478686
3.856797,-96.478686
3.876706,-96.478686
3.896715,-96.478686
3.916826,-96.478686
3.936704,-96.478686
3.956656,-96.478686
3.976950,-96.478686
3.996746,-96.478686
4.016659,-96.478686
4.036714,-96.478686
4.056699,-96.478686
4.076668,-96.478686
4.096745,-96.478686
4.117734,-96.478686
4.137728,-96.478686
4.156574,-96.478686
4.176785,-96.478686
4.197615,-96.478686
4.217587,-96.478686
4.236554,-96.478686
4.256615,-96.478686
4.276628,-96.478686
4.297576,-96.478686
4.317590,-96.478686
4.337650,-96.478686
4.357616,-96.478686
4.377708,-96.478686
4.397593,-96.478686
4.417681,-96.478686
4.437549,-96.478686
4.457750,-96.478686
4.477530,-96.478686
4.497484,-96.478686
4.517625,-96.478686
4.537657,-96.478686
4.557573,-96.478686
4.577610,-96.478686
4.597491,-96.478686
4.617543,-96.478686
4.637427,-96.478686
4.657468,-96.478686
4.677392,-96.478686
4.697409,-96.478686
4.717562,-96.478686
4.737419,-96.478686
4.757389,-96.478686
4.777398,-96.478686
4.797382,-96.478686
4.817417,-96.478686
4.837381,-96.478686
4.857496,-96.478686
4.877429,-96.478686
4.897342,-96.478686
4.917254,-96.478686
4.937383,-96.478686
4.957490,-96.478686
4.977344,-96.478686
4.997315,-96.478686
5.017272,-96.478686
5.037229,-96.478686
5.057418,-96.478686
5.077350,-96.478686
5.097227,-96.478686
5.117232,-96.478686
5.137209,-96.478686
5.157431,-96.478686
5.177177,-96.478686
5.197186,-96.478686
5.217100,-96.478686
5.237140,-96.478686
5.257116,-96.478686
5.277202,-96.478686
5.297157,-96.478686
5.317100,-96.478686
5.337143,-96.478686
5.357397,-96.478686
5.377180,-96.478686
5.397088,-96.478686
5.417141,-96.478686
5.437069,-96.478686
5.457049,-96.478685
5.477427,-96.478685
5.497119,-96.478685
5.517020,-96.478685
5.537107,-96.478685
5.557170,-96.478685
5.576996,-96.478685
5.597107,-96.478685
5.617113,-96.478685
5.636970,-96.478685
5.657029,-96.478685
5.676977,-96.478685
5.697092,-96.478685
5.717025,-96.478685
5.737233,-96.478685
5.757092,-96.478685
5.776950,-96.478685
5.796891,-96.478685
5.816913,-96.478685
5.836957,-96.478685
5.856946,-96.478685
5.877058,-96.478685
5.896992,-96.478685
5.917065,-96.478685
5.936885,-96.478685
5.956950,-96.478685
5.976864,-96.478685
5.996942,-96.478685
6.017025,-96.478685
6.036779,-96.478685
6.056815,-96.478685
6.076816,-96.478685
6.096764,-96.478685
6.116755,-96.478685
6.136765,-96.478685
6.156809,-96.478685
6.176849,-96.478685
6.196945,-96.478685
6.216774,-96.478685
6.236788,-96.478685
6.256797,-96.478685
6.277075,-96.478685
6.296715,-96.478685
6.316799,-96.478685
6.336744,-96.478685
6.356811,-96.478685
6.376726,-96.478685
6.396694,-96.478685
6.416638,-96.478685
6.436709,-96.478685
6.456680,-96.478685
6.476732,-96.478685
6.496805,-96.478685
6.517804,-96.478685
6.536752,-96.478685
6.556694,-96.478685
6.576743,-96.478685
6.596671,-96.478685
6.617804,-96.478685
6.636838,-96.478685
6.656687,-96.478685
6.676709,-96.478685
6.697651,-96.478685
6.717600,-96.478685
6.736510,-96.478685
6.757577,-96.478685
6.776609,-96.478685
6.797619,-96.478685
6.817656,-96.478685
6.837655,-96.478685
6.857654,-96.478685
6.877580,-96.478685
6.897640,-96.478685
6.917514,-96.478685
6.937578,-96.478684
6.957433,-96.478684
6.977590,-96.478684
6.997520,-96.478684
7.017757,-96.478684
7.037442,-96.478684
7.057495,-96.478684
7.077421,-96.478684
7.097458,-96.478684
7.117449,-96.478684
7.137451,-96.478684
7.157350,-96.478684
7.177403,-96.478684
7.197356,-96.478684
7.217464,-96.478684
7.237398,-96.478684
7.257588,-96.478684
7.277391,-96.478684
7.297463,-96.478684
7.317351,-96.478684
7.337403,-96.478684
7.357311,-96.478684
7.377264,-96.478684
7.397606,-96.478684
7.417335,-96.478684
7.437262,-96.478684
7.457289,-96.478684
7.477289,-96.478684
7.497401,-96.478684
7.517287,-96.478684
7.537285,-96.478684
7.557266,-96.478684
7.577319,-96.478684
7.597237,-96.478683
7.617328,-96.478683
7.637433,-96.478683
7.657187,-96.478683
7.677330,-96.478683
7.697187,-96.478683
7.717419,-96.478683
7.737262,-96.478683
7.757288,-96.478683
7.777373,-96.478683
7.797310,-96.478683
7.817312,-96.478683
7.837211,-96.478683
7.857250,-96.478683
7.877272,-96.478683
7.897274,-96.478683
7.917199,-96.478683
7.937314,-96.478683
7.957201,-96.478683
7.977125,-96.478683
7.997626,-96.478683
8.017145,-96.478683
8.037120,-96.478683
8.057107,-96.478683
8.077235,-96.478683
8.097215,-96.478683
8.117103,-96.478683
8.137082,-96.478683
8.157160,-96.478683
8.177117,-96.478683
8.197068,-96.478683
8.217084,-96.478683
8.237151,-96.478683
8.257125,-96.478683
8.277151,-96.478683
8.297082,-96.478683
8.317050,-96.478683
8.337005,-96.478683
8.357006,-96.478683
8.377027,-96.478683
8.396948,-96.478683
8.416998,-96.478683
8.437007,-96.478683
8.456922,-96.478683
8.477004,-96.478683
8.496973,-96.478683
8.516897,-96.478683
8.537095,-96.478682
8.556946,-96.478682
8.577255,-96.478682
8.596867,-96.478682
8.616904,-96.478682
8.636923,-96.478682
8.656844,-96.478682
8.676963,-96.478682
8.696961,-96.478682
8.716838,-96.478682
8.736847,-96.478682
8.756925,-96.478682
8.776917,-96.478682
8.796902,-96.478682
8.816873,-96.478682
8.836814,-96.478682
8.856808,-96.478682
8.877051,-96.478682
8.896940,-96.478682
8.916782,-96.478682
8.936825,-96.478682
8.956847,-96.478682
8.977088,-96.478682
8.996789,-96.478682
9.016771,-96.478682
9.036887,-96.478682
9.056806,-96.478682
9.076814,-96.478682
9.096720,-96.478682
9.116750,-96.478682
9.136725,-96.478682
9.156720,-96.478682
9.176868,-96.478682
9.196712,-96.478682
9.216827,-96.478682
9.236701,-96.478682
9.256683,-96.478682
9.276788,-96.478682
9.296804,-96.478682
9.316736,-96.478682
9.336629,-96.478682
9.356611,-96.478682
9.376685,-96.478682
9.396625,-96.478682
9.417695,-96.478682
9.436741,-96.478682
9.456619,-96.478682
9.476833,-96.478682
9.497781,-96.478682
9.517720,-96.478682
9.536860,-96.478682
9.556696,-96.478682
9.576672,-96.478682
9.597902,-96.478682
9.617601,-96.478682
9.636714,-96.478682
9.656564,-96.478682
9.676790,-96.478682
9.696557,-96.478682
9.717631,-96.478682
9.736551,-96.478682
9.757538,-96.478682
9.777495,-96.478682
9.797493,-96.478681
9.817495,-96.478681
9.837552,-96.478681
9.857639,-96.478681
9.877717,-96.478681
9.897456,-96.478681
9.917491,-96.478681
9.937540,-96.478681
9.957567,-96.478681
9.977709,-96.478681
9.997421,-96.478681
10.017461,-96.478681
10.037409,-96.478681
10.057395,-96.478681
10.077558,-96.478681
10.097467,-96.478681
10.117355,-96.478681
10.137401,-96.478681
10.157439,-96.478681
10.177528,-96.478681
10.197331,-96.478681
10.217404,-96.478681
10.237428,-96.478681
10.257311,-96.478681
10.277316,-96.478681
10.297419,-96.478681
10.317346,-96.478681
10.337321,-96.478681
10.357390,-96.478681
10.377278,-96.478681
10.397313,-96.478681
10.417252,-96.478681
10.437471,-96.478681
10.457493,-96.478681
10.477261,-96.478681
10.497346,-96.478681
10.517224,-96.478681
10.537294,-96.478681
10.557162,-96.478681
10.577289,-96.478681
10.597163,-96.478681
10.617262,-96.478681
10.637240,-96.478681
10.657154,-96.478681
10.677203,-96.478681
10.697159,-96.478681
10.717229,-96.478681
10.737149,-96.478681
10.757096,-96.478681
10.777060,-96.478681
10.797073,-96.478681
10.817137,-96.478681
10.837219,-96.478681
10.857321,-96.478681
10.877478,-96.478681
10.897139,-96.478681
10.917015,-96.478681
10.937058,-96.478681
10.957012,-96.478681
10.977169,-96.478681
10.997009,-96.478681
11.017143,-96.478681
11.036995,-96.478681
11.057047,-96.478681
11.077436,-96.478681
11.097053,-96.478681
11.116967,-96.478681
11.137050,-96.478681
11.156965,-96.478681
11.176931,-96.478681
11.196976,-96.478681
11.217020,-96.478681
11.237019,-96.478681
11.257077,-96.478681
11.276936,-96.478681
11.296901,-96.478681
11.316923,-96.478681
11.337003,-96.478681
11.357039,-96.478681
11.377003,-96.478681
11.396889,-96.478681
11.416898,-96.478681
11.436961,-96.478681
11.456895,-96.478681
11.476967,-96.478681
11.496916,-96.478681
11.516918,-96.478681
11.536794,-96.478681
11.556761,-96.478681
11.576822,-96.478682
11.596788,-96.478682
11.616789,-96.478682
11.636952,-96.478682
11.656717,-96.478682
11.676889,-96.478681
11.696805,-96.478681
11.716686,-96.478682
11.736700,-96.478682
11.756745,-96.478682
11.776937,-96.478682
11.796777,-96.478682
11.816763,-96.478682
11.836729,-96.478682
11.856711,-96.478682
11.876816,-96.478682
11.896844,-96.478682
11.916673,-96.478682
11.936767,-96.478682
11.956759,-96.478682
11.977072,-96.478682
11.996776,-96.478682
12.017762,-96.478682
12.037747,-96.478682
12.056732,-96.478682
12.076983,-96.478682
12.097695,-96.478682
12.118111,-96.478682
12.137691,-96.478682
12.156599,-96.478682
12.177698,-96.478682
12.197573,-96.478682
12.217617,-96.478682
12.237584,-96.478682
12.257579,-96.478682
12.277501,-96.478682
12.297601,-96.478682
12.317565,-96.478682
12.337643,-96.478682
12.357455,-96.478682
12.377552,-96.478682
12.397515,-96.478682
12.417544,-96.478682
12.437467,-96.478682
12.457670,-96.478682
12.477603,-96.478682
12.497417,-96.478682
12.517446,-96.478682
12.537571,-96.478682
12.557402,-96.478682
12.577454,-96.478682
12.597417,-96.478682
12.617507,-96.478682
12.637451,-96.478682
12.657393,-96.478682
12.677995,-96.478682
12.697421,-96.478682
12.717438,-96.478682
12.737489,-96.478683
12.757536,-96.478683
12.777492,-96.478683
12.797429,-96.478683
12.817384,-96.478683
12.837470,-96.478683
12.857438,-96.478683
12.877534,-96.478683
12.897386,-96.478683
12.917367,-96.478683
12.937389,-96.478683
12.957331,-96.478683
12.977411,-96.478683
12.997335,-96.478683
13.017253,-96.478683
13.037274,-96.478683
13.057407,-96.478683
13.077287,-96.478683
13.097270,-96.478683
13.117455,-96.478683
13.137389,-96.478683
13.157297,-96.478683
13.177339,-96.478684
13.197245,-96.478684
13.217222,-96.478684
13.237218,-96.478684
13.257302,-96.478684
13.277242,-96.478684
13.297409,-96.478684
13.317181,-96.478684
13.337134,-96.478684
13.357159,-96.478684
13.377267,-96.478684
13.397191,-96.478684
13.417198,-96.478684
13.437176,-96.478684
13.457221,-96.478684
13.477226,-96.478684
13.497187,-96.478684
13.517246,-96.478684
13.537164,-96.478684
13.557315,-96.478684
13.577126,-96.478684
13.597100,-96.478684
13.617120,-96.478685
13.637147,-96.478685
13.657143,-96.478685
13.677098,-96.478685
13.697343,-96.478685
13.717000,-96.478685
13.737094,-96.478685
13.757144,-96.478685
13.777080,-96.478685
13.796978,-96.478685
13.817017,-96.478685
13.837087,-96.478685
13.856980,-96.478685
13.877059,-96.478685
13.897017,-96.478685
13.917021,-96.478685
13.936953,-96.478685
13.957092,-96.478685
13.977129,-96.478685
13.996933,-96.478685
14.017034,-96.478685
14.037026,-96.478685
14.057019,-96.478685
14.076885,-96.478685
14.096865,-96.478685
14.116941,-96.478685
14.136929,-96.478685
14.156924,-96.478685
14.177199,-96.478685
14.196946,-96.478686
14.216955,-96.478686
14.236997,-96.478686
14.257001,-96.478686
14.276942,-96.478686
14.296870,-96.478686
14.316957,-96.478686
14.337017,-96.478686
14.356807,-96.478686
14.376755,-96.478686
14.396749,-96.478686
14.416769,-96.478686
14.436817,-96.478686
14.456717,-96.478686
14.476836,-96.478686
14.496799,-96.478686
14.516721,-96.478686
14.536789,-96.478686
14.556730,-96.478686
14.576751,-96.478686
14.596834,-96.478686
14.616861,-96.478686
14.636728,-96.478686
14.656844,-96.478686
14.676660,-96.478687
14.696793,-96.478687
14.716696,-96.478687
14.736689,-96.478687
14.756646,-96.478687
14.776747,-96.478687
14.796658,-96.478687
14.816618,-96.478687
14.836640,-96.478687
14.856589,-96.478687
14.877548,-96.478687
14.897676,-96.478687
14.917940,-96.478687
14.937742,-96.478687
14.957613,-96.478687
14.977964,-96.478687
14.997569,-96.478687
15.017747,-96.478687
15.037774,-96.478687
15.057626,-96.478687
15.077543,-96.478687
15.097530,-96.478687
15.117642,-96.478687
15.137649,-96.478687
15.157553,-96.478687
15.177633,-96.478687
15.197531,-96.478687
15.217486,-96.478687
15.237500,-96.478687
15.257561,-96.478688
15.277591,-96.478688
15.297749,-96.478688
15.317452,-96.478688
15.337610,-96.478688
15.357535,-96.478688
15.377484,-96.478688
15.397387,-96.478688
15.417488,-96.478688
15.437480,-96.478688
15.457426,-96.478688
15.477465,-96.478688
15.497415,-96.478688
15.517468,-96.478688
15.537501,-96.478688
15.557396,-96.478688
15.577528,-96.478688
15.597480,-96.478688
15.617527,-96.478688
15.637349,-96.478688
15.657353,-96.478688
15.677341,-96.478688
15.697374,-96.478688
15.717440,-96.478688
15.737270,-96.478688
15.757252,-96.478688
15.777320,-96.478688
15.797255,-96.478688
15.817369,-96.478688
15.837257,-96.478688
15.857210,-96.478688
15.877525,-96.478688
15.897245,-96.478688
15.917184,-96.478688
15.937270,-96.478688
15.957370,-96.478689
15.977188,-96.478689
15.997153,-96.478689
16.017210,-96.478689
16.037425,-96.478689
16.057245,-96.478689
16.077197,-96.478689
16.097153,-96.478689
16.117166,-96.478689
16.137114,-96.478689
16.157105,-96.478689
16.177212,-96.478689
16.197144,-96.478689
16.217189,-96.478689
16.237162,-96.478689
16.257265,-96.478689
16.277062,-96.478689
16.297220,-96.478689
16.317022,-96.478689
16.337165,-96.478689
16.357137,-96.478689
16.377087,-96.478689
16.397054,-96.478689
16.417011,-96.478689
16.437047,-96.478689
16.457401,-96.478689
16.477029,-96.478689
16.496970,-96.478689
16.516987,-96.478689
16.536986,-96.478689
16.557180,-96.478689
16.577168,-96.478689
16.596941,-96.478689
16.617031,-96.478689
16.636964,-96.478689
16.657124,-96.478689
16.677054,-96.478689
16.697015,-96.478689
16.716929,-96.478689
16.736858,-96.478689
16.756989,-96.478689
16.776994,-96.478689
16.796891,-96.478689
16.816974,-96.478689
16.836853,-96.478689
16.856910,-96.478689
16.876820,-96.478689
16.896895,-96.478689
16.916837,-96.478689
16.936924,-96.478689
16.956880,-96.478689
16.976910,-96.478689
16.996830,-96.478689
17.016850,-96.478689
17.036797,-96.478689
17.056772,-96.478689
17.076838,-96.478689
17.096851,-96.478689
17.116739,-96.478689
17.136751,-96.478689
17.156940,-96.478689
17.176918,-96.478689
17.196772,-96.478689
17.216831,-96.478689
17.236679,-96.478689
17.256918,-96.478689
17.276736,-96.478689
17.296718,-96.478689
17.316698,-96.478689
17.336777,-96.478689
17.356764,-96.478689
17.376675,-96.478689
17.396702,-96.478689
17.416639,-96.478689
17.436621,-96.478689
17.456676,-96.478689
17.476650,-96.478689
17.496678,-96.478689
17.517670,-96.478689
17.536842,-96.478689
17.556595,-96.478689
17.576622,-96.478689
17.596585,-96.478689
17.617729,-96.478689
17.636556,-96.478689
17.657667,-96.478689
17.677632,-96.478689
17.697745,-96.478689
17.717713,-96.478689
17.737519,-96.478689
17.757678,-96.478689
17.778476,-96.478689
17.797703,-96.478689
17.817692,-96.478689
17.837455,-96.478689
17.857562,-96.478689
17.877646,-96.478689
17.897576,-96.478689
17.917465,-96.478689
17.937523,-96.478689
17.957469,-96.478689
17.977423,-96.478689
17.997429,-96.478689
18.017443,-96.478689
18.037510,-96.478689
18.057413,-96.478689
18.077399,-96.478689
18.097732,-96.478689
18.117424,-96.478689
18.137439,-96.478689
18.157380,-96.478689
18.177480,-96.478689
18.197384,-96.478689
18.217378,-96.478689
18.237355,-96.478689
18.257402,-96.478689
18.277457,-96.478689
18.297355,-96.478689
18.317412,-96.478689
18.337375,-96.478689
18.357366,-96.478689
18.377324,-96.478689
18.397410,-96.478689
18.417420,-96.478689
18.437383,-96.478689
18.457298,-96.478689
18.477372,-96.478689
18.497482,-96.478689
18.517212,-96.478689
18.537289,-96.478689
18.557256,-96.478689
18.577322,-96.478689
18.597230,-96.478689
18.617214,-96.478689
18.637254,-96.478689
18.657264,-96.478689
18.677244,-96.478689
18.697203,-96.478689
18.717305,-96.478689
18.737173,-96.478689
18.757254,-96.478689
18.777303,-96.478689
18.797188,-96.478689
18.817261,-96.478689
18.837149,-96.478689
18.857325,-96.478689
18.877169,-96.478689
18.897208,-96.478689
18.917131,-96.478689
18.937146,-96.478689
18.957340,-96.478689
18.977336,-96.478689
18.997113,-96.478689
19.017199,-96.478689
19.037139,-96.478689
19.057084,-96.478689
19.077217,-96.478689
19.097012,-96.478689
19.117012,-96.478689
19.137180,-96.478689
19.157100,-96.478689
19.176999,-96.478689
19.196988,-96.478689
19.217033,-96.478689
19.237041,-96.478689
19.257366,-96.478689
19.277081,-96.478689
19.296942,-96.478689
19.316987,-96.478689
19.337147,-96.478689
19.357025,-96.478689
19.376980,-96.478689
19.397002,-96.478689
19.416901,-96.478689
19.436992,-96.478689
19.457076,-96.478689
19.476954,-96.478689
19.496868,-96.478689
19.517010,-96.478689
19.537002,-96.478689
19.556931,-96.478689
19.576859,-96.478689
19.596992,-96.478689
19.616840,-96.478689
19.636856,-96.478689
19.656949,-96.478689
19.676881,-96.478689
19.696836,-96.478689
19.716922,-96.478689
19.736891,-96.478689
19.756973,-96.478689
19.777007,-96.478688
19.796830,-96.478688
19.816813,-96.478688
19.836782,-96.478688
19.856888,-96.478688
19.876774,-96.478688
19.896749,-96.478688
19.916765,-96.478688
19.936800,-96.478688
19.956743,-96.478688
19.976830,-96.478688
19.996740,-96.478688
20.016797,-96.478688
20.036932,-96.478688
20.056704,-96.478688
20.076737,-96.478688
20.096831,-96.478688
20.116759,-96.478688
20.136691,-96.478688
20.156704,-96.478688
20.177026,-96.478688
20.196898,-96.478688
20.216683,-96.478688
20.236694,-96.478688
20.256624,-96.478688
20.276785,-96.478688
20.296636,-96.478688
20.316641,-96.478688
20.336753,-96.478688
20.356621,-96.478688
20.376692,-96.478688
20.396659,-96.478688
20.416659,-96.478688
20.436642,-96.478688
20.456616,-96.478688
20.476604,-96.478688
20.496561,-96.478688
20.517672,-96.478688
20.536559,-96.478688
20.556594,-96.478688
20.576566,-96.478688
20.596558,-96.478688
20.617568,-96.478687
20.636798,-96.478687
20.657636,-96.478687
20.677525,-96.478687
20.697585,-96.478687
20.717628,-96.478687
20.737608,-96.478687
20.757580,-96.478687
20.777627,-96.478687
20.797561,-96.478687
20.817482,-96.478687
20.837545,-96.478687
20.857533,-96.478687
20.877500,-96.478687
20.897413,-96.478687
20.917415,-96.478687
20.937492,-96.478687
20.957475,-96.478687
20.977437,-96.478687
20.997438,-96.478687
21.017466,-96.478687
21.037503,-96.478687
21.057558,-96.478687
21.077357,-96.478687
21.097511,-96.478687
21.117350,-96.478687
21.137343,-96.478687
21.157670,-96.478687
21.177325,-96.478687
21.197270,-96.478687
21.217302,-96.478687
21.237334,-96.478687
21.257310,-96.478687
21.277482,-96.478687
21.297276,-96.478687
21.317247,-96.478687
21.337319,-96.478687
21.357227,-96.478687
21.377348,-96.478687
21.397225,-96.478687
21.417378,-96.478687
21.437160,-96.478687
21.457301,-96.478687
21.477164,-96.478687
21.497228,-96.478687
21.517208,-96.478687
21.537126,-96.478687
21.557265,-96.478687
21.577197,-96.478687
21.597532,-96.478687
21.617131,-96.478687
21.637221,-96.478687
21.657250,-96.478687
21.677194,-96.478687
21.697162,-96.478687
21.717072,-96.478687
21.737101,-96.478687
21.757069,-96.478687
21.777119,-96.478687
21.797134,-96.478687
21.817009,-96.478687
21.837119,-96.478687
21.857015,-96.478687
21.877071,-96.478687
21.897167,-96.478687
21.917050,-96.478687
21.937099,-96.478687
21.957072,-96.478687
21.977007,-96.478687
21.996994,-96.478687
22.017081,-96.478687
22.036945,-96.478687
22.056944,-96.478687
22.076985,-96.478687
22.096941,-96.478687
22.117012,-96.478687
22.136990,-96.478687
22.157238,-96.478687
22.176993,-96.478687
22.196882,-96.478687
22.216939,-96.478687
22.236944,-96.478687
22.257033,-96.478687
22.276866,-96.478687
22.296929,-96.478687
22.316876,-96.478687
22.337091,-96.478687
22.356991,-96.478687
22.376858,-96.478687
22.396890,-96.478687
22.416831,-96.478687
22.436796,-96.478687
22.456961,-96.478687
22.476843,-96.478687
22.496811,-96.478687
22.516852,-96.478687
22.536822,-96.478687
22.556714,-96.478687
22.577021,-96.478687
22.596767,-96.478687
22.616787,-96.478687
22.636794,-96.478687
22.657174,-96.478687
22.676702,-96.478687
22.696654,-96.478687
22.716714,-96.478687
22.736705,-96.478687
22.756702,-96.478687
22.776708,-96.478687
22.796769,-96.478687
22.816668,-96.478687
22.836638,-96.478687
22.856674,-96.478687
22.876746,-96.478687
22.896659,-96.478687
22.917630,-96.478687
22.936864,-96.478687
22.956601,-96.478687
22.976842,-96.478687
22.996591,-96.478687
23.016607,-96.478687
23.036607,-96.478687
23.056609,-96.478687
23.076595,-96.478687
23.097535,-96.478687
23.117565,-96.478687
23.137567,-96.478687
23.157514,-96.478687
23.177571,-96.478687
23.197490,-96.478687
23.217618,-96.478687
23.237542,-96.478687
23.257600,-96.478687
23.277604,-96.478687
23.297803,-96.478687
23.317715,-96.478687
23.337547,-96.478687
23.357446,-96.478687
23.377575,-96.478687
23.397469,-96.478687
23.417633,-96.478686
23.437384,-96.478686
23.457452,-96.478686
23.477462,-96.478686
23.497434,-96.478686
23.517333,-96.478686
23.537420,-96.478686
23.557372,-96.478686
23.577562,-96.478686
23.597397,-96.478686
23.617437,-96.478686
23.637447,-96.478686
23.657337,-96.478686
23.677547,-96.478687
23.697265,-96.478687
23.717306,-96.478687
23.737285,-96.478687
23.757459,-96.478687
23.777312,-96.478687
23.797330,-96.478687
23.817422,-96.478687
23.837305,-96.478687
23.857234,-96.478687
23.877433,-96.478687
23.897290,-96.478687
23.917166,-96.478687
23.937243,-96.478687
23.957345,-96.478687
23.977336,-96.478687
23.997282,-96.478687
24.017278,-96.478687
24.037297,-96.478687
24.057170,-96.478687
24.077128,-96.478687
24.097186,-96.478687
24.117163,-96.478686
24.137084,-96.478686
24.157128,-96.478686
24.177081,-96.478686
24.197107,-96.478686
24.217219,-96.478686
24.237197,-96.478686
24.257273,-96.478686
24.277180,-96.478686
24.297118,-96.478686
24.317238,-96.478686
24.337153,-96.478686
24.357172,-96.478686
24.377342,-96.478686
24.397062,-96.478686
24.417114,-96.478686
24.437083,-96.478686
24.457198,-96.478687
24.477283,-96.478687
24.497058,-96.478687
24.517029,-96.478687
24.537011,-96.478687
24.557266,-96.478687
24.577078,-96.478687
24.597030,-96.478687
24.617048,-96.478687
24.637055,-96.478687
24.657039,-96.478687
24.676932,-96.478687
24.696905,-96.478687
24.716905,-96.478687
24.736934,-96.478687
24.756916,-96.478687
24.776939,-96.478687
24.796893,-96.478687
24.816977,-96.478687
24.836864,-96.478687
24.856911,-96.478687
24.877505,-96.478687
24.896889,-96.478687
24.916900,-96.478687
24.936816,-96.478687
24.956979,-96.478687
24.976830,-96.478687
24.996787,-96.478687
25.016814,-96.478687
25.036806,-96.478687
25.056916,-96.478687
25.077032,-96.478687
25.096901,-96.478687
25.116860,-96.478687
25.136777,-96.478687
25.156765,-96.478687
25.176797,-96.478687
25.196708,-96.478687
25.216936,-96.478687
25.236727,-96.478687
25.256716,-96.478687
25.276653,-96.478687
25.296636,-96.478687
25.316694,-96.478687
25.336772,-96.478687
25.356673,-96.478687
25.376750,-96.478687
25.396667,-96.478687
25.416590,-96.478687
25.436741,-96.478687
25.456653,-96.478687
25.476589,-96.478687
25.496679,-96.478687
25.517658,-96.478687
25.536651,-96.478687
25.556609,-96.478687
25.576598,-96.478687
25.596651,-96.478687
25.616549,-96.478687
25.636703,-96.478687
25.656655,-96.478687
25.676620,-96.478687
25.697575,-96.478687
25.717515,-96.478687
25.737556,-96.478687
25.757504,-96.478687
25.777616,-96.478687
25.797573,-96.478687
25.817464,-96.478687
25.837595,-96.478687
25.857574,-96.478687
25.877460,-96.478687
25.897444,-96.478687
25.917493,-96.478687
25.937625,-96.478687
25.957523,-96.478687
25.977517,-96.478687
25.997511,-96.478687
26.017560,-96.478687
26.037518,-96.478687
26.057456,-96.478687
26.077472,-96.478687
26.097412,-96.478687
26.117389,-96.478687
26.137438,-96.478687
26.157361,-96.478687
26.177609,-96.478687
26.197494,-96.478687
26.217438,-96.478687
26.237499,-96.478687
26.257322,-96.478686
26.277424,-96.478686
26.297365,-96.478686
26.317285,-96.478686
26.337421,-96.478686
26.357279,-96.478686
26.377452,-96.478686
26.397273,-96.478686
26.417231,-96.478686
26.437274,-96.478686
26.457364,-96.478686
26.477254,-96.478686
26.497364,-96.478686
26.517250,-96.478686
26.537283,-96.478686
26.557330,-96.478686
26.577260,-96.478686
26.597272,-96.478686
26.617252,-96.478686
26.637294,-96.478686
26.657350,-96.478686
26.677251,-96.478686
26.697139,-96.478686
26.717188,-96.478686
26.737251,-96.478686
26.757237,-96.478686
26.777227,-96.478686
26.797121,-96.478686
26.817296,-96.478686
26.837207,-96.478686
26.857088,-96.478686
26.877135,-96.478686
26.897174,-96.478686
26.917089,-96.478686
26.937140,-96.478686
26.957178,-96.478686
26.977316,-96.478686
26.997114,-96.478686
27.017179,-96.478686
27.037091,-96.478686
27.057435,-96.478686
27.077053,-96.478686
27.097014,-96.478686
27.117011,-96.478686
27.137144,-96.478686
27.157116,-96.478686
27.177147,-96.478686
27.197029,-96.478686
27.216988,-96.478686
27.237006,-96.478686
27.256978,-96.478686
27.276978,-96.478686
27.297028,-96.478686
27.316964,-96.478686
27.336919,-96.478686
27.357012,-96.478686
27.377017,-96.478686
27.396933,-96.478686
27.416870,-96.478686
27.436864,-96.478686
27.457160,-96.478686
27.476898,-96.478686
27.496885,-96.478686
27.516924,-96.478686
27.536839,-96.478686
27.557062,-96.478686
27.576921,-96.478686
27.596825,-96.478686
27.616982,-96.478686
27.636793,-96.478686
27.656858,-96.478686
27.676855,-96.478686
27.696898,-96.478686
27.716864,-96.478686
27.736805,-96.478686
27.756818,-96.478686
27.776931,-96.478686
27.796815,-96.478686
27.816810,-96.478686
27.836914,-96.478686
27.856892,-96.478686
27.876714,-96.478686
27.896889,-96.478686
27.916696,-96.478686
27.936691,-96.478686
27.956807,-96.478686
27.976684,-96.478686
27.996741,-96.478686
28.016700,-96.478686
28.036725,-96.478686
28.056640,-96.478686
28.076677,-96.478686
28.096767,-96.478686
28.116615,-96.478686
28.136605,-96.478686
28.156582,-96.478686
28.176745,-96.478686
28.196633,-96.478686
28.216645,-96.478686
28.236625,-96.478686
28.256663,-96.478686
28.276739,-96.478686
28.296538,-96.478686
28.317683,-96.478686
28.336648,-96.478686
28.356581,-96.478686
28.376580,-96.478686
28.397626,-96.478686
28.417619,-96.478686
28.436609,-96.478686
28.457645,-96.478686
28.477652,-96.478686
28.497561,-96.478686
28.517523,-96.478686
28.537586,-96.478686
28.557609,-96.478686
28.577515,-96.478686
28.597517,-96.478686
28.617484,-96.478686
28.637556,-96.478686
28.657468,-96.478686
28.677536,-96.478686
28.697539,-96.478686
28.717567,-96.478686
28.737628,-96.478686
28.757476,-96.478686
28.777652,-96.478686
28.797502,-96.478686
28.817636,-96.478686
28.837536,-96.478686
28.857395,-96.478686
28.877483,-96.478686
28.897823,-96.478686
28.917343,-96.478686
28.937353,-96.478686
28.957500,-96.478686
28.977343,-96.478686
28.997369,-96.478686
29.017273,-96.478686
29.037229,-96.478686
29.057502,-96.478686
29.077526,-96.478686
29.097258,-96.478686
29.117221,-96.478686
29.137283,-96.478686
29.157430,-96.478686
29.177254,-96.478686
29.197187,-96.478686
29.217255,-96.478686
29.237297,-96.478686
29.257272,-96.478686
29.277172,-96.478686
29.297261,-96.478686
29.317217,-96.478686
29.337151,-96.478686
29.357306,-96.478686
29.377280,-96.478686
29.397428,-96.478686
29.417137,-96.478686
29.437221,-96.478686
29.457200,-96.478686
29.477177,-96.478686
29.497217,-96.478686
29.517106,-96.478686
29.537118,-96.478686
29.557117,-96.478686
29.577115,-96.478686
29.597101,-96.478686
29.617283,-96.478686
29.637158,-96.478686
29.657108,-96.478686
29.677175,-96.478685
29.697124,-96.478685
29.717051,-96.478685
29.737183,-96.478685
29.757179,-96.478685
29.776992,-96.478685
29.796974,-96.478685
29.817048,-96.478685
29.837101,-96.478685
29.857114,-96.478685
29.877099,-96.478685
29.897083,-96.478685
29.917066,-96.478685
29.936992,-96.478685
29.957205,-96.478685
29.977212,-96.478685
29.997014,-96.478685
30.017071,-96.478685
30.036977,-96.478685
30.056894,-96.478685
30.076981,-96.478685
30.096946,-96.478685
30.116961,-96.478685
30.136977,-96.478685
30.156863,-96.478685
30.176863,-96.478685
30.196843,-96.478685
30.216826,-96.478685
30.236824,-96.478685
30.256851,-96.478685
30.276855,-96.478685
30.296858,-96.478685
30.316889,-96.478685
30.337041,-96.478685
30.356859,-96.478685
30.376963,-96.478685
30.396816,-96.478685
30.416871,-96.478685
30.436876,-96.478685
30.456779,-96.478685
30.476791,-96.478685
30.496769,-96.478685
30.516789,-96.478685
30.536788,-96.478685
30.556839,-96.478685
30.576697,-96.478685
30.596690,-96.478685
30.616676,-96.478685
30.636735,-96.478685
30.656790,-96.478685
30.676719,-96.478685
30.696691,-96.478685
30.716747,-96.478685
30.736704,-96.478685
30.756658,-96.478685
30.776736,-96.478685
30.796608,-96.478685
30.816660,-96.478685
30.836672,-96.478685
30.856573,-96.478685
30.876646,-96.478685
30.896673,-96.478685
30.916628,-96.478685
30.936524,-96.478685
30.956550,-96.478685
30.976679,-96.478685
30.996612,-96.478685
31.017612,-96.478685
31.037525,-96.478685
31.057516,-96.478685
31.077526,-96.478685
31.097581,-96.478685
31.117623,-96.478685
31.137539,-96.478685
31.157747,-96.478685
31.177665,-96.478685
31.197512,-96.478685
31.217564,-96.478685
31.237643,-96.478685
31.257764,-96.478685
31.277475,-96.478685
31.297577,-96.478685
31.317565,-96.478685
31.337445,-96.478685
31.357528,-96.478685
31.377559,-96.478685
31.397610,-96.478685
31.417403,-96.478685
31.437496,-96.478685
31.457605,-96.478685
31.477385,-96.478685
31.497451,-96.478685
31.517435,-96.478685
31.537506,-96.478685
31.557404,-96.478685
31.577530,-96.478685
31.597383,-96.478685
31.617628,-96.478685
31.637363,-96.478685
31.657484,-96.478685
31.677311,-96.478685
31.697390,-96.478685
31.717346,-96.478685
31.737304,-96.478685
31.757296,-96.478685
31.777242,-96.478685
31.797204,-96.478685
31.817359,-96.478685
31.837250,-96.478685
31.857234,-96.478685
31.877241,-96.478685
31.897264,-96.478685
31.917235,-96.478685
31.937282,-96.478685
31.957183,-96.478685
31.977196,-96.478685
31.997254,-96.478685
32.017332,-96.478685
32.037246,-96.478685
32.057292,-96.478685
32.077161,-96.478685
32.097283,-96.478685
32.117147,-96.478685
32.137299,-96.478685
32.157199,-96.478685
32.177292,-96.478685
32.197187,-96.478685
32.217152,-96.478685
32.237080,-96.478685
32.257145,-96.478685
32.277128,-96.478685
32.297038,-96.478685
32.317033,-96.478685
32.337103,-96.478685
32.358173,-96.478685
32.376966,-96.478685
32.397002,-96.478685
32.417105,-96.478685
32.437022,-96.478685
32.457042,-96.478685
32.477685,-96.478685
32.496999,-96.478685
32.517028,-96.478685
32.536973,-96.478685
32.557089,-96.478685
32.577025,-96.478685
32.596982,-96.478685
32.616873,-96.478685
32.636881,-96.478685
32.656962,-96.478685
32.676987,-96.478685
32.696915,-96.478685
32.716885,-96.478685
32.736918,-96.478685
32.756875,-96.478685
32.776849,-96.478685
32.797024,-96.478685
32.816846,-96.478685
32.836801,-96.478685
32.856938,-96.478685
32.876844,-96.478685
32.896935,-96.478685
32.916772,-96.478685
32.936799,-96.478685
32.956927,-96.478685
32.977027,-96.478685
32.996742,-96.478685
33.016822,-96.478685
33.036870,-96.478685
33.056805,-96.478685
33.077008,-96.478685
33.096883,-96.478685
33.116785,-96.478685
33.136779,-96.478685
33.156838,-96.478685
33.176708,-96.478685
33.196688,-96.478685
33.216720,-96.478685
33.236741,-96.478685
33.256868,-96.478685
33.276714,-96.478685
33.296727,-96.478685
33.316756,-96.478685
33.336691,-96.478685
33.356704,-96.478685
33.377084,-96.478685
33.396702,-96.478685
33.416678,-96.478685
33.436614,-96.478685
33.456824,-96.478685
33.476666,-96.478685
33.496672,-96.478685
33.516657,-96.478685
33.536766,-96.478685
33.556643,-96.478685
33.576549,-96.478685
33.596550,-96.478685
33.617590,-96.478685
33.636642,-96.478685
33.656540,-96.478685
33.676640,-96.478685
33.696531,-96.478685
33.717582,-96.478685
33.736717,-96.478685
33.756640,-96.478685
33.776554,-96.478685
33.797531,-96.478685
33.817561,-96.478685
33.837518,-96.478685
33.857556,-96.478685
33.877646,-96.478685
33.897562,-96.478685
33.917481,-96.478685
33.937471,-96.478685
33.957480,-96.478685
33.977512,-96.478685
33.997436,-96.478685
34.017456,-96.478685
34.037425,-96.478685
34.057400,-96.478685
34.077461,-96.478685
34.097385,-96.478685
34.117420,-96.478685
34.137485,-96.478685
34.157404,-96.478685
34.177735,-96.478685
34.197346,-96.478685
34.217404,-96.478685
34.237456,-96.478685
34.257510,-96.478685
34.277379,-96.478685
34.297280,-96.478685
34.317445,-96.478685
34.337348,-96.478685
34.357479,-96.478685
34.377414,-96.478685
34.397384,-96.478685
34.417343,-96.478685
34.437275,-96.478685
34.457347,-96.478685
34.477329,-96.478685
34.497325,-96.478685
34.517302,-96.478685
34.537437,-96.478685
34.557272,-96.478685
34.577282,-96.478685
34.597238,-96.478685
34.617211,-96.478685
34.637217,-96.478685
34.657154,-96.478685
34.677265,-96.478685
34.697164,-96.478685
34.717204,-96.478685
34.737170,-96.478685
34.757150,-96.478685
34.777200,-96.478685
34.797177,-96.478685
34.817249,-96.478685
34.837149,-96.478685
34.857210,-96.478685
34.877139,-96.478685
34.897116,-96.478685
34.917123,-96.478685
34.937143,-96.478685
34.957307,-96.478685
34.977129,-96.478685
34.997070,-96.478685
35.017099,-96.478685
35.037104,-96.478685
35.057119,-96.478685
35.077024,-96.478685
35.097043,-96.478685
35.117033,-96.478685
35.137126,-96.478685
35.157078,-96.478685
35.177036,-96.478685
35.197025,-96.478685
35.217155,-96.478685
35.237058,-96.478685
35.256967,-96.478685
35.277124,-96.478685
35.297151,-96.478685
35.317075,-96.478685
35.337007,-96.478685
35.357136,-96.478685
35.376987,-96.478685
35.397011,-96.478685
35.417119,-96.478685
35.436955,-96.478685
35.457210,-96.478685
35.476966,-96.478685
35.496993,-96.478685
35.516952,-96.478685
35.536868,-96.478685
35.556871,-96.478685
35.576957,-96.478685
35.596856,-96.478685
35.616896,-96.478685
35.636899,-96.478685
35.657011,-96.478685
35.676910,-96.478685
35.696783,-96.478685
35.716956,-96.478685
35.736772,-96.478685
35.756836,-96.478685
35.776855,-96.478685
35.796797,-96.478685
35.816866,-96.478685
35.836768,-96.478685
35.856725,-96.478685
35.876813,-96.478685
35.896774,-96.478685
35.916887,-96.478685
35.936824,-96.478685
35.956721,-96.478685
35.976764,-96.478685
35.996749,-96.478685
36.016788,-96.478685
36.036730,-96.478685
36.056740,-96.478685
36.076668,-96.478685
36.096783,-96.478685
36.116680,-96.478685
36.136642,-96.478685
36.156837,-96.478685
36.176602,-96.478685
36.196632,-96.478685
36.216594,-96.478685
36.236607,-96.478685
36.256563,-96.478685
36.276636,-96.478685
36.296633,-96.478685
36.317648,-96.478685
36.336545,-96.478685
36.356582,-96.478685
36.376590,-96.478685
36.398042,-96.478685
36.417734,-96.478685
36.436651,-96.478685
36.457602,-96.478685
36.477491,-96.478685
36.497503,-96.478685
36.517548,-96.478685
36.537453,-96.478685
36.557711,-96.478685
36.577511,-96.478685
36.597509,-96.478685
36.617458,-96.478685
36.637374,-96.478685
36.657482,-96.478685
36.677413,-96.478685
36.697441,-96.478685
36.717467,-96.478685
36.737519,-96.478685
36.757535,-96.478685
36.777729,-96.478685
36.797332,-96.478685
36.817609,-96.478685
36.837438,-96.478685
36.857381,-96.478685
36.877377,-96.478685
36.897460,-96.478685
36.917439,-96.478685
36.937329,-96.478685
36.957509,-96.478685
36.977362,-96.478685
36.997323,-96.478685
37.017309,-96.478685
37.037323,-96.478685
37.057431,-96.478685
37.077313,-96.478685
37.097287,-96.478685
37.117305,-96.478685
37.137213,-96.478685
37.157329,-96.478685
37.177350,-96.478685
37.197225,-96.478685
37.217334,-96.478685
37.237257,-96.478685
37.257351,-96.478685
37.277182,-96.478685
37.297191,-96.478685
37.317219,-96.478685
37.337210,-96.478685
37.357185,-96.478685
37.377185,-96.478685
37.397258,-96.478685
37.417179,-96.478685
37.437214,-96.478685
37.457142,-96.478685
37.477144,-96.478685
37.497114,-96.478685
37.517127,-96.478685
37.537178,-96.478685
37.557360,-96.478685
37.577186,-96.478685
37.597097,-96.478685
37.617164,-96.478685
37.637306,-96.478685
37.657127,-96.478685
37.677093,-96.478685
37.697231,-96.478685
37.717157,-96.478685
37.737066,-96.478685
37.757019,-96.478685
37.777108,-96.478685
37.797038,-96.478685
37.817031,-96.478685
37.837048,-96.478685
37.857135,-96.478685
37.877099,-96.478685
37.896943,-96.478685
37.917025,-96.478685
37.937001,-96.478685
37.957042,-96.478685
37.977076,-96.478685
37.996932,-96.478685
38.017040,-96.478685
38.037045,-96.478685
38.057020,-96.478685
38.077067,-96.478685
38.096997,-96.478685
38.116889,-96.478685
38.136939,-96.478685
38.156900,-96.478685
38.176984,-96.478685
38.197151,-96.478685
38.216832,-96.478685
38.236874,-96.478685
38.256945,-96.478685
38.276875,-96.478685
38.296806,-96.478685
38.316814,-96.478685
38.336888,-96.478685
38.356781,-96.478685
